1 43055U 17079A   17346.58686291 -.00000069  00000-0  00000+0 0  9992
2 43055  57.0192 306.8980 0017883  98.6702 260.0249  1.73557934    03
1 43055U 17079A   17347.34860149 -.00000071  00000-0  00000+0 0  9996
2 43055  57.0174 306.8881 0005413 212.9870 260.9153  1.73012287    06
1 43055U 17079A   17347.93542847 -.00000072  00000-0  00000+0 0  9994
2 43055  57.0179 306.8706 0007030 214.9983 264.5207  1.73054046    11
1 43055U 17079A   17348.43342108 -.00000072  00000-0  00000+0 0  9998
2 43055  57.0170 306.8494 0008197 223.1401 206.6744  1.73061579    21
1 43055U 17079A   17348.59031444 -.00000072  00000-0  00000+0 0  9993
2 43055  57.0167 306.8487 0008016 223.1331 304.4129  1.73058367    26
1 43055U 17079A   17349.01052647 -.00000072  00000-0  00000+0 0  9999
2 43055  57.0162 306.8381 0007658 222.3071 207.0240  1.73056045    31
1 43055U 17079A   17350.33961025 -.00000068  00000-0  00000+0 0  9990
2 43055  57.0138 306.8064 0006955 215.3505 322.0149  1.73056973    53
1 43055U 17079A   17351.80588594 -.00000062  00000-0  00000-0 0  9994
2 43055  56.9384 306.7399 0031676 206.4412 162.7887  1.71740422    88
1 43055U 17079A   17353.84090208 -.00000052  00000-0  00000+0 0  9998
2 43055  56.9810 306.7011 0003441 327.6506 216.1146  1.70886926   117
1 43055U 17079A   17354.01641233 -.00000051  00000-0  00000+0 0  9997
2 43055  56.9851 306.7014 0004037 322.2824 329.4689  1.70893698   115
1 43055U 17079A   17354.24121536 -.00000050  00000-0  00000+0 0  9990
2 43055  56.9870 306.6830 0003782 312.7595 117.3016  1.70891058   123
1 43055U 17079A   17354.27210836 -.00000050  00000-0  00000+0 0  9995
2 43055  56.9880 306.6831 0003648 304.9050 144.1523  1.70885958   128
1 43055U 17079A   17355.00142850 -.00000046  00000-0  00000+0 0  9992
2 43055  56.9873 306.6674 0003790 308.7727 228.9473  1.70884462   131
1 43055U 17079A   17359.00000000 -.00000035  00000-0  00000-0 0  9995
2 43055  56.9194 306.3595 0002282 207.3311 231.4967  1.69759319   209
1 43055U 17079A   17362.00000000 -.00000041  00000-0  00000+0 0  9995
2 43055  56.9154 306.2761 0001762 198.6243 273.4828  1.69754424   256
1 43055U 17079A   17362.00000000 -.00000041  00000-0  00000-0 0  9996
2 43055  56.9154 306.2761 0001762 198.6243 273.4828  1.69754424   256
1 43055U 17079A   17364.17283717 -.00000048  00000-0  00000+0 0  9990
2 43055  56.9784 306.4292 0003019 229.5823 130.3747  1.69744225   294
1 43055U 17079A   17365.35107502 -.00000051  00000-0  00000-0 0  9993
2 43055  56.9780 306.3965 0003062 230.4186 129.5486  1.69744121   315
1 43055U 17079A   17365.94018630 -.00000051  00000-0  00000+0 0  9990
2 43055  56.9765 306.3799 0003069 230.2632 129.7049  1.69744180   327
1 43055U 17079A   18001.52929839 -.00000052  00000-0  00000-0 0  9996
2 43055  56.9781 306.3645 0003082 230.3825 129.5869  1.69744213   331
1 43055U 17079A   18002.11841134 -.00000052  00000-0  00000-0 0  9993
2 43055  56.9777 306.3486 0003071 230.1198 129.8509  1.69744190   347
1 43055U 17079A   18002.70752653 -.00000052  00000-0  00000-0 0  9995
2 43055  56.9765 306.3322 0003063 229.8390 130.1342  1.69744134   352
1 43055U 17079A   18003.88575746 -.00000053  00000-0  00000+0 0  9991
2 43055  56.9756 306.3010 0003006 230.4884 129.4896  1.69744132   374
1 43055U 17079A   18003.88575913 -.00000053  00000-0  00000-0 0  9998
2 43055  56.9755 306.3010 0003005 230.3264 129.6530  1.69744154   374
1 43055U 17079A   18005.06398427 -.00000057  00000-0  00000+0 0  9996
2 43055  56.9737 306.2689 0003008 229.8466 130.1367  1.69744254   393
1 43055U 17079A   18005.06398707 -.00000057  00000-0  00000-0 0  9998
2 43055  56.9745 306.2690 0003017 229.8822 130.1029  1.69744250   391
1 43055U 17079A   18009.77686388 -.00000075  00000-0  00000-0 0  9995
2 43055  56.9704 306.1419 0002923 228.9542 131.0289  1.69744333   477
1 43055U 17079A   18009.77686517 -.00000075  00000-0  00000+0 0  9998
2 43055  56.9704 306.1420 0002920 229.2858 130.6973  1.69744311   471
1 43055U 17079A   18010.95508043 -.00000075  00000-0  00000-0 0  9998
2 43055  56.9695 306.1102 0002919 229.1505 130.8302  1.69744330   494
1 43055U 17079A   18012.13329962 -.00000072  00000-0  00000-0 0  9998
2 43055  56.9679 306.0760 0002884 230.4415 129.5423  1.69744416   518
1 43055U 17079A   18012.13330089 -.00000072  00000-0  00000+0 0  9999
2 43055  56.9685 306.0783 0002923 228.7792 131.2023  1.69744347   511
1 43055U 17079A   18013.31151735 -.00000067  00000-0  00000-0 0  9994
2 43055  56.9670 306.0445 0002871 229.8889 130.0953  1.69744458   535
1 43055U 17079A   18013.90062783 -.00000064  00000-0  00000-0 0  9990
2 43055  56.9664 306.0285 0002864 229.6951 130.2902  1.69744468   548
1 43055U 17079A   18016.25708449 -.00000049  00000-0  00000+0 0  9999
2 43055  56.9646 305.9654 0002850 229.2671 130.7315  1.69744520   582
1 43055U 17079A   18016.84619632 -.00000046  00000-0  00000-0 0  9997
2 43055  56.9630 305.9511 0002700 231.1299 128.8718  1.69744594   596
1 43055U 17079A   18018.02442427 -.00000039  00000-0  00000-0 0  9997
2 43055  56.9630 305.9200 0002676 230.1033 129.9046  1.69744605   610
1 43055U 17079A   18018.61353880 -.00000036  00000-0  00000+0 0  9992
2 43055  56.9625 305.9040 0002676 230.0447 129.9668  1.69744610   621
1 43055U 17079A   18019.20265210 -.00000034  00000-0  00000-0 0  9996
2 43055  56.9623 305.8888 0002692 230.8984 129.1173  1.69744648   635
1 43055U 17079A   18020.38087360 -.00000030  00000-0  00000-0 0  9991
2 43055  56.9613 305.8570 0002694 230.8390 129.1790  1.69744652   657
1 43055U 17079A   18021.55909396 -.00000028  00000-0  00000+0 0  9999
2 43055  56.9606 305.8251 0002644 230.8665 129.1515  1.69744629   676
1 43055U 17079A   18022.14820609 -.00000028  00000-0  00000-0 0  9995
2 43055  56.9603 305.8095 0002656 231.0375 128.9831  1.69744647   682
1 43055U 17079A   18022.73731224 -.00000029  00000-0  00000-0 0  9995
2 43055  56.9597 305.7936 0002623 230.8840 129.1353  1.69744654   696
1 43055U 17079A   18023.91552586 -.00000031  00000-0  00000+0 0  9990
2 43055  56.9588 305.7624 0002625 231.0369 128.9804  1.69744669   718
1 43055U 17079A   18025.09373699 -.00000035  00000-0  00000-0 0  9992
2 43055  56.9578 305.7306 0002627 230.7248 129.2891  1.69744678   730
1 43055U 17079A   18025.68284228 -.00000036  00000-0  00000-0 0  9997
2 43055  56.9574 305.7143 0002603 230.9181 129.0929  1.69744668   747
1 43055U 17079A   18026.27195072 -.00000037  00000-0  00000+0 0  9991
2 43055  56.9572 305.6983 0002612 230.6218 129.3886  1.69744660   752
1 43055U 17079A   18026.86105945 -.00000038  00000-0  00000-0 0  9998
2 43055  56.9567 305.6824 0002611 230.5453 129.4651  1.69744662   763
1 43055U 17079A   18028.03927854 -.00000039  00000-0  00000+0 0  9990
2 43055  56.9555 305.6485 0002663 198.8733 161.2135  1.69745564   782
1 43055U 17079A   18032.83000000 -.00000044  00000-0  00000+0 0  9994
2 43055  56.9810 305.5070 0000607  84.8970 333.4300  1.70476715   865
1 43055U 17079A   18035.08133363 -.00000054  00000-0  00000+0 0  9994
2 43055  56.9516 305.4302 0001373 295.7314  64.3077  1.70474606   904
1 43055U 17079A   18035.08133444 -.00000054  00000-0  00000+0 0  9994
2 43055  56.9556 305.4315 0001414 282.2709  77.7643  1.70473653   905
1 43055U 17079A   18035.08133444 -.00000054  00000-0  00000+0 0  9994
2 43055  56.9581 305.4307 0001406 280.3478  79.6869  1.70473462   906
1 43055U 17079A   18035.08137333 -.00000054  00000-0  00000+0 0  9995
2 43055  56.9581 305.4307 0001406 280.3478  79.7107  1.70473462   902
1 43055U 17079A   18035.66791361 -.00000056  00000-0  00000+0 0  9998
2 43055  56.9516 305.4142 0001372 293.3826  66.6504  1.70474252   915
1 43055U 17079A   18037.42767300 -.00000059  00000-0  00000+0 0  9993
2 43055  56.9502 305.3663 0001372 293.4062  66.6167  1.70473568   947
1 43055U 17079A   18039.77404274 -.00000054  00000-0  00000+0 0  9996
2 43055  56.9465 305.2991 0001448 287.4831  72.5482  1.70473574   986
1 43055U 17079A   18042.12040610 -.00000041  00000-0  00000+0 0  9995
2 43055  56.9448 305.2355 0001445 287.7353  72.2986  1.70473603  1025
1 43055U 17079A   18043.88018875 -.00000029  00000-0  00000-0 0  9994
2 43055  56.9423 305.1904 0001365 290.4725  69.5653  1.70473577  1055
1 43055U 17079A   18044.46679208 -.00000026  00000-0  00000+0 0  9998
2 43055  56.9419 305.1743 0001378 290.6764  69.3698  1.70473562  1062
1 43055U 17079A   18045.05338639 -.00000022  00000-0  00000-0 0  9991
2 43055  56.9415 305.1586 0001353 288.9960  71.0545  1.70473634  1076
1 43055U 17079A   18050.91929002 -.00000010  00000-0  00000+0 0  9998
2 43055  56.9371 304.9986 0001352 288.1553  71.9008  1.70473667  1177
1 43055U 17079A   18052.09245824 -.00000013  00000-0  00000-0 0  9996
2 43055  56.9336 304.9665 0001340 288.5512  71.5014  1.70473749  1194
1 43055U 17079A   18053.85221207 -.00000017  00000-0  00000+0 0  9993
2 43055  56.9290 304.9218 0001249 287.7422  72.2903  1.70473521  1223
1 43055U 17079A   18053.85221207 -.00000017  00000-0  00000-0 0  9994
2 43055  56.9290 304.9218 0001249 287.7422  72.2903  1.70473521  1223
1 43055U 17079A   18054.43882065 -.00000018  00000-0  00000-0 0  9995
2 43055  56.9283 304.9066 0001243 287.6128  72.4305  1.70473518  1237
1 43055U 17079A   18055.61200201 -.00000018  00000-0  00000+0 0  9991
2 43055  56.9296 304.8729 0000936 276.7714  83.2791  1.70473633  1253
1 43055U 17079A   18055.61200201 -.00000018  00000-0  00000-0 0  9992
2 43055  56.9296 304.8729 0000936 276.7714  83.2791  1.70473633  1253
1 43055U 17079A   18060.89131994 -.00000026  00000-0  00000+0 0  9998
2 43055  56.9318 304.7304 0001086 287.9966  72.0540  1.70473575  1349
1 43055U 17079A   18060.89132777 -.00000026  00000-0  00000-0 0  9999
2 43055  56.9314 304.7308 0001072 289.0851  70.9693  1.70473567  1347
1 43055U 17079A   18063.82426541 -.00000039  00000-0  00000+0 0  9993
2 43055  56.9288 304.6508 0001041 289.7923  70.2537  1.70473553  1391
1 43055U 17079A   18066.75720346 -.00000037  00000-0  00000+0 0  9996
2 43055  56.9258 304.5716 0000957 292.5055  67.5303  1.70473523  1444
1 43055U 17079A   18069.10357256 -.00000025  00000-0  00000+0 0  9991
2 43055  56.9230 304.5086 0000944 288.1670  71.8739  1.70473501  1485
1 43055U 17079A   18069.69016547 -.00000022  00000-0  00000-0 0  9998
2 43055  56.9247 304.4929 0000728 286.5455  73.4992  1.70473541  1495
1 43055U 17079A   18072.62313232 -.00000005  00000-0  00000+0 0  9996
2 43055  56.9222 304.4134 0000703 287.3739  72.6812  1.70473552  1543
1 43055U 17079A   18080.83536402 -.00000004  00000-0  00000-0 0  9994
2 43055  56.9217 304.1878 0000605 306.7590  53.2802  1.70473575  1685
1 43055U 17079A   18080.83536422 -.00000004  00000-0  00000+0 0  9995
2 43055  56.9182 304.1903 0000301 335.7678  24.2815  1.70473740  1683
1 43055U 17079A   18083.76828953 -.00000007  00000-0  00000-0 0  9997
2 43055  56.9176 304.1084 0000264 327.8009  32.2383  1.70473801  1737
1 43055U 17079A   18083.76829506 -.00000007  00000-0  00000+0 0  9991
2 43055  56.9175 304.1088 0000264 325.8836  34.1591  1.70473805  1732
1 43055U 17079A   18086.70124189 -.00000011  00000-0  00000+0 0  9998
2 43055  56.9200 304.0208 0000372  79.2292 280.7892  1.70472360  1783
1 43055U 17079A   18087.87447847 -.00000017  00000-0  00000+0 0  9992
2 43055  56.9123 303.9972 0000248 332.8971  27.1800  1.70473780  1809
1 43055U 17079A   18089.04759500 -.00000023  00000-0  00000-0 0  9993
2 43055  56.9115 303.9647 0000245 332.6698  27.3692  1.70473773  1825
1 43055U 17079A   18089.04759519 -.00000023  00000-0  00000-0 0  9993
2 43055  56.9116 303.9642 0000245 333.0335  27.0058  1.70473772  1826
1 43055U 17079A   18091.39393311 -.00000035  00000-0  00000+0 0  9990
2 43055  56.9165 303.8953 0000357  88.1401 271.8720  1.70473433  1863
1 43055U 17079A   18091.39396702 -.00000035  00000-0  00000-0 0  9998
2 43055  56.9161 303.8952 0000298  98.1223 261.9133  1.70473468  1861
1 43055U 17079A   18091.98054681 -.00000036  00000-0  00000+0 0  9990
2 43055  56.9084 303.8843 0000048  70.4624 289.5783  1.70473668  1875
1 43055U 17079A   18094.32686871 -.00000033  00000-0  00000+0 0  9990
2 43055  56.9068 303.8201 0000062  67.0670 292.9507  1.70473659  1911
1 43055U 17079A   18096.08663784 -.00000026  00000-0  00000-0 0  9996
2 43055  56.9052 303.7724 0000037 102.7630 257.2556  1.70473658  1948
1 43055U 17079A   18099.01959526 -.00000010  00000-0  00000+0 0  9996
2 43055  56.9108 303.6877 0000246 163.4209 196.6119  1.70473859  1995
1 43055U 17079A   18099.01959526 -.00000010  00000-0  00000-0 0  9997
2 43055  56.9108 303.6877 0000246 163.4209 196.6119  1.70473859  1995
1 43055U 17079A   18100.77935556 -.00000003  00000-0  00000-0 0  9992
2 43055  56.9011 303.6436 0000168 146.8883 213.1395  1.70473794  2029
1 43055U 17079A   18101.36594765 -.00000001  00000-0  00000+0 0  9998
2 43055  56.9007 303.6275 0000171 145.7423 214.2876  1.70473799  2039
1 43055U 17079A   18104.29888489  .00000001  00000-0  00000+0 0  9991
2 43055  56.8986 303.5473 0000183 143.0131 217.0129  1.70473817  2081
1 43055U 17079A   18104.88546764  .00000000  00000-0  00000-0 0  9993
2 43055  56.8981 303.5306 0000214 144.5687 215.4560  1.70473844  2090
1 43055U 17079A   18106.64521481 -.00000005  00000-0  00000+0 0  9993
2 43055  56.8969 303.4825 0000223 144.1671 215.8463  1.70473854  2121
1 43055U 17079A   18107.81838115 -.00000009  00000-0  00000-0 0  9993
2 43055  56.8960 303.4508 0000277 142.1262 217.8778  1.70473819  2147
1 43055U 17079A   18108.99154892 -.00000012  00000-0  00000-0 0  9990
2 43055  56.8987 303.4141 0000699 150.4692 209.5351  1.70473834  2160
1 43055U 17079A   18108.99154896 -.00000012  00000-0  00000+0 0  9993
2 43055  56.8985 303.4142 0000690 149.6078 210.3966  1.70473848  2165
1 43055U 17079A   18109.57813550 -.00000013  00000-0  00000-0 0  9999
2 43055  56.8983 303.3981 0000705 150.5240 209.4791  1.70473840  2170
1 43055U 17079A   18110.16472329 -.00000013  00000-0  00000-0 0  9991
2 43055  56.8979 303.3821 0000732 151.1476 208.8550  1.70473825  2186
1 43055U 17079A   18111.33790176 -.00000014  00000-0  00000+0 0  9994
2 43055  56.8970 303.3501 0000758 151.7354 208.2678  1.70473823  2207
1 43055U 17079A   18111.92449126 -.00000015  00000-0  00000-0 0  9997
2 43055  56.8966 303.3341 0000772 152.0945 207.9095  1.70473839  2217
1 43055U 17079A   18113.68426082 -.00000019  00000-0  00000+0 0  9991
2 43055  56.8953 303.2862 0000814 152.8117 207.1947  1.70473867  2248
1 43055U 17079A   18113.68426125 -.00000019  00000-0  00000-0 0  9990
2 43055  56.8958 303.2861 0000818 153.0959 206.9104  1.70473861  2249
1 43055U 17079A   18116.03061152 -.00000032  00000-0  00000+0 0  9991
2 43055  56.8977 303.2237 0000478 146.2455 213.7610  1.70474033  2288
1 43055U 17079A   18118.37694570 -.00000046  00000-0  00000+0 0  9991
2 43055  56.8926 303.1583 0000921 157.4078 202.5837  1.70473993  2329
1 43055U 17079A   18118.96352923 -.00000048  00000-0  00000-0 0  9992
2 43055  56.8921 303.1424 0000928 157.4398 202.5487  1.70474003  2335
1 43055U 17079A   18121.30986819 -.00000049  00000-0  00000+0 0  9991
2 43055  56.8904 303.0786 0000971 158.9211 201.0588  1.70474100  2372
1 43055U 17079A   18121.89645476 -.00000047  00000-0  00000-0 0  9995
2 43055  56.8899 303.0627 0001001 159.8794 200.0997  1.70474140  2388
1 43055U 17079A   18122.48304266 -.00000045  00000-0  00000-0 0  9998
2 43055  56.8892 303.0467 0001000 159.9173 200.0616  1.70474136  2398
1 43055U 17079A   18123.65622158 -.00000040  00000-0  00000+0 0  9995
2 43055  56.8883 303.0148 0001043 161.1548 198.8254  1.70474156  2419
1 43055U 17079A   18125.41599308 -.00000032  00000-0  00000-0 0  9993
2 43055  56.8870 302.9670 0001072 162.6580 197.3268  1.70474187  2443
1 43055U 17079A   18126.00258366 -.00000029  00000-0  00000+0 0  9990
2 43055  56.8866 302.9510 0001095 163.3483 196.6384  1.70474206  2450
1 43055U 17079A   18126.58917468 -.00000026  00000-0  00000-0 0  9996
2 43055  56.8862 302.9350 0001110 163.7881 196.2005  1.70474207  2460
1 43055U 17079A   18127.17576605 -.00000024  00000-0  00000-0 0  9994
2 43055  56.8857 302.9191 0001126 164.5127 195.4776  1.70474189  2472
1 43055U 17079A   18128.34894625 -.00000020  00000-0  00000-0 0  9995
2 43055  56.8848 302.8872 0001154 165.2968 194.6962  1.70474180  2490
1 43055U 17079A   18128.34894633 -.00000020  00000-0  00000+0 0  9993
2 43055  56.8848 302.8872 0001151 165.1015 194.8917  1.70474183  2494
1 43055U 17079A   18128.93553539 -.00000019  00000-0  00000-0 0  9994
2 43055  56.8844 302.8713 0001186 165.8655 194.1283  1.70474167  2502
1 43055U 17079A   18131.28188448 -.00000017  00000-0  00000+0 0  9996
2 43055  56.8825 302.8075 0001237 166.7475 193.2439  1.70474090  2541
1 43055U 17079A   18132.45505324 -.00000019  00000-0  00000-0 0  9995
2 43055  56.8814 302.7756 0001276 167.5011 192.4859  1.70474060  2568
1 43055U 17079A   18133.62821887 -.00000023  00000-0  00000-0 0  9995
2 43055  56.8805 302.7437 0001319 168.6608 191.3205  1.70474052  2582
1 43055U 17079A   18133.62821919 -.00000023  00000-0  00000+0 0  9990
2 43055  56.8805 302.7437 0001309 168.3277 191.6538  1.70474061  2582
1 43055U 17079A   18133.62821919 -.00000023  00000-0  00000-0 0  9991
2 43055  56.8805 302.7437 0001309 168.3277 191.6538  1.70474061  2582
1 43055U 17079A   18135.38797174 -.00000028  00000-0  00000-0 0  9996
2 43055  56.8791 302.6958 0001362 169.6871 190.2867  1.70474000  2613
1 43055U 17079A   18136.56114339 -.00000031  00000-0  00000+0 0  9996
2 43055  56.8782 302.6639 0001401 170.8104 189.1606  1.70473971  2632
1 43055U 17079A   18137.73431896 -.00000032  00000-0  00000-0 0  9998
2 43055  56.8773 302.6320 0001436 171.6816 188.2893  1.70473976  2651
1 43055U 17079A   18143.01362248 -.00000049  00000-0  00000+0 0  9997
2 43055  56.8730 302.4884 0001568 174.7372 185.2402  1.70474041  2741
1 43055U 17079A   18143.60020804 -.00000053  00000-0  00000-0 0  9997
2 43055  56.8725 302.4724 0001581 175.1742 184.8018  1.70474056  2754
1 43055U 17079A   18143.60020816 -.00000053  00000-0  00000-0 0  9990
2 43055  56.8726 302.4724 0001572 175.0953 184.8808  1.70474053  2752
1 43055U 17079A   18145.35996002 -.00000065  00000-0  00000+0 0  9995
2 43055  56.8709 302.4245 0001618 176.7034 183.2657  1.70474122  2785
1 43055U 17079A   18145.94654405 -.00000067  00000-0  00000-0 0  9991
2 43055  56.8704 302.4086 0001631 177.1826 182.7840  1.70474134  2794
1 43055U 17079A   18147.70629786 -.00000070  00000-0  00000+0 0  9994
2 43055  56.8689 302.3608 0001679 178.7847 181.1758  1.70474216  2823
1 43055U 17079A   18150.05264810 -.00000064  00000-0  00000+0 0  9992
2 43055  56.8671 302.2971 0001736 180.2354 179.7248  1.70474295  2869
1 43055U 17079A   18150.63923795 -.00000061  00000-0  00000-0 0  9998
2 43055  56.8666 302.2812 0001742 180.4206 179.5410  1.70474298  2875
1 43055U 17079A   18152.39901135 -.00000053  00000-0  00000+0 0  9997
2 43055  56.8652 302.2334 0001812 182.1149 177.8532  1.70474327  2905
1 43055U 17079A   18152.98560303 -.00000050  00000-0  00000-0 0  9998
2 43055  56.8647 302.2175 0001815 182.3684 177.6024  1.70474328  2917
1 43055U 17079A   18154.15878693 -.00000045  00000-0  00000-0 0  9997
2 43055  56.8637 302.1856 0001865 183.4524 176.5236  1.70474319  2936
1 43055U 17079A   18155.33196920 -.00000040  00000-0  00000+0 0  9998
2 43055  56.8631 302.1537 0001882 183.9801 176.0006  1.70474313  2954
1 43055U 17079A   18155.91855922 -.00000038  00000-0  00000-0 0  9994
2 43055  56.8626 302.1379 0001917 184.5963 175.3860  1.70474303  2967
1 43055U 17079A   18157.09173771 -.00000036  00000-0  00000-0 0  9998
2 43055  56.8617 302.1060 0001935 184.9091 175.0754  1.70474282  2987
1 43055U 17079A   18157.67832503 -.00000035  00000-0  00000-0 0  9996
2 43055  56.8612 302.0901 0001963 185.3384 174.6462  1.70474266  2990
1 43055U 17079A   18157.67832510 -.00000035  00000-0  00000+0 0  9993
2 43055  56.8612 302.0901 0001961 185.3997 174.5848  1.70474265  2994
1 43055U 17079A   18159.43808320 -.00000036  00000-0  00000-0 0  9993
2 43055  56.8598 302.0423 0002006 185.9989 173.9830  1.70474226  3020
1 43055U 17079A   18160.02466726 -.00000037  00000-0  00000-0 0  9991
2 43055  56.8593 302.0264 0002040 186.6291 173.3510  1.70474207  3039
1 43055U 17079A   18160.02466773 -.00000037  00000-0  00000+0 0  9992
2 43055  56.8593 302.0263 0002031 186.4919 173.4882  1.70474201  3030
1 43055U 17079A   18162.37100568 -.00000043  00000-0  00000-0 0  9997
2 43055  56.8574 301.9625 0002112 188.0757 171.8969  1.70474137  3077
1 43055U 17079A   18162.37100630 -.00000043  00000-0  00000+0 0  9996
2 43055  56.8574 301.9625 0002098 187.7263 172.2464  1.70474145  3072
1 43055U 17079A   18162.95759198 -.00000045  00000-0  00000-0 0  9992
2 43055  56.8569 301.9465 0002116 188.1086 171.8630  1.70474134  3086
1 43055U 17079A   18164.71735489 -.00000047  00000-0  00000+0 0  9996
2 43055  56.8555 301.8987 0002180 189.4577 170.5142  1.70474102  3112
1 43055U 17079A   18167.06371720 -.00000048  00000-0  00000-0 0  9993
2 43055  56.8535 301.8349 0002240 190.7053 169.2744  1.70474126  3156
1 43055U 17079A   18167.06371740 -.00000048  00000-0  00000+0 0  9994
2 43055  56.8535 301.8349 0002241 190.7145 169.2652  1.70474121  3152
1 43055U 17079A   18167.62860410 -.00000049  00000-0  00000+0 0  9994
2 43055  56.8532 301.8217 0002123 182.2653 164.4023  1.70474373  3150
1 43055U 17079A   18168.82348904 -.00000053  00000-0  00000-0 0  9992
2 43055  56.8520 301.7870 0002292 191.7204 168.2648  1.70474147  3182
1 43055U 17079A   18168.82348959 -.00000053  00000-0  00000-0 0  9992
2 43055  56.8520 301.7870 0002275 191.3892 168.5962  1.70474136  3182
1 43055U 17079A   18169.99666638 -.00000059  00000-0  00000+0 0  9993
2 43055  56.8510 301.7551 0002323 192.2668 167.7195  1.70474148  3207
1 43055U 17079A   18172.34300830 -.00000074  00000-0  00000+0 0  9992
2 43055  56.8490 301.6913 0002381 193.7783 166.2032  1.70474217  3248
1 43055U 17079A   18172.34300830 -.00000074  00000-0  00000-0 0  9993
2 43055  56.8490 301.6913 0002381 193.7783 166.2032  1.70474217  3248
1 43055U 17079A   18174.10276253 -.00000080  00000-0  00000-0 0  9997
2 43055  56.8476 301.6435 0002416 194.8981 165.0782  1.70474258  3279
1 43055U 17079A   18174.68934803 -.00000080  00000-0  00000+0 0  9991
2 43055  56.8471 301.6275 0002429 195.2652 164.7100  1.70474279  3284
1 43055U 17079A   18175.27593339 -.00000080  00000-0  00000-0 0  9993
2 43055  56.8466 301.6116 0002446 195.7282 164.2463  1.70474326  3296
1 43055U 17079A   18177.62228872 -.00000071  00000-0  00000+0 0  9990
2 43055  56.8447 301.5478 0002501 196.9058 163.0725  1.70474388  3332
1 43055U 17079A   18178.20887937 -.00000068  00000-0  00000-0 0  9995
2 43055  56.8442 301.5319 0002502 197.0324 162.9484  1.70474419  3346
1 43055U 17079A   18179.96865535 -.00000059  00000-0  00000+0 0  9998
2 43055  56.8427 301.4841 0002556 197.9926 161.9973  1.70474446  3379
1 43055U 17079A   18180.55524803 -.00000055  00000-0  00000-0 0  9992
2 43055  56.8422 301.4682 0002576 198.4932 161.5000  1.70474444  3388
1 43055U 17079A   18181.72843325 -.00000050  00000-0  00000-0 0  9990
2 43055  56.8413 301.4363 0002609 199.0692 160.9306  1.70474426  3406
1 43055U 17079A   18182.90161553 -.00000045  00000-0  00000+0 0  9990
2 43055  56.8403 301.4045 0002643 199.7863 160.2189  1.70474423  3428
1 43055U 17079A   18183.48820605 -.00000043  00000-0  00000-0 0  9993
2 43055  56.8398 301.3885 0002658 200.0126 159.9947  1.70474412  3432
1 43055U 17079A   18184.07479576 -.00000041  00000-0  00000-0 0  9994
2 43055  56.8393 301.3726 0002685 200.2766 159.7322  1.70474390  3444
1 43055U 17079A   18185.24797286 -.00000039  00000-0  00000+0 0  9991
2 43055  56.8383 301.3407 0002707 200.5698 159.4406  1.70474354  3463
1 43055U 17079A   18186.42114517 -.00000039  00000-0  00000-0 0  9993
2 43055  56.8374 301.3088 0002738 200.9383 159.0715  1.70474345  3488
1 43055U 17079A   18188.18090036 -.00000041  00000-0  00000+0 0  9999
2 43055  56.8359 301.2609 0002792 201.6998 158.3062  1.70474291  3510
1 43055U 17079A   18188.76748569 -.00000042  00000-0  00000-0 0  9996
2 43055  56.8354 301.2449 0002814 202.0016 158.0029  1.70474255  3529
1 43055U 17079A   18189.35407066 -.00000043  00000-0  00000-0 0  9997
2 43055  56.8349 301.2289 0002829 202.2773 157.7260  1.70474248  3539
1 43055U 17079A   18189.94065524 -.00000044  00000-0  00000-0 0  9992
2 43055  56.8344 301.2130 0002863 202.9070 157.0953  1.70474239  3547
1 43055U 17079A   18192.28700826 -.00000044  00000-0  00000+0 0  9993
2 43055  56.8325 301.1490 0002913 203.8160 156.1887  1.70474210  3589
1 43055U 17079A   18194.04678266 -.00000044  00000-0  00000-0 0  9992
2 43055  56.8310 301.1011 0002945 204.5157 155.4965  1.70474180  3610
1 43055U 17079A   18194.63337441 -.00000044  00000-0  00000+0 0  9993
2 43055  56.8305 301.0851 0002958 204.7666 155.2482  1.70474177  3625
1 43055U 17079A   18196.39314510 -.00000049  00000-0  00000-0 0  9996
2 43055  56.8289 301.0371 0003016 205.8517 154.1689  1.70474201  3654
1 43055U 17079A   18198.15290840 -.00000058  00000-0  00000+0 0  9990
2 43055  56.8275 300.9892 0003051 206.4960 153.5251  1.70474207  3680
1 43055U 17079A   18198.73949299 -.00000062  00000-0  00000-0 0  9999
2 43055  56.8269 300.9732 0003078 207.1218 152.8979  1.70474241  3697
1 43055U 17079A   18198.73949394 -.00000062  00000-0  00000-0 0  9995
2 43055  56.8270 300.9732 0003063 206.8090 153.2110  1.70474217  3692
1 43055U 17079A   18201.08583153 -.00000072  00000-0  00000+0 0  9995
2 43055  56.8250 300.9092 0003128 208.4134 151.5999  1.70474296  3736
1 43055U 17079A   18202.84559008 -.00000071  00000-0  00000-0 0  9992
2 43055  56.8235 300.8613 0003162 209.2817 150.7295  1.70474334  3768
1 43055U 17079A   18203.42839096 -.00000069  00000-0  00000-0 0  9992
2 43055  56.8231 300.8444 0002837 204.8865 152.8012  1.70474305  3766
1 43055U 17079A   18206.36512989 -.00000053  00000-0  00000-0 0  9990
2 43055  56.8207 300.7655 0003245 210.8669 149.1552  1.70474428  3826
1 43055U 17079A   18206.95172148 -.00000049  00000-0  00000-0 0  9999
2 43055  56.8202 300.7496 0003259 211.0964 148.9290  1.70474447  3838
1 43055U 17079A   18209.29809080 -.00000036  00000-0  00000-0 0  9997
2 43055  56.8183 300.6857 0003327 212.2665 147.7717  1.70474428  3877
1 43055U 17079A   18211.64445189 -.00000027  00000-0  00000+0 0  9994
2 43055  56.8165 300.6218 0003387 213.3017 146.7442  1.70474369  3910
1 43055U 17079A   18212.23103993 -.00000026  00000-0  00000-0 0  9994
2 43055  56.8160 300.6058 0003401 213.4678 146.5787  1.70474352  3921
1 43055U 17079A   18213.40421338 -.00000024  00000-0  00000-0 0  9998
2 43055  56.8151 300.5738 0003440 213.9934 146.0524  1.70474290  3945
1 43055U 17079A   18215.75055242 -.00000025  00000-0  00000+0 0  9995
2 43055  56.8132 300.5098 0003506 214.9213 145.1188  1.70474217  3986
1 43055U 17079A   18217.51031016 -.00000027  00000-0  00000-0 0  9997
2 43055  56.8118 300.4618 0003538 215.4479 144.5887  1.70474143  4014
1 43055U 17079A   18218.09689614 -.00000027  00000-0  00000+0 0  9993
2 43055  56.8113 300.4458 0003559 215.8317 144.2045  1.70474138  4027
1 43055U 17079A   18223.37620620 -.00000027  00000-0  00000-0 0  9993
2 43055  56.8071 300.3017 0003650 217.9949 142.0560  1.70474112  4116
1 43055U 17079A   18223.96279482 -.00000029  00000-0  00000-0 0  9996
2 43055  56.8066 300.2856 0003664 218.2569 141.7947  1.70474114  4125
1 43055U 17079A   18226.30913802 -.00000042  00000-0  00000+0 0  9992
2 43055  56.8047 300.2214 0003717 219.4006 140.6468  1.70474143  4162
1 43055U 17079A   18226.30913830 -.00000042  00000-0  00000-0 0  9994
2 43055  56.8046 300.2214 0003722 219.6092 140.4381  1.70474132  4164
1 43055U 17079A   18228.65547327 -.00000051  00000-0  00000+0 0  9997
2 43055  56.8028 300.1573 0003764 220.7968 139.2414  1.70474191  4205
1 43055U 17079A   18230.41522999 -.00000049  00000-0  00000-0 0  9990
2 43055  56.8014 300.1092 0003799 221.8156 138.2192  1.70474246  4231
1 43055U 17079A   18231.58840623 -.00000044  00000-0  00000+0 0  9990
2 43055  56.8005 300.0771 0003810 222.0875 137.9483  1.70474263  4259
1 43055U 17079A   18231.58840633 -.00000044  00000-0  00000-0 0  9992
2 43055  56.8006 300.0772 0003808 222.0416 137.9943  1.70474279  4257
1 43055U 17079A   18232.76158607 -.00000037  00000-0  00000-0 0  9998
2 43055  56.7997 300.0452 0003831 222.5241 137.5148  1.70474306  4273
1 43055U 17079A   18237.45431181 -.00000011  00000-0  00000+0 0  9991
2 43055  56.7961 299.9171 0003892 223.6748 136.3834  1.70474379  4357
1 43055U 17079A   18237.45431181 -.00000011  00000-0  00000-0 0  9992
2 43055  56.7961 299.9171 0003892 223.6748 136.3834  1.70474379  4357
1 43055U 17079A   18237.45743780 -.00000011  00000-0  00000+0 0  9992
2 43055  56.7960 299.9192 0003710 211.7966 150.1783  1.70474160  4353
1 43055U 17079A   18240.97383850 -.00000002  00000-0  00000+0 0  9991
2 43055  56.7936 299.8210 0003917 224.3233 135.7343  1.70474178  4419
1 43055U 17079A   18242.73359025 -.00000003  00000-0  00000-0 0  9996
2 43055  56.7922 299.7730 0003947 224.7892 135.2618  1.70474116  4443
1 43055U 17079A   18243.32017388 -.00000003  00000-0  00000+0 0  9994
2 43055  56.7918 299.7570 0004032 226.2397 133.8076  1.70474058  4451
1 43055U 17079A   18243.90675838 -.00000004  00000-0  00000-0 0  9990
2 43055  56.7913 299.7410 0004034 226.3847 133.6605  1.70474038  4467
1 43055U 17079A   18245.07992751 -.00000004  00000-0  00000-0 0  9996
2 43055  56.7905 299.7088 0004058 227.0725 132.9693  1.70474001  4489
1 43055U 17079A   18245.66651374 -.00000004  00000-0  00000+0 0  9993
2 43055  56.7900 299.6928 0004065 227.3212 132.7197  1.70473992  4494
1 43055U 17079A   18247.42627961 -.00000003  00000-0  00000-0 0  9994
2 43055  56.7887 299.6447 0004080 227.8269 132.2152  1.70473965  4528
1 43055U 17079A   18248.01286949 -.00000002  00000-0  00000+0 0  9995
2 43055  56.7882 299.6287 0004074 227.9685 132.0751  1.70473969  4539
1 43055U 17079A   18248.01286983 -.00000002  00000-0  00000-0 0  9994
2 43055  56.7883 299.6286 0004077 228.1524 131.8911  1.70473940  4531
1 43055U 17079A   18249.77264028 -.00000003  00000-0  00000-0 0  9995
2 43055  56.7869 299.5805 0004093 228.8519 131.1957  1.70473934  4569
1 43055U 17079A   18250.35922920 -.00000004  00000-0  00000+0 0  9993
2 43055  56.7865 299.5644 0004103 229.2202 130.8281  1.70473938  4573
1 43055U 17079A   18252.11899050 -.00000013  00000-0  00000-0 0  9997
2 43055  56.7851 299.5163 0004127 229.9920 130.0545  1.70473948  4604
1 43055U 17079A   18253.87874224 -.00000024  00000-0  00000+0 0  9998
2 43055  56.7837 299.4682 0004139 230.5276 129.5114  1.70473978  4639
1 43055U 17079A   18253.87874224 -.00000024  00000-0  00000-0 0  9999
2 43055  56.7837 299.4682 0004139 230.5276 129.5114  1.70473978  4639
1 43055U 17079A   18255.05190756 -.00000030  00000-0  00000-0 0  9999
2 43055  56.7828 299.4361 0004151 231.0377 128.9948  1.70474002  4654
1 43055U 17079A   18257.98482886 -.00000030  00000-0  00000-0 0  9991
2 43055  56.7807 299.3558 0004169 232.4740 127.5472  1.70474094  4700
1 43055U 17079A   18257.98482913 -.00000030  00000-0  00000+0 0  9991
2 43055  56.7806 299.3559 0004166 232.2428 127.7786  1.70474073  4705
1 43055U 17079A   18259.15800454 -.00000025  00000-0  00000-0 0  9991
2 43055  56.7798 299.3238 0004173 232.7127 127.3083  1.70474101  4728
1 43055U 17079A   18259.74459362 -.00000022  00000-0  00000-0 0  9991
2 43055  56.7794 299.3077 0004177 232.9397 127.0821  1.70474114  4732
1 43055U 17079A   18260.33118377 -.00000019  00000-0  00000+0 0  9991
2 43055  56.7789 299.2917 0004183 233.1832 126.8397  1.70474116  4740
1 43055U 17079A   18260.33118377 -.00000019  00000-0  00000-0 0  9992
2 43055  56.7789 299.2917 0004183 233.1832 126.8397  1.70474116  4740
1 43055U 17079A   18260.91777452 -.00000015  00000-0  00000-0 0  9997
2 43055  56.7785 299.2757 0004186 233.3294 126.6951  1.70474124  4759
1 43055U 17079A   18262.09095622 -.00000009  00000-0  00000-0 0  9993
2 43055  56.7777 299.2436 0004205 233.9004 126.1275  1.70474133  4777
1 43055U 17079A   18265.02390659  .00000004  00000-0  00000-0 0  9991
2 43055  56.7755 299.1635 0004219 234.9581 125.0764  1.70474094  4822
1 43055U 17079A   18266.19708175  .00000007  00000-0  00000-0 0  9999
2 43055  56.7746 299.1314 0004221 235.0925 124.9418  1.70474078  4841
1 43055U 17079A   18267.37025349  .00000009  00000-0  00000-0 0  9997
2 43055  56.7738 299.0994 0004223 235.5222 124.5095  1.70474036  4865
1 43055U 17079A   18267.95683828  .00000009  00000-0  00000-0 0  9993
2 43055  56.7734 299.0833 0004224 235.5390 124.4906  1.70474024  4878
1 43055U 17079A   18269.71658939  .00000008  00000-0  00000+0 0  9992
2 43055  56.7722 299.0352 0004237 236.1292 123.8919  1.70473933  4902
1 43055U 17079A   18269.71658966  .00000008  00000-0  00000-0 0  9993
2 43055  56.7722 299.0352 0004234 236.1711 123.8500  1.70473915  4901
1 43055U 17079A   18271.47634063  .00000006  00000-0  00000-0 0  9999
2 43055  56.7709 298.9872 0004244 236.6024 123.4098  1.70473855  4938
1 43055U 17079A   18272.06292527  .00000006  00000-0  00000+0 0  9999
2 43055  56.7704 298.9711 0004247 236.8427 123.1673  1.70473830  4947
1 43055U 17079A   18272.64951050  .00000005  00000-0  00000-0 0  9996
2 43055  56.7700 298.9551 0004244 237.0408 122.9674  1.70473834  4957
1 43055U 17079A   18273.82268502  .00000005  00000-0  00000-0 0  9990
2 43055  56.7691 298.9230 0004242 237.4673 122.5393  1.70473792  4975
1 43055U 17079A   18274.99586263  .00000006  00000-0  00000+0 0  9996
2 43055  56.7683 298.8909 0004237 237.9443 122.0628  1.70473773  4999
1 43055U 17079A   18277.34222258  .00000004  00000-0  00000+0 0  9997
2 43055  56.7665 298.8268 0004226 238.8468 121.1632  1.70473719  5033
1 43055U 17079A   18279.10198377 -.00000005  00000-0  00000-0 0  9990
2 43055  56.7652 298.7786 0004224 239.7422 120.2653  1.70473741  5062
1 43055U 17079A   18279.68856877 -.00000009  00000-0  00000-0 0  9993
2 43055  56.7647 298.7626 0004224 239.7457 120.2597  1.70473753  5078
1 43055U 17079A   18282.03490145 -.00000025  00000-0  00000+0 0  9995
2 43055  56.7629 298.6985 0004221 240.7681 119.2235  1.70473777  5111
1 43055U 17079A   18283.20806704 -.00000030  00000-0  00000-0 0  9994
2 43055  56.7620 298.6664 0004214 241.3120 118.6722  1.70473801  5137
1 43055U 17079A   18284.38123500 -.00000031  00000-0  00000-0 0  9991
2 43055  56.7612 298.6343 0004205 241.8238 118.1549  1.70473838  5151
1 43055U 17079A   18284.38123501 -.00000031  00000-0  00000+0 0  9991
2 43055  56.7612 298.6343 0004204 241.8498 118.1289  1.70473840  5152
1 43055U 17079A   18287.31417448 -.00000022  00000-0  00000+0 0  9993
2 43055  56.7591 298.5541 0004185 242.8774 117.0986  1.70473877  5201
1 43055U 17079A   18287.31417488 -.00000022  00000-0  00000-0 0  9998
2 43055  56.7592 298.5541 0004176 243.0968 116.8792  1.70473879  5204
1 43055U 17079A   18289.07394729 -.00000014  00000-0  00000-0 0  9996
2 43055  56.7578 298.5061 0004171 243.8116 116.1683  1.70473901  5234
1 43055U 17079A   18289.66053760 -.00000011  00000-0  00000+0 0  9994
2 43055  56.7574 298.4900 0004172 243.9442 116.0373  1.70473927  5249
1 43055U 17079A   18294.35325096  .00000001  00000-0  00000+0 0  9998
2 43055  56.7538 298.3619 0004128 245.5234 114.4602  1.70473825  5326
1 43055U 17079A   18294.35325119  .00000001  00000-0  00000-0 0  9995
2 43055  56.7538 298.3619 0004126 245.5887 114.3949  1.70473817  5322
1 43055U 17079A   18296.11300661  .00000000  00000-0  00000-0 0  9995
2 43055  56.7525 298.3139 0004109 245.8605 114.1162  1.70473730  5359
1 43055U 17079A   18296.11300687  .00000000  00000-0  00000-0 0  9993
2 43055  56.7525 298.3139 0004115 245.8172 114.1594  1.70473733  5357
1 43055U 17079A   18296.69958979 -.00000000  00000-0  00000-0 0  9990
2 43055  56.7521 298.2979 0004106 245.9974 113.9763  1.70473730  5368
1 43055U 17079A   18297.28617449 -.00000001  00000-0  00000-0 0  9991
2 43055  56.7516 298.2819 0004108 246.0979 113.8726  1.70473697  5375
1 43055U 17079A   18299.04592867 -.00000004  00000-0  00000+0 0  9995
2 43055  56.7503 298.2338 0004092 246.6297 113.3326  1.70473619  5407
1 43055U 17079A   18300.21910243 -.00000005  00000-0  00000-0 0  9991
2 43055  56.7495 298.2017 0004080 247.0952 112.8639  1.70473559  5427
1 43055U 17079A   18301.39227861 -.00000006  00000-0  00000+0 0  9998
2 43055  56.7486 298.1697 0004061 247.5409 112.4175  1.70473558  5443
1 43055U 17079A   18303.15204992 -.00000006  00000-0  00000-0 0  9995
2 43055  56.7472 298.1216 0004029 248.1850 111.7759  1.70473545  5475
1 43055U 17079A   18303.73864047 -.00000007  00000-0  00000+0 0  9992
2 43055  56.7468 298.1055 0004019 248.4004 111.5616  1.70473549  5489
1 43055U 17079A   18304.32523101 -.00000008  00000-0  00000-0 0  9993
2 43055  56.7463 298.0895 0004012 248.5703 111.3926  1.70473551  5491
1 43055U 17079A   18306.08499995 -.00000017  00000-0  00000+0 0  9990
2 43055  56.7450 298.0414 0003986 249.2930 110.6695  1.70473498  5522
1 43055U 17079A   18308.43134176 -.00000035  00000-0  00000+0 0  9998
2 43055  56.7431 297.9773 0003955 250.2504 109.7022  1.70473515  5569
1 43055U 17079A   18309.01792535 -.00000039  00000-0  00000-0 0  9997
2 43055  56.7426 297.9613 0003947 250.5895 109.3596  1.70473529  5571
1 43055U 17079A   18310.19109184 -.00000045  00000-0  00000-0 0  9997
2 43055  56.7417 297.9293 0003921 251.1838 108.7585  1.70473594  5596
1 43055U 17079A   18311.36426375 -.00000048  00000-0  00000+0 0  9993
2 43055  56.7408 297.8973 0003890 251.7609 108.1762  1.70473584  5610
1 43055U 17079A   18313.12402747 -.00000046  00000-0  00000-0 0  9995
2 43055  56.7395 297.8493 0003848 252.7046 107.2296  1.70473621  5648
1 43055U 17079A   18313.71061747 -.00000044  00000-0  00000+0 0  9998
2 43055  56.7390 297.8333 0003839 252.8299 107.1047  1.70473631  5652
1 43055U 17079A   18314.29720753 -.00000042  00000-0  00000-0 0  9990
2 43055  56.7386 297.8173 0003828 253.0467 106.8888  1.70473670  5660
1 43055U 17079A   18314.88379915 -.00000039  00000-0  00000-0 0  9991
2 43055  56.7381 297.8013 0003819 253.2666 106.6704  1.70473683  5671
1 43055U 17079A   18316.05698467 -.00000034  00000-0  00000+0 0  9992
2 43055  56.7372 297.7693 0003799 253.7316 106.2094  1.70473689  5694
1 43055U 17079A   18317.23017067 -.00000030  00000-0  00000-0 0  9991
2 43055  56.7363 297.7373 0003784 254.0858 105.8597  1.70473692  5718
1 43055U 17079A   18320.74971912 -.00000021  00000-0  00000+0 0  9998
2 43055  56.7335 297.6413 0003700 255.3933 104.5597  1.70473639  5770
1 43055U 17079A   18321.33630736 -.00000021  00000-0  00000-0 0  9991
2 43055  56.7331 297.6253 0003686 255.5393 104.4132  1.70473637  5786
1 43055U 17079A   18323.68265522 -.00000021  00000-0  00000+0 0  9997
2 43055  56.7312 297.5612 0003630 256.1261 103.8205  1.70473567  5824
1 43055U 17079A   18324.26924264 -.00000022  00000-0  00000-0 0  9999
2 43055  56.7307 297.5452 0003616 256.3953 103.5492  1.70473495  5830
1 43055U 17079A   18324.85582866 -.00000023  00000-0  00000-0 0  9993
2 43055  56.7303 297.5292 0003604 256.5251 103.4171  1.70473480  5846
1 43055U 17079A   18326.02900191 -.00000025  00000-0  00000+0 0  9990
2 43055  56.7294 297.4972 0003583 256.9129 103.0257  1.70473435  5866
1 43055U 17079A   18327.20217821 -.00000026  00000-0  00000-0 0  9994
2 43055  56.7284 297.4652 0003557 257.3450 102.5916  1.70473401  5884
1 43055U 17079A   18328.37535859 -.00000026  00000-0  00000+0 0  9996
2 43055  56.7275 297.4332 0003525 257.8223 102.1150  1.70473374  5905
1 43055U 17079A   18328.96195152 -.00000026  00000-0  00000-0 0  9990
2 43055  56.7270 297.4172 0003508 258.0541 101.8843  1.70473329  5915
1 43055U 17079A   18330.72172923 -.00000026  00000-0  00000+0 0  9997
2 43055  56.7255 297.3692 0003457 258.7749 101.1695  1.70473343  5941
1 43055U 17079A   18331.89491499 -.00000029  00000-0  00000-0 0  9992
2 43055  56.7245 297.3372 0003411 259.4278 100.5205  1.70473346  5965
1 43055U 17079A   18333.06809752 -.00000034  00000-0  00000+0 0  9993
2 43055  56.7235 297.3051 0003379 259.9842  99.9659  1.70473350  5984
1 43055U 17079A   18337.76079556 -.00000065  00000-0  00000+0 0  9999
2 43055  56.7195 297.1771 0003259 262.4175  97.5185  1.70473378  6069
1 43055U 17079A   18338.34738205 -.00000067  00000-0  00000-0 0  9990
2 43055  56.7190 297.1611 0003255 262.5952  97.3390  1.70473395  6073
1 43055U 17079A   18338.93397019 -.00000067  00000-0  00000-0 0  9999
2 43055  56.7185 297.1451 0003237 262.9416  96.9916  1.70473414  6080
1 43055U 17079A   18342.45352335 -.00000056  00000-0  00000+0 0  9990
2 43055  56.7156 297.0492 0003115 264.8897  95.0518  1.70473502  6144
1 43055U 17079A   18343.04011795 -.00000053  00000-0  00000-0 0  9996
2 43055  56.7151 297.0332 0003105 265.0873  94.8573  1.70473513  6159
1 43055U 17079A   18344.79990285 -.00000046  00000-0  00000+0 0  9990
2 43055  56.7139 296.9852 0003067 265.7329  94.2214  1.70473534  6182
1 43055U 17079A   18344.79990285 -.00000046  00000-0  00000-0 0  9991
2 43055  56.7139 296.9852 0003067 265.7329  94.2214  1.70473534  6182
1 43055U 17079A   18345.38649837 -.00000044  00000-0  00000-0 0  9999
2 43055  56.7134 296.9693 0003045 266.0929  93.8646  1.70473519  6194
1 43055U 17079A   18347.14627846 -.00000039  00000-0  00000+0 0  9994
2 43055  56.7120 296.9213 0002990 266.8888  93.0758  1.70473523  6222
1 43055U 17079A   18351.83899500 -.00000035  00000-0  00000+0 0  9999
2 43055  56.7078 296.7933 0002843 268.3034  91.6602  1.70473409  6302
1 43055U 17079A   18352.42558445 -.00000036  00000-0  00000-0 0  9997
2 43055  56.7075 296.7773 0002815 268.7166  91.2460  1.70473359  6313
1 43055U 17079A   18355.35853670 -.00000036  00000-0  00000+0 0  9999
2 43055  56.7050 296.6973 0002721 270.1430  89.8206  1.70473261  6362
1 43055U 17079A   18356.53172289 -.00000034  00000-0  00000-0 0  9999
2 43055  56.7040 296.6653 0002680 270.8024  89.1656  1.70473270  6380
1 43055U 17079A   18360.05129047 -.00000038  00000-0  00000+0 0  9998
2 43055  56.7009 296.5692 0002559 272.6192  87.3649  1.70473226  6448
1 43055U 17079A   18360.63788220 -.00000041  00000-0  00000-0 0  9991
2 43055  56.7003 296.5532 0002548 272.8496  87.1355  1.70473228  6457
1 43055U 17079A   18361.22447312 -.00000044  00000-0  00000-0 0  9994
2 43055  56.6998 296.5372 0002530 273.1507  86.8348  1.70473227  6467
1 43055U 17079A   18361.81106242 -.00000048  00000-0  00000-0 0  9997
2 43055  56.6993 296.5211 0002514 273.4540  86.5311  1.70473238  6476
1 43055U 17079A   18362.39765059 -.00000052  00000-0  00000+0 0  9992
2 43055  56.6988 296.5051 0002499 273.7975  86.1866  1.70473253  6488
1 43055U 17079A   18362.98423799 -.00000057  00000-0  00000-0 0  9995
2 43055  56.6982 296.4891 0002482 274.2575  85.7250  1.70473270  6499
1 43055U 17079A   18364.15741262 -.00000064  00000-0  00000-0 0  9992
2 43055  56.6972 296.4571 0002451 274.9035  85.0754  1.70473285  6518
1 43055U 17079A   18364.74399988 -.00000066  00000-0  00000+0 0  9992
2 43055  56.6966 296.4410 0002434 275.2998  84.6776  1.70473304  6528
1 43055U 17079A   18365.91717608 -.00000068  00000-0  00000-0 0  9998
2 43055  56.6956 296.4090 0002410 275.9953  83.9800  1.70473339  6543
1 43055U 17079A   19002.67695002 -.00000065  00000-0  00000+0 0  9999
2 43055  56.6941 296.3610 0002342 277.3395  82.6380  1.70473397  6570
1 43055U 17079A   19004.43673302 -.00000056  00000-0  00000-0 0  9995
2 43055  56.6925 296.3130 0002289 278.3395  81.6460  1.70473442  6603
1 43055U 17079A   19006.19652015 -.00000047  00000-0  00000+0 0  9997
2 43055  56.6910 296.2650 0002241 279.1974  80.7993  1.70473496  6636
1 43055U 17079A   19007.95630707 -.00000039  00000-0  00000-0 0  9998
2 43055  56.6896 296.2170 0002200 279.9401  80.0674  1.70473500  6662
1 43055U 17079A   19009.71608921 -.00000033  00000-0  00000+0 0  9990
2 43055  56.6881 296.1690 0002132 281.1022  78.9131  1.70473490  6695
1 43055U 17079A   19010.30268107 -.00000032  00000-0  00000-0 0  9995
2 43055  56.6876 296.1531 0002111 281.3883  78.6285  1.70473492  6708
1 43055U 17079A   19012.06245411 -.00000028  00000-0  00000+0 0  9997
2 43055  56.6860 296.1050 0002047 282.1655  77.8529  1.70473417  6733
1 43055U 17079A   19013.23563146 -.00000027  00000-0  00000-0 0  9995
2 43055  56.6849 296.0730 0002002 282.6492  77.3683  1.70473400  6759
1 43055U 17079A   19014.40880755 -.00000027  00000-0  00000+0 0  9992
2 43055  56.6839 296.0409 0001963 283.1654  76.8505  1.70473398  6777
1 43055U 17079A   19014.99539607 -.00000026  00000-0  00000-0 0  9993
2 43055  56.6834 296.0249 0001943 283.4148  76.6005  1.70473391  6780
1 43055U 17079A   19016.75516653 -.00000025  00000-0  00000+0 0  9993
2 43055  56.6819 295.9768 0001886 284.4618  75.5538  1.70473333  6815
1 43055U 17079A   19018.51494487 -.00000022  00000-0  00000-0 0  9997
2 43055  56.6803 295.9286 0001826 285.8350  74.1861  1.70473294  6848
1 43055U 17079A   19022.03451075 -.00000020  00000-0  00000+0 0  9992
2 43055  56.6772 295.8324 0001706 288.3741  71.6640  1.70473297  6901
1 43055U 17079A   19026.72721835 -.00000046  00000-0  00000+0 0  9994
2 43055  56.6730 295.7038 0001573 292.1116  67.9202  1.70473374  6983
1 43055U 17079A   19027.31380559 -.00000048  00000-0  00000-0 0  9997
2 43055  56.6725 295.6878 0001556 292.7504  67.2797  1.70473381  6997
1 43055U 17079A   19027.90039394 -.00000049  00000-0  00000-0 0  9991
2 43055  56.6720 295.6717 0001542 293.3003  66.7284  1.70473372  7008
1 43055U 17079A   19028.48698140 -.00000049  00000-0  00000-0 0  9995
2 43055  56.6715 295.6556 0001533 293.6827  66.3452  1.70473410  7017
1 43055U 17079A   19031.41993857 -.00000037  00000-0  00000+0 0  9991
2 43055  56.6691 295.5754 0001447 296.4560  63.5788  1.70473561  7061
1 43055U 17079A   19033.76631728 -.00000025  00000-0  00000+0 0  9994
2 43055  56.6671 295.5112 0001386 297.9746  62.0733  1.70473620  7106
1 43055U 17079A   19034.93950650 -.00000019  00000-0  00000-0 0  9996
2 43055  56.6661 295.4791 0001355 298.9048  61.1494  1.70473623  7128
1 43055U 17079A   19036.11269185 -.00000015  00000-0  00000+0 0  9999
2 43055  56.6652 295.4471 0001323 299.8267  60.2324  1.70473652  7147
1 43055U 17079A   19036.69928416 -.00000013  00000-0  00000-0 0  9990
2 43055  56.6647 295.4310 0001302 300.3537  59.7072  1.70473641  7150
1 43055U 17079A   19038.45905618 -.00000008  00000-0  00000+0 0  9998
2 43055  56.6633 295.3829 0001234 302.8281  57.2350  1.70473600  7186
1 43055U 17079A   19039.04564463 -.00000007  00000-0  00000-0 0  9993
2 43055  56.6629 295.3669 0001213 303.2407  56.8219  1.70473592  7195
1 43055U 17079A   19040.80540488 -.00000004  00000-0  00000+0 0  9996
2 43055  56.6614 295.3187 0001153 304.4255  55.6338  1.70473600  7224
1 43055U 17079A   19041.39199157 -.00000004  00000-0  00000-0 0  9995
2 43055  56.6610 295.3026 0001138 305.3158  54.7421  1.70473590  7239
1 43055U 17079A   19043.73834209 -.00000002  00000-0  00000+0 0  9996
2 43055  56.6590 295.2383 0001074 307.2496  52.8044  1.70473522  7275
1 43055U 17079A   19044.91152193  .00000000  00000-0  00000-0 0  9990
2 43055  56.6579 295.2061 0001040 307.1461  52.9087  1.70473482  7294
1 43055U 17079A   19046.08470438  .00000003  00000-0  00000+0 0  9997
2 43055  56.6570 295.1740 0001007 308.3396  51.7183  1.70473488  7314
1 43055U 17079A   19048.43107561  .00000006  00000-0  00000+0 0  9995
2 43055  56.6550 295.1097 0000941 311.2337  48.8331  1.70473463  7350
1 43055U 17079A   19049.60425796  .00000003  00000-0  00000-0 0  9996
2 43055  56.6541 295.0775 0000904 312.6624  47.4070  1.70473469  7378
1 43055U 17079A   19050.77743386 -.00000002  00000-0  00000+0 0  9993
2 43055  56.6541 295.0453 0000905 312.3035  47.7650  1.70473489  7396
1 43055U 17079A   19053.12377571 -.00000018  00000-0  00000+0 0  9991
2 43055  56.6512 294.9809 0000851 315.7259  44.3334  1.70473509  7432
1 43055U 17079A   19054.29694312 -.00000024  00000-0  00000-0 0  9993
2 43055  56.6503 294.9486 0000825 317.3706  42.6827  1.70473562  7458
1 43055U 17079A   19057.81646505 -.00000020  00000-0  00000-0 0  9991
2 43055  56.6475 294.8521 0000756 322.7851  37.2622  1.70473708  7511
1 43055U 17079A   19057.81646564 -.00000020  00000-0  00000+0 0  9995
2 43055  56.6475 294.8521 0000746 323.5517  36.4958  1.70473710  7514
1 43055U 17079A   19058.40305621 -.00000018  00000-0  00000-0 0  9995
2 43055  56.6470 294.8360 0000738 323.6595  36.3892  1.70473720  7526
1 43055U 17079A   19060.74942542 -.00000006  00000-0  00000+0 0  9990
2 43055  56.6452 294.7717 0000676 326.8911  33.1665  1.70473799  7562
1 43055U 17079A   19063.09579249  .00000003  00000-0  00000+0 0  9997
2 43055  56.6434 294.7075 0000621 330.2851  29.7801  1.70473817  7600
1 43055U 17079A   19063.68238142  .00000005  00000-0  00000-0 0  9999
2 43055  56.6429 294.6914 0000620 329.7269  30.3390  1.70473822  7618
1 43055U 17079A   19065.44214577  .00000008  00000-0  00000+0 0  9993
2 43055  56.6417 294.6433 0000573 333.5553  26.5102  1.70473819  7644
1 43055U 17079A   19067.78848653  .00000011  00000-0  00000+0 0  9994
2 43055  56.6399 294.5791 0000510 337.3124  22.7458  1.70473805  7687
1 43055U 17079A   19070.13482479  .00000012  00000-0  00000+0 0  9998
2 43055  56.6382 294.5148 0000452 340.4168  19.6321  1.70473751  7722
1 43055U 17079A   19071.30799758  .00000013  00000-0  00000-0 0  9991
2 43055  56.6373 294.4826 0000432 342.3611  17.6851  1.70473709  7747
1 43055U 17079A   19071.89458482  .00000014  00000-0  00000-0 0  9992
2 43055  56.6368 294.4665 0000421 343.7435  16.3022  1.70473706  7753
1 43055U 17079A   19072.48117396  .00000015  00000-0  00000+0 0  9994
2 43055  56.6364 294.4504 0000402 346.7472  13.2987  1.70473677  7768
1 43055U 17079A   19073.06776328  .00000016  00000-0  00000-0 0  9997
2 43055  56.6360 294.4343 0000382 349.0814  10.9652  1.70473676  7771
1 43055U 17079A   19074.82753525  .00000019  00000-0  00000+0 0  9998
2 43055  56.6346 294.3861 0000357 353.0947   6.9556  1.70473640  7806
1 43055U 17079A   19075.41412512  .00000018  00000-0  00000-0 0  9992
2 43055  56.6342 294.3700 0000344 355.3695   4.6822  1.70473656  7814
1 43055U 17079A   19076.00071430  .00000018  00000-0  00000-0 0  9998
2 43055  56.6337 294.3539 0000335 356.9771   3.0755  1.70473673  7828
1 43055U 17079A   19077.76047729  .00000010  00000-0  00000-0 0  9998
2 43055  56.6323 294.3057 0000318   0.0585 359.9928  1.70473679  7853
1 43055U 17079A   19077.76047735  .00000010  00000-0  00000+0 0  9994
2 43055  56.6323 294.3057 0000325 359.8787   0.1725  1.70473678  7859
1 43055U 17079A   19080.10681108 -.00000007  00000-0  00000+0 0  9991
2 43055  56.6304 294.2414 0000283   6.8407 353.1988  1.70473719  7897
1 43055U 17079A   19082.45313884 -.00000019  00000-0  00000+0 0  9997
2 43055  56.6286 294.1770 0000261  13.7853 346.2391  1.70473797  7930
1 43055U 17079A   19083.03972229 -.00000020  00000-0  00000-0 0  9999
2 43055  56.6282 294.1609 0000259  14.4309 345.5908  1.70473822  7944
1 43055U 17079A   19085.38606862 -.00000015  00000-0  00000+0 0  9999
2 43055  56.6265 294.0965 0000240  21.4204 338.5980  1.70473906  7980
1 43055U 17079A   19085.97265809 -.00000013  00000-0  00000-0 0  9995
2 43055  56.6260 294.0805 0000236  23.9604 336.0588  1.70473935  7994
1 43055U 17079A   19087.14583879 -.00000008  00000-0  00000-0 0  9990
2 43055  56.6252 294.0483 0000209  29.5723 330.4497  1.70473976  8017
1 43055U 17079A   19090.07878935  .00000001  00000-0  00000-0 0  9998
2 43055  56.6229 293.9680 0000177  46.8277 313.2015  1.70474022  8061
1 43055U 17079A   19090.07878937  .00000001  00000-0  00000+0 0  9999
2 43055  56.6230 293.9680 0000177  41.2619 318.7671  1.70474009  8065
1 43055U 17079A   19091.83855182  .00000004  00000-0  00000+0 0  9994
2 43055  56.6216 293.9199 0000169  58.8025 301.2266  1.70474030  8094
1 43055U 17079A   19091.83855182  .00000004  00000-0  00000-0 0  9995
2 43055  56.6216 293.9199 0000169  58.8025 301.2266  1.70474030  8094
1 43055U 17079A   19092.42513782  .00000005  00000-0  00000-0 0  9999
2 43055  56.6212 293.9039 0000173  66.2837 293.7444  1.70474028  8104
1 43055U 17079A   19094.77147444  .00000006  00000-0  00000+0 0  9997
2 43055  56.6196 293.8397 0000186  90.5111 269.5084  1.70473990  8142
1 43055U 17079A   19099.46414807  .00000007  00000-0  00000+0 0  9999
2 43055  56.6161 293.7114 0000246 122.5853 237.4176  1.70473912  8225
1 43055U 17079A   19100.63732466  .00000008  00000-0  00000-0 0  9997
2 43055  56.6150 293.6793 0000264 125.5928 234.4108  1.70473888  8247
1 43055U 17079A   19101.81050319  .00000009  00000-0  00000+0 0  9998
2 43055  56.6143 293.6472 0000290 129.6438 230.3620  1.70473879  8269
1 43055U 17079A   19102.98368223  .00000008  00000-0  00000-0 0  9993
2 43055  56.6134 293.6151 0000308 133.1603 226.8475  1.70473864  8281
1 43055U 17079A   19104.15685778  .00000005  00000-0  00000-0 0  9998
2 43055  56.6125 293.5830 0000328 137.1799 222.8283  1.70473873  8302
1 43055U 17079A   19104.15685789  .00000005  00000-0  00000+0 0  9999
2 43055  56.6125 293.5830 0000328 136.7505 223.2577  1.70473870  8300
1 43055U 17079A   19104.74344380  .00000001  00000-0  00000-0 0  9990
2 43055  56.6119 293.5669 0000337 138.4151 221.5922  1.70473881  8317
1 43055U 17079A   19107.67635723 -.00000022  00000-0  00000-0 0  9993
2 43055  56.6095 293.4867 0000375 146.9235 213.0686  1.70473919  8368
1 43055U 17079A   19107.67635740 -.00000022  00000-0  00000-0 0  9992
2 43055  56.6096 293.4867 0000374 145.7632 214.2290  1.70473912  8363
1 43055U 17079A   19109.43610037 -.00000033  00000-0  00000+0 0  9991
2 43055  56.6082 293.4385 0000399 149.9084 210.0720  1.70473971  8397
1 43055U 17079A   19110.60926618 -.00000036  00000-0  00000-0 0  9991
2 43055  56.6075 293.4064 0000407 151.6622 208.3129  1.70474008  8419
1 43055U 17079A   19111.78243749 -.00000035  00000-0  00000+0 0  9996
2 43055  56.6066 293.3743 0000434 153.6890 206.2839  1.70474051  8436
1 43055U 17079A   19113.54220180 -.00000029  00000-0  00000-0 0  9990
2 43055  56.6053 293.3262 0000464 157.0963 202.8785  1.70474121  8463
1 43055U 17079A   19114.12879204 -.00000027  00000-0  00000+0 0  9999
2 43055  56.6049 293.3102 0000476 158.2511 201.7253  1.70474139  8474
1 43055U 17079A   19114.71538133 -.00000025  00000-0  00000-0 0  9996
2 43055  56.6045 293.2941 0000490 159.7172 200.2609  1.70474168  8487
1 43055U 17079A   19114.71538191 -.00000025  00000-0  00000-0 0  9990
2 43055  56.6045 293.2942 0000502 160.9054 199.0727  1.70474174  8488
1 43055U 17079A   19117.06174087 -.00000020  00000-0  00000+0 0  9995
2 43055  56.6028 293.2300 0000540 164.4844 195.5004  1.70474215  8525
1 43055U 17079A   19117.06174097 -.00000020  00000-0  00000-0 0  9997
2 43055  56.6028 293.2301 0000542 164.6653 195.3196  1.70474218  8521
1 43055U 17079A   19118.82150380 -.00000018  00000-0  00000-0 0  9998
2 43055  56.6014 293.1820 0000595 167.2539 192.7323  1.70474241  8553
1 43055U 17079A   19121.16784371 -.00000016  00000-0  00000+0 0  9999
2 43055  56.5997 293.1180 0000662 169.3080 190.6735  1.70474213  8597
1 43055U 17079A   19121.75442733 -.00000016  00000-0  00000-0 0  9998
2 43055  56.5992 293.1020 0000670 169.8738 190.1055  1.70474197  8602
1 43055U 17079A   19122.34101067 -.00000017  00000-0  00000-0 0  9997
2 43055  56.5987 293.0860 0000691 170.4723 189.5047  1.70474188  8616
1 43055U 17079A   19124.10075841 -.00000017  00000-0  00000+0 0  9992
2 43055  56.5974 293.0380 0000756 173.4842 186.4857  1.70474185  8641
1 43055U 17079A   19126.44710075 -.00000016  00000-0  00000+0 0  9995
2 43055  56.5955 292.9740 0000822 176.1376 183.8281  1.70474089  8683
1 43055U 17079A   19128.79345502 -.00000014  00000-0  00000-0 0  9993
2 43055  56.5936 292.9100 0000875 178.0455 181.9247  1.70474079  8724
1 43055U 17079A   19128.79345537 -.00000014  00000-0  00000+0 0  9990
2 43055  56.5936 292.9099 0000872 177.8956 182.0746  1.70474070  8728
1 43055U 17079A   19132.31298584 -.00000023  00000-0  00000+0 0  9992
2 43055  56.5910 292.8138 0000969 182.3576 177.6178  1.70474056  8788
1 43055U 17079A   19135.83248024 -.00000051  00000-0  00000+0 0  9997
2 43055  56.5879 292.7178 0001035 185.7182 174.2410  1.70474118  8848
1 43055U 17079A   19136.41906186 -.00000054  00000-0  00000-0 0  9996
2 43055  56.5874 292.7018 0001042 185.9544 174.0017  1.70474135  8859
1 43055U 17079A   19137.59222792 -.00000058  00000-0  00000-0 0  9994
2 43055  56.5864 292.6698 0001067 187.0912 172.8603  1.70474167  8874
1 43055U 17079A   19138.17881223 -.00000058  00000-0  00000+0 0  9998
2 43055  56.5859 292.6538 0001095 188.0596 171.8905  1.70474213  8888
1 43055U 17079A   19141.69834473 -.00000049  00000-0  00000+0 0  9994
2 43055  56.5820 292.5579 0001197 190.8570 169.1010  1.70474331  8941
1 43055U 17079A   19143.45811709 -.00000044  00000-0  00000-0 0  9993
2 43055  56.5808 292.5099 0001241 192.3359 167.6302  1.70474366  8974
1 43055U 17079A   19144.04470717 -.00000043  00000-0  00000+0 0  9997
2 43055  56.5803 292.4939 0001255 192.6091 167.3593  1.70474376  8983
1 43055U 17079A   19144.04470723 -.00000043  00000-0  00000-0 0  9995
2 43055  56.5803 292.4939 0001268 192.8977 167.0707  1.70474383  8984
1 43055U 17079A   19146.39106058 -.00000040  00000-0  00000+0 0  9998
2 43055  56.5785 292.4299 0001325 194.1239 165.8498  1.70474403  9024
1 43055U 17079A   19148.73740215 -.00000038  00000-0  00000+0 0  9994
2 43055  56.5766 292.3659 0001394 195.1013 164.8701  1.70474385  9068
1 43055U 17079A   19151.08373700 -.00000037  00000-0  00000+0 0  9996
2 43055  56.5748 292.3020 0001491 196.8915 163.0741  1.70474350  9109
1 43055U 17079A   19152.84349274 -.00000036  00000-0  00000-0 0  9990
2 43055  56.5733 292.2541 0001557 198.1761 161.7875  1.70474307  9135
1 43055U 17079A   19154.60325734 -.00000033  00000-0  00000+0 0  9997
2 43055  56.5720 292.2060 0001599 199.1003 160.8665  1.70474264  9165
1 43055U 17079A   19156.36302801 -.00000030  00000-0  00000-0 0  9990
2 43055  56.5705 292.1581 0001645 200.0813 159.8928  1.70474248  9193
1 43055U 17079A   19157.53620674 -.00000030  00000-0  00000+0 0  9990
2 43055  56.5695 292.1261 0001679 200.8370 159.1424  1.70474300  9215
1 43055U 17079A   19157.53620674 -.00000030  00000-0  00000-0 0  9991
2 43055  56.5695 292.1261 0001679 200.8370 159.1424  1.70474300  9215
1 43055U 17079A   19161.05572969 -.00000047  00000-0  00000+0 0  9993
2 43055  56.5664 292.0300 0001790 203.3632 156.6178  1.70474223  9275
1 43055U 17079A   19162.22889395 -.00000057  00000-0  00000-0 0  9999
2 43055  56.5654 291.9980 0001826 204.2492 155.7270  1.70474247  9291
1 43055U 17079A   19163.40205755 -.00000065  00000-0  00000+0 0  9990
2 43055  56.5644 291.9659 0001856 205.1053 154.8657  1.70474278  9315
1 43055U 17079A   19165.16180786 -.00000069  00000-0  00000-0 0  9996
2 43055  56.5629 291.9180 0001917 206.6200 153.3462  1.70474350  9347
1 43055U 17079A   19166.33498241 -.00000068  00000-0  00000+0 0  9992
2 43055  56.5619 291.8859 0001935 206.9434 153.0238  1.70474346  9365
1 43055U 17079A   19170.44111609 -.00000053  00000-0  00000+0 0  9993
2 43055  56.5586 291.7739 0002063 209.4166 150.5707  1.70474496  9434
1 43055U 17079A   19171.61429760 -.00000050  00000-0  00000-0 0  9991
2 43055  56.5576 291.7419 0002099 210.1406 149.8526  1.70474517  9459
1 43055U 17079A   19172.20088691 -.00000049  00000-0  00000-0 0  9999
2 43055  56.5571 291.7259 0002127 210.4224 149.5732  1.70474533  9464
1 43055U 17079A   19173.37406275 -.00000047  00000-0  00000+0 0  9997
2 43055  56.5561 291.6938 0002155 210.8333 149.1658  1.70474572  9480
1 43055U 17079A   19174.54723999 -.00000045  00000-0  00000-0 0  9991
2 43055  56.5551 291.6619 0002191 211.1603 148.8402  1.70474479  9501
1 43055U 17079A   19175.72041003 -.00000044  00000-0  00000+0 0  9999
2 43055  56.5541 291.6299 0002230 211.4769 148.5233  1.70474494  9522
1 43055U 17079A   19177.48016005 -.00000041  00000-0  00000-0 0  9996
2 43055  56.5526 291.5818 0002294 212.0544 147.9434  1.70474549  9559
1 43055U 17079A   19179.23991558 -.00000039  00000-0  00000+0 0  9992
2 43055  56.5511 291.5337 0002372 213.0210 146.9748  1.70474460  9589
1 43055U 17079A   19180.41308968 -.00000036  00000-0  00000-0 0  9999
2 43055  56.5501 291.5017 0002393 213.4029 146.5939  1.70474418  9602
1 43055U 17079A   19181.58626567 -.00000033  00000-0  00000+0 0  9992
2 43055  56.5491 291.4697 0002441 214.2129 145.7869  1.70474388  9628
1 43055U 17079A   19182.17285564 -.00000031  00000-0  00000-0 0  9995
2 43055  56.5486 291.4537 0002456 214.4539 145.5482  1.70474367  9635
1 43055U 17079A   19183.34603733 -.00000028  00000-0  00000-0 0  9993
2 43055  56.5476 291.4216 0002473 214.6933 145.3150  1.70474357  9658
1 43055U 17079A   19184.51921909 -.00000026  00000-0  00000+0 0  9998
2 43055  56.5466 291.3896 0002517 215.4558 144.5587  1.70474328  9676
1 43055U 17079A   19190.38507445 -.00000054  00000-0  00000+0 0  9996
2 43055  56.5415 291.2291 0002675 218.3475 141.6645  1.70474323  9772
1 43055U 17079A   19190.97165639 -.00000057  00000-0  00000-0 0  9990
2 43055  56.5410 291.2131 0002705 218.9887 141.0208  1.70474335  9780
1 43055U 17079A   19192.73140989 -.00000060  00000-0  00000+0 0  9990
2 43055  56.5395 291.1650 0002735 219.6057 140.4008  1.70474350  9819
1 43055U 17079A   19193.90458444 -.00000057  00000-0  00000-0 0  9995
2 43055  56.5383 291.1329 0002769 220.2062 139.8020  1.70474383  9834
1 43055U 17079A   19194.49117337 -.00000054  00000-0  00000-0 0  9990
2 43055  56.5377 291.1169 0002788 220.5343 139.4758  1.70474405  9845
1 43055U 17079A   19195.07776336 -.00000052  00000-0  00000+0 0  9992
2 43055  56.5370 291.1009 0002805 220.8039 139.2089  1.70474427  9856
1 43055U 17079A   19196.83753682 -.00000043  00000-0  00000-0 0  9997
2 43055  56.5356 291.0528 0002877 221.7092 138.3134  1.70474487  9883
1 43055U 17079A   19198.01071948 -.00000039  00000-0  00000+0 0  9991
2 43055  56.5343 291.0207 0002883 221.7728 138.2570  1.70474504  9902
1 43055U 17079A   19199.18389985 -.00000036  00000-0  00000-0 0  9991
2 43055  56.5334 290.9887 0002931 222.3908 137.6443  1.70474525  9922
1 43055U 17079A   19202.70342234 -.00000029  00000-0  00000+0 0  9991
2 43055  56.5310 290.8926 0003034 223.5535 136.4864  1.70474506  9982
1 43055U 17079A   19204.46317666 -.00000026  00000-0  00000-0 0  9995
2 43055  56.5293 290.8445 0003064 223.7901 136.2474  1.70474449 10017
1 43055U 17079A   19205.04976047 -.00000024  00000-0  00000+0 0  9991
2 43055  56.5292 290.8284 0003107 224.2804 135.7557  1.70474435 10025
1 43055U 17079A   19207.39610014 -.00000019  00000-0  00000+0 0  9994
2 43055  56.5271 290.7642 0003173 225.0562 134.9782  1.70474397 10064
1 43055U 17079A   19208.56927532 -.00000015  00000-0  00000-0 0  9997
2 43055  56.5261 290.7321 0003203 225.5322 134.5042  1.70474362 10089
1 43055U 17079A   19209.74245418 -.00000011  00000-0  00000-0 0  9990
2 43055  56.5252 290.6999 0003231 226.0125 134.0280  1.70474326 10109
1 43055U 17079A   19212.08881579 -.00000004  00000-0  00000-0 0  9997
2 43055  56.5232 290.6357 0003290 226.9754 133.0760  1.70474276 10147
1 43055U 17079A   19213.84858144 -.00000007  00000-0  00000-0 0  9997
2 43055  56.5220 290.5874 0003354 228.0758 131.9795  1.70474219 10170
1 43055U 17079A   19216.78149702 -.00000025  00000-0  00000+0 0  9995
2 43055  56.5209 290.5069 0003442 229.5448 130.5018  1.70474253 10220
1 43055U 17079A   19219.12782499 -.00000035  00000-0  00000-0 0  9994
2 43055  56.5189 290.4426 0003481 230.2815 129.7545  1.70474256 10265
1 43055U 17079A   19219.71440920 -.00000035  00000-0  00000-0 0  9999
2 43055  56.5185 290.4265 0003501 230.8690 129.1653  1.70474255 10276
1 43055U 17079A   19222.06075763 -.00000028  00000-0  00000+0 0  9991
2 43055  56.5166 290.3622 0003537 231.5682 128.4685  1.70474305 10317
1 43055U 17079A   19224.40711967 -.00000018  00000-0  00000+0 0  9993
2 43055  56.5139 290.2981 0003594 232.4742 127.5728  1.70474339 10353
1 43055U 17079A   19224.40711967 -.00000018  00000-0  00000-0 0  9994
2 43055  56.5139 290.2981 0003594 232.4742 127.5728  1.70474339 10353
1 43055U 17079A   19224.99370995 -.00000016  00000-0  00000-0 0  9998
2 43055  56.5135 290.2820 0003610 232.7215 127.3281  1.70474356 10360
1 43055U 17079A   19226.16688927 -.00000012  00000-0  00000-0 0  9992
2 43055  56.5126 290.2499 0003651 233.3297 126.7240  1.70474373 10383
1 43055U 17079A   19228.51323868 -.00000008  00000-0  00000+0 0  9997
2 43055  56.5110 290.1856 0003695 234.0278 126.0289  1.70474374 10429
1 43055U 17079A   19230.85957629 -.00000004  00000-0  00000-0 0  9992
2 43055  56.5092 290.1214 0003739 234.5606 125.4914  1.70474330 10469
1 43055U 17079A   19232.61932538 -.00000000  00000-0  00000-0 0  9996
2 43055  56.5078 290.0732 0003770 234.9149 125.1316  1.70474316 10498
1 43055U 17079A   19233.79249143  .00000003  00000-0  00000-0 0  9991
2 43055  56.5069 290.0410 0003809 235.5246 124.5186  1.70474307 10510
1 43055U 17079A   19236.72542691  .00000012  00000-0  00000+0 0  9990
2 43055  56.5047 289.9606 0003844 236.3762 123.6680  1.70474177 10560
1 43055U 17079A   19237.31201649  .00000015  00000-0  00000-0 0  9995
2 43055  56.5042 289.9446 0003851 236.6036 123.4423  1.70474149 10575
1 43055U 17079A   19239.07178541  .00000020  00000-0  00000+0 0  9999
2 43055  56.5029 289.8963 0003875 237.2407 122.8109  1.70474105 10608
1 43055U 17079A   19240.83154858  .00000018  00000-0  00000-0 0  9998
2 43055  56.5015 289.8479 0003903 237.9060 122.1483  1.70474093 10636
1 43055U 17079A   19241.41813498  .00000016  00000-0  00000+0 0  9992
2 43055  56.5010 289.8318 0003910 238.0970 121.9566  1.70474065 10642
1 43055U 17079A   19243.17788295  .00000005  00000-0  00000-0 0  9992
2 43055  56.4996 289.7835 0003954 239.2116 120.8347  1.70474044 10675
1 43055U 17079A   19245.52420490 -.00000010  00000-0  00000+0 0  9999
2 43055  56.4978 289.7190 0003986 240.2265 119.8041  1.70474040 10711
1 43055U 17079A   19246.11078642 -.00000013  00000-0  00000-0 0  9997
2 43055  56.4974 289.7029 0003988 240.2986 119.7287  1.70474047 10729
1 43055U 17079A   19250.21688754 -.00000005  00000-0  00000+0 0  9994
2 43055  56.4946 289.5901 0004035 241.8564 118.1673  1.70474146 10797
1 43055U 17079A   19253.14983554  .00000004  00000-0  00000+0 0  9993
2 43055  56.4924 289.5097 0004079 242.9028 117.1291  1.70474179 10841
1 43055U 17079A   19253.73642326  .00000005  00000-0  00000-0 0  9999
2 43055  56.4920 289.4936 0004086 242.9824 117.0505  1.70474188 10858
1 43055U 17079A   19255.49618254  .00000006  00000-0  00000+0 0  9997
2 43055  56.4909 289.4454 0004099 243.6706 116.3615  1.70474197 10888
1 43055U 17079A   19257.84251819  .00000009  00000-0  00000+0 0  9991
2 43055  56.4892 289.3812 0004111 244.1948 115.8299  1.70474155 10926
1 43055U 17079A   19260.18884827  .00000012  00000-0  00000+0 0  9997
2 43055  56.4876 289.3169 0004138 244.8196 115.1945  1.70474097 10964
1 43055U 17079A   19260.77543146  .00000014  00000-0  00000-0 0  9991
2 43055  56.4870 289.3008 0004145 244.9743 115.0375  1.70474094 10971
1 43055U 17079A   19260.77543168  .00000014  00000-0  00000-0 0  9995
2 43055  56.4871 289.3008 0004148 245.1010 114.9108  1.70474080 10972
1 43055U 17079A   19263.12177235  .00000019  00000-0  00000+0 0  9999
2 43055  56.4854 289.2365 0004166 245.8756 114.1318  1.70474016 11012
1 43055U 17079A   19265.46812741  .00000027  00000-0  00000+0 0  9995
2 43055  56.4837 289.1721 0004166 246.7275 113.2834  1.70473925 11059
1 43055U 17079A   19267.22789390  .00000028  00000-0  00000-0 0  9996
2 43055  56.4823 289.1238 0004166 247.2882 112.7258  1.70473893 11088
1 43055U 17079A   19268.98765216  .00000022  00000-0  00000+0 0  9994
2 43055  56.4810 289.0755 0004176 247.8503 112.1613  1.70473856 11116
1 43055U 17079A   19270.74739914  .00000009  00000-0  00000-0 0  9993
2 43055  56.4795 289.0272 0004183 248.6082 111.3935  1.70473816 11148
1 43055U 17079A   19274.26688307 -.00000012  00000-0  00000+0 0  9997
2 43055  56.4768 288.9305 0004180 250.3500 109.6271  1.70473853 11206
1 43055U 17079A   19275.44005305 -.00000011  00000-0  00000-0 0  9999
2 43055  56.4759 288.8982 0004175 250.8315 109.1423  1.70473862 11225
1 43055U 17079A   19277.19981687 -.00000007  00000-0  00000+0 0  9993
2 43055  56.4746 288.8499 0004175 251.6152 108.3592  1.70473900 11256
1 43055U 17079A   19280.13276476 -.00000000  00000-0  00000+0 0  9997
2 43055  56.4724 288.7695 0004181 252.4593 107.5220  1.70473964 11309
1 43055U 17079A   19280.13276558 -.00000000  00000-0  00000-0 0  9999
2 43055  56.4725 288.7695 0004180 252.6039 107.3774  1.70473950 11303
1 43055U 17079A   19281.89252971 -.00000000  00000-0  00000-0 0  9996
2 43055  56.4712 288.7213 0004177 253.1456 106.8365  1.70473950 11333
1 43055U 17079A   19282.47911600 -.00000000  00000-0  00000+0 0  9991
2 43055  56.4707 288.7052 0004172 253.4288 106.5526  1.70473957 11343
1 43055U 17079A   19283.06570135 -.00000000  00000-0  00000-0 0  9992
2 43055  56.4704 288.6892 0004163 253.6532 106.3271  1.70473961 11356
1 43055U 17079A   19283.65228627 -.00000000  00000-0  00000-0 0  9993
2 43055  56.4700 288.6731 0004157 253.8476 106.1309  1.70473953 11368
1 43055U 17079A   19284.82545435 -.00000000  00000-0  00000+0 0  9991
2 43055  56.4691 288.6410 0004146 254.1710 105.8030  1.70473931 11389
1 43055U 17079A   19285.41203747  .00000000  00000-0  00000-0 0  9994
2 43055  56.4687 288.6250 0004144 254.1980 105.7734  1.70473926 11398
1 43055U 17079A   19285.99862061  .00000000  00000-0  00000-0 0  9997
2 43055  56.4683 288.6089 0004140 254.4578 105.5108  1.70473914 11408
1 43055U 17079A   19287.17178693  .00000001  00000-0  00000+0 0  9990
2 43055  56.4674 288.5768 0004137 254.7033 105.2599  1.70473893 11425
1 43055U 17079A   19287.75837086  .00000002  00000-0  00000-0 0  9994
2 43055  56.4670 288.5608 0004133 254.8342 105.1267  1.70473879 11430
1 43055U 17079A   19288.34495569  .00000003  00000-0  00000-0 0  9997
2 43055  56.4665 288.5447 0004132 255.0277 104.9311  1.70473848 11448
1 43055U 17079A   19290.10471379  .00000006  00000-0  00000+0 0  9999
2 43055  56.4652 288.4966 0004118 255.7021 104.2538  1.70473800 11472
1 43055U 17079A   19292.45107170  .00000013  00000-0  00000+0 0  9992
2 43055  56.4634 288.4323 0004087 256.7232 103.2362  1.70473709 11516
1 43055U 17079A   19294.79743138  .00000013  00000-0  00000+0 0  9991
2 43055  56.4616 288.3680 0004062 257.6248 102.3395  1.70473653 11559
1 43055U 17079A   19294.79743202  .00000013  00000-0  00000-0 0  9994
2 43055  56.4616 288.3680 0004061 257.5541 102.4101  1.70473642 11557
1 43055U 17079A   19295.97060552  .00000009  00000-0  00000-0 0  9990
2 43055  56.4607 288.3359 0004052 258.0832 101.8801  1.70473647 11576
1 43055U 17079A   19297.14377540  .00000000  00000-0  00000+0 0  9999
2 43055  56.4597 288.3037 0004044 258.6399 101.3191  1.70473609 11599
1 43055U 17079A   19298.31694079 -.00000010  00000-0  00000-0 0  9991
2 43055  56.4588 288.2716 0004034 259.2238 100.7279  1.70473581 11612
1 43055U 17079A   19299.49010291 -.00000020  00000-0  00000+0 0  9999
2 43055  56.4578 288.2394 0004021 259.8081 100.1352  1.70473595 11634
1 43055U 17079A   19301.83643554 -.00000030  00000-0  00000+0 0  9996
2 43055  56.4560 288.1751 0003988 260.9198  99.0110  1.70473606 11679
1 43055U 17079A   19301.83643554 -.00000030  00000-0  00000-0 0  9997
2 43055  56.4560 288.1751 0003988 260.9198  99.0110  1.70473606 11679
1 43055U 17079A   19302.42302189 -.00000031  00000-0  00000-0 0  9990
2 43055  56.4555 288.1590 0003977 261.1454  98.7842  1.70473617 11681
1 43055U 17079A   19304.18278789 -.00000028  00000-0  00000+0 0  9998
2 43055  56.4542 288.1107 0003948 262.0637  97.8671  1.70473681 11717
1 43055U 17079A   19305.35597077 -.00000025  00000-0  00000-0 0  9990
2 43055  56.4533 288.0786 0003937 262.3973  97.5371  1.70473690 11739
1 43055U 17079A   19307.11574593 -.00000022  00000-0  00000+0 0  9990
2 43055  56.4519 288.0304 0003917 263.1206  96.8201  1.70473718 11763
1 43055U 17079A   19309.46210475 -.00000023  00000-0  00000+0 0  9997
2 43055  56.4499 287.9662 0003878 264.0830  95.8616  1.70473747 11800
1 43055U 17079A   19310.04869241 -.00000024  00000-0  00000-0 0  9996
2 43055  56.4495 287.9502 0003869 264.2481  95.6962  1.70473747 11816
1 43055U 17079A   19314.15479299 -.00000023  00000-0  00000+0 0  9990
2 43055  56.4462 287.8379 0003784 265.5979  94.3357  1.70473683 11883
1 43055U 17079A   19315.91455134 -.00000021  00000-0  00000-0 0  9996
2 43055  56.4448 287.7898 0003756 266.1079  93.8220  1.70473661 11912
1 43055U 17079A   19321.78046457 -.00000009  00000-0  00000-0 0  9998
2 43055  56.4401 287.6293 0003616 269.1215  90.8249  1.70473454 12019
1 43055U 17079A   19322.95364533 -.00000013  00000-0  00000-0 0  9991
2 43055  56.4392 287.5972 0003592 269.7128  90.2357  1.70473431 12034
1 43055U 17079A   19324.12682100 -.00000020  00000-0  00000+0 0  9992
2 43055  56.4382 287.5651 0003565 270.5389  89.4083  1.70473411 12052
1 43055U 17079A   19325.88657508 -.00000034  00000-0  00000-0 0  9996
2 43055  56.4367 287.5169 0003549 271.1919  88.7479  1.70473391 12088
1 43055U 17079A   19327.05974191 -.00000043  00000-0  00000+0 0  9996
2 43055  56.4357 287.4847 0003520 271.9535  87.9800  1.70473411 12105
1 43055U 17079A   19328.81949784 -.00000051  00000-0  00000-0 0  9991
2 43055  56.4343 287.4365 0003478 273.0006  86.9266  1.70473430 12132
1 43055U 17079A   19329.99267488 -.00000052  00000-0  00000+0 0  9995
2 43055  56.4333 287.4044 0003453 273.6409  86.2860  1.70473445 12152
1 43055U 17079A   19331.75245030 -.00000048  00000-0  00000-0 0  9997
2 43055  56.4318 287.3562 0003418 274.4519  85.4806  1.70473475 12188
1 43055U 17079A   19332.33904443 -.00000046  00000-0  00000+0 0  9999
2 43055  56.4314 287.3402 0003400 274.7938  85.1417  1.70473492 12191
1 43055U 17079A   19334.09882621 -.00000042  00000-0  00000-0 0  9994
2 43055  56.4299 287.2920 0003369 275.5703  84.3749  1.70473534 12220
1 43055U 17079A   19336.44519595 -.00000042  00000-0  00000-0 0  9992
2 43055  56.4279 287.2279 0003314 276.7666  83.1877  1.70473566 12264
1 43055U 17079A   19337.61837557 -.00000043  00000-0  00000-0 0  9994
2 43055  56.4269 287.1958 0003279 277.3657  82.5903  1.70473583 12287
1 43055U 17079A   19338.20496435 -.00000043  00000-0  00000-0 0  9996
2 43055  56.4264 287.1798 0003259 277.5461  82.4101  1.70473583 12297
1 43055U 17079A   19338.79155274 -.00000043  00000-0  00000+0 0  9992
2 43055  56.4259 287.1637 0003238 278.0000  81.9560  1.70473582 12309
1 43055U 17079A   19339.96472887 -.00000042  00000-0  00000-0 0  9994
2 43055  56.4249 287.1316 0003205 278.4238  81.5309  1.70473544 12320
1 43055U 17079A   19341.13790304 -.00000041  00000-0  00000+0 0  9991
2 43055  56.4239 287.0996 0003175 278.8799  81.0732  1.70473544 12341
1 43055U 17079A   19343.48425705 -.00000035  00000-0  00000+0 0  9994
2 43055  56.4220 287.0355 0003120 279.9056  80.0472  1.70473507 12381
1 43055U 17079A   19344.07084736 -.00000033  00000-0  00000-0 0  9994
2 43055  56.4215 287.0194 0003108 280.1524  79.8014  1.70473500 12398
1 43055U 17079A   19348.17700329 -.00000019  00000-0  00000+0 0  9995
2 43055  56.4178 286.9071 0002989 282.4966  77.4782  1.70473388 12467
1 43055U 17079A   19349.35019156 -.00000018  00000-0  00000-0 0  9997
2 43055  56.4168 286.8750 0002959 283.2467  76.7342  1.70473343 12488
1 43055U 17079A   19351.10996377 -.00000024  00000-0  00000+0 0  9998
2 43055  56.4152 286.8269 0002921 284.2584  75.7260  1.70473326 12519
1 43055U 17079A   19351.69655202 -.00000028  00000-0  00000-0 0  9996
2 43055  56.4147 286.8108 0002910 284.6194  75.3645  1.70473317 12528
1 43055U 17079A   19353.45630953 -.00000041  00000-0  00000+0 0  9992
2 43055  56.4131 286.7626 0002870 285.7715  74.2070  1.70473322 12550
1 43055U 17079A   19354.04289461 -.00000045  00000-0  00000-0 0  9997
2 43055  56.4126 286.7465 0002854 286.1544  73.8218  1.70473325 12565
1 43055U 17079A   19354.62948150 -.00000048  00000-0  00000-0 0  9991
2 43055  56.4121 286.7304 0002840 286.6024  73.3716  1.70473287 12571
1 43055U 17079A   19355.80265404 -.00000053  00000-0  00000+0 0  9991
2 43055  56.4110 286.6983 0002808 287.4485  72.5227  1.70473326 12599
1 43055U 17079A   19356.97583113 -.00000053  00000-0  00000-0 0  9991
2 43055  56.4100 286.6661 0002789 288.3167  71.6547  1.70473369 12611
1 43055U 17079A   19360.49539392 -.00000042  00000-0  00000+0 0  9990
2 43055  56.4070 286.5698 0002697 290.5618  69.4276  1.70473454 12675
1 43055U 17079A   19362.25517759 -.00000039  00000-0  00000-0 0  9996
2 43055  56.4056 286.5216 0002669 291.5175  68.4826  1.70473490 12707
1 43055U 17079A   19364.01495537 -.00000039  00000-0  00000+0 0  9990
2 43055  56.4040 286.4734 0002620 292.7772  67.2299  1.70473523 12738
1 43055U 17079A   19365.18813575 -.00000038  00000-0  00000-0 0  9995
2 43055  56.4030 286.4413 0002578 293.5738  66.4354  1.70473545 12753
1 43055U 17079A   19365.77472516 -.00000038  00000-0  00000-0 0  9996
2 43055  56.4025 286.4252 0002553 294.0562  65.9535  1.70473547 12760
1 43055U 17079A   20003.12107708 -.00000034  00000-0  00000+0 0  9999
2 43055  56.4005 286.3610 0002484 295.2318  64.7767  1.70473549 12801
1 43055U 17079A   20005.46743140 -.00000026  00000-0  00000+0 0  9995
2 43055  56.3984 286.2967 0002432 296.4468  63.5621  1.70473533 12845
1 43055U 17079A   20006.05402207 -.00000024  00000-0  00000-0 0  9996
2 43055  56.3979 286.2806 0002418 296.8062  63.2038  1.70473515 12859
1 43055U 17079A   20007.81379896 -.00000016  00000-0  00000+0 0  9998
2 43055  56.3964 286.2324 0002372 298.1249  61.8919  1.70473479 12883
1 43055U 17079A   20010.16017559 -.00000005  00000-0  00000+0 0  9993
2 43055  56.3944 286.1681 0002316 299.6266  60.4045  1.70473450 12928
1 43055U 17079A   20012.50654743 -.00000003  00000-0  00000+0 0  9993
2 43055  56.3923 286.1037 0002260 301.2810  58.7609  1.70473410 12969
1 43055U 17079A   20014.85289857 -.00000014  00000-0  00000+0 0  9995
2 43055  56.3902 286.0393 0002208 303.1867  56.8533  1.70473396 13009
1 43055U 17079A   20017.78582273 -.00000030  00000-0  00000+0 0  9996
2 43055  56.3877 285.9587 0002149 305.7838  54.2451  1.70473424 13051
1 43055U 17079A   20020.13217755 -.00000029  00000-0  00000+0 0  9997
2 43055  56.3846 285.8943 0002105 307.5591  52.4707  1.70473484 13094
1 43055U 17079A   20021.89195605 -.00000022  00000-0  00000-0 0  9994
2 43055  56.3832 285.8460 0002066 308.9406  51.0975  1.70473540 13128
1 43055U 17079A   20023.06514569 -.00000018  00000-0  00000-0 0  9994
2 43055  56.3828 285.8139 0002033 309.9426  50.1025  1.70473540 13141
1 43055U 17079A   20024.82492360 -.00000015  00000-0  00000+0 0  9999
2 43055  56.3814 285.7656 0001993 311.2599  48.7941  1.70473631 13174
1 43055U 17079A   20027.75787200 -.00000014  00000-0  00000+0 0  9993
2 43055  56.3790 285.6851 0001923 313.4455  46.6131  1.70473669 13226
1 43055U 17079A   20027.75787200 -.00000014  00000-0  00000-0 0  9994
2 43055  56.3790 285.6851 0001923 313.4455  46.6131  1.70473669 13226
1 43055U 17079A   20030.69080362 -.00000008  00000-0  00000+0 0  9998
2 43055  56.3767 285.6047 0001821 315.5794  44.4747  1.70473716 13270
1 43055U 17079A   20031.86397765 -.00000004  00000-0  00000-0 0  9993
2 43055  56.3757 285.5726 0001794 316.3760  43.6766  1.70473691 13299
1 43055U 17079A   20032.45056451 -.00000001  00000-0  00000-0 0  9990
2 43055  56.3752 285.5565 0001781 316.7908  43.2615  1.70473702 13303
1 43055U 17079A   20034.79692185  .00000010  00000-0  00000+0 0  9997
2 43055  56.3733 285.4920 0001734 318.8231  41.2330  1.70473681 13348
1 43055U 17079A   20034.79692185  .00000010  00000-0  00000-0 0  9998
2 43055  56.3733 285.4920 0001734 318.8231  41.2330  1.70473681 13348
1 43055U 17079A   20037.14329053  .00000022  00000-0  00000+0 0  9993
2 43055  56.3713 285.4275 0001691 320.6560  39.4107  1.70473629 13384
1 43055U 17079A   20041.83600007  .00000016  00000-0  00000+0 0  9998
2 43055  56.3674 285.2984 0001610 324.2736  35.7973  1.70473577 13462
1 43055U 17079A   20047.11525327 -.00000003  00000-0  00000+0 0  9993
2 43055  56.3636 285.1530 0001552 329.2050  30.8439  1.70473662 13553
1 43055U 17079A   20049.46161407  .00000005  00000-0  00000+0 0  9999
2 43055  56.3617 285.0884 0001510 330.9621  29.0933  1.70473742 13592
1 43055U 17079A   20050.04820633  .00000006  00000-0  00000-0 0  9990
2 43055  56.3606 285.0723 0001472 331.6244  28.4336  1.70473745 13603
1 43055U 17079A   20051.80797844  .00000009  00000-0  00000+0 0  9994
2 43055  56.3593 285.0239 0001437 332.8615  27.2024  1.70473806 13638
1 43055U 17079A   20052.39456677  .00000009  00000-0  00000-0 0  9996
2 43055  56.3598 285.0078 0001459 332.6749  27.3898  1.70473828 13649
1 43055U 17079A   20052.98115646  .00000009  00000-0  00000-0 0  9999
2 43055  56.3591 284.9917 0001440 333.5155  26.5499  1.70473813 13656
1 43055U 17079A   20054.15432992  .00000008  00000-0  00000+0 0  9994
2 43055  56.3580 284.9594 0001403 334.9222  25.1428  1.70473859 13673
1 43055U 17079A   20057.67383420  .00000011  00000-0  00000-0 0  9990
2 43055  56.3561 284.8628 0001335 336.2438  23.8096  1.70473895 13730
1 43055U 17079A   20060.60675748  .00000020  00000-0  00000+0 0  9993
2 43055  56.3537 284.7822 0001270 338.0337  22.0122  1.70473893 13788
1 43055U 17079A   20060.60675748  .00000020  00000-0  00000-0 0  9994
2 43055  56.3537 284.7822 0001270 338.0337  22.0122  1.70473893 13788
1 43055U 17079A   20062.95310848  .00000031  00000-0  00000-0 0  9993
2 43055  56.3519 284.7176 0001229 339.4611  20.5875  1.70473892 13826
1 43055U 17079A   20064.12628967  .00000036  00000-0  00000-0 0  9993
2 43055  56.3507 284.6854 0001212 341.2897  18.7626  1.70473856 13849
1 43055U 17079A   20066.47264676  .00000041  00000-0  00000+0 0  9991
2 43055  56.3489 284.6209 0001171 342.5956  17.4619  1.70473805 13882
1 43055U 17079A   20066.47264676  .00000041  00000-0  00000-0 0  9992
2 43055  56.3489 284.6209 0001171 342.5956  17.4619  1.70473805 13882
1 43055U 17079A   20069.99214614  .00000022  00000-0  00000-0 0  9998
2 43055  56.3460 284.5240 0001126 344.2130  15.8304  1.70473780 13940
1 43055U 17079A   20069.99214636  .00000022  00000-0  00000-0 0  9992
2 43055  56.3460 284.5240 0001129 344.3557  15.6877  1.70473778 13947
1 43055U 17079A   20071.16530462  .00000013  00000-0  00000-0 0  9992
2 43055  56.3452 284.4916 0001111 344.4964  15.5378  1.70473798 13960
1 43055U 17079A   20074.09821552  .00000004  00000-0  00000+0 0  9999
2 43055  56.3428 284.4109 0001054 347.0265  12.9929  1.70473848 14012
1 43055U 17079A   20076.44456482  .00000009  00000-0  00000+0 0  9991
2 43055  56.3416 284.3463 0001020 346.7228  13.2981  1.70473931 14058
1 43055U 17079A   20079.37750877  .00000010  00000-0  00000+0 0  9993
2 43055  56.3395 284.2657 0000962 346.7623  13.2644  1.70474009 14100
1 43055U 17079A   20084.65676260  .00000005  00000-0  00000+0 0  9997
2 43055  56.3356 284.1208 0000838 349.0976  10.9134  1.70474091 14195
1 43055U 17079A   20088.76284649  .00000016  00000-0  00000+0 0  9991
2 43055  56.3330 284.0082 0000730 347.6550  12.3441  1.70474108 14263
1 43055U 17079A   20091.69578745  .00000027  00000-0  00000-0 0  9993
2 43055  56.3308 283.9277 0000670 348.1057  11.8990  1.70474049 14316
1 43055U 17079A   20092.86896441  .00000030  00000-0  00000-0 0  9993
2 43055  56.3315 283.8955 0000647 347.3076  12.6996  1.70474024 14332
1 43055U 17079A   20094.04213824  .00000029  00000-0  00000+0 0  9990
2 43055  56.3314 283.8632 0000633 346.3228  13.6850  1.70474005 14357
1 43055U 17079A   20095.80188903  .00000020  00000-0  00000-0 0  9996
2 43055  56.3299 283.8149 0000604 344.5931  15.4096  1.70473982 14389
1 43055U 17079A   20100.49452718 -.00000012  00000-0  00000-0 0  9998
2 43055  56.3246 283.6859 0000505 339.1587  20.8123  1.70474026 14464
1 43055U 17079A   20100.49452864 -.00000012  00000-0  00000+0 0  9999
2 43055  56.3258 283.6859 0000511 339.3466  20.6244  1.70473988 14460
1 43055U 17079A   20104.01404588 -.00000010  00000-0  00000+0 0  9999
2 43055  56.3217 283.5894 0000444 333.6766  26.2948  1.70474101 14526
1 43055U 17079A   20105.18722326 -.00000009  00000-0  00000-0 0  9990
2 43055  56.3209 283.5572 0000419 328.7871  31.1875  1.70474156 14540
1 43055U 17079A   20106.36039921 -.00000010  00000-0  00000+0 0  9994
2 43055  56.3195 283.5250 0000423 328.6774  31.2997  1.70474183 14561
1 43055U 17079A   20106.94698659 -.00000011  00000-0  00000-0 0  9999
2 43055  56.3182 283.5090 0000416 326.7406  33.2370  1.70474203 14573
1 43055U 17079A   20108.12015658 -.00000015  00000-0  00000-0 0  9997
2 43055  56.3173 283.4769 0000402 324.8793  35.0978  1.70474255 14591
1 43055U 17079A   20109.87990581 -.00000019  00000-0  00000+0 0  9990
2 43055  56.3160 283.4287 0000364 318.8382  41.1345  1.70474324 14623
1 43055U 17079A   20110.46648856 -.00000019  00000-0  00000-0 0  9993
2 43055  56.3156 283.4126 0000360 318.3632  41.6073  1.70474309 14636
1 43055U 17079A   20113.39940019 -.00000018  00000-0  00000+0 0  9992
2 43055  56.3134 283.3324 0000315 302.5960  57.3630  1.70474293 14680
1 43055U 17079A   20113.98598301 -.00000016  00000-0  00000-0 0  9999
2 43055  56.3125 283.3164 0000321 296.6650  63.2924  1.70474294 14692
1 43055U 17079A   20115.15915152 -.00000013  00000-0  00000-0 0  9994
2 43055  56.3115 283.2843 0000324 289.8137  70.1421  1.70474294 14713
1 43055U 17079A   20118.09208831 -.00000002  00000-0  00000+0 0  9996
2 43055  56.3090 283.2041 0000336 277.7665  82.1952  1.70474283 14765
1 43055U 17079A   20118.67867585  .00000000  00000-0  00000-0 0  9995
2 43055  56.3092 283.1880 0000337 274.7249  85.2390  1.70474314 14779
1 43055U 17079A   20122.19820326 -.00000000  00000-0  00000+0 0  9999
2 43055  56.3067 283.0917 0000408 261.3950  98.5758  1.70474187 14831
1 43055U 17079A   20122.19820326 -.00000000  00000-0  00000-0 0  9990
2 43055  56.3067 283.0917 0000408 261.3950  98.5758  1.70474187 14831
