1 27704U 03010A   18001.55205420 -.00000040  00000-0  00000+0 0  9991
2 27704  53.9830  89.9924 0244509 267.7082 164.4229  2.00549531108159
1 27704U 03010A   18001.84934087 -.00000039  00000-0  00000-0 0  9990
2 27704  53.9832  89.9801 0244519 267.7128  19.0605  2.00549550108162
1 27704U 03010A   18002.53700295 -.00000038  00000-0  00000+0 0  9997
2 27704  53.9836  89.9515 0244556 267.7296 155.5388  2.00549601108177
1 27704U 03010A   18002.86249267 -.00000037  00000-0  00000-0 0  9990
2 27704  53.9838  89.9380 0244567 267.7346  30.5389  2.00549631108184
1 27704U 03010A   18003.55864388 -.00000037  00000-0  00000+0 0  9993
2 27704  53.9843  89.9091 0244603 267.7521 173.1458  2.00549681108192
1 27704U 03010A   18003.55864388 -.00000037  00000-0  00000-0 0  9994
2 27704  53.9843  89.9091 0244603 267.7521 173.1458  2.00549681108204
1 27704U 03010A   18003.87337520 -.00000037  00000-0  00000-0 0  9992
2 27704  53.9844  89.8961 0244622 267.7575  40.3779  2.00549711108205
1 27704U 03010A   18004.43735333 -.00000038  00000-0  00000+0 0  9999
2 27704  53.9848  89.8727 0244653 267.7708  87.5596  2.00549760108216
1 27704U 03010A   18005.49683904 -.00000043  00000-0  00000+0 0  9998
2 27704  53.9854  89.8287 0244705 267.7952 132.4894  2.00549853108239
1 27704U 03010A   18005.59926373 -.00000044  00000-0  00000-0 0  9991
2 27704  53.9855  89.8244 0244695 267.7973 206.4386  2.00549862108243
1 27704U 03010A   18006.50420706 -.00000051  00000-0  00000+0 0  9999
2 27704  53.9860  89.7868 0244743 267.8174 139.7926  2.00549949108253
1 27704U 03010A   18006.55011944 -.00000051  00000-0  00000-0 0  9995
2 27704  53.9861  89.7849 0244743 267.8187 172.9404  2.00549955108265
1 27704U 03010A   18007.02368181 -.00000055  00000-0  00000+0 0  9999
2 27704  53.9864  89.7653 0244764 267.8288 154.8450  2.00550002108261
1 27704U 03010A   18007.02368181 -.00000055  00000-0  00000-0 0  9990
2 27704  53.9864  89.7653 0244764 267.8288 154.8450  2.00550002108272
1 27704U 03010A   18007.59989612 -.00000060  00000-0  00000-0 0  9996
2 27704  53.9867  89.7413 0244788 267.8415 210.8623  2.00550054108280
1 27704U 03010A   18007.86109495 -.00000063  00000-0  00000-0 0  9992
2 27704  53.9869  89.7305 0244804 267.8447  39.4464  2.00550086108289
1 27704U 03010A   18008.51960571 -.00000069  00000-0  00000+0 0  9990
2 27704  53.9873  89.7031 0244833 267.8606 154.8794  2.00550149108298
1 27704U 03010A   18008.87124267 -.00000072  00000-0  00000-0 0  9998
2 27704  53.9875  89.6885 0244850 267.8659  48.7582  2.00550185108301
1 27704U 03010A   18009.42190845 -.00000076  00000-0  00000+0 0  9998
2 27704  53.9879  89.6657 0244875 267.8780  86.3303  2.00550239108314
1 27704U 03010A   18009.58658748 -.00000076  00000-0  00000-0 0  9997
2 27704  53.9880  89.6588 0244872 267.8823 205.2253  2.00550254108328
1 27704U 03010A   18010.35772554 -.00000080  00000-0  00000+0 0  9990
2 27704  53.9885  89.6268 0244917 267.8971  41.9773  2.00550333108333
1 27704U 03010A   18010.83388834 -.00000081  00000-0  00000-0 0  9999
2 27704  53.9888  89.6071 0244934 267.9067  25.7606  2.00550383108345
1 27704U 03010A   18011.06552453 -.00000081  00000-0  00000+0 0  9994
2 27704  53.9889  89.5974 0244939 267.9138 192.9965  2.00550404108340
1 27704U 03010A   18011.84530146 -.00000080  00000-0  00000-0 0  9995
2 27704  53.9894  89.5651 0244979 267.9281  35.9865  2.00550480108362
1 27704U 03010A   18012.31941777 -.00000078  00000-0  00000+0 0  9990
2 27704  53.9897  89.5455 0244996 267.9377  18.2923  2.00550522108379
1 27704U 03010A   18012.55504399 -.00000077  00000-0  00000-0 0  9991
2 27704  53.9899  89.5357 0245005 267.9452 188.4088  2.00550549108380
1 27704U 03010A   18013.33059256 -.00000072  00000-0  00000+0 0  9999
2 27704  53.9904  89.5035 0245046 267.9606  28.3452  2.00550620108394
1 27704U 03010A   18013.56799896 -.00000070  00000-0  00000-0 0  9994
2 27704  53.9905  89.4937 0245044 267.9667 199.7483  2.00550635108405
1 27704U 03010A   18014.52473664 -.00000062  00000-0  00000+0 0  9993
2 27704  53.9911  89.4540 0245092 267.9896 170.4975  2.00550718108414
1 27704U 03010A   18014.58772341 -.00000061  00000-0  00000-0 0  9993
2 27704  53.9911  89.4514 0245097 267.9911 215.9729  2.00550722108426
1 27704U 03010A   18015.41535368 -.00000053  00000-0  00000+0 0  9992
2 27704  53.9916  89.4170 0245136 268.0093  93.5103  2.00550786108433
1 27704U 03010A   18015.83057131 -.00000049  00000-0  00000-0 0  9991
2 27704  53.9919  89.3998 0245151 268.0176  33.2926  2.00550817108442
1 27704U 03010A   18016.37003508 -.00000044  00000-0  00000+0 0  9994
2 27704  53.9922  89.3775 0245167 268.0294  62.7782  2.00550855108457
1 27704U 03010A   18017.39743425 -.00000036  00000-0  00000+0 0  9997
2 27704  53.9929  89.3348 0245209 268.0528  84.5457  2.00550917108479
1 27704U 03010A   18018.41079528 -.00000030  00000-0  00000+0 0  9991
2 27704  53.9935  89.2928 0245247 268.0755  96.1786  2.00550976108494
1 27704U 03010A   18019.39632567 -.00000026  00000-0  00000+0 0  9992
2 27704  53.9942  89.2520 0245291 268.0986  87.7172  2.00551023108517
1 27704U 03010A   18020.53064924 -.00000025  00000-0  00000-0 0  9996
2 27704  53.9949  89.2049 0245333 268.1254 186.6826  2.00551076108542
1 27704U 03010A   18021.30398167 -.00000025  00000-0  00000+0 0  9990
2 27704  53.9954  89.1728 0245373 268.1440  25.0172  2.00551111108553
1 27704U 03010A   18021.41355895 -.00000025  00000-0  00000-0 0  9994
2 27704  53.9955  89.1683 0245370 268.1458 104.1313  2.00551117108563
1 27704U 03010A   18021.83909706 -.00000026  00000-0  00000+0 0  9996
2 27704  53.9957  89.1506 0245386 268.1559  51.3637  2.00551132108567
1 27704U 03010A   18021.83909706 -.00000026  00000-0  00000-0 0  9997
2 27704  53.9957  89.1506 0245386 268.1559  51.3637  2.00551132108567
1 27704U 03010A   18022.54864425 -.00000027  00000-0  00000-0 0  9995
2 27704  53.9962  89.1212 0245411 268.1739 203.6456  2.00551161108581
1 27704U 03010A   18023.38660404 -.00000030  00000-0  00000+0 0  9992
2 27704  53.9967  89.0864 0245448 268.1937  88.6410  2.00551202108596
1 27704U 03010A   18023.55987838 -.00000030  00000-0  00000+0 0  9994
2 27704  53.9968  89.0792 0245453 268.1987 213.7419  2.00551208108594
1 27704U 03010A   18023.55987838 -.00000030  00000-0  00000-0 0  9995
2 27704  53.9968  89.0792 0245453 268.1987 213.7419  2.00551208108606
1 27704U 03010A   18024.81410257 -.00000034  00000-0  00000-0 0  9995
2 27704  53.9977  89.0271 0245503 268.2278  39.2754  2.00551269108620
1 27704U 03010A   18025.04737392 -.00000035  00000-0  00000+0 0  9993
2 27704  53.9978  89.0174 0245512 268.2348 207.6927  2.00551278108624
1 27704U 03010A   18026.47501692 -.00000036  00000-0  00000+0 0  9994
2 27704  53.9988  88.9581 0245564 268.2671 158.4337  2.00551357108650
1 27704U 03010A   18026.83840095 -.00000036  00000-0  00000-0 0  9998
2 27704  53.9991  88.9431 0245572 268.2732  60.7947  2.00551380108664
1 27704U 03010A   18027.30867404 -.00000035  00000-0  00000+0 0  9992
2 27704  53.9994  88.9236 0245595 268.2853  40.3248  2.00551406108677
1 27704U 03010A   18027.55052581 -.00000035  00000-0  00000-0 0  9992
2 27704  53.9996  88.9135 0245602 268.2924 214.9373  2.00551420108680
1 27704U 03010A   18028.32062138 -.00000033  00000-0  00000+0 0  9994
2 27704  54.0001  88.8815 0245633 268.3082  50.9391  2.00551472108699
1 27704U 03010A   18029.33310438 -.00000030  00000-0  00000+0 0  9992
2 27704  54.0008  88.8395 0245675 268.3328  61.9385  2.00551541108713
1 27704U 03010A   18030.82173240 -.00000027  00000-0  00000-0 0  9993
2 27704  54.0018  88.7777 0245728 268.3662  56.7118  2.00551654108741
1 27704U 03010A   18031.47073237 -.00000027  00000-0  00000+0 0  9999
2 27704  54.0022  88.7507 0245743 268.3806 165.2831  2.00551707108752
1 27704U 03010A   18031.53655354 -.00000027  00000-0  00000+0 0  9992
2 27704  54.0023  88.7480 0245749 268.3835 212.8038  2.00551711108754
1 27704U 03010A   18031.53655354 -.00000027  00000-0  00000-0 0  9993
2 27704  54.0023  88.7480 0245749 268.3835 212.8038  2.00551711108765
1 27704U 03010A   18032.54923439 -.00000030  00000-0  00000+0 0  9990
2 27704  54.0030  88.7059 0245795 268.4088 223.9462  2.00551798108777
1 27704U 03010A   18032.54923439 -.00000030  00000-0  00000-0 0  9991
2 27704  54.0030  88.7059 0245795 268.4088 223.9462  2.00551798108788
1 27704U 03010A   18034.52182878 -.00000044  00000-0  00000-0 0  9990
2 27704  54.0043  88.6240 0245854 268.4521 208.1408  2.00551982108826
1 27704U 03010A   18035.52520620 -.00000052  00000-0  00000+0 0  9990
2 27704  54.0049  88.5823 0245886 268.4733 212.5710  2.00552079108832
1 27704U 03010A   18036.53602723 -.00000059  00000-0  00000+0 0  9994
2 27704  54.0056  88.5403 0245938 268.5004 222.3699  2.00552175108858
1 27704U 03010A   18037.30453459 -.00000063  00000-0  00000+0 0  9995
2 27704  54.0062  88.5084 0245976 268.5167  57.2262  2.00552251108870
1 27704U 03010A   18038.36001222 -.00000065  00000-0  00000+0 0  9991
2 27704  54.0069  88.4646 0246002 268.5374  99.2749  2.00552357108896
1 27704U 03010A   18038.79249490 -.00000064  00000-0  00000-0 0  9999
2 27704  54.0072  88.4466 0246022 268.5482  51.5226  2.00552398108900
1 27704U 03010A   18039.50874396 -.00000061  00000-0  00000+0 0  9994
2 27704  54.0077  88.4169 0246041 268.5657 208.6469  2.00552465108910
1 27704U 03010A   18040.45583907 -.00000055  00000-0  00000+0 0  9998
2 27704  54.0084  88.3776 0246074 268.5870 172.4418  2.00552555108938
1 27704U 03010A   18041.46670590 -.00000046  00000-0  00000+0 0  9995
2 27704  54.0091  88.3357 0246102 268.6096 182.2798  2.00552645108956
1 27704U 03010A   18041.53468414 -.00000045  00000-0  00000-0 0  9993
2 27704  54.0091  88.3329 0246107 268.6118 231.3588  2.00552650108965
1 27704U 03010A   18041.59664050 -.00000045  00000-0  00000-0 0  9993
2 27704  54.0092  88.3303 0246109 268.6123 276.0917  2.00552655108963
1 27704U 03010A   18042.49597451 -.00000036  00000-0  00000+0 0  9992
2 27704  54.0098  88.2930 0246136 268.6344 205.4021  2.00552727108972
1 27704U 03010A   18042.77728841 -.00000033  00000-0  00000+0 0  9999
2 27704  54.0100  88.2813 0246154 268.6415  48.5078  2.00552748108987
1 27704U 03010A   18042.77728841 -.00000033  00000-0  00000-0 0  9990
2 27704  54.0100  88.2813 0246154 268.6415  48.5078  2.00552748108987
1 27704U 03010A   18044.49878771 -.00000017  00000-0  00000+0 0  9990
2 27704  54.0111  88.2099 0246192 268.6809 211.4171  2.00552864109013
1 27704U 03010A   18045.52070734 -.00000010  00000-0  00000+0 0  9991
2 27704  54.0118  88.1676 0246226 268.7069 229.2330  2.00552920109036
1 27704U 03010A   18046.29056513 -.00000006  00000-0  00000+0 0  9990
2 27704  54.0124  88.1357 0246256 268.7258  65.0634  2.00552959109059
1 27704U 03010A   18047.47450649 -.00000003  00000-0  00000+0 0  9996
2 27704  54.0132  88.0866 0246284 268.7539 199.8599  2.00553017109079
1 27704U 03010A   18049.02112017 -.00000002  00000-0  00000+0 0  9992
2 27704  54.0143  88.0225 0246330 268.7927 236.5013  2.00553083109100
1 27704U 03010A   18050.97117862 -.00000006  00000-0  00000-0 0  9996
2 27704  54.0157  87.9416 0246374 268.8377 204.4310  2.00553172109151
1 27704U 03010A   18051.46003693 -.00000007  00000-0  00000+0 0  9997
2 27704  54.0160  87.9213 0246382 268.8480 197.3847  2.00553195109154
1 27704U 03010A   18052.29842052 -.00000008  00000-0  00000+0 0  9990
2 27704  54.0166  87.8866 0246404 268.8669  82.6930  2.00553235109173
1 27704U 03010A   18053.48128199 -.00000009  00000-0  00000+0 0  9992
2 27704  54.0175  87.8375 0246427 268.8950 216.7114  2.00553297109190
1 27704U 03010A   18054.25928185 -.00000008  00000-0  00000+0 0  9990
2 27704  54.0181  87.8052 0246455 268.9159  58.4198  2.00553337109213
1 27704U 03010A   18055.44820594 -.00000006  00000-0  00000+0 0  9995
2 27704  54.0190  87.7559 0246482 268.9435 196.8166  2.00553411109238
1 27704U 03010A   18056.51891501 -.00000002  00000-0  00000+0 0  9996
2 27704  54.0198  87.7115 0246509 268.9692 249.8622  2.00553483109256
1 27704U 03010A   18057.29168685  .00000000  00000-0  00000+0 0  9999
2 27704  54.0204  87.6794 0246537 268.9880  87.7986  2.00553538109271
1 27704U 03010A   18058.78066813  .00000001  00000-0  00000-0 0  9996
2 27704  54.0215  87.6176 0246571 269.0226  82.8362  2.00553654109308
1 27704U 03010A   18059.25714611  .00000000  00000-0  00000+0 0  9993
2 27704  54.0218  87.5978 0246581 269.0333  66.8514  2.00553694109316
1 27704U 03010A   18060.92096895 -.00000009  00000-0  00000+0 0  9996
2 27704  54.0230  87.5288 0246611 269.0717 188.1250  2.00553840109345
1 27704U 03010A   18062.46626769 -.00000021  00000-0  00000+0 0  9990
2 27704  54.0241  87.4647 0246637 269.1030 223.8296  2.00553990109378
1 27704U 03010A   18063.47711499 -.00000029  00000-0  00000+0 0  9995
2 27704  54.0249  87.4228 0246658 269.1258 233.6588  2.00554089109391
1 27704U 03010A   18065.26590434 -.00000037  00000-0  00000+0 0  9997
2 27704  54.0262  87.3486 0246710 269.1676  85.1591  2.00554265109439
1 27704U 03010A   18066.03684288 -.00000037  00000-0  00000+0 0  9994
2 27704  54.0268  87.3166 0246725 269.1917 281.7684  2.00554338109443
1 27704U 03010A   18068.47310005 -.00000022  00000-0  00000+0 0  9991
2 27704  54.0286  87.2156 0246775 269.2453 240.7437  2.00554562109497
1 27704U 03010A   18069.43253375 -.00000013  00000-0  00000+0 0  9994
2 27704  54.0293  87.1759 0246788 269.2644 213.4566  2.00554646109515
1 27704U 03010A   18070.43981854 -.00000003  00000-0  00000+0 0  9995
2 27704  54.0300  87.1342 0246798 269.2877 220.7147  2.00554722109534
1 27704U 03010A   18071.44882793  .00000006  00000-0  00000+0 0  9991
2 27704  54.0308  87.0924 0246810 269.3099 229.2196  2.00554792109556
1 27704U 03010A   18072.76034817  .00000014  00000-0  00000-0 0  9993
2 27704  54.0318  87.0380 0246824 269.3361  96.1403  2.00554871109594
1 27704U 03010A   18073.47185840  .00000018  00000-0  00000+0 0  9998
2 27704  54.0323  87.0086 0246831 269.3536 249.8492  2.00554908109591
1 27704U 03010A   18074.90340925  .00000021  00000-0  00000-0 0  9999
2 27704  54.0333  86.9493 0246852 269.3887 203.4265  2.00554976109638
1 27704U 03010A   18075.26108119  .00000021  00000-0  00000+0 0  9995
2 27704  54.0336  86.9345 0246860 269.3962 101.6664  2.00554992109630
1 27704U 03010A   18075.96705559  .00000021  00000-0  00000+0 0  9993
2 27704  54.0341  86.9053 0246866 269.4128 251.3796  2.00555023109649
1 27704U 03010A   18075.96705559  .00000021  00000-0  00000-0 0  9994
2 27704  54.0341  86.9053 0246866 269.4128 251.3796  2.00555023109650
1 27704U 03010A   18076.98500691  .00000020  00000-0  00000+0 0  9995
2 27704  54.0348  86.8631 0246879 269.4379 266.3391  2.00555068109667
1 27704U 03010A   18077.94010365  .00000018  00000-0  00000+0 0  9993
2 27704  54.0355  86.8236 0246887 269.4605 235.9188  2.00555111109684
1 27704U 03010A   18079.42660569  .00000014  00000-0  00000+0 0  9991
2 27704  54.0367  86.7620 0246895 269.4979 229.1712  2.00555177109710
1 27704U 03010A   18080.43519972  .00000013  00000-0  00000+0 0  9994
2 27704  54.0374  86.7203 0246909 269.5195 237.3787  2.00555224109730
1 27704U 03010A   18082.45669979  .00000015  00000-0  00000+0 0  9993
2 27704  54.0389  86.6366 0246929 269.5601 256.9108  2.00555343109779
1 27704U 03010A   18083.32960716  .00000017  00000-0  00000+0 0  9995
2 27704  54.0396  86.6004 0246945 269.5761 167.1556  2.00555402109799
1 27704U 03010A   18083.94513993  .00000018  00000-0  00000-0 0  9996
2 27704  54.0400  86.5750 0246947 269.5907 251.5710  2.00555443109814
1 27704U 03010A   18084.34389802  .00000019  00000-0  00000+0 0  9991
2 27704  54.0403  86.5584 0246957 269.5979 179.4772  2.00555472109810
1 27704U 03010A   18084.89975132  .00000020  00000-0  00000-0 0  9991
2 27704  54.0408  86.5354 0246959 269.6085 220.8067  2.00555513109837
1 27704U 03010A   18085.37271606  .00000020  00000-0  00000-0 0  9990
2 27704  54.0412  86.5158 0246966 269.6181 202.2896  2.00555550109834
1 27704U 03010A   18085.72517275  .00000020  00000-0  00000-0 0  9994
2 27704  54.0414  86.5012 0246966 269.6289  96.7614  2.00555576109858
1 27704U 03010A   18086.34432229  .00000018  00000-0  00000+0 0  9994
2 27704  54.0419  86.4756 0246970 269.6427 183.7894  2.00555626109859
1 27704U 03010A   18087.45487358  .00000013  00000-0  00000+0 0  9995
2 27704  54.0427  86.4296 0246965 269.6736 265.6049  2.00555713109875
1 27704U 03010A   18088.47979373  .00000005  00000-0  00000-0 0  9993
2 27704  54.0434  86.3872 0246970 269.6947 285.6030  2.00555808109903
1 27704U 03010A   18089.38385632 -.00000003  00000-0  00000+0 0  9991
2 27704  54.0441  86.3497 0246976 269.7157 218.3391  2.00555893109912
1 27704U 03010A   18090.27187854 -.00000011  00000-0  00000+0 0  9996
2 27704  54.0447  86.3129 0246985 269.7335 139.4969  2.00555979109939
1 27704U 03010A   18091.26537097 -.00000019  00000-0  00000+0 0  9992
2 27704  54.0454  86.2718 0246990 269.7552 136.8035  2.00556078109955
1 27704U 03010A   18092.44944553 -.00000025  00000-0  00000+0 0  9999
2 27704  54.0463  86.2228 0246988 269.7789 271.7137  2.00556198109977
1 27704U 03010A   18092.86557286 -.00000026  00000-0  00000-0 0  9990
2 27704  54.0466  86.2056 0247003 269.7837 212.1644  2.00556241109995
1 27704U 03010A   18093.30213875 -.00000026  00000-0  00000+0 0  9992
2 27704  54.0469  86.1875 0247012 269.7920 167.3688  2.00556285109996
1 27704U 03010A   18093.88200274 -.00000025  00000-0  00000-0 0  9994
2 27704  54.0473  86.1635 0247016 269.8021 226.0366  2.00556343110018
1 27704U 03010A   18094.44900669 -.00000022  00000-0  00000+0 0  9998
2 27704  54.0478  86.1401 0247011 269.8160 275.4152  2.00556397110013
1 27704U 03010A   18094.85487892 -.00000020  00000-0  00000-0 0  9990
2 27704  54.0481  86.1233 0247011 269.8261 208.4562  2.00556433110036
1 27704U 03010A   18095.28236726 -.00000017  00000-0  00000+0 0  9991
2 27704  54.0484  86.1056 0247017 269.8351 157.1059  2.00556473110033
1 27704U 03010A   18095.90995354 -.00000013  00000-0  00000-0 0  9996
2 27704  54.0488  86.0797 0247012 269.8471 250.2288  2.00556529110059
1 27704U 03010A   18096.25842139 -.00000010  00000-0  00000+0 0  9993
2 27704  54.0491  86.0652 0247019 269.8548 141.8248  2.00556558110058
1 27704U 03010A   18097.37106402 -.00000000  00000-0  00000+0 0  9992
2 27704  54.0499  86.0192 0247014 269.8766 225.1628  2.00556648110072
1 27704U 03010A   18098.40415309  .00000008  00000-0  00000+0 0  9993
2 27704  54.0506  85.9765 0247003 269.8990 251.0604  2.00556720110097
1 27704U 03010A   18099.46298583  .00000015  00000-0  00000+0 0  9991
2 27704  54.0513  85.9327 0247003 269.9194 295.5480  2.00556788110118
1 27704U 03010A   18100.46044898  .00000019  00000-0  00000+0 0  9996
2 27704  54.0521  85.8915 0246992 269.9430 295.7221  2.00556843110137
1 27704U 03010A   18101.24785319  .00000022  00000-0  00000+0 0  9997
2 27704  54.0526  85.8589 0246999 269.9598 144.2345  2.00556884110153
1 27704U 03010A   18101.83539510  .00000022  00000-0  00000-0 0  9993
2 27704  54.0530  85.8346 0247005 269.9697 208.4474  2.00556915110171
1 27704U 03010A   18102.32691769  .00000022  00000-0  00000+0 0  9992
2 27704  54.0534  85.8142 0247001 269.9813 203.3298  2.00556937110177
1 27704U 03010A   18102.86771872  .00000022  00000-0  00000+0 0  9995
2 27704  54.0538  85.7919 0247011 269.9898 233.7959  2.00556964110188
1 27704U 03010A   18102.86771872  .00000022  00000-0  00000-0 0  9996
2 27704  54.0538  85.7919 0247011 269.9898 233.7959  2.00556964110199
1 27704U 03010A   18104.23904382  .00000019  00000-0  00000+0 0  9998
2 27704  54.0547  85.7351 0247005 270.0214 143.9024  2.00557023110212
1 27704U 03010A   18104.93889819  .00000017  00000-0  00000-0 0  9991
2 27704  54.0553  85.7062 0246994 270.0376 289.2024  2.00557054110233
1 27704U 03010A   18105.33189869  .00000016  00000-0  00000+0 0  9992
2 27704  54.0555  85.6899 0246992 270.0471 212.9511  2.00557069110236
1 27704U 03010A   18105.41507649  .00000016  00000-0  00000-0 0  9992
2 27704  54.0556  85.6865 0246995 270.0475 273.0076  2.00557074110248
1 27704U 03010A   18105.90414855  .00000014  00000-0  00000-0 0  9990
2 27704  54.0560  85.6663 0246998 270.0567 266.1235  2.00557097110250
1 27704U 03010A   18106.42804521  .00000013  00000-0  00000+0 0  9999
2 27704  54.0563  85.6446 0247007 270.0654 284.3843  2.00557122110257
1 27704U 03010A   18107.43842911  .00000011  00000-0  00000+0 0  9994
2 27704  54.0570  85.6028 0247003 270.0868 293.8914  2.00557172110275
1 27704U 03010A   18108.42734271  .00000010  00000-0  00000+0 0  9992
2 27704  54.0577  85.5619 0247003 270.1061 287.8987  2.00557228110290
1 27704U 03010A   18109.27546201  .00000010  00000-0  00000+0 0  9990
2 27704  54.0583  85.5268 0246987 270.1274 180.2460  2.00557273110318
1 27704U 03010A   18109.93640731  .00000011  00000-0  00000-0 0  9998
2 27704  54.0588  85.4995 0246975 270.1410 297.4556  2.00557312110331
1 27704U 03010A   18110.14619257  .00000011  00000-0  00000+0 0  9991
2 27704  54.0590  85.4908 0246976 270.1460  88.9223  2.00557324110331
1 27704U 03010A   18111.36920428  .00000013  00000-0  00000+0 0  9993
2 27704  54.0598  85.4402 0246979 270.1699 251.9518  2.00557408110359
1 27704U 03010A   18111.95620088  .00000013  00000-0  00000-0 0  9998
2 27704  54.0602  85.4159 0246978 270.1804 315.7718  2.00557452110373
1 27704U 03010A   18112.37814838  .00000013  00000-0  00000+0 0  9992
2 27704  54.0605  85.3985 0246981 270.1887 260.4232  2.00557482110377
1 27704U 03010A   18113.39423630  .00000011  00000-0  00000+0 0  9999
2 27704  54.0612  85.3564 0246975 270.2093 274.0509  2.00557563110391
1 27704U 03010A   18113.86663215  .00000009  00000-0  00000-0 0  9994
2 27704  54.0615  85.3369 0246975 270.2184 255.1272  2.00557602110412
1 27704U 03010A   18114.37689215  .00000006  00000-0  00000+0 0  9995
2 27704  54.0619  85.3158 0246974 270.2284 263.5415  2.00557645110411
1 27704U 03010A   18114.63321648  .00000004  00000-0  00000-0 0  9996
2 27704  54.0621  85.3052 0246975 270.2336  88.6109  2.00557667110438
1 27704U 03010A   18115.47351417 -.00000003  00000-0  00000+0 0  9995
2 27704  54.0626  85.2704 0246950 270.2513 335.3158  2.00557739110432
1 27704U 03010A   18117.19178949 -.00000020  00000-0  00000+0 0  9992
2 27704  54.0637  85.1994 0246944 270.2840 135.9352  2.00557900110474
1 27704U 03010A   18117.88122897 -.00000027  00000-0  00000-0 0  9997
2 27704  54.0642  85.1708 0246929 270.2963 273.7215  2.00557969110498
1 27704U 03010A   18118.19338483 -.00000030  00000-0  00000-0 0  9996
2 27704  54.0644  85.1579 0246934 270.3030 139.1019  2.00557999110500
1 27704U 03010A   18119.45886950 -.00000038  00000-0  00000+0 0  9990
2 27704  54.0652  85.1056 0246921 270.3258 332.8020  2.00558127110516
1 27704U 03010A   18119.83831477 -.00000040  00000-0  00000-0 0  9990
2 27704  54.0655  85.0899 0246916 270.3343 246.7660  2.00558165110539
1 27704U 03010A   18120.37622541 -.00000041  00000-0  00000+0 0  9991
2 27704  54.0659  85.0677 0246911 270.3443 275.1461  2.00558219110538
1 27704U 03010A   18121.91064889 -.00000038  00000-0  00000-0 0  9994
2 27704  54.0669  85.0043 0246908 270.3729 303.0246  2.00558372110575
1 27704U 03010A   18122.36817674 -.00000036  00000-0  00000+0 0  9999
2 27704  54.0672  84.9854 0246898 270.3833 273.3653  2.00558414110579
1 27704U 03010A   18122.90167931 -.00000032  00000-0  00000-0 0  9990
2 27704  54.0675  84.9633 0246904 270.3925 298.5637  2.00558464110595
1 27704U 03010A   18123.22860618 -.00000030  00000-0  00000+0 0  9995
2 27704  54.0677  84.9498 0246899 270.4011 174.6077  2.00558491110598
1 27704U 03010A   18123.60720840 -.00000027  00000-0  00000-0 0  9996
2 27704  54.0680  84.9342 0246896 270.4079  87.9652  2.00558524110616
1 27704U 03010A   18124.45704560 -.00000021  00000-0  00000+0 0  9994
2 27704  54.0686  84.8990 0246878 270.4231 341.5628  2.00558598110613
1 27704U 03010A   18124.92873583 -.00000017  00000-0  00000+0 0  9993
2 27704  54.0689  84.8795 0246870 270.4321 322.1309  2.00558635110625
1 27704U 03010A   18124.92873583 -.00000017  00000-0  00000-0 0  9994
2 27704  54.0689  84.8795 0246870 270.4321 322.1309  2.00558635110636
1 27704U 03010A   18125.93525865 -.00000010  00000-0  00000-0 0  9996
2 27704  54.0695  84.8380 0246862 270.4505 328.8582  2.00558709110658
1 27704U 03010A   18126.41639035 -.00000008  00000-0  00000+0 0  9991
2 27704  54.0699  84.8181 0246863 270.4586 316.2446  2.00558741110657
1 27704U 03010A   18126.85525941 -.00000006  00000-0  00000-0 0  9998
2 27704  54.0701  84.8000 0246857 270.4670 273.1155  2.00558769110678
1 27704U 03010A   18127.42808785 -.00000003  00000-0  00000+0 0  9998
2 27704  54.0705  84.7763 0246860 270.4770 326.7085  2.00558803110678
1 27704U 03010A   18128.43209789 -.00000001  00000-0  00000+0 0  9997
2 27704  54.0711  84.7348 0246853 270.4958 331.6217  2.00558857110697
1 27704U 03010A   18128.88688059 -.00000001  00000-0  00000+0 0  9997
2 27704  54.0714  84.7160 0246847 270.5040 299.9833  2.00558880110706
1 27704U 03010A   18128.88688059 -.00000001  00000-0  00000-0 0  9998
2 27704  54.0714  84.7160 0246847 270.5040 299.9833  2.00558880110717
1 27704U 03010A   18129.92643855 -.00000001  00000-0  00000-0 0  9999
2 27704  54.0721  84.6730 0246835 270.5248 330.5618  2.00558931110736
1 27704U 03010A   18130.40124778 -.00000002  00000-0  00000+0 0  9992
2 27704  54.0724  84.6534 0246826 270.5341 313.3823  2.00558952110735
1 27704U 03010A   18130.84452187 -.00000003  00000-0  00000-0 0  9990
2 27704  54.0727  84.6351 0246816 270.5435 273.4334  2.00558973110756
1 27704U 03010A   18131.34799545 -.00000004  00000-0  00000+0 0  9998
2 27704  54.0730  84.6143 0246803 270.5528 276.9507  2.00558993110750
1 27704U 03010A   18131.87758509 -.00000006  00000-0  00000-0 0  9994
2 27704  54.0734  84.5924 0246797 270.5629 299.3242  2.00559019110771
1 27704U 03010A   18132.42694367 -.00000008  00000-0  00000+0 0  9998
2 27704  54.0737  84.5697 0246782 270.5738 335.9707  2.00559042110775
1 27704U 03010A   18132.96400757 -.00000009  00000-0  00000-0 0  9997
2 27704  54.0741  84.5475 0246772 270.5844   3.7405  2.00559067110795
1 27704U 03010A   18133.35592525 -.00000011  00000-0  00000+0 0  9998
2 27704  54.0744  84.5313 0246765 270.5927 286.7117  2.00559087110798
1 27704U 03010A   18133.90945250 -.00000012  00000-0  00000+0 0  9997
2 27704  54.0748  84.5084 0246758 270.6028 326.3693  2.00559114110805
1 27704U 03010A   18133.90945250 -.00000012  00000-0  00000-0 0  9998
2 27704  54.0748  84.5084 0246758 270.6028 326.3693  2.00559114110816
1 27704U 03010A   18134.92413701 -.00000014  00000-0  00000-0 0  9994
2 27704  54.0754  84.4664 0246743 270.6214 338.9915  2.00559166110832
1 27704U 03010A   18135.35905340 -.00000015  00000-0  00000+0 0  9997
2 27704  54.0757  84.4484 0246735 270.6299 293.0093  2.00559189110832
1 27704U 03010A   18135.93717399 -.00000015  00000-0  00000-0 0  9997
2 27704  54.0761  84.4245 0246729 270.6401 350.4244  2.00559222110856
1 27704U 03010A   18136.41106747 -.00000015  00000-0  00000+0 0  9999
2 27704  54.0764  84.4049 0246729 270.6488 332.5850  2.00559249110859
1 27704U 03010A   18136.95111821 -.00000015  00000-0  00000+0 0  9997
2 27704  54.0768  84.3826 0246717 270.6583   2.5130  2.00559281110871
1 27704U 03010A   18139.37536247 -.00000013  00000-0  00000+0 0  9997
2 27704  54.0783  84.2823 0246698 270.7042 312.8661  2.00559448110920
1 27704U 03010A   18139.91948137 -.00000014  00000-0  00000-0 0  9994
2 27704  54.0787  84.2598 0246689 270.7137 345.7318  2.00559490110930
1 27704U 03010A   18140.38679852 -.00000015  00000-0  00000+0 0  9992
2 27704  54.0790  84.2405 0246682 270.7224 323.1446  2.00559526110944
1 27704U 03010A   18140.79956010 -.00000016  00000-0  00000-0 0  9993
2 27704  54.0792  84.2234 0246677 270.7311 261.1661  2.00559559110954
1 27704U 03010A   18141.40865227 -.00000019  00000-0  00000+0 0  9993
2 27704  54.0796  84.1982 0246670 270.7408 340.9452  2.00559611110961
1 27704U 03010A   18142.28016649 -.00000026  00000-0  00000+0 0  9994
2 27704  54.0801  84.1621 0246656 270.7580 250.1962  2.00559687110975
1 27704U 03010A   18142.89371920 -.00000031  00000-0  00000-0 0  9994
2 27704  54.0805  84.1367 0246647 270.7672 333.1968  2.00559744110992
1 27704U 03010A   18143.35781484 -.00000036  00000-0  00000+0 0  9990
2 27704  54.0808  84.1175 0246630 270.7754 308.2843  2.00559786111009
1 27704U 03010A   18143.90854448 -.00000042  00000-0  00000-0 0  9990
2 27704  54.0812  84.0948 0246625 270.7843 345.9246  2.00559840111011
1 27704U 03010A   18144.33406146 -.00000046  00000-0  00000+0 0  9999
2 27704  54.0815  84.0772 0246615 270.7924 293.1570  2.00559881111028
1 27704U 03010A   18144.91825480 -.00000053  00000-0  00000+0 0  9997
2 27704  54.0818  84.0530 0246613 270.8012 354.9597  2.00559940111032
1 27704U 03010A   18144.91825480 -.00000053  00000-0  00000-0 0  9998
2 27704  54.0818  84.0530 0246613 270.8012 354.9597  2.00559940111032
1 27704U 03010A   18145.93125209 -.00000062  00000-0  00000-0 0  9993
2 27704  54.0825  84.0111 0246588 270.8172   6.3692  2.00560040111052
1 27704U 03010A   18146.30112400 -.00000064  00000-0  00000+0 0  9995
2 27704  54.0827  83.9958 0246580 270.8244 273.4248  2.00560078111069
1 27704U 03010A   18146.94435715 -.00000068  00000-0  00000-0 0  9997
2 27704  54.0831  83.9692 0246577 270.8340  17.8563  2.00560145111078
1 27704U 03010A   18147.42082756 -.00000069  00000-0  00000+0 0  9994
2 27704  54.0834  83.9495 0246574 270.8417   1.8799  2.00560195111084
1 27704U 03010A   18147.89259442 -.00000070  00000-0  00000-0 0  9996
2 27704  54.0837  83.9300 0246565 270.8495 342.5075  2.00560243111095
1 27704U 03010A   18148.35540630 -.00000069  00000-0  00000+0 0  9997
2 27704  54.0840  83.9109 0246562 270.8580 316.6686  2.00560291111103
1 27704U 03010A   18148.90078339 -.00000068  00000-0  00000-0 0  9990
2 27704  54.0843  83.8883 0246555 270.8668 350.4449  2.00560346111118
1 27704U 03010A   18149.31259751 -.00000066  00000-0  00000+0 0  9992
2 27704  54.0846  83.8713 0246544 270.8743 287.7846  2.00560387111124
1 27704U 03010A   18149.91769338 -.00000063  00000-0  00000-0 0  9993
2 27704  54.0849  83.8463 0246540 270.8839   4.6798  2.00560446111130
1 27704U 03010A   18150.30777603 -.00000061  00000-0  00000+0 0  9999
2 27704  54.0852  83.8302 0246531 270.8908 286.3292  2.00560483111143
1 27704U 03010A   18150.38253054 -.00000060  00000-0  00000-0 0  9996
2 27704  54.0852  83.8271 0246532 270.8915 340.3043  2.00560490111140
1 27704U 03010A   18151.40552191 -.00000053  00000-0  00000+0 0  9995
2 27704  54.0858  83.7848 0246511 270.9086 358.9306  2.00560580111161
1 27704U 03010A   18152.88848539 -.00000042  00000-0  00000-0 0  9991
2 27704  54.0868  83.7235 0246480 270.9332 349.6696  2.00560701111198
1 27704U 03010A   18153.29195689 -.00000040  00000-0  00000+0 0  9995
2 27704  54.0870  83.7068 0246465 270.9401 280.9865  2.00560730111204
1 27704U 03010A   18153.90403906 -.00000036  00000-0  00000-0 0  9993
2 27704  54.0874  83.6815 0246457 270.9496   2.9269  2.00560771111218
1 27704U 03010A   18154.36933591 -.00000034  00000-0  00000+0 0  9999
2 27704  54.0877  83.6623 0246443 270.9568 338.8842  2.00560801111226
1 27704U 03010A   18154.91579100 -.00000033  00000-0  00000+0 0  9991
2 27704  54.0880  83.6397 0246434 270.9662  13.4393  2.00560834111237
1 27704U 03010A   18154.91579100 -.00000033  00000-0  00000-0 0  9992
2 27704  54.0880  83.6397 0246434 270.9662  13.4393  2.00560834111237
1 27704U 03010A   18155.92788583 -.00000031  00000-0  00000-0 0  9999
2 27704  54.0887  83.5979 0246411 270.9829  24.1994  2.00560890111259
1 27704U 03010A   18156.28166598 -.00000031  00000-0  00000+0 0  9994
2 27704  54.0889  83.5833 0246402 270.9889 279.6382  2.00560910111257
1 27704U 03010A   18156.77527823 -.00000031  00000-0  00000-0 0  9991
2 27704  54.0892  83.5629 0246399 270.9977 276.0393  2.00560937111271
1 27704U 03010A   18157.41721115 -.00000031  00000-0  00000+0 0  9992
2 27704  54.0896  83.5363 0246390 271.0084  19.5326  2.00560968111283
1 27704U 03010A   18158.35310044 -.00000033  00000-0  00000+0 0  9993
2 27704  54.0901  83.4976 0246369 271.0243 335.2703  2.00561013111304
1 27704U 03010A   18158.42086230 -.00000033  00000-0  00000-0 0  9999
2 27704  54.0902  83.4948 0246373 271.0257  24.1961  2.00561016111307
1 27704U 03010A   18159.18606279 -.00000035  00000-0  00000+0 0  9995
2 27704  54.0907  83.4631 0246354 271.0398 216.6909  2.00561054111319
1 27704U 03010A   18160.92173868 -.00000039  00000-0  00000-0 0  9997
2 27704  54.0918  83.3913 0246314 271.0676  29.8993  2.00561138111352
1 27704U 03010A   18161.40184032 -.00000040  00000-0  00000+0 0  9997
2 27704  54.0921  83.3714 0246303 271.0756  16.5464  2.00561163111367
1 27704U 03010A   18161.86647799 -.00000041  00000-0  00000-0 0  9993
2 27704  54.0924  83.3522 0246293 271.0830 352.0285  2.00561187111374
1 27704U 03010A   18162.41429119 -.00000041  00000-0  00000+0 0  9998
2 27704  54.0928  83.3296 0246289 271.0925  27.5650  2.00561216111380
1 27704U 03010A   18162.88645532 -.00000041  00000-0  00000-0 0  9999
2 27704  54.0931  83.3100 0246281 271.1001   8.4815  2.00561242111397
1 27704U 03010A   18163.35932465 -.00000041  00000-0  00000+0 0  9995
2 27704  54.0934  83.2905 0246273 271.1082 349.9067  2.00561269111405
1 27704U 03010A   18163.90117550 -.00000041  00000-0  00000-0 0  9997
2 27704  54.0937  83.2680 0246264 271.1167  21.1393  2.00561300111410
1 27704U 03010A   18164.37119914 -.00000040  00000-0  00000+0 0  9993
2 27704  54.0940  83.2486 0246254 271.1248   0.5099  2.00561327111421
1 27704U 03010A   18165.37890736 -.00000038  00000-0  00000+0 0  9999
2 27704  54.0947  83.2069 0246248 271.1411   8.1054  2.00561392111449
1 27704U 03010A   18165.85351367 -.00000038  00000-0  00000-0 0  9995
2 27704  54.0950  83.1872 0246240 271.1490 350.7853  2.00561425111454
1 27704U 03010A   18166.40056539 -.00000037  00000-0  00000+0 0  9998
2 27704  54.0953  83.1646 0246235 271.1575  25.7735  2.00561464111466
1 27704U 03010A   18166.86994448 -.00000037  00000-0  00000-0 0  9999
2 27704  54.0956  83.1451 0246225 271.1651   4.6796  2.00561500111472
1 27704U 03010A   18167.33690549 -.00000038  00000-0  00000+0 0  9997
2 27704  54.0959  83.1258 0246218 271.1727 341.8397  2.00561536111489
1 27704U 03010A   18167.88252653 -.00000039  00000-0  00000-0 0  9999
2 27704  54.0962  83.1032 0246212 271.1813  15.7951  2.00561579111494
1 27704U 03010A   18168.35891369 -.00000041  00000-0  00000+0 0  9997
2 27704  54.0965  83.0835 0246198 271.1881 359.7621  2.00561617111505
1 27704U 03010A   18168.35891369 -.00000041  00000-0  00000-0 0  9998
2 27704  54.0965  83.0835 0246198 271.1881 359.7621  2.00561617111505
1 27704U 03010A   18168.81946053 -.00000043  00000-0  00000-0 0  9992
2 27704  54.0968  83.0644 0246192 271.1957 332.2911  2.00561656111516
1 27704U 03010A   18169.37102409 -.00000047  00000-0  00000+0 0  9996
2 27704  54.0971  83.0416 0246183 271.2035  10.5382  2.00561704111528
1 27704U 03010A   18169.91022774 -.00000051  00000-0  00000-0 0  9998
2 27704  54.0975  83.0193 0246175 271.2115  39.8609  2.00561753111535
1 27704U 03010A   18170.38499956 -.00000056  00000-0  00000+0 0  9995
2 27704  54.0978  82.9996 0246166 271.2188  22.6614  2.00561796111541
1 27704U 03010A   18170.85733309 -.00000061  00000-0  00000-0 0  9997
2 27704  54.0981  82.9800 0246156 271.2259   3.7018  2.00561841111557
1 27704U 03010A   18171.86938083 -.00000071  00000-0  00000-0 0  9996
2 27704  54.0987  82.9381 0246141 271.2406  14.4341  2.00561939111573
1 27704U 03010A   18172.34146854 -.00000075  00000-0  00000+0 0  9990
2 27704  54.0990  82.9186 0246133 271.2486 355.2962  2.00561987111588
1 27704U 03010A   18172.88142115 -.00000080  00000-0  00000+0 0  9991
2 27704  54.0994  82.8962 0246127 271.2564  25.1603  2.00562040111590
1 27704U 03010A   18172.88142115 -.00000080  00000-0  00000-0 0  9992
2 27704  54.0994  82.8962 0246127 271.2564  25.1603  2.00562040111590
1 27704U 03010A   18173.89148701 -.00000086  00000-0  00000-0 0  9997
2 27704  54.1000  82.8544 0246113 271.2709  34.4624  2.00562145111616
1 27704U 03010A   18174.36966647 -.00000088  00000-0  00000+0 0  9998
2 27704  54.1004  82.8346 0246106 271.2775  19.7247  2.00562194111627
1 27704U 03010A   18174.83938626 -.00000089  00000-0  00000-0 0  9998
2 27704  54.1007  82.8152 0246098 271.2843 358.8786  2.00562243111632
1 27704U 03010A   18175.38348817 -.00000089  00000-0  00000+0 0  9995
2 27704  54.1010  82.7927 0246091 271.2922  31.7390  2.00562300111649
1 27704U 03010A   18175.85421481 -.00000088  00000-0  00000-0 0  9996
2 27704  54.1013  82.7732 0246084 271.2985  11.6204  2.00562348111651
1 27704U 03010A   18176.31907663 -.00000087  00000-0  00000+0 0  9997
2 27704  54.1016  82.7540 0246077 271.3054 347.2667  2.00562394111664
1 27704U 03010A   18176.86316354 -.00000084  00000-0  00000-0 0  9996
2 27704  54.1019  82.7315 0246075 271.3131  20.1166  2.00562449111674
1 27704U 03010A   18177.34123954 -.00000081  00000-0  00000+0 0  9998
2 27704  54.1022  82.7117 0246066 271.3195   5.3048  2.00562495111684
1 27704U 03010A   18177.88116403 -.00000077  00000-0  00000-0 0  9994
2 27704  54.1026  82.6894 0246053 271.3285  35.1482  2.00562544111694
1 27704U 03010A   18178.35324012 -.00000073  00000-0  00000+0 0  9999
2 27704  54.1029  82.6699 0246043 271.3355  16.0037  2.00562588111701
1 27704U 03010A   18179.19511944 -.00000067  00000-0  00000+0 0  9997
2 27704  54.1034  82.6350 0246016 271.3485 263.8697  2.00562659111719
1 27704U 03010A   18180.37917942 -.00000058  00000-0  00000+0 0  9997
2 27704  54.1042  82.5861 0245993 271.3649  38.8044  2.00562749111748
1 27704U 03010A   18180.85413175 -.00000055  00000-0  00000-0 0  9997
2 27704  54.1045  82.5664 0245982 271.3716  21.7372  2.00562784111750
1 27704U 03010A   18181.32602698 -.00000052  00000-0  00000+0 0  9996
2 27704  54.1048  82.5469 0245972 271.3783   2.4630  2.00562819111762
1 27704U 03010A   18181.86466778 -.00000050  00000-0  00000-0 0  9991
2 27704  54.1052  82.5247 0245965 271.3871  31.3803  2.00562856111776
1 27704U 03010A   18182.33608986 -.00000048  00000-0  00000+0 0  9999
2 27704  54.1055  82.5052 0245955 271.3937  11.7644  2.00562882111780
1 27704U 03010A   18182.87758118 -.00000047  00000-0  00000-0 0  9991
2 27704  54.1058  82.4828 0245950 271.4026  42.7399  2.00562914111796
1 27704U 03010A   18183.35109245 -.00000046  00000-0  00000+0 0  9994
2 27704  54.1061  82.4632 0245942 271.4096  24.6323  2.00562938111805
1 27704U 03010A   18183.82563709 -.00000045  00000-0  00000-0 0  9995
2 27704  54.1064  82.4436 0245933 271.4167   7.2708  2.00562965111814
1 27704U 03010A   18184.36579541 -.00000045  00000-0  00000+0 0  9995
2 27704  54.1067  82.4213 0245929 271.4259  37.2838  2.00562991111824
1 27704U 03010A   18184.83937772 -.00000045  00000-0  00000-0 0  9992
2 27704  54.1071  82.4017 0245920 271.4332  19.2274  2.00563019111831
1 27704U 03010A   18185.18563271 -.00000045  00000-0  00000+0 0  9999
2 27704  54.1073  82.3873 0245908 271.4388 269.2358  2.00563037111839
1 27704U 03010A   18185.76703494 -.00000046  00000-0  00000-0 0  9998
2 27704  54.1077  82.3633 0245898 271.4471 329.0300  2.00563062111850
1 27704U 03010A   18186.24753264 -.00000047  00000-0  00000+0 0  9992
2 27704  54.1080  82.3434 0245889 271.4549 315.9666  2.00563089111868
1 27704U 03010A   18186.86677611 -.00000047  00000-0  00000-0 0  9992
2 27704  54.1084  82.3177 0245878 271.4641  43.0834  2.00563113111872
1 27704U 03010A   18187.33761997 -.00000048  00000-0  00000+0 0  9996
2 27704  54.1087  82.2983 0245869 271.4712  23.0501  2.00563135111882
1 27704U 03010A   18188.81879175 -.00000049  00000-0  00000-0 0  9990
2 27704  54.1097  82.2369 0245834 271.4920  12.5132  2.00563212111917
1 27704U 03010A   18189.36564163 -.00000049  00000-0  00000+0 0  9998
2 27704  54.1101  82.2143 0245827 271.5002  47.3594  2.00563238111924
1 27704U 03010A   18190.29872313 -.00000049  00000-0  00000+0 0  9991
2 27704  54.1108  82.1757 0245806 271.5131   1.0807  2.00563290111945
1 27704U 03010A   18190.85116434 -.00000048  00000-0  00000-0 0  9998
2 27704  54.1111  82.1528 0245808 271.5214  39.9641  2.00563316111955
1 27704U 03010A   18191.31676104 -.00000047  00000-0  00000+0 0  9993
2 27704  54.1115  82.1335 0245801 271.5279  16.1432  2.00563343111965
1 27704U 03010A   18192.33381687 -.00000044  00000-0  00000+0 0  9992
2 27704  54.1122  82.0914 0245790 271.5424  30.4974  2.00563407111987
1 27704U 03010A   18192.73989374 -.00000043  00000-0  00000+0 0  9992
2 27704  54.1124  82.0746 0245778 271.5480 323.7010  2.00563433111999
1 27704U 03010A   18192.73989374 -.00000043  00000-0  00000-0 0  9993
2 27704  54.1124  82.0746 0245778 271.5480 323.7010  2.00563433111999
1 27704U 03010A   18193.82282465 -.00000041  00000-0  00000-0 0  9999
2 27704  54.1132  82.0298 0245765 271.5629  25.6204  2.00563508112011
1 27704U 03010A   18194.36207803 -.00000041  00000-0  00000+0 0  9991
2 27704  54.1135  82.0075 0245771 271.5722  54.9812  2.00563550112026
1 27704U 03010A   18195.16463528 -.00000042  00000-0  00000+0 0  9999
2 27704  54.1141  81.9742 0245755 271.5852 274.4580  2.00563613112030
1 27704U 03010A   18195.62281922 -.00000043  00000-0  00000-0 0  9998
2 27704  54.1144  81.9552 0245751 271.5922 245.2847  2.00563649112059
1 27704U 03010A   18196.32238590 -.00000047  00000-0  00000+0 0  9992
2 27704  54.1149  81.9263 0245739 271.5989  30.4033  2.00563711112064
1 27704U 03010A   18198.64636878 -.00000066  00000-0  00000+0 0  9991
2 27704  54.1165  81.8300 0245699 271.6321 268.4135  2.00563927112109
1 27704U 03010A   18199.65152557 -.00000075  00000-0  00000-0 0  9991
2 27704  54.1172  81.7883 0245677 271.6435 274.1810  2.00564027112133
1 27704U 03010A   18200.30703865 -.00000080  00000-0  00000+0 0  9995
2 27704  54.1176  81.7612 0245676 271.6500  27.4916  2.00564096112142
1 27704U 03010A   18200.84461163 -.00000083  00000-0  00000-0 0  9990
2 27704  54.1180  81.7389 0245686 271.6592  55.6402  2.00564154112159
1 27704U 03010A   18201.32224397 -.00000085  00000-0  00000+0 0  9991
2 27704  54.1184  81.7192 0245681 271.6648  40.5120  2.00564206112161
1 27704U 03010A   18201.78881957 -.00000086  00000-0  00000-0 0  9994
2 27704  54.1187  81.6998 0245675 271.6705  17.4001  2.00564255112170
1 27704U 03010A   18202.33476457 -.00000086  00000-0  00000+0 0  9990
2 27704  54.1191  81.6773 0245674 271.6779  51.5957  2.00564312112180
1 27704U 03010A   18202.80147594 -.00000086  00000-0  00000-0 0  9990
2 27704  54.1194  81.6579 0245662 271.6830  28.5826  2.00564362112197
1 27704U 03010A   18203.34551848 -.00000084  00000-0  00000+0 0  9998
2 27704  54.1198  81.6354 0245663 271.6914  61.4036  2.00564420112202
1 27704U 03010A   18203.34551848 -.00000084  00000-0  00000-0 0  9999
2 27704  54.1198  81.6354 0245663 271.6914  61.4036  2.00564420112202
1 27704U 03010A   18204.83407837 -.00000075  00000-0  00000-0 0  9992
2 27704  54.1209  81.5739 0245647 271.7109  56.2091  2.00564574112236
1 27704U 03010A   18205.30323656 -.00000071  00000-0  00000-0 0  9997
2 27704  54.1212  81.5545 0245641 271.7175  34.9616  2.00564621112242
1 27704U 03010A   18205.77459324 -.00000067  00000-0  00000-0 0  9995
2 27704  54.1215  81.5350 0245633 271.7235  15.3022  2.00564668112253
1 27704U 03010A   18206.78653296 -.00000058  00000-0  00000-0 0  9991
2 27704  54.1222  81.4931 0245617 271.7369  25.9676  2.00564760112272
1 27704U 03010A   18207.80521622 -.00000050  00000-0  00000-0 0  9994
2 27704  54.1229  81.4510 0245592 271.7481  41.5047  2.00564843112299
1 27704U 03010A   18208.81911161 -.00000044  00000-0  00000-0 0  9990
2 27704  54.1236  81.4091 0245572 271.7602  53.5840  2.00564919112315
1 27704U 03010A   18209.13579832 -.00000042  00000-0  00000+0 0  9998
2 27704  54.1239  81.3960 0245554 271.7626 282.2479  2.00564943112314
1 27704U 03010A   18209.60477845 -.00000040  00000-0  00000-0 0  9990
2 27704  54.1242  81.3766 0245547 271.7689 260.8726  2.00564974112336
1 27704U 03010A   18210.30083123 -.00000038  00000-0  00000+0 0  9997
2 27704  54.1247  81.3479 0245555 271.7801  43.4524  2.00565019112340
1 27704U 03010A   18210.76959699 -.00000037  00000-0  00000-0 0  9997
2 27704  54.1250  81.3285 0245550 271.7863  21.9227  2.00565049112357
1 27704U 03010A   18211.09060438 -.00000036  00000-0  00000+0 0  9996
2 27704  54.1252  81.3153 0245540 271.7913 253.7039  2.00565068112355
1 27704U 03010A   18211.79172986 -.00000036  00000-0  00000-0 0  9996
2 27704  54.1257  81.2863 0245537 271.8003  39.9488  2.00565106112371
1 27704U 03010A   18212.10635894 -.00000035  00000-0  00000+0 0  9992
2 27704  54.1259  81.2733 0245526 271.8047 267.1252  2.00565125112370
1 27704U 03010A   18212.79777091 -.00000035  00000-0  00000+0 0  9993
2 27704  54.1264  81.2447 0245525 271.8146  46.3557  2.00565161112394
1 27704U 03010A   18213.27213411 -.00000035  00000-0  00000+0 0  9998
2 27704  54.1268  81.2251 0245510 271.8191  28.8696  2.00565186112403
1 27704U 03010A   18213.81730809 -.00000035  00000-0  00000-0 0  9994
2 27704  54.1272  81.2025 0245505 271.8275  62.5093  2.00565214112413
1 27704U 03010A   18214.28761140 -.00000036  00000-0  00000+0 0  9998
2 27704  54.1275  81.1830 0245498 271.8338  42.0902  2.00565238112429
1 27704U 03010A   18214.75810752 -.00000036  00000-0  00000-0 0  9995
2 27704  54.1278  81.1636 0245490 271.8397  21.8105  2.00565262112431
1 27704U 03010A   18215.07622272 -.00000036  00000-0  00000+0 0  9998
2 27704  54.1281  81.1504 0245481 271.8449 251.5035  2.00565278112438
1 27704U 03010A   18215.76992903 -.00000035  00000-0  00000+0 0  9994
2 27704  54.1286  81.1217 0245484 271.8551  32.3910  2.00565317112454
1 27704U 03010A   18216.31273729 -.00000035  00000-0  00000+0 0  9994
2 27704  54.1290  81.0992 0245485 271.8639  64.3225  2.00565346112463
1 27704U 03010A   18216.78409111 -.00000034  00000-0  00000-0 0  9991
2 27704  54.1293  81.0797 0245478 271.8689  44.6634  2.00565372112471
1 27704U 03010A   18217.25544104 -.00000034  00000-0  00000+0 0  9995
2 27704  54.1297  81.0602 0245460 271.8716  25.0038  2.00565398112482
1 27704U 03010A   18217.25544104 -.00000034  00000-0  00000-0 0  9996
2 27704  54.1297  81.0602 0245460 271.8716  25.0038  2.00565398112482
1 27704U 03010A   18217.59923674 -.00000033  00000-0  00000+0 0  9994
2 27704  54.1300  81.0460 0245451 271.8765 273.2401  2.00565417112486
1 27704U 03010A   18217.59923674 -.00000033  00000-0  00000-0 0  9995
2 27704  54.1300  81.0460 0245451 271.8765 273.2401  2.00565417112497
1 27704U 03010A   18218.81367282 -.00000030  00000-0  00000-0 0  9995
2 27704  54.1309  80.9958 0245457 271.8937  70.1196  2.00565487112518
1 27704U 03010A   18219.28604466 -.00000028  00000-0  00000+0 0  9991
2 27704  54.1312  80.9762 0245455 271.8997  51.1948  2.00565517112528
1 27704U 03010A   18219.75340368 -.00000026  00000-0  00000+0 0  9999
2 27704  54.1316  80.9569 0245449 271.9048  28.6514  2.00565547112530
1 27704U 03010A   18220.07377625 -.00000025  00000-0  00000+0 0  9991
2 27704  54.1318  80.9436 0245441 271.9099 259.9748  2.00565567112533
1 27704U 03010A   18220.77088510 -.00000024  00000-0  00000-0 0  9990
2 27704  54.1323  80.9148 0245439 271.9166  43.3234  2.00565615112552
1 27704U 03010A   18221.08106220 -.00000023  00000-0  00000+0 0  9992
2 27704  54.1326  80.9019 0245432 271.9217 267.2851  2.00565636112557
1 27704U 03010A   18221.71180642 -.00000022  00000-0  00000+0 0  9991
2 27704  54.1330  80.8758 0245427 271.9275   2.7155  2.00565684112573
1 27704U 03010A   18222.08619334 -.00000022  00000-0  00000+0 0  9997
2 27704  54.1333  80.8603 0245423 271.9340 273.0394  2.00565712112585
1 27704U 03010A   18222.08619334 -.00000022  00000-0  00000-0 0  9998
2 27704  54.1333  80.8603 0245423 271.9340 273.0394  2.00565712112585
1 27704U 03010A   18224.75703767 -.00000034  00000-0  00000-0 0  9991
2 27704  54.1353  80.7498 0245408 271.9649  41.5241  2.00565942112633
1 27704U 03010A   18225.77004730 -.00000043  00000-0  00000-0 0  9998
2 27704  54.1360  80.7078 0245419 271.9821  52.9635  2.00566041112655
1 27704U 03010A   18226.24273207 -.00000047  00000-0  00000+0 0  9991
2 27704  54.1364  80.6883 0245419 271.9883  34.2655  2.00566090112660
1 27704U 03010A   18227.72136796 -.00000058  00000-0  00000+0 0  9998
2 27704  54.1375  80.6270 0245411 272.0053  21.9170  2.00566243112693
1 27704U 03010A   18227.72136796 -.00000058  00000-0  00000-0 0  9999
2 27704  54.1375  80.6270 0245411 272.0053  21.9170  2.00566243112693
1 27704U 03010A   18228.81361845 -.00000063  00000-0  00000-0 0  9991
2 27704  54.1383  80.5818 0245412 272.0195  90.5772  2.00566356112726
1 27704U 03010A   18229.28338884 -.00000064  00000-0  00000+0 0  9990
2 27704  54.1387  80.5624 0245410 272.0249  69.7761  2.00566408112727
1 27704U 03010A   18229.60381955 -.00000064  00000-0  00000-0 0  9994
2 27704  54.1389  80.5492 0245396 272.0276 301.1448  2.00566443112730
1 27704U 03010A   18230.22580145 -.00000062  00000-0  00000+0 0  9993
2 27704  54.1394  80.5235 0245400 272.0337  30.2494  2.00566509112740
1 27704U 03010A   18230.77059962 -.00000060  00000-0  00000-0 0  9990
2 27704  54.1398  80.5010 0245401 272.0406  63.6218  2.00566566112751
1 27704U 03010A   18231.71137461 -.00000054  00000-0  00000+0 0  9998
2 27704  54.1405  80.4621 0245398 272.0530  22.9096  2.00566667112776
1 27704U 03010A   18232.25448073 -.00000050  00000-0  00000+0 0  9998
2 27704  54.1410  80.4396 0245398 272.0599  55.0605  2.00566721112781
1 27704U 03010A   18232.79796720 -.00000046  00000-0  00000+0 0  9997
2 27704  54.1414  80.4171 0245401 272.0695  87.4833  2.00566774112799
1 27704U 03010A   18232.79796720 -.00000046  00000-0  00000-0 0  9998
2 27704  54.1414  80.4171 0245401 272.0695  87.4833  2.00566774112801
1 27704U 03010A   18234.21004618 -.00000033  00000-0  00000-0 0  9991
2 27704  54.1424  80.3588 0245380 272.0813  27.0845  2.00566906112823
1 27704U 03010A   18235.22659094 -.00000026  00000-0  00000+0 0  9998
2 27704  54.1431  80.3168 0245373 272.0935  41.0842  2.00566990112840
1 27704U 03010A   18235.77023713 -.00000022  00000-0  00000-0 0  9998
2 27704  54.1435  80.2944 0245373 272.1014  73.6245  2.00567031112850
1 27704U 03010A   18236.08563917 -.00000020  00000-0  00000+0 0  9995
2 27704  54.1438  80.2813 0245359 272.1020 301.3650  2.00567056112857
1 27704U 03010A   18236.71133590 -.00000017  00000-0  00000-0 0  9992
2 27704  54.1443  80.2555 0245362 272.1091  33.1522  2.00567099112875
1 27704U 03010A   18237.25773596 -.00000015  00000-0  00000+0 0  9995
2 27704  54.1447  80.2329 0245363 272.1169  67.6813  2.00567135112882
1 27704U 03010A   18237.72065983 -.00000014  00000-0  00000-0 0  9991
2 27704  54.1450  80.2138 0245363 272.1231  41.9369  2.00567166112890
1 27704U 03010A   18238.26890431 -.00000013  00000-0  00000+0 0  9993
2 27704  54.1454  80.1912 0245364 272.1314  77.7976  2.00567200112908
1 27704U 03010A   18238.26890431 -.00000013  00000-0  00000-0 0  9994
2 27704  54.1454  80.1912 0245364 272.1314  77.7976  2.00567200112908
1 27704U 03010A   18239.28267697 -.00000012  00000-0  00000+0 0  9997
2 27704  54.1462  80.1493 0245371 272.1477  89.7926  2.00567258112922
1 27704U 03010A   18240.22608611 -.00000011  00000-0  00000+0 0  9997
2 27704  54.1469  80.1103 0245375 272.1635  50.9813  2.00567313112946
1 27704U 03010A   18240.69456277 -.00000011  00000-0  00000-0 0  9998
2 27704  54.1472  80.0910 0245373 272.1702  29.2462  2.00567338112955
1 27704U 03010A   18241.24225618 -.00000011  00000-0  00000+0 0  9992
2 27704  54.1477  80.0684 0245375 272.1765  64.7113  2.00567367112969
1 27704U 03010A   18241.78531115 -.00000011  00000-0  00000+0 0  9993
2 27704  54.1481  80.0459 0245376 272.1854  96.8246  2.00567393112977
1 27704U 03010A   18241.78531115 -.00000011  00000-0  00000-0 0  9994
2 27704  54.1481  80.0459 0245376 272.1854  96.8246  2.00567393112988
1 27704U 03010A   18242.72333389 -.00000010  00000-0  00000+0 0  9990
2 27704  54.1488  80.0072 0245372 272.1961  54.1296  2.00567441112998
1 27704U 03010A   18242.72333389 -.00000010  00000-0  00000-0 0  9991
2 27704  54.1488  80.0072 0245372 272.1961  54.1296  2.00567441112998
1 27704U 03010A   18243.73963418 -.00000009  00000-0  00000-0 0  9993
2 27704  54.1496  79.9652 0245372 272.2076  67.9557  2.00567493113019
1 27704U 03010A   18244.52064255 -.00000008  00000-0  00000+0 0  9990
2 27704  54.1502  79.9329 0245361 272.2144 271.8898  2.00567533113022
1 27704U 03010A   18245.22161955 -.00000006  00000-0  00000+0 0  9991
2 27704  54.1508  79.9039 0245369 272.2224  58.0350  2.00567571113045
1 27704U 03010A   18245.75960618 -.00000005  00000-0  00000-0 0  9992
2 27704  54.1511  79.8817 0245372 272.2293  86.4912  2.00567600113066
1 27704U 03010A   18246.54764729 -.00000002  00000-0  00000+0 0  9991
2 27704  54.1518  79.8491 0245370 272.2402 295.4998  2.00567649113060
1 27704U 03010A   18246.70696522 -.00000001  00000-0  00000+0 0  9993
2 27704  54.1519  79.8425 0245376 272.2413  50.5373  2.00567659113075
1 27704U 03010A   18246.70696522 -.00000001  00000-0  00000-0 0  9994
2 27704  54.1519  79.8425 0245376 272.2413  50.5373  2.00567659113075
1 27704U 03010A   18247.72664000  .00000002  00000-0  00000+0 0  9992
2 27704  54.1527  79.8004 0245384 272.2544  66.7993  2.00567723113092
1 27704U 03010A   18247.72664000  .00000002  00000-0  00000-0 0  9993
2 27704  54.1527  79.8004 0245384 272.2544  66.7993  2.00567723113092
1 27704U 03010A   18249.74854094  .00000003  00000-0  00000+0 0  9991
2 27704  54.1542  79.7168 0245402 272.2830  86.7228  2.00567866113134
1 27704U 03010A   18250.22170907  .00000002  00000-0  00000+0 0  9999
2 27704  54.1546  79.6972 0245402 272.2852  68.3808  2.00567905113149
1 27704U 03010A   18251.71086294 -.00000006  00000-0  00000+0 0  9994
2 27704  54.1558  79.6356 0245412 272.3017  63.6371  2.00568031113170
1 27704U 03010A   18251.71086294 -.00000006  00000-0  00000-0 0  9995
2 27704  54.1558  79.6356 0245412 272.3017  63.6371  2.00568031113170
1 27704U 03010A   18252.71937595 -.00000015  00000-0  00000-0 0  9995
2 27704  54.1565  79.5939 0245420 272.3154  71.8405  2.00568123113198
1 27704U 03010A   18253.26517876 -.00000020  00000-0  00000+0 0  9997
2 27704  54.1570  79.5713 0245428 272.3265 105.9375  2.00568175113209
1 27704U 03010A   18253.73566656 -.00000024  00000-0  00000-0 0  9994
2 27704  54.1573  79.5519 0245432 272.3320  85.6573  2.00568221113221
1 27704U 03010A   18254.20938444 -.00000028  00000-0  00000+0 0  9998
2 27704  54.1577  79.5323 0245435 272.3387  67.7083  2.00568270113225
1 27704U 03010A   18254.75351351 -.00000032  00000-0  00000-0 0  9990
2 27704  54.1581  79.5098 0245442 272.3463 100.6004  2.00568324113244
1 27704U 03010A   18255.22379436 -.00000035  00000-0  00000+0 0  9999
2 27704  54.1585  79.4903 0245445 272.3458  80.1771  2.00568373113246
1 27704U 03010A   18256.23882501 -.00000039  00000-0  00000+0 0  9997
2 27704  54.1593  79.4484 0245458 272.3581  93.0890  2.00568477113262
1 27704U 03010A   18256.23882501 -.00000039  00000-0  00000-0 0  9998
2 27704  54.1593  79.4484 0245458 272.3581  93.0890  2.00568477113273
1 27704U 03010A   18256.71016970 -.00000040  00000-0  00000-0 0  9992
2 27704  54.1597  79.4289 0245463 272.3627  73.4289  2.00568527113277
1 27704U 03010A   18257.24949390 -.00000040  00000-0  00000+0 0  9991
2 27704  54.1601  79.4066 0245472 272.3707 102.8515  2.00568583113287
1 27704U 03010A   18257.72100833 -.00000038  00000-0  00000-0 0  9993
2 27704  54.1605  79.3871 0245478 272.3760  83.3133  2.00568633113295
1 27704U 03010A   18258.26296161 -.00000036  00000-0  00000+0 0  9990
2 27704  54.1609  79.3647 0245483 272.3862 114.6323  2.00568688113300
1 27704U 03010A   18258.65908503 -.00000034  00000-0  00000-0 0  9992
2 27704  54.1612  79.3484 0245486 272.3884  40.6597  2.00568732113312
1 27704U 03010A   18259.27943921 -.00000030  00000-0  00000+0 0  9999
2 27704  54.1617  79.3228 0245494 272.3974 128.5911  2.00568793113326
1 27704U 03010A   18260.22421622 -.00000023  00000-0  00000+0 0  9997
2 27704  54.1624  79.2838 0245503 272.4088  90.7769  2.00568887113345
1 27704U 03010A   18260.69056581 -.00000019  00000-0  00000-0 0  9992
2 27704  54.1627  79.2645 0245506 272.4125  67.5114  2.00568933113358
1 27704U 03010A   18261.47740934 -.00000013  00000-0  00000+0 0  9994
2 27704  54.1633  79.2320 0245496 272.4230 275.6592  2.00569005113364
1 27704U 03010A   18262.25097718 -.00000007  00000-0  00000-0 0  9990
2 27704  54.1639  79.2001 0245510 272.4348 114.2197  2.00569068113383
1 27704U 03010A   18262.72121417 -.00000005  00000-0  00000-0 0  9994
2 27704  54.1642  79.1807 0245515 272.4394  93.7606  2.00569106113408
1 27704U 03010A   18263.70729470  .00000000  00000-0  00000-0 0  9990
2 27704  54.1650  79.1400 0245523 272.4494  85.7731  2.00569181113421
1 27704U 03010A   18264.67522764  .00000003  00000-0  00000-0 0  9997
2 27704  54.1657  79.1000 0245536 272.4601  64.6811  2.00569246113436
1 27704U 03010A   18265.53460556  .00000005  00000-0  00000-0 0  9995
2 27704  54.1663  79.0646 0245545 272.4693 325.2061  2.00569299113441
1 27704U 03010A   18266.23664330  .00000005  00000-0  00000-0 0  9999
2 27704  54.1669  79.0356 0245558 272.4824 112.1163  2.00569338113467
1 27704U 03010A   18266.71644736  .00000005  00000-0  00000-0 0  9990
2 27704  54.1673  79.0158 0245565 272.4889  98.5638  2.00569364113486
1 27704U 03010A   18267.02042712  .00000005  00000-0  00000-0 0  9991
2 27704  54.1675  79.0033 0245562 272.4936 318.0551  2.00569383113474
1 27704U 03010A   18267.02042712  .00000005  00000-0  00000-0 0  9991
2 27704  54.1675  79.0033 0245562 272.4936 318.0551  2.00569383113485
1 27704U 03010A   18268.19418192  .00000005  00000-0  00000-0 0  9999
2 27704  54.1684  78.9548 0245585 272.5102  85.5766  2.00569443113509
1 27704U 03010A   18269.04645322  .00000005  00000-0  00000-0 0  9991
2 27704  54.1691  78.9197 0245598 272.5173 340.9729  2.00569484113523
1 27704U 03010A   18270.53469546  .00000005  00000-0  00000+0 0  9998
2 27704  54.1702  78.8583 0245606 272.5424 335.5703  2.00569557113559
1 27704U 03010A   18271.44199774  .00000006  00000-0  00000+0 0  9993
2 27704  54.1709  78.8208 0245620 272.5557 270.6974  2.00569602113575
1 27704U 03010A   18271.70323251  .00000007  00000-0  00000-0 0  9993
2 27704  54.1711  78.8100 0245631 272.5601  99.3243  2.00569617113583
1 27704U 03010A   18272.17972723  .00000008  00000-0  00000+0 0  9999
2 27704  54.1715  78.7903 0245644 272.5643  83.3851  2.00569642113583
1 27704U 03010A   18272.68100807  .00000009  00000-0  00000-0 0  9993
2 27704  54.1719  78.7697 0245654 272.5711  85.3409  2.00569668113606
1 27704U 03010A   18273.02796853  .00000010  00000-0  00000+0 0  9995
2 27704  54.1721  78.7553 0245664 272.5699 335.8738  2.00569686113592
1 27704U 03010A   18274.68619355  .00000014  00000-0  00000+0 0  9993
2 27704  54.1734  78.6869 0245707 272.5933  93.2147  2.00569782113635
1 27704U 03010A   18274.68619355  .00000014  00000-0  00000-0 0  9994
2 27704  54.1734  78.6869 0245707 272.5933  93.2147  2.00569782113646
1 27704U 03010A   18277.16785720  .00000014  00000-0  00000+0 0  9999
2 27704  54.1753  78.5844 0245773 272.6244  85.1342  2.00569950113686
1 27704U 03010A   18279.20193174  .00000001  00000-0  00000+0 0  9998
2 27704  54.1768  78.5004 0245810 272.6583 113.8589  2.00570117113722
1 27704U 03010A   18279.60722170 -.00000002  00000-0  00000+0 0  9998
2 27704  54.1771  78.4837 0245818 272.6609  46.5070  2.00570154113735
1 27704U 03010A   18279.67738288 -.00000003  00000-0  00000-0 0  9994
2 27704  54.1771  78.4808 0245826 272.6610  97.1688  2.00570160113738
1 27704U 03010A   18279.67738288 -.00000003  00000-0  00000-0 0  9994
2 27704  54.1771  78.4808 0245826 272.6610  97.1688  2.00570160113749
1 27704U 03010A   18281.47161698 -.00000020  00000-0  00000+0 0  9998
2 27704  54.1784  78.4066 0245847 272.6864 312.7199  2.00570330113767
1 27704U 03010A   18281.61141031 -.00000022  00000-0  00000-0 0  9996
2 27704  54.1785  78.4009 0245859 272.6875  53.6605  2.00570344113779
1 27704U 03010A   18282.48620970 -.00000029  00000-0  00000+0 0  9992
2 27704  54.1792  78.3647 0245878 272.6978 325.3236  2.00570430113796
1 27704U 03010A   18282.64649115 -.00000030  00000-0  00000-0 0  9995
2 27704  54.1793  78.3581 0245889 272.7014  81.0559  2.00570448113791
1 27704U 03010A   18283.02873274 -.00000032  00000-0  00000+0 0  9994
2 27704  54.1796  78.3423 0245894 272.7053 357.0603  2.00570486113808
1 27704U 03010A   18283.66397433 -.00000034  00000-0  00000+0 0  9994
2 27704  54.1801  78.3161 0245916 272.7152  95.7447  2.00570551113815
1 27704U 03010A   18283.66397433 -.00000034  00000-0  00000-0 0  9995
2 27704  54.1801  78.3161 0245916 272.7152  95.7447  2.00570551113826
1 27704U 03010A   18285.21913362 -.00000034  00000-0  00000+0 0  9992
2 27704  54.1813  78.2519 0245942 272.7436 138.6640  2.00570712113842
1 27704U 03010A   18285.69442699 -.00000033  00000-0  00000-0 0  9994
2 27704  54.1816  78.2322 0245954 272.7506 121.8564  2.00570761113863
1 27704U 03010A   18286.46909267 -.00000029  00000-0  00000+0 0  9993
2 27704  54.1822  78.2003 0245976 272.7573 321.2197  2.00570840113871
1 27704U 03010A   18288.64011821 -.00000014  00000-0  00000+0 0  9999
2 27704  54.1839  78.1107 0246034 272.7892  88.8413  2.00571043113911
1 27704U 03010A   18289.51176729 -.00000009  00000-0  00000+0 0  9999
2 27704  54.1845  78.0748 0246045 272.8001 358.2309  2.00571119113937
1 27704U 03010A   18290.45684756 -.00000005  00000-0  00000+0 0  9994
2 27704  54.1852  78.0358 0246065 272.8137 320.6413  2.00571191113955
1 27704U 03010A   18290.62851535 -.00000004  00000-0  00000+0 0  9993
2 27704  54.1853  78.0287 0246076 272.8171  84.5959  2.00571203113952
1 27704U 03010A   18290.62851535 -.00000004  00000-0  00000-0 0  9994
2 27704  54.1853  78.0287 0246076 272.8171  84.5959  2.00571203113963
1 27704U 03010A   18291.70591743 -.00000001  00000-0  00000+0 0  9992
2 27704  54.1861  77.9843 0246090 272.8359 142.5484  2.00571279113974
1 27704U 03010A   18291.70591743 -.00000001  00000-0  00000-0 0  9993
2 27704  54.1861  77.9843 0246090 272.8359 142.5484  2.00571279113985
1 27704U 03010A   18292.95544895 -.00000000  00000-0  00000+0 0  9995
2 27704  54.1869  77.9327 0246114 272.8547 324.7926  2.00571359114004
1 27704U 03010A   18293.87649872 -.00000001  00000-0  00000-0 0  9990
2 27704  54.1876  77.8947 0246162 272.8660 269.8540  2.00571408114026
1 27704U 03010A   18294.13984197 -.00000001  00000-0  00000+0 0  9991
2 27704  54.1878  77.8838 0246190 272.8680 100.0074  2.00571425114027
1 27704U 03010A   18294.13984197 -.00000001  00000-0  00000-0 0  9992
2 27704  54.1878  77.8838 0246190 272.8680 100.0074  2.00571425114038
1 27704U 03010A   18295.45382042 -.00000002  00000-0  00000+0 0  9999
2 27704  54.1888  77.8297 0246222 272.8882 328.7869  2.00571490114053
1 27704U 03010A   18295.68953984 -.00000003  00000-0  00000-0 0  9995
2 27704  54.1889  77.8199 0246229 272.8939 138.9900  2.00571501114066
1 27704U 03010A   18296.53457788 -.00000003  00000-0  00000+0 0  9990
2 27704  54.1896  77.7851 0246259 272.9049  29.1656  2.00571543114070
1 27704U 03010A   18297.11555536 -.00000004  00000-0  00000+0 0  9996
2 27704  54.1900  77.7611 0246281 272.9135  88.6704  2.00571570114086
1 27704U 03010A   18298.49500543 -.00000003  00000-0  00000+0 0  9995
2 27704  54.1910  77.7042 0246315 272.9351   4.7254  2.00571635114118
1 27704U 03010A   18298.66759767 -.00000003  00000-0  00000-0 0  9999
2 27704  54.1911  77.6971 0246323 272.9390 129.3474  2.00571644114120
1 27704U 03010A   18298.96571237 -.00000003  00000-0  00000+0 0  9995
2 27704  54.1913  77.6848 0246327 272.9424 344.6073  2.00571658114129
1 27704U 03010A   18300.45386733 -.00000001  00000-0  00000+0 0  9996
2 27704  54.1924  77.6234 0246372 272.9652 339.1555  2.00571734114155
1 27704U 03010A   18301.46790568  .00000001  00000-0  00000+0 0  9992
2 27704  54.1931  77.5815 0246413 272.9805 351.3601  2.00571790114175
1 27704U 03010A   18301.46790568  .00000001  00000-0  00000-0 0  9993
2 27704  54.1931  77.5815 0246413 272.9805 351.3601  2.00571790114175
1 27704U 03010A   18301.93947435  .00000002  00000-0  00000+0 0  9992
2 27704  54.1935  77.5621 0246424 272.9886 331.8638  2.00571817114189
1 27704U 03010A   18302.54836017  .00000003  00000-0  00000-0 0  9995
2 27704  54.1939  77.5369 0246443 272.9992  51.5197  2.00571857114192
1 27704U 03010A   18303.03823287  .00000003  00000-0  00000+0 0  9994
2 27704  54.1943  77.5167 0246468 273.0061  45.2418  2.00571887114200
1 27704U 03010A   18303.51901990  .00000003  00000-0  00000+0 0  9995
2 27704  54.1946  77.4969 0246493 273.0128  32.4035  2.00571919114214
1 27704U 03010A   18303.51901990  .00000003  00000-0  00000-0 0  9996
2 27704  54.1946  77.4969 0246493 273.0128  32.4035  2.00571919114214
1 27704U 03010A   18305.14594275 -.00000003  00000-0  00000+0 0  9991
2 27704  54.1957  77.4297 0246558 273.0412 127.1499  2.00572035114247
1 27704U 03010A   18305.69144347 -.00000007  00000-0  00000-0 0  9997
2 27704  54.1961  77.4072 0246569 273.0515 161.0371  2.00572077114263
1 27704U 03010A   18306.16257542 -.00000011  00000-0  00000+0 0  9996
2 27704  54.1965  77.3877 0246585 273.0594 141.2263  2.00572116114268
1 27704U 03010A   18306.63379140 -.00000015  00000-0  00000-0 0  9992
2 27704  54.1968  77.3683 0246616 273.0649 121.4786  2.00572156114288
1 27704U 03010A   18307.33700024 -.00000022  00000-0  00000+0 0  9996
2 27704  54.1973  77.3392 0246624 273.0764 269.2434  2.00572217114287
1 27704U 03010A   18307.95348479 -.00000029  00000-0  00000+0 0  9993
2 27704  54.1977  77.3138 0246646 273.0845 354.3896  2.00572275114308
1 27704U 03010A   18307.95348479 -.00000029  00000-0  00000-0 0  9994
2 27704  54.1977  77.3138 0246646 273.0845 354.3896  2.00572275114308
1 27704U 03010A   18308.59658142 -.00000036  00000-0  00000-0 0  9994
2 27704  54.1982  77.2872 0246685 273.0947  98.7498  2.00572334114329
1 27704U 03010A   18309.13214109 -.00000041  00000-0  00000+0 0  9991
2 27704  54.1985  77.2651 0246705 273.1035 125.4608  2.00572386114327
1 27704U 03010A   18309.51612639 -.00000044  00000-0  00000+0 0  9996
2 27704  54.1988  77.2493 0246721 273.1072  42.7272  2.00572425114336
1 27704U 03010A   18309.51612639 -.00000044  00000-0  00000-0 0  9997
2 27704  54.1988  77.2493 0246721 273.1072  42.7272  2.00572425114336
1 27704U 03010A   18310.61565282 -.00000051  00000-0  00000-0 0  9999
2 27704  54.1996  77.2039 0246767 273.1254 116.6611  2.00572534114365
1 27704U 03010A   18311.57590226 -.00000054  00000-0  00000+0 0  9993
2 27704  54.2003  77.1643 0246796 273.1410  90.0281  2.00572634114371
1 27704U 03010A   18311.82385851 -.00000054  00000-0  00000-0 0  9998
2 27704  54.2004  77.1540 0246790 273.1449 269.0700  2.00572659114386
1 27704U 03010A   18312.51965647 -.00000054  00000-0  00000+0 0  9991
2 27704  54.2009  77.1253 0246831 273.1554  51.4856  2.00572731114392
1 27704U 03010A   18313.49471434 -.00000051  00000-0  00000+0 0  9992
2 27704  54.2016  77.0851 0246869 273.1702  35.5467  2.00572828114410
1 27704U 03010A   18313.65584590 -.00000050  00000-0  00000-0 0  9998
2 27704  54.2017  77.0785 0246870 273.1754 151.8926  2.00572842114425
1 27704U 03010A   18314.60033786 -.00000045  00000-0  00000-0 0  9994
2 27704  54.2024  77.0395 0246903 273.1907 113.8823  2.00572934114434
1 27704U 03010A   18315.45101049 -.00000040  00000-0  00000+0 0  9990
2 27704  54.2030  77.0044 0246929 273.2027   8.1300  2.00573016114454
1 27704U 03010A   18315.61732042 -.00000039  00000-0  00000-0 0  9990
2 27704  54.2031  76.9975 0246936 273.2078 128.2152  2.00573029114464
1 27704U 03010A   18316.31072428 -.00000035  00000-0  00000+0 0  9998
2 27704  54.2036  76.9689 0246948 273.2180 268.9031  2.00573089114462
1 27704U 03010A   18317.54965435 -.00000029  00000-0  00000+0 0  9996
2 27704  54.2044  76.9178 0247000 273.2386  83.4985  2.00573189114494
1 27704U 03010A   18317.63978021 -.00000029  00000-0  00000-0 0  9992
2 27704  54.2045  76.9141 0246998 273.2413 148.5746  2.00573196114509
1 27704U 03010A   18318.65144730 -.00000027  00000-0  00000-0 0  9995
2 27704  54.2052  76.8723 0247037 273.2589 159.0695  2.00573268114523
1 27704U 03010A   18319.43075075 -.00000026  00000-0  00000+0 0  9995
2 27704  54.2058  76.8402 0247073 273.2699   1.7842  2.00573320114532
1 27704U 03010A   18319.66669435 -.00000026  00000-0  00000-0 0  9990
2 27704  54.2059  76.8305 0247077 273.2761 172.1502  2.00573334114541
1 27704U 03010A   18320.44574958 -.00000026  00000-0  00000+0 0  9992
2 27704  54.2065  76.7983 0247113 273.2883  14.6846  2.00573382114550
1 27704U 03010A   18320.44574958 -.00000026  00000-0  00000-0 0  9993
2 27704  54.2065  76.7983 0247113 273.2883  14.6846  2.00573382114550
1 27704U 03010A   18321.45967073 -.00000027  00000-0  00000+0 0  9999
2 27704  54.2071  76.7565 0247159 273.3068  26.8069  2.00573437114574
1 27704U 03010A   18321.45967073 -.00000027  00000-0  00000-0 0  9990
2 27704  54.2071  76.7565 0247159 273.3068  26.8069  2.00573437114574
1 27704U 03010A   18321.93476613 -.00000028  00000-0  00000-0 0  9999
2 27704  54.2075  76.7369 0247167 273.3157   9.8592  2.00573463114580
1 27704U 03010A   18322.94491265 -.00000029  00000-0  00000-0 0  9992
2 27704  54.2082  76.6952 0247215 273.3343  19.2562  2.00573514114608
1 27704U 03010A   18323.59205828 -.00000030  00000-0  00000+0 0  9993
2 27704  54.2086  76.6685 0247244 273.3472 126.5402  2.00573545114610
1 27704U 03010A   18323.65968238 -.00000030  00000-0  00000-0 0  9992
2 27704  54.2087  76.6657 0247236 273.3490 175.3690  2.00573549114627
1 27704U 03010A   18324.59722453 -.00000030  00000-0  00000+0 0  9992
2 27704  54.2093  76.6270 0247279 273.3663 132.3408  2.00573593114634
1 27704U 03010A   18325.91948049 -.00000029  00000-0  00000-0 0  9999
2 27704  54.2102  76.5724 0247328 273.3890   7.1053  2.00573654114661
1 27704U 03010A   18326.52338921 -.00000029  00000-0  00000+0 0  9998
2 27704  54.2107  76.5475 0247360 273.4002  83.1704  2.00573683114671
1 27704U 03010A   18326.93204448 -.00000028  00000-0  00000-0 0  9999
2 27704  54.2109  76.5306 0247373 273.4066  18.2498  2.00573704114684
1 27704U 03010A   18327.57586353 -.00000027  00000-0  00000+0 0  9996
2 27704  54.2114  76.5040 0247406 273.4192 123.1326  2.00573737114695
1 27704U 03010A   18328.41740646 -.00000025  00000-0  00000-0 0  9996
2 27704  54.2120  76.4693 0247433 273.4335  10.7881  2.00573783114715
1 27704U 03010A   18328.58727397 -.00000025  00000-0  00000+0 0  9991
2 27704  54.2121  76.4623 0247446 273.4378 133.4436  2.00573792114719
1 27704U 03010A   18328.66733757 -.00000025  00000-0  00000-0 0  9998
2 27704  54.2121  76.4590 0247448 273.4397 191.2548  2.00573795114725
1 27704U 03010A   18329.43201215 -.00000023  00000-0  00000-0 0  9991
2 27704  54.2126  76.4274 0247486 273.4519  23.4068  2.00573840114732
1 27704U 03010A   18329.59890133 -.00000023  00000-0  00000+0 0  9990
2 27704  54.2128  76.4205 0247496 273.4565 143.9114  2.00573850114731
1 27704U 03010A   18329.90154890 -.00000023  00000-0  00000-0 0  9999
2 27704  54.2130  76.4080 0247503 273.4608   2.4460  2.00573869114746
1 27704U 03010A   18330.55815291 -.00000023  00000-0  00000+0 0  9990
2 27704  54.2134  76.3809 0247542 273.4739 116.5606  2.00573910114753
1 27704U 03010A   18330.91760429 -.00000023  00000-0  00000-0 0  9993
2 27704  54.2136  76.3661 0247548 273.4801  16.1110  2.00573934114769
1 27704U 03010A   18331.50736017 -.00000025  00000-0  00000+0 0  9996
2 27704  54.2140  76.3417 0247582 273.4914  81.9571  2.00573974114772
1 27704U 03010A   18332.39952098 -.00000029  00000-0  00000+0 0  9997
2 27704  54.2146  76.3048 0247611 273.5080   6.1620  2.00574039114795
1 27704U 03010A   18332.64294483 -.00000030  00000-0  00000-0 0  9995
2 27704  54.2148  76.2948 0247614 273.5150 181.9294  2.00574057114807
1 27704U 03010A   18333.04745655 -.00000033  00000-0  00000+0 0  9994
2 27704  54.2151  76.2780 0247635 273.5215 114.0174  2.00574090114801
1 27704U 03010A   18333.58406994 -.00000038  00000-0  00000-0 0  9999
2 27704  54.2154  76.2558 0247658 273.5323 141.4906  2.00574132114828
1 27704U 03010A   18334.12448826 -.00000043  00000-0  00000+0 0  9995
2 27704  54.2158  76.2335 0247676 273.5430 171.7114  2.00574175114828
1 27704U 03010A   18334.89941854 -.00000051  00000-0  00000-0 0  9998
2 27704  54.2163  76.2014 0247702 273.5553  11.2701  2.00574245114844
1 27704U 03010A   18335.49703870 -.00000057  00000-0  00000+0 0  9994
2 27704  54.2167  76.1768 0247741 273.5667  82.7955  2.00574299114856
1 27704U 03010A   18335.61259095 -.00000058  00000-0  00000-0 0  9995
2 27704  54.2168  76.1720 0247741 273.5704 166.2312  2.00574308114864
1 27704U 03010A   18336.61789844 -.00000068  00000-0  00000+0 0  9996
2 27704  54.2175  76.1305 0247772 273.5889 172.1377  2.00574405114875
1 27704U 03010A   18337.39872971 -.00000074  00000-0  00000+0 0  9993
2 27704  54.2181  76.0982 0247801 273.6002  15.9588  2.00574486114892
1 27704U 03010A   18337.56666326 -.00000075  00000-0  00000-0 0  9999
2 27704  54.2182  76.0913 0247815 273.6056 137.2171  2.00574501114907
1 27704U 03010A   18338.41392095 -.00000079  00000-0  00000+0 0  9996
2 27704  54.2188  76.0563 0247849 273.6194  29.0021  2.00574587114911
1 27704U 03010A   18339.48109505 -.00000080  00000-0  00000+0 0  9998
2 27704  54.2195  76.0123 0247914 273.6409  79.5796  2.00574693114932
1 27704U 03010A   18339.89155560 -.00000079  00000-0  00000-0 0  9994
2 27704  54.2198  75.9953 0247924 273.6471  15.9643  2.00574737114949
1 27704U 03010A   18340.54176156 -.00000077  00000-0  00000+0 0  9999
2 27704  54.2202  75.9684 0247956 273.6617 125.4592  2.00574802114957
1 27704U 03010A   18340.60993583 -.00000076  00000-0  00000-0 0  9997
2 27704  54.2202  75.9656 0247953 273.6635 174.6857  2.00574808114960
1 27704U 03010A   18341.46350948 -.00000072  00000-0  00000+0 0  9999
2 27704  54.2208  75.9304 0248003 273.6781  71.0312  2.00574895114978
1 27704U 03010A   18342.46299324 -.00000066  00000-0  00000+0 0  9993
2 27704  54.2215  75.8892 0248035 273.6971  72.7335  2.00574991114995
1 27704U 03010A   18342.86533036 -.00000064  00000-0  00000-0 0  9997
2 27704  54.2218  75.8726 0248040 273.7035   3.2525  2.00575029115008
1 27704U 03010A   18343.58427821 -.00000060  00000-0  00000+0 0  9996
2 27704  54.2223  75.8429 0248067 273.7200 162.3843  2.00575092115018
1 27704U 03010A   18343.88022021 -.00000058  00000-0  00000-0 0  9990
2 27704  54.2225  75.8307 0248083 273.7234  16.0790  2.00575118115026
1 27704U 03010A   18344.59232766 -.00000055  00000-0  00000+0 0  9994
2 27704  54.2230  75.8013 0248107 273.7396 170.2719  2.00575178115033
1 27704U 03010A   18345.36790672 -.00000053  00000-0  00000+0 0  9993
2 27704  54.2235  75.7693 0248137 273.7518  10.3013  2.00575240115053
1 27704U 03010A   18347.39439795 -.00000050  00000-0  00000+0 0  9991
2 27704  54.2249  75.6857 0248224 273.7929  33.5799  2.00575377115095
1 27704U 03010A   18348.57441763 -.00000050  00000-0  00000+0 0  9990
2 27704  54.2256  75.6370 0248272 273.8195 165.6405  2.00575447115114
1 27704U 03010A   18349.35405522 -.00000051  00000-0  00000+0 0  9991
2 27704  54.2262  75.6047 0248299 273.8341   8.5991  2.00575492115131
1 27704U 03010A   18349.89322277 -.00000051  00000-0  00000+0 0  9995
2 27704  54.2265  75.5825 0248327 273.8459  37.9181  2.00575520115149
1 27704U 03010A   18349.89322277 -.00000051  00000-0  00000-0 0  9996
2 27704  54.2265  75.5825 0248327 273.8459  37.9181  2.00575520115149
1 27704U 03010A   18351.44579652 -.00000051  00000-0  00000+0 0  9990
2 27704  54.2276  75.5183 0248386 273.8791  78.9928  2.00575598115174
1 27704U 03010A   18352.44537087 -.00000050  00000-0  00000+0 0  9996
2 27704  54.2283  75.4770 0248435 273.9004  80.7609  2.00575650115194
1 27704U 03010A   18353.44438647 -.00000049  00000-0  00000+0 0  9997
2 27704  54.2290  75.4357 0248472 273.9209  82.1263  2.00575699115219
1 27704U 03010A   18354.43886944 -.00000046  00000-0  00000+0 0  9991
2 27704  54.2298  75.3946 0248520 273.9414  80.2191  2.00575749115239
1 27704U 03010A   18355.63259230 -.00000043  00000-0  00000+0 0  9993
2 27704  54.2306  75.3453 0248566 273.9667 222.1779  2.00575809115250
1 27704U 03010A   18356.43296860 -.00000040  00000-0  00000+0 0  9999
2 27704  54.2311  75.3122 0248610 273.9834  80.1111  2.00575857115272
1 27704U 03010A   18356.43296860 -.00000040  00000-0  00000-0 0  9990
2 27704  54.2311  75.3122 0248610 273.9834  80.1111  2.00575857115272
1 27704U 03010A   18358.40131769 -.00000039  00000-0  00000+0 0  9992
2 27704  54.2325  75.2308 0248685 274.0233  61.4121  2.00575984115318
1 27704U 03010A   18358.87367672 -.00000040  00000-0  00000-0 0  9990
2 27704  54.2328  75.2113 0248704 274.0332  42.4919  2.00576016115329
1 27704U 03010A   18359.52245920 -.00000042  00000-0  00000+0 0  9995
2 27704  54.2333  75.1844 0248731 274.0482 150.9617  2.00576063115334
1 27704U 03010A   18359.59050782 -.00000042  00000-0  00000-0 0  9993
2 27704  54.2333  75.1816 0248719 274.0495 200.0983  2.00576066115340
1 27704U 03010A   18360.53217675 -.00000048  00000-0  00000+0 0  9990
2 27704  54.2340  75.1427 0248759 274.0690 160.0567  2.00576141115355
1 27704U 03010A   18360.83476178 -.00000050  00000-0  00000-0 0  9992
2 27704  54.2342  75.1301 0248769 274.0736  18.5483  2.00576163115369
1 27704U 03010A   18361.49518486 -.00000056  00000-0  00000+0 0  9999
2 27704  54.2346  75.1028 0248798 274.0890 135.4239  2.00576221115376
1 27704U 03010A   18361.55205014 -.00000056  00000-0  00000-0 0  9997
2 27704  54.2347  75.1004 0248798 274.0908 176.4845  2.00576226115385
1 27704U 03010A   18362.56467381 -.00000066  00000-0  00000+0 0  9996
2 27704  54.2354  75.0586 0248838 274.1122 187.6779  2.00576313115399
1 27704U 03010A   18362.56467381 -.00000066  00000-0  00000-0 0  9997
2 27704  54.2354  75.0586 0248838 274.1122 187.6779  2.00576313115401
1 27704U 03010A   18362.85926564 -.00000069  00000-0  00000-0 0  9995
2 27704  54.2356  75.0464 0248851 274.1160  40.3986  2.00576342115402
1 27704U 03010A   18363.33354480 -.00000073  00000-0  00000+0 0  9995
2 27704  54.2359  75.0268 0248865 274.1252  22.8662  2.00576385115418
1 27704U 03010A   18363.33354480 -.00000073  00000-0  00000-0 0  9996
2 27704  54.2359  75.0268 0248865 274.1252  22.8662  2.00576385115418
1 27704U 03010A   18364.52734008 -.00000082  00000-0  00000-0 0  9996
2 27704  54.2368  74.9774 0248914 274.1521 164.8785  2.00576496115441
1 27704U 03010A   18364.58054168 -.00000083  00000-0  00000+0 0  9994
2 27704  54.2368  74.9752 0248917 274.1536 203.2939  2.00576502115432
1 27704U 03010A   18365.42072889 -.00000086  00000-0  00000+0 0  9991
2 27704  54.2374  74.9405 0248963 274.1701  89.9766  2.00576588115452
1 27704U 03010A   18365.42072889 -.00000086  00000-0  00000-0 0  9992
2 27704  54.2374  74.9405 0248963 274.1701  89.9766  2.00576588115463
1 27704U 03010A   18365.83299924 -.00000087  00000-0  00000+0 0  9998
2 27704  54.2377  74.9235 0248977 274.1777  27.6695  2.00576628115460
1 27704U 03010A   18365.83299924 -.00000087  00000-0  00000-0 0  9999
2 27704  54.2377  74.9235 0248977 274.1777  27.6695  2.00576628115460

