1 28474U 04045A   18001.30123307 -.00000040  00000-0  00000-0 0  9992
2 28474  54.3566  89.5518 0177760 250.3594 103.1779  2.00565786 96471
1 28474U 04045A   18001.47435675 -.00000040  00000-0  00000+0 0  9993
2 28474  54.3567  89.5446 0177783 250.3652 228.1780  2.00565770 96475
1 28474U 04045A   18001.79933366 -.00000039  00000-0  00000-0 0  9997
2 28474  54.3569  89.5313 0177791 250.3743 102.8223  2.00565747 96485
1 28474U 04045A   18002.53178330 -.00000037  00000-0  00000+0 0  9999
2 28474  54.3573  89.5012 0177844 250.3973 271.6729  2.00565692 96496
1 28474U 04045A   18002.79609786 -.00000037  00000-0  00000-0 0  9992
2 28474  54.3575  89.4903 0177847 250.4031 102.5184  2.00565675 96505
1 28474U 04045A   18003.30154521 -.00000037  00000-0  00000+0 0  9991
2 28474  54.3577  89.4695 0177875 250.4177 107.4677  2.00565642 96513
1 28474U 04045A   18003.30154521 -.00000037  00000-0  00000-0 0  9992
2 28474  54.3577  89.4695 0177875 250.4177 107.4677  2.00565642 96513
1 28474U 04045A   18003.74162685 -.00000037  00000-0  00000-0 0  9990
2 28474  54.3580  89.4514 0177898 250.4318  65.2195  2.00565617 96528
1 28474U 04045A   18004.45720691 -.00000038  00000-0  00000+0 0  9996
2 28474  54.3584  89.4220 0177945 250.4516 221.8921  2.00565573 96538
1 28474U 04045A   18005.37551209 -.00000042  00000-0  00000+0 0  9990
2 28474  54.3590  89.3842 0177987 250.4763 164.9396  2.00565522 96553
1 28474U 04045A   18005.69874765 -.00000044  00000-0  00000-0 0  9993
2 28474  54.3591  89.3709 0178000 250.4868  38.3247  2.00565503 96568
1 28474U 04045A   18006.37920848 -.00000050  00000-0  00000+0 0  9999
2 28474  54.3595  89.3429 0178038 250.5043 169.6412  2.00565471 96575
1 28474U 04045A   18006.71363828 -.00000052  00000-0  00000-0 0  9999
2 28474  54.3597  89.3291 0178051 250.5146  51.1095  2.00565454 96587
1 28474U 04045A   18007.29455324 -.00000058  00000-0  00000-0 0  9992
2 28474  54.3601  89.3052 0178082 250.5299 110.5498  2.00565427 96601
1 28474U 04045A   18007.42898756 -.00000059  00000-0  00000+0 0  9997
2 28474  54.3602  89.2997 0178094 250.5332 207.6162  2.00565418 96594
1 28474U 04045A   18007.72500098 -.00000062  00000-0  00000-0 0  9994
2 28474  54.3603  89.2875 0178105 250.5431  61.3458  2.00565406 96605
1 28474U 04045A   18008.43334087 -.00000068  00000-0  00000+0 0  9991
2 28474  54.3608  89.2584 0178143 250.5600 212.7929  2.00565370 96613
1 28474U 04045A   18009.38856441 -.00000075  00000-0  00000+0 0  9997
2 28474  54.3613  89.2191 0178191 250.5853 182.4963  2.00565329 96633
1 28474U 04045A   18010.24360769 -.00000080  00000-0  00000+0 0  9993
2 28474  54.3619  89.1839 0178233 250.6093  79.8645  2.00565292 96658
1 28474U 04045A   18011.88335681 -.00000080  00000-0  00000-0 0  9990
2 28474  54.3629  89.1165 0178323 250.6530 183.8169  2.00565213 96691
1 28474U 04045A   18012.41901056 -.00000077  00000-0  00000+0 0  9990
2 28474  54.3632  89.0945 0178353 250.6682 210.5753  2.00565185 96696
1 28474U 04045A   18013.37005041 -.00000071  00000-0  00000+0 0  9999
2 28474  54.3637  89.0554 0178397 250.6944 177.2559  2.00565136 96718
1 28474U 04045A   18013.91160024 -.00000067  00000-0  00000-0 0  9998
2 28474  54.3641  89.0332 0178426 250.7096 208.2714  2.00565102 96732
1 28474U 04045A   18014.44520580 -.00000062  00000-0  00000+0 0  9998
2 28474  54.3644  89.0112 0178455 250.7258 233.5497  2.00565068 96733
1 28474U 04045A   18015.46088572 -.00000052  00000-0  00000+0 0  9990
2 28474  54.3650  88.9695 0178503 250.7551 246.9007  2.00565002 96759
1 28474U 04045A   18016.70808146 -.00000041  00000-0  00000+0 0  9993
2 28474  54.3657  88.9183 0178548 250.7906  67.4128  2.00564903 96783
1 28474U 04045A   18016.88431862 -.00000039  00000-0  00000-0 0  9997
2 28474  54.3658  88.9110 0178561 250.7926 194.6644  2.00564890 96793
1 28474U 04045A   18017.35389035 -.00000036  00000-0  00000+0 0  9990
2 28474  54.3661  88.8917 0178584 250.8073 173.7076  2.00564851 96794
1 28474U 04045A   18018.36002934 -.00000030  00000-0  00000+0 0  9996
2 28474  54.3667  88.8504 0178633 250.8357 180.1695  2.00564761 96814
1 28474U 04045A   18019.25894167 -.00000026  00000-0  00000+0 0  9997
2 28474  54.3673  88.8135 0178670 250.8631 109.2083  2.00564677 96838
1 28474U 04045A   18020.25621578 -.00000024  00000-0  00000+0 0  9991
2 28474  54.3679  88.7725 0178715 250.8923 109.2678  2.00564580 96857
1 28474U 04045A   18020.69371587 -.00000024  00000-0  00000-0 0  9992
2 28474  54.3681  88.7545 0178735 250.9066  65.1535  2.00564536 96865
1 28474U 04045A   18021.25225838 -.00000025  00000-0  00000+0 0  9992
2 28474  54.3685  88.7316 0178765 250.9251 108.4343  2.00564480 96871
1 28474U 04045A   18021.70597527 -.00000025  00000-0  00000-0 0  9990
2 28474  54.3687  88.7129 0178785 250.9402  76.0284  2.00564433 96888
1 28474U 04045A   18022.35483340 -.00000027  00000-0  00000+0 0  9990
2 28474  54.3691  88.6862 0178821 250.9581 184.5227  2.00564368 96895
1 28474U 04045A   18022.89523036 -.00000028  00000-0  00000-0 0  9998
2 28474  54.3695  88.6640 0178846 250.9758 214.7019  2.00564312 96913
1 28474U 04045A   18023.35872060 -.00000030  00000-0  00000+0 0  9996
2 28474  54.3698  88.6450 0178865 250.9898 189.3538  2.00564267 96913
1 28474U 04045A   18023.66600108 -.00000030  00000-0  00000-0 0  9993
2 28474  54.3700  88.6323 0178871 251.0021  51.2153  2.00564237 96921
1 28474U 04045A   18024.43649328 -.00000033  00000-0  00000+0 0  9998
2 28474  54.3705  88.6006 0178911 251.0221 247.5337  2.00564163 96934
1 28474U 04045A   18024.91872586 -.00000034  00000-0  00000-0 0  9997
2 28474  54.3708  88.5808 0178930 251.0354 235.7192  2.00564116 96952
1 28474U 04045A   18025.25262897 -.00000035  00000-0  00000+0 0  9993
2 28474  54.3710  88.5670 0178935 251.0452 116.8060  2.00564087 96956
1 28474U 04045A   18025.68557277 -.00000035  00000-0  00000-0 0  9990
2 28474  54.3713  88.5492 0178954 251.0600  69.4005  2.00564046 96965
1 28474U 04045A   18026.23661214 -.00000035  00000-0  00000+0 0  9998
2 28474  54.3716  88.5265 0178980 251.0754 107.2659  2.00563998 96977
1 28474U 04045A   18026.93686295 -.00000035  00000-0  00000-0 0  9992
2 28474  54.3721  88.4978 0179022 251.0965 252.8645  2.00563935 96990
1 28474U 04045A   18027.23301139 -.00000035  00000-0  00000+0 0  9996
2 28474  54.3723  88.4856 0179024 251.1045 106.6919  2.00563912 96994
1 28474U 04045A   18027.71458192 -.00000034  00000-0  00000-0 0  9991
2 28474  54.3726  88.4658 0179047 251.1192  94.3975  2.00563872 97008
1 28474U 04045A   18028.22080936 -.00000032  00000-0  00000+0 0  9992
2 28474  54.3730  88.4450 0179070 251.1339  99.9067  2.00563831 97011
1 28474U 04045A   18028.89424410 -.00000030  00000-0  00000-0 0  9993
2 28474  54.3734  88.4173 0179114 251.1550 226.1422  2.00563777 97031
1 28474U 04045A   18029.33294341 -.00000029  00000-0  00000+0 0  9998
2 28474  54.3737  88.3992 0179134 251.1689 182.8930  2.00563746 97035
1 28474U 04045A   18029.67145141 -.00000028  00000-0  00000-0 0  9998
2 28474  54.3739  88.3853 0179144 251.1810  67.3020  2.00563722 97042
1 28474U 04045A   18030.23644840 -.00000027  00000-0  00000+0 0  9990
2 28474  54.3743  88.3621 0179172 251.1969 115.2445  2.00563682 97056
1 28474U 04045A   18030.68538282 -.00000026  00000-0  00000-0 0  9991
2 28474  54.3746  88.3436 0179191 251.2115  79.3848  2.00563653 97064
1 28474U 04045A   18031.33811285 -.00000026  00000-0  00000+0 0  9990
2 28474  54.3750  88.3167 0179228 251.2302 190.6723  2.00563610 97072
1 28474U 04045A   18031.70014204 -.00000027  00000-0  00000-0 0  9999
2 28474  54.3752  88.3019 0179238 251.2420  92.0650  2.00563589 97082
1 28474U 04045A   18032.32617979 -.00000029  00000-0  00000+0 0  9997
2 28474  54.3756  88.2761 0179271 251.2596 184.0803  2.00563552 97093
1 28474U 04045A   18032.65041927 -.00000030  00000-0  00000-0 0  9990
2 28474  54.3758  88.2628 0179280 251.2707  58.1874  2.00563533 97101
1 28474U 04045A   18033.20951373 -.00000033  00000-0  00000+0 0  9999
2 28474  54.3762  88.2398 0179305 251.2865 101.8676  2.00563503 97117
1 28474U 04045A   18033.89953372 -.00000038  00000-0  00000-0 0  9991
2 28474  54.3766  88.2113 0179338 251.3053 240.0800  2.00563466 97137
1 28474U 04045A   18034.31786569 -.00000042  00000-0  00000-0 0  9996
2 28474  54.3769  88.1941 0179353 251.3162 182.1271  2.00563447 97144
1 28474U 04045A   18035.38558889 -.00000051  00000-0  00000+0 0  9995
2 28474  54.3776  88.1502 0179398 251.3461 233.0499  2.00563395 97157
1 28474U 04045A   18035.70184872 -.00000053  00000-0  00000-0 0  9991
2 28474  54.3778  88.1372 0179405 251.3545 101.3978  2.00563382 97162
1 28474U 04045A   18036.19569545 -.00000057  00000-0  00000+0 0  9992
2 28474  54.3781  88.1168 0179425 251.3675  97.9681  2.00563359 97171
1 28474U 04045A   18036.70188233 -.00000060  00000-0  00000-0 0  9995
2 28474  54.3784  88.0960 0179444 251.3785 103.4507  2.00563338 97184
1 28474U 04045A   18037.34843257 -.00000063  00000-0  00000+0 0  9992
2 28474  54.3789  88.0694 0179477 251.3962 210.2762  2.00563307 97193
1 28474U 04045A   18037.70188230 -.00000063  00000-0  00000-0 0  9996
2 28474  54.3791  88.0549 0179489 251.4069 105.4747  2.00563292 97200
1 28474U 04045A   18038.30230340 -.00000064  00000-0  00000+0 0  9993
2 28474  54.3795  88.0302 0179518 251.4237 178.9933  2.00563264 97213
1 28474U 04045A   18038.35795400 -.00000064  00000-0  00000-0 0  9992
2 28474  54.3796  88.0279 0179523 251.4253 219.1743  2.00563261 97226
1 28474U 04045A   18039.36981654 -.00000061  00000-0  00000+0 0  9998
2 28474  54.3802  87.9863 0179567 251.4532 229.7638  2.00563213 97237
1 28474U 04045A   18039.84815924 -.00000058  00000-0  00000-0 0  9994
2 28474  54.3806  87.9667 0179585 251.4664 215.1388  2.00563189 97254
1 28474U 04045A   18040.38447824 -.00000055  00000-0  00000+0 0  9991
2 28474  54.3809  87.9446 0179607 251.4810 242.3742  2.00563162 97257
1 28474U 04045A   18041.38916378 -.00000046  00000-0  00000+0 0  9997
2 28474  54.3816  87.9033 0179646 251.5095 247.7803  2.00563105 97272
1 28474U 04045A   18042.16693764 -.00000038  00000-0  00000+0 0  9996
2 28474  54.3821  87.8714 0179668 251.5342  89.3482  2.00563058 97294
1 28474U 04045A   18042.64296323 -.00000033  00000-0  00000-0 0  9995
2 28474  54.3824  87.8518 0179685 251.5477  73.0495  2.00563026 97308
1 28474U 04045A   18043.27678410 -.00000027  00000-0  00000+0 0  9998
2 28474  54.3828  87.8258 0179707 251.5617 170.6864  2.00562979 97315
1 28474U 04045A   18043.88740476 -.00000021  00000-0  00000-0 0  9992
2 28474  54.3832  87.8007 0179733 251.5779 251.5694  2.00562932 97331
1 28474U 04045A   18044.37406189 -.00000017  00000-0  00000+0 0  9991
2 28474  54.3835  87.7807 0179749 251.5910 242.9474  2.00562893 97331
1 28474U 04045A   18044.89894664 -.00000013  00000-0  00000-0 0  9994
2 28474  54.3839  87.7591 0179766 251.6046 261.9271  2.00562849 97354
1 28474U 04045A   18045.37618341 -.00000010  00000-0  00000+0 0  9990
2 28474  54.3842  87.7395 0179781 251.6168 246.5039  2.00562807 97357
1 28474U 04045A   18046.38953653 -.00000005  00000-0  00000+0 0  9994
2 28474  54.3849  87.6979 0179817 251.6436 258.1689  2.00562715 97379
1 28474U 04045A   18046.62904119 -.00000004  00000-0  00000-0 0  9994
2 28474  54.3850  87.6881 0179813 251.6520  71.0948  2.00562692 97388
1 28474U 04045A   18047.17084939 -.00000002  00000-0  00000+0 0  9991
2 28474  54.3854  87.6658 0179832 251.6667 102.2926  2.00562640 97394
1 28474U 04045A   18047.81349784 -.00000001  00000-0  00000-0 0  9994
2 28474  54.3858  87.6394 0179865 251.6856 206.2978  2.00562576 97414
1 28474U 04045A   18048.12639128 -.00000001  00000-0  00000+0 0  9992
2 28474  54.3860  87.6266 0179868 251.6967  72.2112  2.00562546 97419
1 28474U 04045A   18049.18217286 -.00000002  00000-0  00000+0 0  9997
2 28474  54.3868  87.5832 0179903 251.7281 114.5062  2.00562439 97432
1 28474U 04045A   18049.28128199 -.00000002  00000-0  00000-0 0  9993
2 28474  54.3868  87.5792 0179912 251.7298 186.0662  2.00562429 97445
1 28474U 04045A   18050.37564840 -.00000004  00000-0  00000+0 0  9993
2 28474  54.3876  87.5342 0179949 251.7629 256.2192  2.00562319 97450
1 28474U 04045A   18050.61345373 -.00000004  00000-0  00000-0 0  9999
2 28474  54.3877  87.5244 0179943 251.7704  67.9188  2.00562296 97467
1 28474U 04045A   18051.33162226 -.00000006  00000-0  00000+0 0  9994
2 28474  54.3882  87.4949 0179977 251.7916 226.4502  2.00562225 97471
1 28474U 04045A   18051.92033660 -.00000007  00000-0  00000-0 0  9990
2 28474  54.3886  87.4707 0179993 251.8072 291.5149  2.00562169 97498
1 28474U 04045A   18052.19794015 -.00000007  00000-0  00000+0 0  9997
2 28474  54.3888  87.4592 0179993 251.8149 131.9504  2.00562144 97492
1 28474U 04045A   18052.81112226 -.00000008  00000-0  00000-0 0  9996
2 28474  54.3893  87.4340 0180021 251.8341 214.6783  2.00562086 97513
1 28474U 04045A   18053.28705892 -.00000008  00000-0  00000+0 0  9994
2 28474  54.3896  87.4145 0180035 251.8486 198.3129  2.00562043 97519
1 28474U 04045A   18053.88212544 -.00000008  00000-0  00000-0 0  9998
2 28474  54.3900  87.3900 0180056 251.8665 267.9615  2.00561989 97538
1 28474U 04045A   18054.36828428 -.00000007  00000-0  00000+0 0  9994
2 28474  54.3904  87.3700 0180072 251.8805 258.9774  2.00561947 97534
1 28474U 04045A   18055.15230414 -.00000005  00000-0  00000-0 0  9993
2 28474  54.3910  87.3378 0180088 251.9014 105.0562  2.00561882 97559
1 28474U 04045A   18055.31669569 -.00000005  00000-0  00000+0 0  9997
2 28474  54.3911  87.3311 0180103 251.9068 223.7493  2.00561868 97559
1 28474U 04045A   18056.12898119 -.00000002  00000-0  00000+0 0  9999
2 28474  54.3916  87.2977 0180121 251.9313  90.2332  2.00561803 97574
1 28474U 04045A   18056.86518990  .00000000  00000-0  00000+0 0  9993
2 28474  54.3922  87.2674 0180157 251.9525 261.7893  2.00561747 97584
1 28474U 04045A   18056.86518990  .00000000  00000-0  00000-0 0  9994
2 28474  54.3922  87.2674 0180157 251.9525 261.7893  2.00561747 97595
1 28474U 04045A   18057.86939566  .00000002  00000-0  00000-0 0  9993
2 28474  54.3929  87.2262 0180187 251.9787 266.8469  2.00561678 97619
1 28474U 04045A   18058.14198946  .00000003  00000-0  00000+0 0  9994
2 28474  54.3931  87.2150 0180188 251.9863 103.6647  2.00561661 97612
1 28474U 04045A   18059.35902286  .00000001  00000-0  00000+0 0  9996
2 28474  54.3939  87.1649 0180234 252.0226 262.3831  2.00561584 97633
1 28474U 04045A   18060.36910442 -.00000004  00000-0  00000+0 0  9996
2 28474  54.3946  87.1234 0180262 252.0494 271.6819  2.00561526 97656
1 28474U 04045A   18061.37999484 -.00000011  00000-0  00000+0 0  9999
2 28474  54.3953  87.0819 0180292 252.0772 281.5634  2.00561473 97672
1 28474U 04045A   18062.13966681 -.00000018  00000-0  00000+0 0  9994
2 28474  54.3959  87.0507 0180308 252.0956 110.0629  2.00561437 97696
1 28474U 04045A   18062.86443417 -.00000024  00000-0  00000-0 0  9999
2 28474  54.3964  87.0209 0180336 252.1151 273.3585  2.00561402 97719
1 28474U 04045A   18063.34357146 -.00000028  00000-0  00000+0 0  9999
2 28474  54.3967  87.0012 0180349 252.1275 259.3051  2.00561380 97712
1 28474U 04045A   18063.87468307 -.00000031  00000-0  00000-0 0  9994
2 28474  54.3971  86.9794 0180364 252.1404 282.7788  2.00561357 97736
1 28474U 04045A   18064.29707760 -.00000033  00000-0  00000+0 0  9991
2 28474  54.3974  86.9620 0180376 252.1524 227.7548  2.00561338 97735
1 28474U 04045A   18065.12975796 -.00000036  00000-0  00000+0 0  9993
2 28474  54.3980  86.9278 0180397 252.1744 108.9655  2.00561301 97759
1 28474U 04045A   18065.60395163 -.00000036  00000-0  00000-0 0  9991
2 28474  54.3983  86.9083 0180412 252.1880  91.3410  2.00561279 97764
1 28474U 04045A   18066.31994052 -.00000035  00000-0  00000+0 0  9990
2 28474  54.3988  86.8789 0180441 252.2065 248.2986  2.00561246 97775
1 28474U 04045A   18067.14672189 -.00000031  00000-0  00000-0 0  9993
2 28474  54.3994  86.8450 0180459 252.2295 125.2485  2.00561205 97808
1 28474U 04045A   18067.32883565 -.00000030  00000-0  00000+0 0  9993
2 28474  54.3995  86.8375 0180470 252.2337 256.7386  2.00561196 97792
1 28474U 04045A   18067.86602847 -.00000026  00000-0  00000-0 0  9990
2 28474  54.3999  86.8155 0180486 252.2451 284.6042  2.00561169 97818
1 28474U 04045A   18068.33976806 -.00000022  00000-0  00000+0 0  9997
2 28474  54.4003  86.7960 0180497 252.2562 266.6541  2.00561144 97810
1 28474U 04045A   18068.81427983 -.00000018  00000-0  00000-0 0  9993
2 28474  54.4006  86.7765 0180507 252.2683 249.2604  2.00561116 97830
1 28474U 04045A   18069.14037417 -.00000015  00000-0  00000+0 0  9995
2 28474  54.4008  86.7631 0180507 252.2777 124.7055  2.00561096 97832
1 28474U 04045A   18069.88304806 -.00000007  00000-0  00000-0 0  9997
2 28474  54.4014  86.7327 0180533 252.2943 300.9320  2.00561048 97857
1 28474U 04045A   18070.30737171 -.00000003  00000-0  00000+0 0  9996
2 28474  54.4017  86.7153 0180540 252.3056 247.3009  2.00561018 97856
1 28474U 04045A   18071.13549160  .00000004  00000-0  00000+0 0  9997
2 28474  54.4022  86.6813 0180547 252.3270 125.2181  2.00560955 97875
1 28474U 04045A   18071.84989448  .00000010  00000-0  00000+0 0  9999
2 28474  54.4027  86.6520 0180575 252.3445 281.0304  2.00560898 97885
1 28474U 04045A   18071.84989448  .00000010  00000-0  00000-0 0  9990
2 28474  54.4027  86.6520 0180575 252.3445 281.0304  2.00560898 97896
1 28474U 04045A   18073.11007602  .00000017  00000-0  00000+0 0  9991
2 28474  54.4036  86.6003 0180592 252.3729 110.9074  2.00560788 97911
1 28474U 04045A   18073.75269257  .00000020  00000-0  00000-0 0  9992
2 28474  54.4041  86.5739 0180615 252.3898 214.8871  2.00560728 97930
1 28474U 04045A   18074.10805514  .00000021  00000-0  00000+0 0  9994
2 28474  54.4043  86.5593 0180613 252.4015 111.4623  2.00560692 97937
1 28474U 04045A   18074.88103793  .00000022  00000-0  00000-0 0  9991
2 28474  54.4049  86.5276 0180643 252.4210 309.5693  2.00560618 97958
1 28474U 04045A   18075.11980972  .00000022  00000-0  00000+0 0  9999
2 28474  54.4050  86.5178 0180638 252.4261 121.9676  2.00560595 97952
1 28474U 04045A   18075.83861164  .00000022  00000-0  00000-0 0  9990
2 28474  54.4056  86.4883 0180666 252.4463 280.9528  2.00560524 97971
1 28474U 04045A   18076.22533604  .00000021  00000-0  00000+0 0  9997
2 28474  54.4058  86.4725 0180667 252.4549 200.1753  2.00560484 97973
1 28474U 04045A   18076.84800722  .00000021  00000-0  00000-0 0  9994
2 28474  54.4063  86.4469 0180681 252.4768 289.7481  2.00560421 97997
1 28474U 04045A   18077.32375587  .00000020  00000-0  00000+0 0  9992
2 28474  54.4066  86.4274 0180689 252.4892 273.2461  2.00560372 97991
1 28474U 04045A   18077.58726485  .00000019  00000-0  00000-0 0  9996
2 28474  54.4068  86.4166 0180681 252.4952 103.5046  2.00560345 98009
1 28474U 04045A   18078.33299286  .00000017  00000-0  00000+0 0  9991
2 28474  54.4073  86.3860 0180704 252.5165 281.9297  2.00560270 98015
1 28474U 04045A   18079.09725091  .00000015  00000-0  00000+0 0  9991
2 28474  54.4079  86.3547 0180704 252.5353 113.7368  2.00560194 98030
1 28474U 04045A   18080.14993486  .00000014  00000-0  00000+0 0  9993
2 28474  54.4087  86.3115 0180722 252.5633 153.7896  2.00560093 98051
1 28474U 04045A   18080.83071341  .00000014  00000-0  00000-0 0  9997
2 28474  54.4092  86.2836 0180743 252.5823 285.3205  2.00560031 98070
1 28474U 04045A   18081.30996713  .00000014  00000-0  00000+0 0  9998
2 28474  54.4095  86.2639 0180751 252.5950 271.3484  2.00559987 98076
1 28474U 04045A   18081.59664718  .00000014  00000-0  00000-0 0  9997
2 28474  54.4097  86.2521 0180748 252.5999 118.3381  2.00559964 98090
1 28474U 04045A   18082.31906794  .00000015  00000-0  00000+0 0  9991
2 28474  54.4102  86.2225 0180770 252.6210 279.9338  2.00559900 98096
1 28474U 04045A   18082.73443587  .00000016  00000-0  00000-0 0  9995
2 28474  54.4105  86.2054 0180778 252.6305 219.8367  2.00559866 98111
1 28474U 04045A   18083.27165112  .00000018  00000-0  00000+0 0  9991
2 28474  54.4109  86.1834 0180790 252.6452 247.7129  2.00559822 98115
1 28474U 04045A   18083.81426377  .00000019  00000-0  00000-0 0  9996
2 28474  54.4113  86.1611 0180801 252.6592 279.4868  2.00559779 98136
1 28474U 04045A   18084.28091219  .00000020  00000-0  00000+0 0  9992
2 28474  54.4116  86.1420 0180811 252.6708 256.4139  2.00559744 98135
1 28474U 04045A   18084.34342654  .00000020  00000-0  00000-0 0  9992
2 28474  54.4117  86.1394 0180816 252.6696 301.5530  2.00559741 98142
1 28474U 04045A   18085.29455562  .00000021  00000-0  00000-0 0  9991
2 28474  54.4123  86.1004 0180840 252.6908 268.2846  2.00559676 98157
1 28474U 04045A   18085.77150994  .00000021  00000-0  00000-0 0  9995
2 28474  54.4127  86.0808 0180848 252.7031 252.6520  2.00559643 98170
1 28474U 04045A   18086.25352296  .00000019  00000-0  00000+0 0  9994
2 28474  54.4130  86.0610 0180855 252.7147 240.6727  2.00559612 98173
1 28474U 04045A   18086.89937201  .00000017  00000-0  00000-0 0  9998
2 28474  54.4135  86.0345 0180867 252.7277 346.9880  2.00559573 98198
1 28474U 04045A   18087.26032229  .00000015  00000-0  00000+0 0  9993
2 28474  54.4137  86.0197 0180872 252.7362 247.5996  2.00559552 98197
1 28474U 04045A   18087.85165913  .00000011  00000-0  00000-0 0  9992
2 28474  54.4141  85.9955 0180881 252.7507 314.5533  2.00559519 98211
1 28474U 04045A   18088.32376251  .00000007  00000-0  00000-0 0  9999
2 28474  54.4144  85.9761 0180887 252.7617 295.4191  2.00559493 98226
1 28474U 04045A   18089.23622285 -.00000001  00000-0  00000+0 0  9995
2 28474  54.4151  85.9387 0180904 252.7810 234.2314  2.00559446 98230
1 28474U 04045A   18090.29437275 -.00000011  00000-0  00000+0 0  9997
2 28474  54.4158  85.8953 0180920 252.8063 278.2308  2.00559395 98250
1 28474U 04045A   18090.60283772 -.00000014  00000-0  00000-0 0  9997
2 28474  54.4160  85.8826 0180921 252.8119 140.9486  2.00559380 98273
1 28474U 04045A   18091.36141619 -.00000020  00000-0  00000+0 0  9990
2 28474  54.4165  85.8515 0180941 252.8302 328.6529  2.00559347 98275
1 28474U 04045A   18091.61092441 -.00000021  00000-0  00000-0 0  9998
2 28474  54.4167  85.8413 0180942 252.8337 148.8037  2.00559335 98298
1 28474U 04045A   18092.37256209 -.00000024  00000-0  00000+0 0  9998
2 28474  54.4172  85.8101 0180960 252.8518 338.7167  2.00559301 98296
1 28474U 04045A   18092.61025458 -.00000025  00000-0  00000-0 0  9997
2 28474  54.4174  85.8003 0180961 252.8564 150.3351  2.00559290 98314
1 28474U 04045A   18093.26894854 -.00000025  00000-0  00000+0 0  9992
2 28474  54.4179  85.7733 0180978 252.8721 265.9211  2.00559259 98314
1 28474U 04045A   18093.79695056 -.00000024  00000-0  00000-0 0  9993
2 28474  54.4182  85.7517 0180989 252.8843 287.1461  2.00559236 98335
1 28474U 04045A   18094.18342519 -.00000023  00000-0  00000+0 0  9998
2 28474  54.4185  85.7358 0180992 252.8922 206.1873  2.00559216 98339
1 28474U 04045A   18094.76020177 -.00000020  00000-0  00000-0 0  9993
2 28474  54.4189  85.7122 0181002 252.9065 262.6270  2.00559187 98351
1 28474U 04045A   18095.29768233 -.00000017  00000-0  00000+0 0  9999
2 28474  54.4193  85.6902 0181007 252.9205 290.6939  2.00559158 98353
1 28474U 04045A   18095.60725528 -.00000014  00000-0  00000-0 0  9992
2 28474  54.4195  85.6775 0181003 252.9268 154.2107  2.00559139 98371
1 28474U 04045A   18096.24096447 -.00000009  00000-0  00000+0 0  9997
2 28474  54.4199  85.6515 0181020 252.9410 251.7578  2.00559106 98374
1 28474U 04045A   18096.71626941 -.00000005  00000-0  00000-0 0  9994
2 28474  54.4203  85.6321 0181021 252.9521 234.9342  2.00559075 98398
1 28474U 04045A   18097.30989829  .00000000  00000-0  00000+0 0  9990
2 28474  54.4207  85.6077 0181026 252.9665 303.5415  2.00559038 98397
1 28474U 04045A   18097.73347042  .00000004  00000-0  00000-0 0  9997
2 28474  54.4210  85.5904 0181025 252.9752 249.3673  2.00559007 98417
1 28474U 04045A   18098.23373456  .00000008  00000-0  00000+0 0  9994
2 28474  54.4213  85.5699 0181029 252.9861 250.5652  2.00558970 98415
1 28474U 04045A   18098.85977157  .00000012  00000-0  00000-0 0  9996
2 28474  54.4218  85.5442 0181043 252.9994 342.5733  2.00558924 98432
1 28474U 04045A   18099.33409060  .00000015  00000-0  00000+0 0  9995
2 28474  54.4221  85.5248 0181052 253.0084 325.0397  2.00558885 98430
1 28474U 04045A   18099.80643049  .00000017  00000-0  00000-0 0  9997
2 28474  54.4224  85.5054 0181060 253.0177 306.0767  2.00558845 98458
1 28474U 04045A   18100.11039872  .00000019  00000-0  00000+0 0  9998
2 28474  54.4226  85.4930 0181054 253.0219 165.5485  2.00558815 98454
1 28474U 04045A   18100.82009469  .00000021  00000-0  00000-0 0  9999
2 28474  54.4231  85.4639 0181068 253.0398 317.9562  2.00558753 98471
1 28474U 04045A   18101.09314171  .00000022  00000-0  00000+0 0  9998
2 28474  54.4233  85.4527 0181060 253.0429 155.1027  2.00558725 98473
1 28474U 04045A   18101.59406601  .00000022  00000-0  00000-0 0  9994
2 28474  54.4236  85.4322 0181065 253.0545 156.7761  2.00558675 98491
1 28474U 04045A   18101.76770161  .00000022  00000-0  00000-0 0  9998
2 28474  54.4237  85.4251 0181068 253.0609 282.1407  2.00558659 98490
1 28474U 04045A   18102.19791694  .00000022  00000-0  00000+0 0  9999
2 28474  54.4240  85.4075 0181070 253.0685 232.7637  2.00558617 98495
1 28474U 04045A   18102.60317233  .00000022  00000-0  00000-0 0  9999
2 28474  54.4243  85.3909 0181067 253.0776 165.3632  2.00558576 98513
1 28474U 04045A   18102.77779196  .00000022  00000-0  00000-0 0  9997
2 28474  54.4244  85.3837 0181072 253.0847 291.4375  2.00558560 98517
1 28474U 04045A   18103.15084193  .00000022  00000-0  00000+0 0  9995
2 28474  54.4246  85.3684 0181069 253.0909 200.7864  2.00558521 98517
1 28474U 04045A   18103.74206778  .00000020  00000-0  00000-0 0  9994
2 28474  54.4250  85.3442 0181080 253.1059 267.6569  2.00558462 98534
1 28474U 04045A   18104.26881508  .00000019  00000-0  00000+0 0  9999
2 28474  54.4254  85.3226 0181072 253.1201 287.9725  2.00558407 98536
1 28474U 04045A   18105.34041477  .00000016  00000-0  00000+0 0  9999
2 28474  54.4262  85.2787 0181079 253.1438 341.6805  2.00558300 98556
1 28474U 04045A   18106.24077781  .00000013  00000-0  00000+0 0  9993
2 28474  54.4268  85.2418 0181090 253.1614 271.7556  2.00558210 98570
1 28474U 04045A   18107.25247441  .00000011  00000-0  00000+0 0  9995
2 28474  54.4275  85.2004 0181101 253.1822 282.2138  2.00558112 98599
1 28474U 04045A   18107.83958228  .00000010  00000-0  00000-0 0  9991
2 28474  54.4279  85.1763 0181104 253.1952 346.1123  2.00558056 98615
1 28474U 04045A   18108.31586031  .00000010  00000-0  00000+0 0  9993
2 28474  54.4282  85.1568 0181117 253.2044 329.9918  2.00558014 98614
1 28474U 04045A   18108.78792351  .00000010  00000-0  00000-0 0  9999
2 28474  54.4285  85.1375 0181123 253.2140 310.8275  2.00557971 98635
1 28474U 04045A   18109.25879262  .00000010  00000-0  00000+0 0  9998
2 28474  54.4288  85.1182 0181130 253.2234 290.8011  2.00557929 98634
1 28474U 04045A   18109.94867299  .00000011  00000-0  00000+0 0  9992
2 28474  54.4293  85.0899 0181130 253.2371  68.9037  2.00557871 98656
1 28474U 04045A   18109.94867299  .00000011  00000-0  00000-0 0  9993
2 28474  54.4293  85.0899 0181130 253.2371  68.9037  2.00557871 98656
1 28474U 04045A   18111.23816640  .00000013  00000-0  00000+0 0  9993
2 28474  54.4301  85.0372 0181139 253.2641 279.9332  2.00557824 98673
1 28474U 04045A   18111.82597140  .00000013  00000-0  00000-0 0  9990
2 28474  54.4305  85.0131 0181105 253.2767 344.3346  2.00557739 98691
1 28474U 04045A   18112.48977543  .00000013  00000-0  00000+0 0  9991
2 28474  54.4310  84.9858 0181134 253.2908 103.6086  2.00557702 98709
1 28474U 04045A   18112.83944885  .00000013  00000-0  00000-0 0  9994
2 28474  54.4312  84.9715 0181143 253.3002 356.0746  2.00557682 98714
1 28474U 04045A   18113.31295619  .00000011  00000-0  00000+0 0  9999
2 28474  54.4315  84.9521 0181148 253.3093 337.9529  2.00557650 98719
1 28474U 04045A   18114.01827981  .00000008  00000-0  00000+0 0  9996
2 28474  54.4319  84.9232 0181151 253.3210 127.2073  2.00557603 98731
1 28474U 04045A   18114.86172944  .00000003  00000-0  00000-0 0  9997
2 28474  54.4325  84.8886 0181171 253.3402  16.1854  2.00557551 98754
1 28474U 04045A   18115.01663476  .00000001  00000-0  00000+0 0  9997
2 28474  54.4326  84.8823 0181172 253.3409 128.0312  2.00557541 98755
1 28474U 04045A   18115.81087573 -.00000006  00000-0  00000-0 0  9990
2 28474  54.4331  84.8498 0181193 253.3587 341.4802  2.00557496 98775
1 28474U 04045A   18116.24212587 -.00000010  00000-0  00000+0 0  9997
2 28474  54.4334  84.8320 0181190 253.3670 292.8480  2.00557472 98777
1 28474U 04045A   18116.71315333 -.00000015  00000-0  00000-0 0  9998
2 28474  54.4337  84.8127 0181185 253.3754 272.9360  2.00557446 98791
1 28474U 04045A   18117.15238208 -.00000020  00000-0  00000+0 0  9997
2 28474  54.4339  84.7947 0181187 253.3824 230.0659  2.00557423 98793
1 28474U 04045A   18117.83678297 -.00000027  00000-0  00000-0 0  9996
2 28474  54.4344  84.7667 0181187 253.3965   4.2103  2.00557390 98815
1 28474U 04045A   18118.00551899 -.00000028  00000-0  00000-0 0  9995
2 28474  54.4345  84.7598 0181186 253.3976 126.0417  2.00557380 98821
1 28474U 04045A   18118.84619378 -.00000035  00000-0  00000-0 0  9992
2 28474  54.4350  84.7253 0181193 253.4143  13.0180  2.00557341 98830
1 28474U 04045A   18119.31694711 -.00000038  00000-0  00000+0 0  9991
2 28474  54.4353  84.7061 0181199 253.4229 352.9076  2.00557320 98837
1 28474U 04045A   18119.68440832 -.00000039  00000-0  00000-0 0  9996
2 28474  54.4355  84.6910 0181200 253.4284 258.2203  2.00557302 98857
1 28474U 04045A   18120.22495701 -.00000041  00000-0  00000+0 0  9995
2 28474  54.4358  84.6689 0181209 253.4390 288.5021  2.00557278 98856
1 28474U 04045A   18120.33458956 -.00000041  00000-0  00000-0 0  9999
2 28474  54.4359  84.6644 0181211 253.4423   7.6570  2.00557275 98865
1 28474U 04045A   18120.69350196 -.00000041  00000-0  00000-0 0  9995
2 28474  54.4361  84.6497 0181214 253.4476 266.7972  2.00557257 98870
1 28474U 04045A   18121.46369787 -.00000040  00000-0  00000+0 0  9995
2 28474  54.4366  84.6181 0181217 253.4636 102.8859  2.00557222 98883
1 28474U 04045A   18121.82260310 -.00000038  00000-0  00000-0 0  9995
2 28474  54.4368  84.6034 0181231 253.4699   2.0199  2.00557208 98890
1 28474U 04045A   18122.00383088 -.00000037  00000-0  00000+0 0  9992
2 28474  54.4369  84.5960 0181229 253.4717 132.8699  2.00557196 98899
1 28474U 04045A   18122.83362250 -.00000033  00000-0  00000-0 0  9998
2 28474  54.4374  84.5620 0181236 253.4889  11.9869  2.00557153 98918
1 28474U 04045A   18123.30787870 -.00000029  00000-0  00000+0 0  9994
2 28474  54.4377  84.5426 0181237 253.4975 354.4052  2.00557127 98912
1 28474U 04045A   18124.31962003 -.00000022  00000-0  00000+0 0  9992
2 28474  54.4384  84.5012 0181237 253.5158   4.8939  2.00557064 98937
1 28474U 04045A   18124.71196297 -.00000019  00000-0  00000-0 0  9997
2 28474  54.4387  84.4851 0181241 253.5213 288.1714  2.00557038 98958
1 28474U 04045A   18125.33343314 -.00000014  00000-0  00000+0 0  9994
2 28474  54.4390  84.4596 0181236 253.5337  16.8785  2.00556994 98964
1 28474U 04045A   18126.03718900 -.00000010  00000-0  00000+0 0  9995
2 28474  54.4395  84.4308 0181235 253.5428 165.0014  2.00556938 98971
1 28474U 04045A   18127.29416569 -.00000004  00000-0  00000+0 0  9993
2 28474  54.4403  84.3794 0181246 253.5684 352.5490  2.00556835 99007
1 28474U 04045A   18127.83034785 -.00000002  00000-0  00000-0 0  9998
2 28474  54.4406  84.3574 0181246 253.5783  19.6777  2.00556786 99011
1 28474U 04045A   18128.01077243 -.00000002  00000-0  00000+0 0  9994
2 28474  54.4407  84.3500 0181240 253.5781 149.9496  2.00556767 99017
1 28474U 04045A   18128.77820396 -.00000001  00000-0  00000-0 0  9992
2 28474  54.4412  84.3186 0181251 253.5959 344.0389  2.00556697 99035
1 28474U 04045A   18129.19899097 -.00000001  00000-0  00000+0 0  9992
2 28474  54.4414  84.3014 0181256 253.6023 287.8524  2.00556656 99046
1 28474U 04045A   18129.78914421 -.00000002  00000-0  00000-0 0  9998
2 28474  54.4418  84.2772 0181252 253.6154 353.9465  2.00556598 99056
1 28474U 04045A   18130.43771747 -.00000003  00000-0  00000+0 0  9994
2 28474  54.4422  84.2506 0181243 253.6254 102.2242  2.00556531 99063
1 28474U 04045A   18130.80400420 -.00000003  00000-0  00000-0 0  9993
2 28474  54.4424  84.2357 0181251 253.6347   6.6840  2.00556496 99073
1 28474U 04045A   18131.44288972 -.00000005  00000-0  00000+0 0  9991
2 28474  54.4428  84.2095 0181242 253.6442 107.9674  2.00556430 99081
1 28474U 04045A   18131.81719397 -.00000006  00000-0  00000-0 0  9994
2 28474  54.4430  84.1942 0181246 253.6539  18.2155  2.00556393 99092
1 28474U 04045A   18132.29174080 -.00000008  00000-0  00000+0 0  9992
2 28474  54.4434  84.1748 0181244 253.6625   0.8426  2.00556346 99090
1 28474U 04045A   18132.82732359 -.00000009  00000-0  00000-0 0  9992
2 28474  54.4437  84.1528 0181241 253.6718  27.5384  2.00556292 99111
1 28474U 04045A   18133.00154757 -.00000010  00000-0  00000+0 0  9994
2 28474  54.4438  84.1457 0181242 253.6711 153.3334  2.00556274 99110
1 28474U 04045A   18133.68599652 -.00000012  00000-0  00000-0 0  9998
2 28474  54.4442  84.1176 0181249 253.6857 287.5092  2.00556208 99131
1 28474U 04045A   18134.31269016 -.00000014  00000-0  00000+0 0  9998
2 28474  54.4446  84.0920 0181240 253.6977  19.9867  2.00556147 99145
1 28474U 04045A   18134.79059142 -.00000014  00000-0  00000-0 0  9998
2 28474  54.4449  84.0724 0181242 253.7062   5.0355  2.00556102 99158
1 28474U 04045A   18135.26011618 -.00000015  00000-0  00000+0 0  9997
2 28474  54.4452  84.0532 0181244 253.7141 344.0367  2.00556058 99169
1 28474U 04045A   18135.79814444 -.00000015  00000-0  00000-0 0  9994
2 28474  54.4456  84.0311 0181243 253.7231  12.4981  2.00556008 99171
1 28474U 04045A   18136.27418465 -.00000015  00000-0  00000+0 0  9990
2 28474  54.4459  84.0116 0181247 253.7314 356.2031  2.00555966 99181
1 28474U 04045A   18136.74913124 -.00000015  00000-0  00000-0 0  9995
2 28474  54.4462  83.9921 0181249 253.7394 339.1187  2.00555925 99195
1 28474U 04045A   18137.28595712 -.00000015  00000-0  00000+0 0  9993
2 28474  54.4465  83.9701 0181249 253.7489   6.7114  2.00555880 99208
1 28474U 04045A   18138.17286000 -.00000014  00000-0  00000+0 0  9998
2 28474  54.4470  83.9338 0181259 253.7634 287.0632  2.00555808 99224
1 28474U 04045A   18139.23938160 -.00000013  00000-0  00000+0 0  9996
2 28474  54.4477  83.8901 0181258 253.7826 337.0994  2.00555727 99247
1 28474U 04045A   18139.78608307 -.00000013  00000-0  00000-0 0  9994
2 28474  54.4480  83.8677 0181260 253.7919  11.8222  2.00555689 99256
1 28474U 04045A   18140.41675980 -.00000015  00000-0  00000+0 0  9998
2 28474  54.4484  83.8418 0181263 253.8011 107.1774  2.00555646 99265
1 28474U 04045A   18140.79785567 -.00000016  00000-0  00000-0 0  9994
2 28474  54.4486  83.8262 0181265 253.8095  22.3295  2.00555622 99279
1 28474U 04045A   18141.19360647 -.00000018  00000-0  00000+0 0  9998
2 28474  54.4489  83.8100 0181273 253.8165 308.0643  2.00555598 99284
1 28474U 04045A   18141.81162190 -.00000022  00000-0  00000+0 0  9995
2 28474  54.4492  83.7846 0181270 253.8265  34.2767  2.00555561 99298
1 28474U 04045A   18141.81162190 -.00000022  00000-0  00000-0 0  9996
2 28474  54.4492  83.7846 0181270 253.8265  34.2767  2.00555561 99298
1 28474U 04045A   18142.76048957 -.00000030  00000-0  00000-0 0  9994
2 28474  54.4498  83.7458 0181270 253.8411 359.3675  2.00555509 99310
1 28474U 04045A   18143.29740747 -.00000036  00000-0  00000+0 0  9994
2 28474  54.4501  83.7238 0181271 253.8493  27.0270  2.00555480 99321
1 28474U 04045A   18143.69326459 -.00000040  00000-0  00000-0 0  9994
2 28474  54.4504  83.7076 0181274 253.8552 312.8394  2.00555459 99332
1 28474U 04045A   18144.30763360 -.00000047  00000-0  00000+0 0  9995
2 28474  54.4507  83.6824 0181272 253.8644  36.4194  2.00555429 99340
1 28474U 04045A   18144.78664833 -.00000052  00000-0  00000-0 0  9999
2 28474  54.4510  83.6628 0181275 253.8715  22.2722  2.00555406 99354
1 28474U 04045A   18145.25870763 -.00000056  00000-0  00000+0 0  9996
2 28474  54.4513  83.6434 0181274 253.8784   3.1033  2.00555385 99367
1 28474U 04045A   18145.90976534 -.00000062  00000-0  00000-0 0  9999
2 28474  54.4517  83.6168 0181273 253.8853 113.1753  2.00555354 99380
1 28474U 04045A   18146.26905630 -.00000064  00000-0  00000+0 0  9999
2 28474  54.4519  83.6021 0181276 253.8918  12.5852  2.00555340 99382
1 28474U 04045A   18146.87051627 -.00000068  00000-0  00000-0 0  9999
2 28474  54.4523  83.5775 0181274 253.8995  86.8456  2.00555312 99399
1 28474U 04045A   18147.28505807 -.00000069  00000-0  00000+0 0  9999
2 28474  54.4525  83.5605 0181278 253.9064  26.1475  2.00555297 99407
1 28474U 04045A   18147.28505807 -.00000069  00000-0  00000-0 0  9990
2 28474  54.4525  83.5605 0181278 253.9064  26.1475  2.00555297 99407
1 28474U 04045A   18147.84779875 -.00000070  00000-0  00000-0 0  9992
2 28474  54.4529  83.5375 0181276 253.9142  72.4514  2.00555271 99411
1 28474U 04045A   18148.22061201 -.00000070  00000-0  00000+0 0  9991
2 28474  54.4531  83.5222 0181279 253.9194 341.6259  2.00555256 99426
1 28474U 04045A   18148.88683427 -.00000068  00000-0  00000-0 0  9991
2 28474  54.4535  83.4949 0181276 253.9287 102.6442  2.00555223 99439
1 28474U 04045A   18149.30645931 -.00000067  00000-0  00000+0 0  9995
2 28474  54.4537  83.4777 0181280 253.9354  45.6164  2.00555206 99449
1 28474U 04045A   18149.90249611 -.00000063  00000-0  00000-0 0  9993
2 28474  54.4541  83.4533 0181278 253.9432 115.9606  2.00555174 99466
1 28474U 04045A   18150.25163941 -.00000061  00000-0  00000+0 0  9991
2 28474  54.4543  83.4390 0181282 253.9495   8.0436  2.00555159 99469
1 28474U 04045A   18150.96897376 -.00000056  00000-0  00000-0 0  9990
2 28474  54.4547  83.4097 0181280 253.9573 165.9671  2.00555117 99482
1 28474U 04045A   18151.26813028 -.00000054  00000-0  00000+0 0  9993
2 28474  54.4549  83.3974 0181279 253.9637  21.9584  2.00555102 99484
1 28474U 04045A   18151.80293925 -.00000050  00000-0  00000+0 0  9997
2 28474  54.4552  83.3755 0181276 253.9707  48.0953  2.00555069 99493
1 28474U 04045A   18151.80293925 -.00000050  00000-0  00000-0 0  9998
2 28474  54.4552  83.3755 0181276 253.9707  48.0953  2.00555069 99493
1 28474U 04045A   18152.82654644 -.00000043  00000-0  00000-0 0  9992
2 28474  54.4558  83.3336 0181273 253.9841  67.1487  2.00555001 99513
1 28474U 04045A   18153.12540228 -.00000041  00000-0  00000+0 0  9995
2 28474  54.4560  83.3214 0181281 253.9867 282.9265  2.00554981 99515
1 28474U 04045A   18153.76922387 -.00000037  00000-0  00000-0 0  9991
2 28474  54.4563  83.2950 0181273 253.9972  27.7691  2.00554932 99538
1 28474U 04045A   18154.12083226 -.00000035  00000-0  00000+0 0  9999
2 28474  54.4566  83.2807 0181281 254.0004 281.6347  2.00554905 99538
1 28474U 04045A   18154.90537552 -.00000033  00000-0  00000-0 0  9990
2 28474  54.4570  83.2485 0181268 254.0107 128.0813  2.00554836 99562
1 28474U 04045A   18155.17720396 -.00000032  00000-0  00000+0 0  9998
2 28474  54.4572  83.2374 0181278 254.0166 324.3413  2.00554816 99562
1 28474U 04045A   18156.26979512 -.00000031  00000-0  00000+0 0  9994
2 28474  54.4578  83.1927 0181272 254.0337  33.1979  2.00554714 99586
1 28474U 04045A   18156.83913832 -.00000031  00000-0  00000-0 0  9991
2 28474  54.4582  83.1694 0181270 254.0414  84.2678  2.00554659 99598
1 28474U 04045A   18157.12594181 -.00000031  00000-0  00000+0 0  9995
2 28474  54.4583  83.1576 0181282 254.0458 291.3414  2.00554634 99591
1 28474U 04045A   18157.82684311 -.00000032  00000-0  00000-0 0  9999
2 28474  54.4587  83.1289 0181268 254.0569  77.3954  2.00554564 99619
1 28474U 04045A   18158.21661949 -.00000033  00000-0  00000+0 0  9995
2 28474  54.4590  83.1129 0181274 254.0643 358.8145  2.00554528 99626
1 28474U 04045A   18158.81864897 -.00000034  00000-0  00000-0 0  9990
2 28474  54.4593  83.0882 0181265 254.0719  73.4843  2.00554467 99636
1 28474U 04045A   18159.14144022 -.00000035  00000-0  00000+0 0  9998
2 28474  54.4595  83.0750 0181275 254.0773 306.5407  2.00554437 99647
1 28474U 04045A   18159.85450462 -.00000037  00000-0  00000-0 0  9997
2 28474  54.4600  83.0458 0181261 254.0862 101.3786  2.00554364 99654
1 28474U 04045A   18160.25457819 -.00000038  00000-0  00000+0 0  9996
2 28474  54.4602  83.0294 0181263 254.0940  30.2317  2.00554326 99662
1 28474U 04045A   18160.83087089 -.00000039  00000-0  00000-0 0  9990
2 28474  54.4606  83.0058 0181258 254.1004  86.3200  2.00554269 99670
1 28474U 04045A   18161.26849503 -.00000040  00000-0  00000+0 0  9996
2 28474  54.4608  82.9878 0181259 254.1078  42.2858  2.00554228 99688
1 28474U 04045A   18161.82711536 -.00000041  00000-0  00000-0 0  9994
2 28474  54.4612  82.9649 0181257 254.1142  85.6140  2.00554174 99695
1 28474U 04045A   18162.27633498 -.00000041  00000-0  00000+0 0  9993
2 28474  54.4615  82.9465 0181257 254.1211  49.9523  2.00554133 99706
1 28474U 04045A   18162.74933727 -.00000041  00000-0  00000-0 0  9994
2 28474  54.4618  82.9271 0181259 254.1279  31.4621  2.00554089 99716
1 28474U 04045A   18163.22096491 -.00000041  00000-0  00000+0 0  9995
2 28474  54.4620  82.9078 0181261 254.1347  11.9794  2.00554047 99722
1 28474U 04045A   18163.69563980 -.00000041  00000-0  00000+0 0  9998
2 28474  54.4623  82.8883 0181264 254.1412 354.6970  2.00554005 99732
1 28474U 04045A   18163.69563980 -.00000041  00000-0  00000-0 0  9999
2 28474  54.4623  82.8883 0181264 254.1412 354.6970  2.00554005 99732
1 28474U 04045A   18164.71073959 -.00000039  00000-0  00000-0 0  9992
2 28474  54.4629  82.8467 0181265 254.1549   7.6042  2.00553918 99757
1 28474U 04045A   18165.25044605 -.00000038  00000-0  00000+0 0  9996
2 28474  54.4633  82.8246 0181265 254.1618  37.2752  2.00553874 99763
1 28474U 04045A   18166.26339150 -.00000037  00000-0  00000+0 0  9999
2 28474  54.4639  82.7831 0181268 254.1762  48.6258  2.00553796 99783
1 28474U 04045A   18166.78979116 -.00000037  00000-0  00000-0 0  9999
2 28474  54.4642  82.7615 0181270 254.1830  68.6890  2.00553756 99797
1 28474U 04045A   18167.27425862 -.00000038  00000-0  00000+0 0  9998
2 28474  54.4645  82.7416 0181273 254.1899  58.4762  2.00553724 99809
1 28474U 04045A   18168.21333628 -.00000040  00000-0  00000+0 0  9994
2 28474  54.4650  82.7031 0181279 254.2036  16.4931  2.00553663 99824
1 28474U 04045A   18168.21333628 -.00000040  00000-0  00000-0 0  9995
2 28474  54.4650  82.7031 0181279 254.2036  16.4931  2.00553663 99824
1 28474U 04045A   18168.69414840 -.00000043  00000-0  00000-0 0  9996
2 28474  54.4653  82.6834 0181281 254.2101   3.6413  2.00553632 99833
1 28474U 04045A   18169.23871003 -.00000046  00000-0  00000+0 0  9997
2 28474  54.4657  82.6610 0181280 254.2163  36.8180  2.00553599 99848
1 28474U 04045A   18169.69975933 -.00000050  00000-0  00000-0 0  9990
2 28474  54.4659  82.6421 0181281 254.2223   9.6976  2.00553572 99851
1 28474U 04045A   18170.17143914 -.00000054  00000-0  00000+0 0  9994
2 28474  54.4662  82.6228 0181282 254.2280 350.2528  2.00553547 99865
1 28474U 04045A   18170.58660347 -.00000058  00000-0  00000-0 0  9998
2 28474  54.4665  82.6058 0181286 254.2325 290.0039  2.00553524 99877
1 28474U 04045A   18170.72227000 -.00000059  00000-0  00000-0 0  9990
2 28474  54.4665  82.6002 0181280 254.2341  27.9558  2.00553518 99874
1 28474U 04045A   18171.25671439 -.00000065  00000-0  00000-0 0  9995
2 28474  54.4669  82.5783 0181282 254.2400  53.8278  2.00553489 99886
1 28474U 04045A   18171.78142219 -.00000070  00000-0  00000-0 0  9998
2 28474  54.4672  82.5567 0181284 254.2459  72.6698  2.00553465 99896
1 28474U 04045A   18172.09600918 -.00000073  00000-0  00000+0 0  9990
2 28474  54.4674  82.5438 0181291 254.2504 299.8022  2.00553451 99905
1 28474U 04045A   18172.78098823 -.00000079  00000-0  00000-0 0  9999
2 28474  54.4678  82.5157 0181287 254.2573  74.3616  2.00553418 99917
1 28474U 04045A   18173.10393013 -.00000082  00000-0  00000+0 0  9998
2 28474  54.4680  82.5025 0181297 254.2617 307.5265  2.00553406 99923
1 28474U 04045A   18173.86635569 -.00000087  00000-0  00000-0 0  9992
2 28474  54.4685  82.4712 0181298 254.2689 138.0029  2.00553369 99945
1 28474U 04045A   18174.16376736 -.00000088  00000-0  00000+0 0  9994
2 28474  54.4686  82.4591 0181302 254.2743 352.7336  2.00553360 99945
1 28474U 04045A   18174.70546238 -.00000089  00000-0  00000-0 0  9992
2 28474  54.4690  82.4369 0181303 254.2801  23.8402  2.00553337 99954
1 28474U 04045A   18175.24198061 -.00000089  00000-0  00000+0 0  9998
2 28474  54.4693  82.4148 0181307 254.2867  51.2084  2.00553313 99964
1 28474U 04045A   18175.79019372 -.00000088  00000-0  00000-0 0  9995
2 28474  54.4696  82.3924 0181308 254.2924  87.0210  2.00553286 99971
1 28474U 04045A   18176.03457140 -.00000088  00000-0  00000+0 0  9991
2 28474  54.4698  82.3824 0181314 254.2944 263.4636  2.00553278 99974
1 28474U 04045A   18176.78492447 -.00000084  00000-0  00000-0 0  9999
2 28474  54.4702  82.3516 0181313 254.3049  85.2197  2.00553241 99998
1 28474U 04045A   18177.20727771 -.00000082  00000-0  00000+0 0  9995
2 28474  54.4705  82.3343 0181317 254.3105  30.1596  2.00553224100004
1 28474U 04045A   18177.78002476 -.00000078  00000-0  00000-0 0  9992
2 28474  54.4708  82.3108 0181314 254.3166  83.6856  2.00553191100016
1 28474U 04045A   18178.07876862 -.00000075  00000-0  00000+0 0  9999
2 28474  54.4710  82.2986 0181322 254.3196 299.3802  2.00553178100016
1 28474U 04045A   18179.07020738 -.00000067  00000-0  00000+0 0  9994
2 28474  54.4716  82.2580 0181323 254.3307 295.2028  2.00553119100039
1 28474U 04045A   18179.56050066 -.00000063  00000-0  00000-0 0  9992
2 28474  54.4719  82.2379 0181322 254.3358 289.1968  2.00553090100058
1 28474U 04045A   18180.16974340 -.00000059  00000-0  00000+0 0  9994
2 28474  54.4723  82.2129 0181318 254.3438   9.0711  2.00553049100060
1 28474U 04045A   18180.64174778 -.00000056  00000-0  00000-0 0  9992
2 28474  54.4726  82.1936 0181320 254.3489 349.8599  2.00553014100079
1 28474U 04045A   18181.18774779 -.00000053  00000-0  00000+0 0  9995
2 28474  54.4729  82.1713 0181316 254.3553  24.0734  2.00552971100087
1 28474U 04045A   18181.73069365 -.00000050  00000-0  00000-0 0  9992
2 28474  54.4732  82.1490 0181315 254.3613  56.0821  2.00552929100095
1 28474U 04045A   18182.20653958 -.00000048  00000-0  00000+0 0  9998
2 28474  54.4735  82.1295 0181319 254.3665  39.6444  2.00552887100105
1 28474U 04045A   18182.66655382 -.00000047  00000-0  00000-0 0  9991
2 28474  54.4738  82.1107 0181323 254.3727  11.7749  2.00552850100114
1 28474U 04045A   18183.14053411 -.00000046  00000-0  00000+0 0  9998
2 28474  54.4741  82.0913 0181327 254.3778 353.9901  2.00552807100126
1 28474U 04045A   18183.68961286 -.00000045  00000-0  00000-0 0  9995
2 28474  54.4744  82.0688 0181325 254.3849  30.4254  2.00552756100137
1 28474U 04045A   18184.23127399 -.00000045  00000-0  00000+0 0  9995
2 28474  54.4748  82.0466 0181324 254.3912  61.5057  2.00552703100144
1 28474U 04045A   18185.17569990 -.00000045  00000-0  00000+0 0  9996
2 28474  54.4753  82.0079 0181330 254.4041  23.3810  2.00552614100167
1 28474U 04045A   18185.71609264 -.00000046  00000-0  00000+0 0  9996
2 28474  54.4757  81.9858 0181327 254.4103  53.5455  2.00552560100170
1 28474U 04045A   18185.71609264 -.00000046  00000-0  00000-0 0  9997
2 28474  54.4757  81.9858 0181327 254.4103  53.5455  2.00552560100170
1 28474U 04045A   18186.72841113 -.00000047  00000-0  00000-0 0  9991
2 28474  54.4763  81.9442 0181329 254.4226  64.4402  2.00552459100196
1 28474U 04045A   18187.20543774 -.00000048  00000-0  00000+0 0  9997
2 28474  54.4766  81.9247 0181332 254.4289  48.8532  2.00552412100206
1 28474U 04045A   18187.67357281 -.00000048  00000-0  00000-0 0  9995
2 28474  54.4769  81.9055 0181335 254.4350  26.8465  2.00552369100211
1 28474U 04045A   18188.13998899 -.00000049  00000-0  00000+0 0  9993
2 28474  54.4772  81.8864 0181337 254.4399   3.5999  2.00552322100221
1 28474U 04045A   18188.53442397 -.00000049  00000-0  00000-0 0  9995
2 28474  54.4775  81.8702 0181344 254.4430 288.3837  2.00552283100230
1 28474U 04045A   18189.14952942 -.00000049  00000-0  00000+0 0  9994
2 28474  54.4779  81.8450 0181340 254.4515  12.4888  2.00552223100241
1 28474U 04045A   18189.69921597 -.00000049  00000-0  00000-0 0  9997
2 28474  54.4783  81.8224 0181338 254.4566  49.3641  2.00552173100259
1 28474U 04045A   18190.48773608 -.00000048  00000-0  00000+0 0  9992
2 28474  54.4788  81.7901 0181355 254.4641 258.6772  2.00552097100264
1 28474U 04045A   18191.18730138 -.00000047  00000-0  00000+0 0  9990
2 28474  54.4793  81.7614 0181348 254.4727  43.7629  2.00552034100285
1 28474U 04045A   18191.72374111 -.00000045  00000-0  00000-0 0  9994
2 28474  54.4796  81.7394 0181356 254.4797  71.0716  2.00551988100298
1 28474U 04045A   18192.12900542 -.00000044  00000-0  00000+0 0  9990
2 28474  54.4799  81.7228 0181365 254.4860   3.6706  2.00551954100303
1 28474U 04045A   18193.21485535 -.00000042  00000-0  00000+0 0  9999
2 28474  54.4806  81.6783 0181371 254.4970  67.6554  2.00551866100321
1 28474U 04045A   18193.73059400 -.00000041  00000-0  00000-0 0  9994
2 28474  54.4809  81.6571 0181374 254.5018  80.0194  2.00551826100332
1 28474U 04045A   18194.14859576 -.00000040  00000-0  00000+0 0  9990
2 28474  54.4812  81.6399 0181379 254.5077  21.8153  2.00551798100341
1 28474U 04045A   18194.70037459 -.00000041  00000-0  00000-0 0  9992
2 28474  54.4816  81.6173 0181383 254.5137  60.1995  2.00551758100354
1 28474U 04045A   18195.17521444 -.00000041  00000-0  00000+0 0  9995
2 28474  54.4819  81.5978 0181388 254.5197  43.0327  2.00551723100362
1 28474U 04045A   18195.72314672 -.00000043  00000-0  00000+0 0  9991
2 28474  54.4822  81.5753 0181390 254.5239  78.6413  2.00551686100376
1 28474U 04045A   18195.72314672 -.00000043  00000-0  00000-0 0  9992
2 28474  54.4822  81.5753 0181390 254.5239  78.6413  2.00551686100376
1 28474U 04045A   18196.65649142 -.00000048  00000-0  00000-0 0  9993
2 28474  54.4829  81.5371 0181398 254.5346  32.5151  2.00551634100399
1 28474U 04045A   18197.19513150 -.00000052  00000-0  00000+0 0  9996
2 28474  54.4832  81.5150 0181400 254.5391  61.4141  2.00551600100407
1 28474U 04045A   18197.50812122 -.00000055  00000-0  00000+0 0  9995
2 28474  54.4834  81.5021 0181410 254.5428 287.3919  2.00551582100409
1 28474U 04045A   18197.50812122 -.00000055  00000-0  00000-0 0  9996
2 28474  54.4834  81.5021 0181410 254.5428 287.3919  2.00551582100410
1 28474U 04045A   18198.74544685 -.00000066  00000-0  00000+0 0  9990
2 28474  54.4842  81.4513 0181412 254.5525 100.7435  2.00551519100437
1 28474U 04045A   18198.74544685 -.00000066  00000-0  00000-0 0  9991
2 28474  54.4842  81.4513 0181412 254.5525 100.7435  2.00551519100437
1 28474U 04045A   18200.16674470 -.00000078  00000-0  00000+0 0  9999
2 28474  54.4852  81.3930 0181426 254.5659  46.9205  2.00551454100460
1 28474U 04045A   18201.18658308 -.00000084  00000-0  00000+0 0  9991
2 28474  54.4859  81.3512 0181438 254.5753  63.2438  2.00551409100483
1 28474U 04045A   18202.19797397 -.00000086  00000-0  00000+0 0  9997
2 28474  54.4866  81.3097 0181451 254.5850  73.4673  2.00551367100502
1 28474U 04045A   18202.73802726 -.00000085  00000-0  00000-0 0  9990
2 28474  54.4870  81.2876 0181457 254.5895 103.3860  2.00551346100515
1 28474U 04045A   18203.13671425 -.00000084  00000-0  00000+0 0  9993
2 28474  54.4872  81.2712 0181465 254.5945  31.2363  2.00551331100523
1 28474U 04045A   18203.13671425 -.00000084  00000-0  00000-0 0  9994
2 28474  54.4872  81.2712 0181465 254.5945  31.2363  2.00551331100523
1 28474U 04045A   18203.68529531 -.00000082  00000-0  00000-0 0  9992
2 28474  54.4876  81.2488 0181469 254.5996  67.3114  2.00551307100535
1 28474U 04045A   18204.69830347 -.00000075  00000-0  00000-0 0  9996
2 28474  54.4883  81.2073 0181478 254.6094  78.7018  2.00551259100550
1 28474U 04045A   18205.16675791 -.00000071  00000-0  00000-0 0  9995
2 28474  54.4886  81.1881 0181481 254.6140  56.9252  2.00551238100561
1 28474U 04045A   18205.76001811 -.00000066  00000-0  00000-0 0  9991
2 28474  54.4890  81.1638 0181484 254.6185 125.2592  2.00551205100570
1 28474U 04045A   18206.65439722 -.00000058  00000-0  00000-0 0  9997
2 28474  54.4896  81.1271 0181493 254.6285  50.9980  2.00551156100592
1 28474U 04045A   18207.80601260 -.00000049  00000-0  00000-0 0  9993
2 28474  54.4903  81.0800 0181502 254.6366 162.4648  2.00551079100627
1 28474U 04045A   18208.74520729 -.00000043  00000-0  00000-0 0  9991
2 28474  54.4910  81.0415 0181507 254.6449 120.5620  2.00551011100636
1 28474U 04045A   18209.15312609 -.00000041  00000-0  00000+0 0  9990
2 28474  54.4913  81.0248 0181513 254.6501  55.0771  2.00550983100646
1 28474U 04045A   18209.62484749 -.00000039  00000-0  00000-0 0  9995
2 28474  54.4916  81.0055 0181518 254.6543  35.6590  2.00550946100659
1 28474U 04045A   18210.17163088 -.00000038  00000-0  00000+0 0  9995
2 28474  54.4920  80.9831 0181521 254.6591  70.4356  2.00550899100666
1 28474U 04045A   18210.64051535 -.00000036  00000-0  00000-0 0  9999
2 28474  54.4923  80.9639 0181529 254.6651  48.9673  2.00550859100679
1 28474U 04045A   18211.18193417 -.00000036  00000-0  00000+0 0  9994
2 28474  54.4926  80.9418 0181533 254.6701  79.8702  2.00550810100682
1 28474U 04045A   18211.65739889 -.00000035  00000-0  00000+0 0  9994
2 28474  54.4930  80.9223 0181540 254.6760  63.1529  2.00550767100699
1 28474U 04045A   18212.19589080 -.00000035  00000-0  00000+0 0  9990
2 28474  54.4933  80.9003 0181542 254.6802  91.9433  2.00550716100706
1 28474U 04045A   18212.66452237 -.00000035  00000-0  00000+0 0  9995
2 28474  54.4936  80.8811 0181549 254.6869  70.2914  2.00550672100711
1 28474U 04045A   18213.14230056 -.00000035  00000-0  00000+0 0  9992
2 28474  54.4940  80.8615 0181555 254.6927  55.2443  2.00550627100721
1 28474U 04045A   18213.67726461 -.00000035  00000-0  00000-0 0  9991
2 28474  54.4943  80.8395 0181558 254.6980  81.4863  2.00550575100731
1 28474U 04045A   18214.15491046 -.00000035  00000-0  00000+0 0  9992
2 28474  54.4947  80.8200 0181563 254.7038  66.3436  2.00550530100741
1 28474U 04045A   18214.62468726 -.00000035  00000-0  00000-0 0  9994
2 28474  54.4950  80.8007 0181570 254.7096  45.5192  2.00550484100759
1 28474U 04045A   18215.45572668 -.00000035  00000-0  00000+0 0  9996
2 28474  54.4956  80.7666 0181587 254.7161 285.5276  2.00550404100768
1 28474U 04045A   18215.71690021 -.00000035  00000-0  00000+0 0  9999
2 28474  54.4958  80.7559 0181574 254.7156 114.0969  2.00550378100777
1 28474U 04045A   18216.46081605 -.00000034  00000-0  00000+0 0  9993
2 28474  54.4963  80.7254 0181593 254.7244 291.1991  2.00550309100781
1 28474U 04045A   18216.71619032 -.00000034  00000-0  00000-0 0  9993
2 28474  54.4965  80.7150 0181587 254.7257 115.5793  2.00550283100808
1 28474U 04045A   18217.12131378 -.00000033  00000-0  00000+0 0  9999
2 28474  54.4968  80.6984 0181592 254.7315  48.0746  2.00550247100804
1 28474U 04045A   18217.12131378 -.00000033  00000-0  00000-0 0  9990
2 28474  54.4968  80.6984 0181592 254.7315  48.0746  2.00550247100804
1 28474U 04045A   18217.71364837 -.00000032  00000-0  00000-0 0  9992
2 28474  54.4972  80.6741 0181601 254.7347 115.7398  2.00550191100821
1 28474U 04045A   18218.13720942 -.00000031  00000-0  00000+0 0  9990
2 28474  54.4975  80.6567 0181607 254.7405  61.5470  2.00550154100829
1 28474U 04045A   18218.60926608 -.00000029  00000-0  00000+0 0  9996
2 28474  54.4979  80.6374 0181615 254.7455  42.3690  2.00550112100839
1 28474U 04045A   18219.07755069 -.00000028  00000-0  00000+0 0  9998
2 28474  54.4982  80.6182 0181625 254.7506  20.4674  2.00550072100843
1 28474U 04045A   18219.62314578 -.00000026  00000-0  00000+0 0  9993
2 28474  54.4986  80.5958 0181633 254.7553  54.3846  2.00550025100854
1 28474U 04045A   18220.48652822 -.00000023  00000-0  00000+0 0  9993
2 28474  54.4992  80.5605 0181659 254.7654 317.7400  2.00549955100863
1 28474U 04045A   18220.63671784 -.00000023  00000-0  00000+0 0  9998
2 28474  54.4993  80.5543 0181654 254.7657  66.1772  2.00549943100878
1 28474U 04045A   18220.94785309 -.00000022  00000-0  00000+0 0  9990
2 28474  54.4995  80.5415 0181670 254.7697 290.8140  2.00549918100877
1 28474U 04045A   18221.65306288 -.00000021  00000-0  00000+0 0  9993
2 28474  54.5000  80.5126 0181672 254.7759  79.9719  2.00549866100897
1 28474U 04045A   18221.65306288 -.00000021  00000-0  00000-0 0  9994
2 28474  54.5000  80.5126 0181672 254.7759  79.9719  2.00549866100897
1 28474U 04045A   18224.15024956 -.00000029  00000-0  00000-0 0  9999
2 28474  54.5018  80.4102 0181716 254.7998  82.9250  2.00549705100945
1 28474U 04045A   18224.61886199 -.00000033  00000-0  00000-0 0  9990
2 28474  54.5021  80.3910 0181725 254.8048  61.2595  2.00549679100955
1 28474U 04045A   18225.63739997 -.00000041  00000-0  00000+0 0  9994
2 28474  54.5029  80.3492 0181744 254.8139  76.6376  2.00549624100979
1 28474U 04045A   18225.63739997 -.00000041  00000-0  00000-0 0  9995
2 28474  54.5029  80.3492 0181744 254.8139  76.6376  2.00549624100979
1 28474U 04045A   18226.92479847 -.00000052  00000-0  00000+0 0  9994
2 28474  54.5038  80.2965 0181780 254.8274 286.1289  2.00549562100997
1 28474U 04045A   18227.90925637 -.00000059  00000-0  00000-0 0  9994
2 28474  54.5045  80.2561 0181803 254.8367 276.9003  2.00549519101024
1 28474U 04045A   18228.42549483 -.00000061  00000-0  00000+0 0  9995
2 28474  54.5049  80.2349 0181814 254.8420 289.6204  2.00549497101023
1 28474U 04045A   18228.60551628 -.00000062  00000-0  00000-0 0  9991
2 28474  54.5050  80.2275 0181813 254.8439  59.5943  2.00549490101030
1 28474U 04045A   18229.38723826 -.00000063  00000-0  00000+0 0  9998
2 28474  54.5056  80.1955 0181837 254.8508 263.9921  2.00549456101043
1 28474U 04045A   18229.61753204 -.00000063  00000-0  00000-0 0  9998
2 28474  54.5058  80.1861 0181837 254.8538  70.2616  2.00549448101056
1 28474U 04045A   18230.09357778 -.00000062  00000-0  00000+0 0  9996
2 28474  54.5061  80.1666 0181851 254.8616  53.9596  2.00549429101061
1 28474U 04045A   18231.10554192 -.00000057  00000-0  00000-0 0  9993
2 28474  54.5069  80.1251 0181875 254.8737  64.5871  2.00549387101088
1 28474U 04045A   18231.68148688 -.00000054  00000-0  00000+0 0  9991
2 28474  54.5073  80.1016 0181887 254.8788 120.4150  2.00549360101095
1 28474U 04045A   18232.43901816 -.00000048  00000-0  00000+0 0  9998
2 28474  54.5079  80.0705 0181900 254.8768 307.3552  2.00549326101105
1 28474U 04045A   18232.67180681 -.00000046  00000-0  00000+0 0  9991
2 28474  54.5080  80.0610 0181896 254.8758 115.4298  2.00549312101116
1 28474U 04045A   18232.67180681 -.00000046  00000-0  00000-0 0  9992
2 28474  54.5080  80.0610 0181896 254.8758 115.4298  2.00549312101127
1 28474U 04045A   18234.07563869 -.00000033  00000-0  00000-0 0  9997
2 28474  54.5090  80.0035 0181923 254.8898  48.9836  2.00549239101143
1 28474U 04045A   18235.09335470 -.00000025  00000-0  00000+0 0  9995
2 28474  54.5098  79.9619 0181941 254.8986  63.7662  2.00549174101166
1 28474U 04045A   18235.62862063 -.00000022  00000-0  00000-0 0  9995
2 28474  54.5102  79.9400 0181950 254.9028  90.2242  2.00549137101177
1 28474U 04045A   18236.39979830 -.00000018  00000-0  00000+0 0  9995
2 28474  54.5107  79.9084 0181977 254.9094 287.0080  2.00549081101187
1 28474U 04045A   18236.64901803 -.00000017  00000-0  00000-0 0  9998
2 28474  54.5109  79.8982 0181972 254.9118 106.9423  2.00549060101207
1 28474U 04045A   18237.59263694 -.00000013  00000-0  00000+0 0  9997
2 28474  54.5116  79.8596 0181994 254.9225  68.2243  2.00548985101215
1 28474U 04045A   18238.13000397 -.00000012  00000-0  00000+0 0  9996
2 28474  54.5120  79.8376 0182006 254.9274  96.1982  2.00548938101224
1 28474U 04045A   18238.13000397 -.00000012  00000-0  00000-0 0  9997
2 28474  54.5120  79.8376 0182006 254.9274  96.1982  2.00548938101224
1 28474U 04045A   18238.92331980 -.00000011  00000-0  00000-0 0  9998
2 28474  54.5126  79.8052 0182036 254.9337 308.9654  2.00548867101247
1 28474U 04045A   18239.14690463 -.00000011  00000-0  00000+0 0  9996
2 28474  54.5127  79.7961 0182029 254.9356 110.3916  2.00548844101240
1 28474U 04045A   18240.56048655 -.00000010  00000-0  00000+0 0  9993
2 28474  54.5137  79.7383 0182063 254.9526  50.9794  2.00548714101278
1 28474U 04045A   18240.63323284 -.00000010  00000-0  00000-0 0  9996
2 28474  54.5138  79.7353 0182062 254.9513 103.5035  2.00548705101285
1 28474U 04045A   18241.57620914 -.00000010  00000-0  00000+0 0  9999
2 28474  54.5145  79.6967 0182082 254.9652  64.3173  2.00548616101298
1 28474U 04045A   18241.64863250 -.00000010  00000-0  00000+0 0  9999
2 28474  54.5145  79.6937 0182083 254.9626 116.6094  2.00548607101290
1 28474U 04045A   18241.64863250 -.00000010  00000-0  00000-0 0  9990
2 28474  54.5145  79.6937 0182083 254.9626 116.6094  2.00548607101302
1 28474U 04045A   18242.58648852 -.00000010  00000-0  00000+0 0  9992
2 28474  54.5152  79.6553 0182103 254.9760  73.7265  2.00548518101311
1 28474U 04045A   18243.38209264 -.00000009  00000-0  00000+0 0  9999
2 28474  54.5158  79.6228 0182134 254.9826 288.1446  2.00548440101321
1 28474U 04045A   18243.92121892 -.00000008  00000-0  00000-0 0  9999
2 28474  54.5162  79.6007 0182150 254.9936 317.3817  2.00548389101342
1 28474U 04045A   18244.07062821 -.00000008  00000-0  00000+0 0  9991
2 28474  54.5163  79.5946 0182144 254.9955  65.2530  2.00548375101344
1 28474U 04045A   18244.63704177 -.00000007  00000-0  00000-0 0  9990
2 28474  54.5167  79.5714 0182160 255.0000 114.1979  2.00548321101366
1 28474U 04045A   18245.55820635 -.00000004  00000-0  00000+0 0  9996
2 28474  54.5174  79.5337 0182187 255.0076  59.2688  2.00548237101370
1 28474U 04045A   18246.57505426 -.00000001  00000-0  00000+0 0  9994
2 28474  54.5182  79.4921 0182218 255.0195  73.4184  2.00548147101395
1 28474U 04045A   18246.64564823 -.00000000  00000-0  00000-0 0  9998
2 28474  54.5183  79.4892 0182222 255.0174 124.3891  2.00548140101401
1 28474U 04045A   18247.58772148  .00000003  00000-0  00000+0 0  9994
2 28474  54.5190  79.4506 0182251 255.0289  84.5516  2.00548061101414
1 28474U 04045A   18247.86903402  .00000003  00000-0  00000+0 0  9994
2 28474  54.5192  79.4391 0182270 255.0330 287.6542  2.00548038101415
1 28474U 04045A   18247.86903402  .00000003  00000-0  00000-0 0  9995
2 28474  54.5192  79.4391 0182270 255.0330 287.6542  2.00548038101426
1 28474U 04045A   18250.63468104  .00000001  00000-0  00000+0 0  9996
2 28474  54.5212  79.3259 0182346 255.0633 124.4113  2.00547841101479
1 28474U 04045A   18251.56930604 -.00000004  00000-0  00000+0 0  9992
2 28474  54.5217  79.2875 0183342 255.1481  79.3206  2.00577876101490
1 28474U 04045A   18252.35591187 -.00000011  00000-0  00000+0 0  9997
2 28474  54.5223  79.2553 0183407 255.1309 287.3479  2.00577619101501
1 28474U 04045A   18253.13238907 -.00000018  00000-0  00000+0 0  9999
2 28474  54.5228  79.2235 0183438 255.1317 128.0439  2.00577587101529
1 28474U 04045A   18253.60323848 -.00000022  00000-0  00000-0 0  9996
2 28474  54.5232  79.2042 0183441 255.1419 108.0354  2.00577550101543
1 28474U 04045A   18254.07595398 -.00000026  00000-0  00000+0 0  9992
2 28474  54.5235  79.1848 0183454 255.1485  89.3780  2.00577527101544
1 28474U 04045A   18255.55630760 -.00000036  00000-0  00000+0 0  9990
2 28474  54.5246  79.1242 0183509 255.1627  78.3312  2.00577463101574
1 28474U 04045A   18256.56885963 -.00000039  00000-0  00000+0 0  9992
2 28474  54.5254  79.0827 0183548 255.1727  89.4875  2.00577420101597
1 28474U 04045A   18256.56885963 -.00000039  00000-0  00000-0 0  9993
2 28474  54.5254  79.0827 0183548 255.1727  89.4875  2.00577420101597
1 28474U 04045A   18256.88932859 -.00000039  00000-0  00000-0 0  9995
2 28474  54.5256  79.0696 0183564 255.1763 320.8951  2.00577407101605
1 28474U 04045A   18257.11906664 -.00000039  00000-0  00000+0 0  9996
2 28474  54.5258  79.0602 0183557 255.1869 126.7791  2.00577404101605
1 28474U 04045A   18257.58884581 -.00000038  00000-0  00000-0 0  9990
2 28474  54.5262  79.0410 0183573 255.1934 106.0012  2.00577386101626
1 28474U 04045A   18258.58081539 -.00000034  00000-0  00000+0 0  9998
2 28474  54.5270  79.0004 0183619 255.1973 102.3004  2.00577344101633
1 28474U 04045A   18258.60608956 -.00000033  00000-0  00000-0 0  9999
2 28474  54.5270  78.9994 0183621 255.1972 120.5510  2.00577342101644
1 28474U 04045A   18259.54197288 -.00000027  00000-0  00000+0 0  9996
2 28474  54.5277  78.9611 0183652 255.2089  76.3423  2.00577302101659
1 28474U 04045A   18259.61597462 -.00000027  00000-0  00000-0 0  9993
2 28474  54.5278  78.9581 0183655 255.2084 129.7795  2.00577296101662
1 28474U 04045A   18260.08549693 -.00000023  00000-0  00000+0 0  9994
2 28474  54.5281  78.9389 0183669 255.2143 108.8165  2.00577273101667
1 28474U 04045A   18260.87099012 -.00000017  00000-0  00000-0 0  9990
2 28474  54.5287  78.9067 0183704 255.2239 316.0124  2.00577232101687
1 28474U 04045A   18261.33396589 -.00000013  00000-0  00000+0 0  9996
2 28474  54.5290  78.8878 0183719 255.2286 290.3232  2.00577206101683
1 28474U 04045A   18261.57164951 -.00000011  00000-0  00000-0 0  9997
2 28474  54.5292  78.8781 0183718 255.2314 101.9520  2.00577191101690
1 28474U 04045A   18263.60125699  .00000001  00000-0  00000-0 0  9997
2 28474  54.5307  78.7951 0183784 255.2546 127.5102  2.00577054101738
1 28474U 04045A   18263.60125699  .00000001  00000-0  00000-0 0  9997
2 28474  54.5307  78.7951 0183784 255.2546 127.5102  2.00577054101749
1 28474U 04045A   18265.56938812  .00000005  00000-0  00000-0 0  9997
2 28474  54.5322  78.7146 0183858 255.2791 108.6739  2.00576891101773
1 28474U 04045A   18265.81666240  .00000006  00000-0  00000-0 0  9999
2 28474  54.5324  78.7045 0183880 255.2829 287.2268  2.00576869101787
1 28474U 04045A   18266.55985698  .00000006  00000-0  00000-0 0  9992
2 28474  54.5329  78.6741 0183895 255.2924 103.8780  2.00576802101796
1 28474U 04045A   18266.88631375  .00000006  00000-0  00000-0 0  9998
2 28474  54.5331  78.6608 0183916 255.2995 339.6053  2.00576772101803
1 28474U 04045A   18267.56843259  .00000006  00000-0  00000-0 0  9990
2 28474  54.5336  78.6329 0183931 255.3066 112.1559  2.00576706101818
1 28474U 04045A   18267.56843259  .00000006  00000-0  00000-0 0  9990
2 28474  54.5336  78.6329 0183931 255.3066 112.1559  2.00576706101829
1 28474U 04045A   18268.56247683  .00000005  00000-0  00000-0 0  9999
2 28474  54.5343  78.5922 0183965 255.3204 109.9408  2.00576610101838
1 28474U 04045A   18269.85656726  .00000005  00000-0  00000-0 0  9994
2 28474  54.5353  78.5393 0184019 255.3405 324.3821  2.00576484101869
1 28474U 04045A   18270.30349219  .00000006  00000-0  00000+0 0  9992
2 28474  54.5356  78.5211 0184039 255.3453 287.1012  2.00576439101864
1 28474U 04045A   18270.87230227  .00000006  00000-0  00000-0 0  9993
2 28474  54.5360  78.4978 0184055 255.3546 337.8288  2.00576384101888
1 28474U 04045A   18271.34172094  .00000007  00000-0  00000+0 0  9993
2 28474  54.5364  78.4786 0184076 255.3604 316.7895  2.00576338101886
1 28474U 04045A   18271.54223170  .00000007  00000-0  00000-0 0  9998
2 28474  54.5365  78.4704 0184074 255.3612 101.5773  2.00576319101899
1 28474U 04045A   18272.58331569  .00000009  00000-0  00000+0 0  9996
2 28474  54.5373  78.4278 0184119 255.3739 133.3295  2.00576218101917
1 28474U 04045A   18273.60555795  .00000012  00000-0  00000+0 0  9993
2 28474  54.5380  78.3860 0184168 255.3867 151.4756  2.00576123101937
1 28474U 04045A   18274.61129656  .00000014  00000-0  00000+0 0  9990
2 28474  54.5388  78.3449 0184216 255.4005 157.7032  2.00576034101956
1 28474U 04045A   18274.79036937  .00000015  00000-0  00000-0 0  9990
2 28474  54.5389  78.3375 0184231 255.4056 287.0060  2.00576017101968
1 28474U 04045A   18275.53498006  .00000016  00000-0  00000+0 0  9992
2 28474  54.5395  78.3071 0184253 255.4147 104.6783  2.00575956101971
1 28474U 04045A   18276.52534635  .00000016  00000-0  00000+0 0  9991
2 28474  54.5402  78.2666 0184299 255.4282  99.8053  2.00575878101999
1 28474U 04045A   18277.52184984  .00000013  00000-0  00000+0 0  9997
2 28474  54.5410  78.2258 0184340 255.4435  99.3619  2.00575804102018
1 28474U 04045A   18278.51387538  .00000007  00000-0  00000+0 0  9990
2 28474  54.5417  78.1852 0184385 255.4567  95.6869  2.00575736102031
1 28474U 04045A   18278.83781947  .00000005  00000-0  00000-0 0  9996
2 28474  54.5419  78.1719 0184405 255.4635 329.5990  2.00575715102046
1 28474U 04045A   18279.50440355 -.00000001  00000-0  00000+0 0  9992
2 28474  54.5424  78.1447 0184429 255.4706  90.9297  2.00575675102050
1 28474U 04045A   18280.55961204 -.00000011  00000-0  00000-0 0  9992
2 28474  54.5431  78.1015 0184481 255.4834 132.8787  2.00575612102083
1 28474U 04045A   18281.51659025 -.00000021  00000-0  00000+0 0  9994
2 28474  54.5438  78.0623 0184528 255.4966 103.8954  2.00575562102091
1 28474U 04045A   18282.50363282 -.00000029  00000-0  00000+0 0  9999
2 28474  54.5445  78.0219 0184578 255.5100  96.6211  2.00575514102111
1 28474U 04045A   18282.58438374 -.00000029  00000-0  00000-0 0  9993
2 28474  54.5446  78.0186 0184584 255.5103 154.9306  2.00575508102122
1 28474U 04045A   18283.50372681 -.00000034  00000-0  00000+0 0  9999
2 28474  54.5452  77.9810 0184629 255.5241  98.7701  2.00575468102134
1 28474U 04045A   18283.76423890 -.00000034  00000-0  00000-0 0  9997
2 28474  54.5454  77.9703 0184648 255.5281 286.8806  2.00575454102144
1 28474U 04045A   18284.50096558 -.00000035  00000-0  00000+0 0  9997
2 28474  54.5459  77.9402 0184680 255.5383  98.8570  2.00575424102151
1 28474U 04045A   18285.50844417 -.00000033  00000-0  00000+0 0  9991
2 28474  54.5467  77.8990 0184726 255.5543 106.3361  2.00575378102173
1 28474U 04045A   18285.56266453 -.00000033  00000-0  00000-0 0  9996
2 28474  54.5467  77.8967 0184729 255.5546 145.4880  2.00575374102180
1 28474U 04045A   18286.49695215 -.00000028  00000-0  00000+0 0  9994
2 28474  54.5474  77.8585 0184770 255.5694 100.1172  2.00575331102190
1 28474U 04045A   18287.50139483 -.00000021  00000-0  00000+0 0  9990
2 28474  54.5481  77.8175 0184814 255.5850 105.4039  2.00575279102210
1 28474U 04045A   18287.50139483 -.00000021  00000-0  00000-0 0  9991
2 28474  54.5481  77.8175 0184814 255.5850 105.4039  2.00575279102221
1 28474U 04045A   18288.52641080 -.00000014  00000-0  00000+0 0  9996
2 28474  54.5489  77.7756 0184857 255.6001 125.5466  2.00575218102230
1 28474U 04045A   18289.50275060 -.00000009  00000-0  00000+0 0  9990
2 28474  54.5496  77.7357 0184902 255.6149 110.5407  2.00575156102251
1 28474U 04045A   18290.48614692 -.00000004  00000-0  00000+0 0  9992
2 28474  54.5502  77.6955 0184944 255.6303 100.6295  2.00575087102270
1 28474U 04045A   18290.55644434 -.00000004  00000-0  00000-0 0  9998
2 28474  54.5503  77.6926 0184952 255.6297 151.3914  2.00575081102286
1 28474U 04045A   18291.49258002 -.00000002  00000-0  00000+0 0  9991
2 28474  54.5509  77.6544 0185000 255.6451 107.3533  2.00575007102292
1 28474U 04045A   18291.56574569 -.00000001  00000-0  00000-0 0  9998
2 28474  54.5510  77.6514 0185007 255.6448 160.1859  2.00575000102307
1 28474U 04045A   18292.48408907 -.00000000  00000-0  00000+0 0  9990
2 28474  54.5516  77.6138 0185052 255.6610 103.2990  2.00574922102313
1 28474U 04045A   18292.73798361 -.00000000  00000-0  00000-0 0  9995
2 28474  54.5518  77.6035 0185075 255.6659 286.6295  2.00574898102326
1 28474U 04045A   18293.52963157 -.00000001  00000-0  00000+0 0  9990
2 28474  54.5523  77.5711 0185100 255.6785 138.2602  2.00574827102338
1 28474U 04045A   18294.46837454 -.00000001  00000-0  00000+0 0  9994
2 28474  54.5530  77.5327 0185142 255.6968  96.1011  2.00574738102357
1 28474U 04045A   18294.46837454 -.00000001  00000-0  00000-0 0  9995
2 28474  54.5530  77.5327 0185142 255.6968  96.1011  2.00574738102357
1 28474U 04045A   18294.53746233 -.00000001  00000-0  00000-0 0  9997
2 28474  54.5530  77.5299 0185147 255.6964 145.9893  2.00574731102361
1 28474U 04045A   18295.48175993 -.00000003  00000-0  00000+0 0  9992
2 28474  54.5537  77.4913 0185191 255.7141 107.8415  2.00574640102374
1 28474U 04045A   18295.55495687 -.00000003  00000-0  00000-0 0  9996
2 28474  54.5537  77.4883 0185198 255.7139 160.6966  2.00574632102384
1 28474U 04045A   18296.47590056 -.00000003  00000-0  00000+0 0  9993
2 28474  54.5544  77.4507 0185237 255.7315 105.6849  2.00574541102394
1 28474U 04045A   18297.46794698 -.00000004  00000-0  00000+0 0  9992
2 28474  54.5550  77.4101 0185286 255.7486 102.0161  2.00574442102415
1 28474U 04045A   18298.48025111 -.00000003  00000-0  00000+0 0  9991
2 28474  54.5557  77.3687 0185340 255.7654 112.9753  2.00574340102434
1 28474U 04045A   18298.89841568 -.00000003  00000-0  00000-0 0  9999
2 28474  54.5560  77.3516 0185354 255.7749  54.9186  2.00574299102448
1 28474U 04045A   18299.51158376 -.00000002  00000-0  00000+0 0  9995
2 28474  54.5565  77.3266 0185378 255.7839 137.6727  2.00574237102454
1 28474U 04045A   18300.55784343 -.00000000  00000-0  00000+0 0  9999
2 28474  54.5572  77.2838 0185439 255.8021 173.1487  2.00574136102476
1 28474U 04045A   18300.79011323  .00000000  00000-0  00000-0 0  9996
2 28474  54.5573  77.2743 0185459 255.8101 340.8604  2.00574113102483
1 28474U 04045A   18301.44793594  .00000002  00000-0  00000+0 0  9997
2 28474  54.5578  77.2474 0185482 255.8201  95.8579  2.00574055102490
1 28474U 04045A   18301.44793594  .00000002  00000-0  00000-0 0  9998
2 28474  54.5578  77.2474 0185482 255.8201  95.8579  2.00574055102490
1 28474U 04045A   18301.87229156  .00000002  00000-0  00000-0 0  9993
2 28474  54.5581  77.2300 0185506 255.8298  42.2711  2.00574016102508
1 28474U 04045A   18302.51666324  .00000003  00000-0  00000+0 0  9997
2 28474  54.5585  77.2037 0185543 255.8389 147.5564  2.00573958102511
1 28474U 04045A   18303.47600153  .00000003  00000-0  00000+0 0  9991
2 28474  54.5592  77.1644 0185599 255.8569 120.2668  2.00573879102530
1 28474U 04045A   18304.96050451 -.00000002  00000-0  00000-0 0  9997
2 28474  54.5602  77.1037 0185689 255.8849 112.1826  2.00573763102571
1 28474U 04045A   18305.50687410 -.00000005  00000-0  00000+0 0  9991
2 28474  54.5606  77.0814 0185716 255.8947 146.7004  2.00573723102574
1 28474U 04045A   18306.45569441 -.00000013  00000-0  00000+0 0  9998
2 28474  54.5612  77.0425 0185766 255.9121 111.8156  2.00573660102592
1 28474U 04045A   18307.51271874 -.00000024  00000-0  00000+0 0  9998
2 28474  54.5619  76.9993 0185823 255.9306 155.0625  2.00573594102616
1 28474U 04045A   18307.93313369 -.00000029  00000-0  00000-0 0  9996
2 28474  54.5622  76.9821 0185844 255.9390  98.6309  2.00573571102623
1 28474U 04045A   18308.53077240 -.00000035  00000-0  00000+0 0  9994
2 28474  54.5626  76.9576 0185881 255.9487 170.1691  2.00573536102634
1 28474U 04045A   18308.93729948 -.00000039  00000-0  00000-0 0  9992
2 28474  54.5628  76.9410 0185901 255.9567 103.7096  2.00573517102657
1 28474U 04045A   18309.44196451 -.00000044  00000-0  00000+0 0  9991
2 28474  54.5632  76.9204 0185930 255.9658 108.1131  2.00573490102655
1 28474U 04045A   18309.84116003 -.00000047  00000-0  00000-0 0  9994
2 28474  54.5635  76.9040 0185953 255.9744  36.3588  2.00573471102665
1 28474U 04045A   18310.43254080 -.00000051  00000-0  00000+0 0  9993
2 28474  54.5649  76.8766 0185545 256.0471 103.3209  2.00573613102674
1 28474U 04045A   18310.48714385 -.00000051  00000-0  00000+0 0  9997
2 28474  54.5639  76.8776 0185989 255.9848 142.8056  2.00573439102676
1 28474U 04045A   18311.49592486 -.00000054  00000-0  00000+0 0  9998
2 28474  54.5646  76.8364 0186046 256.0035 151.2152  2.00573392102693
1 28474U 04045A   18311.49592486 -.00000054  00000-0  00000-0 0  9999
2 28474  54.5646  76.8364 0186046 256.0035 151.2152  2.00573392102705
1 28474U 04045A   18311.80371278 -.00000054  00000-0  00000-0 0  9998
2 28474  54.5648  76.8237 0186063 256.0113  13.4572  2.00573379102702
1 28474U 04045A   18312.46993931 -.00000054  00000-0  00000+0 0  9996
2 28474  54.5652  76.7965 0186102 256.0230 134.5194  2.00573347102719
1 28474U 04045A   18313.53604066 -.00000050  00000-0  00000+0 0  9999
2 28474  54.5659  76.7529 0186167 256.0437 184.3169  2.00573294102730
1 28474U 04045A   18313.82931258 -.00000049  00000-0  00000-0 0  9996
2 28474  54.5661  76.7409 0186181 256.0514  36.0770  2.00573282102741
1 28474U 04045A   18314.53231472 -.00000045  00000-0  00000-0 0  9992
2 28474  54.5666  76.7122 0186214 256.0628 183.6943  2.00573244102751
1 28474U 04045A   18315.31393646 -.00000040  00000-0  00000+0 0  9995
2 28474  54.5671  76.6802 0186248 256.0797  28.0761  2.00573204102773
1 28474U 04045A   18315.78690029 -.00000037  00000-0  00000-0 0  9998
2 28474  54.5674  76.6609 0186278 256.0891   9.5875  2.00573175102787
1 28474U 04045A   18316.49727206 -.00000034  00000-0  00000+0 0  9991
2 28474  54.5679  76.6318 0186314 256.1001 162.5263  2.00573129102795
1 28474U 04045A   18316.79795458 -.00000032  00000-0  00000-0 0  9997
2 28474  54.5681  76.6196 0186334 256.1086  19.6364  2.00573110102803
1 28474U 04045A   18317.39152056 -.00000030  00000-0  00000+0 0  9992
2 28474  54.5685  76.5953 0186355 256.1188  88.2321  2.00573070102814
1 28474U 04045A   18317.81438256 -.00000028  00000-0  00000-0 0  9996
2 28474  54.5688  76.5780 0186381 256.1283  33.5654  2.00573040102820
1 28474U 04045A   18318.51098477 -.00000027  00000-0  00000-0 0  9990
2 28474  54.5692  76.5495 0186418 256.1391 176.5612  2.00572985102839
1 28474U 04045A   18319.42077279 -.00000026  00000-0  00000+0 0  9996
2 28474  54.5698  76.5123 0186465 256.1597 113.4855  2.00572911102853
1 28474U 04045A   18320.48109472 -.00000026  00000-0  00000+0 0  9995
2 28474  54.5705  76.4690 0186528 256.1816 159.1067  2.00572816102872
1 28474U 04045A   18320.48109472 -.00000026  00000-0  00000-0 0  9996
2 28474  54.5705  76.4690 0186528 256.1816 159.1067  2.00572816102883
1 28474U 04045A   18320.78699362 -.00000027  00000-0  00000-0 0  9992
2 28474  54.5707  76.4565 0186548 256.1920  19.9813  2.00572788102884
1 28474U 04045A   18321.63117049 -.00000028  00000-0  00000+0 0  9994
2 28474  54.5713  76.4220 0186600 256.2097 269.5312  2.00572707102893
1 28474U 04045A   18321.63117049 -.00000028  00000-0  00000-0 0  9995
2 28474  54.5713  76.4220 0186600 256.2097 269.5312  2.00572707102905
1 28474U 04045A   18322.41927470 -.00000029  00000-0  00000-0 0  9990
2 28474  54.5718  76.3898 0186633 256.2260 118.5929  2.00572633102914
1 28474U 04045A   18323.40518778 -.00000030  00000-0  00000+0 0  9998
2 28474  54.5724  76.3494 0186684 256.2477 110.4838  2.00572536102933
1 28474U 04045A   18323.75642083 -.00000030  00000-0  00000-0 0  9994
2 28474  54.5727  76.3351 0186713 256.2586   4.0927  2.00572498102947
1 28474U 04045A   18324.53807203 -.00000030  00000-0  00000+0 0  9997
2 28474  54.5732  76.3031 0186762 256.2721 208.4972  2.00572419102957
1 28474U 04045A   18325.38476823 -.00000030  00000-0  00000+0 0  9991
2 28474  54.5738  76.2685 0186796 256.2919  99.8631  2.00572337102978
1 28474U 04045A   18326.45311959 -.00000029  00000-0  00000+0 0  9996
2 28474  54.5745  76.2248 0186863 256.3136 151.2805  2.00572228102995
1 28474U 04045A   18326.79644728 -.00000028  00000-0  00000-0 0  9996
2 28474  54.5747  76.2107 0186878 256.3241  39.1811  2.00572194103000
1 28474U 04045A   18327.49828285 -.00000027  00000-0  00000+0 0  9994
2 28474  54.5752  76.1820 0186930 256.3368 185.9521  2.00572124103018
1 28474U 04045A   18328.37084312 -.00000025  00000-0  00000+0 0  9995
2 28474  54.5757  76.1464 0187086 256.3704  95.9791  2.00572035103036
1 28474U 04045A   18328.37084312 -.00000025  00000-0  00000-0 0  9996
2 28474  54.5757  76.1464 0187086 256.3704  95.9791  2.00572035103036
1 28474U 04045A   18328.75152829 -.00000025  00000-0  00000-0 0  9997
2 28474  54.5760  76.1308 0187001 256.3691  10.8669  2.00572005103047
1 28474U 04045A   18329.51597373 -.00000023  00000-0  00000+0 0  9996
2 28474  54.5765  76.0996 0187138 256.3967 202.8320  2.00571930103055
1 28474U 04045A   18329.51597373 -.00000023  00000-0  00000-0 0  9997
2 28474  54.5765  76.0996 0187138 256.3967 202.8320  2.00571930103066
1 28474U 04045A   18329.87157994 -.00000023  00000-0  00000-0 0  9997
2 28474  54.5767  76.0850 0187061 256.3927  99.6132  2.00571908103066
1 28474U 04045A   18330.37012715 -.00000023  00000-0  00000+0 0  9994
2 28474  54.5770  76.0646 0187190 256.4194  99.5784  2.00571858103070
1 28474U 04045A   18330.87677983 -.00000023  00000-0  00000-0 0  9994
2 28474  54.5773  76.0439 0187216 256.4318 105.4109  2.00571816103094
1 28474U 04045A   18331.53957722 -.00000025  00000-0  00000+0 0  9991
2 28474  54.5778  76.0168 0187265 256.4485 223.9885  2.00571762103094
1 28474U 04045A   18332.50160024 -.00000030  00000-0  00000+0 0  9996
2 28474  54.5784  75.9774 0187310 256.4732 198.6232  2.00571690103115
1 28474U 04045A   18332.73737057 -.00000031  00000-0  00000-0 0  9999
2 28474  54.5785  75.9678 0187320 256.4804   8.8614  2.00571676103121
1 28474U 04045A   18333.51649743 -.00000037  00000-0  00000+0 0  9995
2 28474  54.5790  75.9359 0187377 256.4976 211.4374  2.00571620103130
1 28474U 04045A   18333.86432410 -.00000041  00000-0  00000-0 0  9990
2 28474  54.5793  75.9217 0187391 256.5060 102.5883  2.00571601103153
1 28474U 04045A   18334.45981550 -.00000047  00000-0  00000+0 0  9995
2 28474  54.5796  75.8973 0187410 256.5190 172.5685  2.00571560103151
1 28474U 04045A   18334.76196009 -.00000050  00000-0  00000-0 0  9991
2 28474  54.5798  75.8849 0187427 256.5286  30.7318  2.00571543103169
1 28474U 04045A   18335.53403392 -.00000058  00000-0  00000+0 0  9990
2 28474  54.5803  75.8534 0187458 256.5437 228.2167  2.00571495103172
1 28474U 04045A   18336.48582294 -.00000067  00000-0  00000+0 0  9994
2 28474  54.5810  75.8144 0187529 256.5663 195.4626  2.00571443103197
1 28474U 04045A   18337.49404450 -.00000075  00000-0  00000+0 0  9992
2 28474  54.5816  75.7732 0187596 256.5940 203.4521  2.00571389103213
1 28474U 04045A   18338.51644795 -.00000079  00000-0  00000+0 0  9998
2 28474  54.5823  75.7314 0187612 256.6077 221.6960  2.00571350103237
1 28474U 04045A   18338.84516050 -.00000080  00000-0  00000-0 0  9999
2 28474  54.5825  75.7180 0187622 256.6153  99.0452  2.00571338103246
1 28474U 04045A   18339.34276767 -.00000080  00000-0  00000+0 0  9992
2 28474  54.5828  75.6976 0187644 256.6260  98.3468  2.00571317103251
1 28474U 04045A   18339.85029363 -.00000079  00000-0  00000-0 0  9995
2 28474  54.5832  75.6769 0187671 256.6376 104.8095  2.00571292103277
1 28474U 04045A   18340.39107719 -.00000077  00000-0  00000+0 0  9995
2 28474  54.5835  75.6547 0187692 256.6482 135.2880  2.00571270103271
1 28474U 04045A   18341.89427462 -.00000070  00000-0  00000-0 0  9995
2 28474  54.5845  75.5931 0187738 256.6714 140.6933  2.00571202103316
1 28474U 04045A   18342.33819295 -.00000067  00000-0  00000+0 0  9999
2 28474  54.5845  75.5748 0187252 256.7056 101.2133  2.00571622103314
1 28474U 04045A   18342.43234090 -.00000066  00000-0  00000+0 0  9993
2 28474  54.5849  75.5711 0187765 256.6830 169.2083  2.00571173103315
1 28474U 04045A   18342.59493984 -.00000065  00000-0  00000+0 0  9998
2 28474  54.5850  75.5645 0187799 256.6964 286.6041  2.00571160103312
1 28474U 04045A   18342.73631328 -.00000064  00000-0  00000-0 0  9990
2 28474  54.5850  75.5587 0187800 256.7006  28.6827  2.00571155103329
1 28474U 04045A   18343.35383955 -.00000061  00000-0  00000+0 0  9995
2 28474  54.5855  75.5333 0187791 256.6999 114.5865  2.00571124103336
1 28474U 04045A   18344.52178211 -.00000055  00000-0  00000+0 0  9995
2 28474  54.5862  75.4856 0187859 256.7242 237.9090  2.00571049103358
1 28474U 04045A   18344.99544667 -.00000053  00000-0  00000+0 0  9996
2 28474  54.5866  75.4661 0187917 256.7369 219.9195  2.00571014103360
1 28474U 04045A   18345.77296698 -.00000052  00000-0  00000-0 0  9991
2 28474  54.5870  75.4344 0187914 256.7539  61.3332  2.00570965103387
1 28474U 04045A   18346.43736484 -.00000051  00000-0  00000+0 0  9995
2 28474  54.5875  75.4073 0187962 256.7679 181.0665  2.00570911103390
1 28474U 04045A   18347.43061843 -.00000050  00000-0  00000+0 0  9995
2 28474  54.5881  75.3665 0188048 256.7969 178.2445  2.00570828103415
1 28474U 04045A   18347.72980133 -.00000050  00000-0  00000-0 0  9990
2 28474  54.5883  75.3544 0188025 256.8026  34.2719  2.00570803103422
1 28474U 04045A   18348.51650793 -.00000051  00000-0  00000+0 0  9994
2 28474  54.5888  75.3221 0188108 256.8248 242.3133  2.00570731103430
1 28474U 04045A   18348.82400209 -.00000051  00000-0  00000-0 0  9994
2 28474  54.5890  75.3095 0188112 256.8337 104.3392  2.00570705103453
1 28474U 04045A   18349.29377392 -.00000051  00000-0  00000+0 0  9991
2 28474  54.5893  75.2903 0188137 256.8465  83.5380  2.00570662103459
1 28474U 04045A   18350.46991359 -.00000052  00000-0  00000+0 0  9998
2 28474  54.5901  75.2422 0188203 256.8738 212.7747  2.00570550103473
1 28474U 04045A   18351.32290413 -.00000051  00000-0  00000+0 0  9996
2 28474  54.5907  75.2072 0188234 256.8962 108.6772  2.00570471103498
1 28474U 04045A   18352.52520170 -.00000050  00000-0  00000+0 0  9994
2 28474  54.5915  75.1580 0188308 256.9263 256.7983  2.00570351103516
1 28474U 04045A   18352.73095080 -.00000050  00000-0  00000-0 0  9995
2 28474  54.5916  75.1496 0188308 256.9338  45.3574  2.00570330103522
1 28474U 04045A   18353.49610455 -.00000048  00000-0  00000+0 0  9994
2 28474  54.5921  75.1183 0188360 256.9507 237.8400  2.00570256103531
1 28474U 04045A   18353.91797868 -.00000047  00000-0  00000-0 0  9995
2 28474  54.5924  75.1010 0188378 256.9605 182.4555  2.00570215103554
1 28474U 04045A   18354.47370866 -.00000046  00000-0  00000+0 0  9990
2 28474  54.5928  75.0783 0188411 256.9748 223.7206  2.00570163103554
1 28474U 04045A   18354.68836921 -.00000045  00000-0  00000-0 0  9992
2 28474  54.5929  75.0695 0188417 256.9841  18.7125  2.00570141103566
1 28474U 04045A   18355.45207419 -.00000043  00000-0  00000+0 0  9999
2 28474  54.5934  75.0382 0188465 257.0001 210.1494  2.00570070103577
1 28474U 04045A   18356.47969330 -.00000040  00000-0  00000+0 0  9996
2 28474  54.5941  74.9961 0188518 257.0265 232.1418  2.00569979103595
1 28474U 04045A   18356.47969330 -.00000040  00000-0  00000-0 0  9997
2 28474  54.5941  74.9961 0188518 257.0265 232.1418  2.00569979103607
1 28474U 04045A   18356.79249907 -.00000039  00000-0  00000-0 0  9991
2 28474  54.5943  74.9833 0188524 257.0351  98.0026  2.00569952103605
1 28474U 04045A   18357.43101597 -.00000038  00000-0  00000+0 0  9993
2 28474  54.5947  74.9571 0188567 257.0507 199.0442  2.00569897103611
1 28474U 04045A   18357.79767296 -.00000038  00000-0  00000-0 0  9997
2 28474  54.5950  74.9421 0188578 257.0610 103.7878  2.00569867103630
1 28474U 04045A   18358.19880797 -.00000038  00000-0  00000+0 0  9993
2 28474  54.5952  74.9257 0188600 257.0733  33.4251  2.00569833103638
1 28474U 04045A   18359.44831064 -.00000041  00000-0  00000+0 0  9999
2 28474  54.5961  74.8745 0188670 257.1028 215.6302  2.00569739103652
1 28474U 04045A   18359.68393995 -.00000042  00000-0  00000-0 0  9993
2 28474  54.5962  74.8648 0188676 257.1115  25.7634  2.00569724103661
1 28474U 04045A   18360.45623171 -.00000047  00000-0  00000+0 0  9996
2 28474  54.5967  74.8331 0188725 257.1296 223.3976  2.00569668103673
1 28474U 04045A   18360.70209515 -.00000049  00000-0  00000-0 0  9999
2 28474  54.5969  74.8230 0188729 257.1372  40.9216  2.00569653103687
1 28474U 04045A   18361.47981221 -.00000056  00000-0  00000+0 0  9992
2 28474  54.5974  74.7912 0188775 257.1553 242.4731  2.00569601103696
1 28474U 04045A   18361.71310372 -.00000058  00000-0  00000-0 0  9995
2 28474  54.5976  74.7816 0188779 257.1620  50.9201  2.00569590103703
1 28474U 04045A   18362.36088514 -.00000064  00000-0  00000+0 0  9993
2 28474  54.5980  74.7550 0188815 257.1762 158.6521  2.00569550103719
1 28474U 04045A   18362.36088514 -.00000064  00000-0  00000-0 0  9994
2 28474  54.5980  74.7550 0188815 257.1762 158.6521  2.00569550103720
1 28474U 04045A   18363.43218287 -.00000074  00000-0  00000+0 0  9995
2 28474  54.5987  74.7112 0188871 257.2028 212.1817  2.00569494103731
1 28474U 04045A   18363.43218287 -.00000074  00000-0  00000-0 0  9996
2 28474  54.5987  74.7112 0188871 257.2028 212.1817  2.00569494103742
1 28474U 04045A   18364.34470399 -.00000081  00000-0  00000+0 0  9998
2 28474  54.5994  74.6738 0188916 257.2255 151.0665  2.00569449103758
1 28474U 04045A   18364.34470399 -.00000081  00000-0  00000-0 0  9999
2 28474  54.5994  74.6738 0188916 257.2255 151.0665  2.00569449103769
1 28474U 04045A   18365.37402674 -.00000086  00000-0  00000+0 0  9998
2 28474  54.6001  74.6316 0188970 257.2515 174.2870  2.00569402103775
1 28474U 04045A   18365.37402674 -.00000086  00000-0  00000-0 0  9999
2 28474  54.6001  74.6316 0188970 257.2515 174.2870  2.00569402103786
1 28474U 04045A   18365.75906189 -.00000087  00000-0  00000-0 0  9992
2 28474  54.6003  74.6158 0188989 257.2628  92.2993  2.00569386103783

