1 27663U 03005A   18001.18892535 -.00000062  00000-0  00000+0 0  9991
2 27663  56.6275 337.1717 0095543  24.6479 177.4475  2.00577094109340
1 27663U 03005A   18001.18892535 -.00000062  00000-0  00000-0 0  9992
2 27663  56.6275 337.1717 0095543  24.6479 177.4475  2.00577094109351
1 27663U 03005A   18001.72385564 -.00000064  00000-0  00000-0 0  9993
2 27663  56.6272 337.1509 0095573  24.6575 203.7080  2.00577058109363
1 27663U 03005A   18002.20311566 -.00000065  00000-0  00000+0 0  9998
2 27663  56.6270 337.1321 0095596  24.6652 189.7713  2.00577029109368
1 27663U 03005A   18002.67635927 -.00000066  00000-0  00000+0 0  9990
2 27663  56.6268 337.1137 0095618  24.6730 171.4900  2.00577001109379
1 27663U 03005A   18002.67635927 -.00000066  00000-0  00000-0 0  9991
2 27663  56.6268 337.1137 0095618  24.6730 171.4900  2.00577001109380
1 27663U 03005A   18003.68779181 -.00000067  00000-0  00000-0 0  9995
2 27663  56.6264 337.0742 0095668  24.6907 181.8217  2.00576945109403
1 27663U 03005A   18004.05055564 -.00000067  00000-0  00000+0 0  9998
2 27663  56.6262 337.0601 0095684  24.6969  83.7650  2.00576927109402
1 27663U 03005A   18004.65283243 -.00000067  00000-0  00000-0 0  9992
2 27663  56.6259 337.0366 0095721  24.7085 158.6537  2.00576898109423
1 27663U 03005A   18005.17656362 -.00000067  00000-0  00000+0 0  9995
2 27663  56.6257 337.0161 0095749  24.7190 176.8263  2.00576875109424
1 27663U 03005A   18005.70999649 -.00000068  00000-0  00000+0 0  9993
2 27663  56.6254 336.9953 0095783  24.7303 202.0034  2.00576852109436
1 27663U 03005A   18005.70999649 -.00000068  00000-0  00000-0 0  9994
2 27663  56.6254 336.9953 0095783  24.7303 202.0034  2.00576852109447
1 27663U 03005A   18006.72193703 -.00000070  00000-0  00000-0 0  9997
2 27663  56.6250 336.9559 0095836  24.7502 212.6990  2.00576812109461
1 27663U 03005A   18007.19868436 -.00000071  00000-0  00000+0 0  9991
2 27663  56.6248 336.9373 0095860  24.7597 196.9457  2.00576795109465
1 27663U 03005A   18007.19868436 -.00000071  00000-0  00000-0 0  9992
2 27663  56.6248 336.9373 0095860  24.7597 196.9457  2.00576795109476
1 27663U 03005A   18008.57551039 -.00000076  00000-0  00000-0 0  9998
2 27663  56.6241 336.8836 0095926  24.7869 111.1150  2.00576748109508
1 27663U 03005A   18008.68725873 -.00000077  00000-0  00000-0 0  9990
2 27663  56.6240 336.8792 0095933  24.7883 191.8063  2.00576743109505
1 27663U 03005A   18009.21994459 -.00000079  00000-0  00000+0 0  9999
2 27663  56.6238 336.8584 0095963  24.7997 216.4435  2.00576724109506
1 27663U 03005A   18009.63236944 -.00000081  00000-0  00000-0 0  9997
2 27663  56.6236 336.8423 0095980  24.8068 154.2454  2.00576712109524
1 27663U 03005A   18010.17280837 -.00000084  00000-0  00000+0 0  9990
2 27663  56.6233 336.8213 0096006  24.8168 184.4824  2.00576692109522
1 27663U 03005A   18010.70704505 -.00000086  00000-0  00000-0 0  9995
2 27663  56.6231 336.8004 0096033  24.8261 210.2415  2.00576673109547
1 27663U 03005A   18011.18456885 -.00000088  00000-0  00000+0 0  9994
2 27663  56.6229 336.7818 0096056  24.8349 195.0490  2.00576656109542
1 27663U 03005A   18011.61524892 -.00000089  00000-0  00000+0 0  9997
2 27663  56.6227 336.7650 0096077  24.8434 146.0314  2.00576641109558
1 27663U 03005A   18011.61524892 -.00000089  00000-0  00000-0 0  9998
2 27663  56.6227 336.7650 0096077  24.8434 146.0314  2.00576641109569
1 27663U 03005A   18012.61781845 -.00000090  00000-0  00000-0 0  9994
2 27663  56.6222 336.7259 0096128  24.8609 149.9616  2.00576601109585
1 27663U 03005A   18012.66652449 -.00000090  00000-0  00000+0 0  9995
2 27663  56.6222 336.7240 0096131  24.8609 185.1318  2.00576598109574
1 27663U 03005A   18012.66652449 -.00000090  00000-0  00000-0 0  9996
2 27663  56.6222 336.7240 0096131  24.8609 185.1318  2.00576598109585
1 27663U 03005A   18013.63255896 -.00000090  00000-0  00000+0 0  9998
2 27663  56.6217 336.6864 0096179  24.8788 162.6798  2.00576555109596
1 27663U 03005A   18013.63255896 -.00000090  00000-0  00000-0 0  9999
2 27663  56.6217 336.6864 0096179  24.8788 162.6798  2.00576555109608
1 27663U 03005A   18014.69487009 -.00000086  00000-0  00000-0 0  9994
2 27663  56.6212 336.6450 0096232  24.8978 209.7470  2.00576501109628
1 27663U 03005A   18015.16927595 -.00000084  00000-0  00000+0 0  9993
2 27663  56.6210 336.6265 0096256  24.9080 192.3014  2.00576475109622
1 27663U 03005A   18015.70640781 -.00000081  00000-0  00000-0 0  9990
2 27663  56.6207 336.6056 0096284  24.9189 220.1489  2.00576443109640
1 27663U 03005A   18016.65430087 -.00000075  00000-0  00000+0 0  9993
2 27663  56.6203 336.5687 0096327  24.9389 184.5944  2.00576382109657
1 27663U 03005A   18017.66666933 -.00000068  00000-0  00000-0 0  9999
2 27663  56.6198 336.5293 0096372  24.9592 195.5964  2.00576309109685
1 27663U 03005A   18018.10657682 -.00000065  00000-0  00000+0 0  9996
2 27663  56.6196 336.5122 0096390  24.9689 153.2400  2.00576275109689
1 27663U 03005A   18019.58560822 -.00000056  00000-0  00000-0 0  9999
2 27663  56.6189 336.4545 0096457  24.9979 141.2060  2.00576151109722
1 27663U 03005A   18020.16513740 -.00000054  00000-0  00000+0 0  9999
2 27663  56.6186 336.4319 0096485  25.0086 199.6678  2.00576100109726
1 27663U 03005A   18020.63897212 -.00000052  00000-0  00000-0 0  9999
2 27663  56.6184 336.4135 0096507  25.0190 181.8090  2.00576057109745
1 27663U 03005A   18021.17896394 -.00000050  00000-0  00000+0 0  9996
2 27663  56.6181 336.3924 0096529  25.0291 211.7217  2.00576007109742
1 27663U 03005A   18021.64896762 -.00000049  00000-0  00000-0 0  9996
2 27663  56.6179 336.3741 0096552  25.0404 191.0954  2.00575964109769
1 27663U 03005A   18022.09312826 -.00000049  00000-0  00000+0 0  9999
2 27663  56.6177 336.3568 0096572  25.0510 151.8089  2.00575923109762
1 27663U 03005A   18022.59816373 -.00000049  00000-0  00000-0 0  9991
2 27663  56.6174 336.3371 0096596  25.0623 156.4785  2.00575875109784
1 27663U 03005A   18022.66446752 -.00000049  00000-0  00000-0 0  9999
2 27663  56.6174 336.3345 0096599  25.0635 204.3547  2.00575869109783
1 27663U 03005A   18023.13711024 -.00000049  00000-0  00000+0 0  9998
2 27663  56.6171 336.3161 0096620  25.0744 185.6342  2.00575826109789
1 27663U 03005A   18023.67849244 -.00000050  00000-0  00000-0 0  9996
2 27663  56.6169 336.2950 0096643  25.0869 216.5483  2.00575775109800
1 27663U 03005A   18024.15131727 -.00000051  00000-0  00000+0 0  9990
2 27663  56.6166 336.2765 0096662  25.0975 197.9596  2.00575733109801
1 27663U 03005A   18024.68747668 -.00000053  00000-0  00000-0 0  9998
2 27663  56.6163 336.2556 0096686  25.1115 225.1006  2.00575686109828
1 27663U 03005A   18025.57870337 -.00000057  00000-0  00000+0 0  9990
2 27663  56.6159 336.2208 0096720  25.1320 148.6254  2.00575610109836
1 27663U 03005A   18025.70269223 -.00000058  00000-0  00000-0 0  9993
2 27663  56.6158 336.2160 0096730  25.1372 238.1512  2.00575599109849
1 27663U 03005A   18026.58478811 -.00000062  00000-0  00000+0 0  9999
2 27663  56.6153 336.1815 0096766  25.1553 155.0849  2.00575528109853
1 27663U 03005A   18026.62788049 -.00000062  00000-0  00000-0 0  9992
2 27663  56.6153 336.1798 0096769  25.1563 186.2004  2.00575523109862
1 27663U 03005A   18027.18784365 -.00000065  00000-0  00000+0 0  9993
2 27663  56.6150 336.1580 0096795  25.1716 230.5283  2.00575481109873
1 27663U 03005A   18027.66440469 -.00000067  00000-0  00000-0 0  9993
2 27663  56.6148 336.1394 0096814  25.1821 214.6372  2.00575446109886
1 27663U 03005A   18028.13595965 -.00000068  00000-0  00000+0 0  9998
2 27663  56.6145 336.1209 0096833  25.1930 195.1307  2.00575413109896
1 27663U 03005A   18030.16274559 -.00000073  00000-0  00000+0 0  9993
2 27663  56.6135 336.0418 0096925  25.2429 218.5993  2.00575285109935
1 27663U 03005A   18031.09974907 -.00000073  00000-0  00000+0 0  9990
2 27663  56.6131 336.0052 0096966  25.2668 175.1744  2.00575235109954
1 27663U 03005A   18031.64908833 -.00000073  00000-0  00000+0 0  9996
2 27663  56.6128 335.9838 0096992  25.2813 211.8311  2.00575209109961
1 27663U 03005A   18031.64908833 -.00000073  00000-0  00000-0 0  9997
2 27663  56.6128 335.9838 0096992  25.2813 211.8311  2.00575209109961
1 27663U 03005A   18032.56343584 -.00000073  00000-0  00000-0 0  9995
2 27663  56.6123 335.9481 0097039  25.3081 152.0434  2.00575171109983
1 27663U 03005A   18032.66175896 -.00000073  00000-0  00000+0 0  9994
2 27663  56.6123 335.9443 0097047  25.3127 223.0366  2.00575164109986
1 27663U 03005A   18032.66175896 -.00000073  00000-0  00000-0 0  9995
2 27663  56.6123 335.9443 0097047  25.3127 223.0366  2.00575164109986
1 27663U 03005A   18034.60222731 -.00000077  00000-0  00000-0 0  9996
2 27663  56.6113 335.8685 0097132  25.3622 184.1749  2.00575089110022
1 27663U 03005A   18035.44663671 -.00000080  00000-0  00000+0 0  9994
2 27663  56.6108 335.8356 0097168  25.3842  73.8901  2.00575062110030
1 27663U 03005A   18036.55176380 -.00000085  00000-0  00000+0 0  9998
2 27663  56.6103 335.7925 0097218  25.4169 151.8552  2.00575029110060
1 27663U 03005A   18036.60511828 -.00000085  00000-0  00000+0 0  9994
2 27663  56.6102 335.7904 0097221  25.4184 190.3803  2.00575024110069
1 27663U 03005A   18036.60511828 -.00000085  00000-0  00000-0 0  9995
2 27663  56.6102 335.7904 0097221  25.4184 190.3803  2.00575024110069
1 27663U 03005A   18037.65912516 -.00000090  00000-0  00000+0 0  9995
2 27663  56.6097 335.7493 0097271  25.4464 231.4367  2.00574991110087
1 27663U 03005A   18037.65912516 -.00000090  00000-0  00000-0 0  9996
2 27663  56.6097 335.7493 0097271  25.4464 231.4367  2.00574991110087
1 27663U 03005A   18038.59193868 -.00000094  00000-0  00000-0 0  9995
2 27663  56.6092 335.7129 0097307  25.4666 184.9887  2.00574960110100
1 27663U 03005A   18039.59579219 -.00000095  00000-0  00000+0 0  9994
2 27663  56.6087 335.6737 0097351  25.4865 189.8377  2.00574921110125
1 27663U 03005A   18040.54620366 -.00000095  00000-0  00000+0 0  9991
2 27663  56.6082 335.6366 0097394  25.5124 156.0908  2.00574883110149
1 27663U 03005A   18040.54620366 -.00000095  00000-0  00000-0 0  9992
2 27663  56.6082 335.6366 0097394  25.5124 156.0908  2.00574883110149
1 27663U 03005A   18041.64597970 -.00000092  00000-0  00000-0 0  9995
2 27663  56.6076 335.5937 0097445  25.5366 230.1994  2.00574833110166
1 27663U 03005A   18042.17925194 -.00000090  00000-0  00000+0 0  9994
2 27663  56.6074 335.5729 0097470  25.5513 255.2530  2.00574807110171
1 27663U 03005A   18042.65820253 -.00000087  00000-0  00000+0 0  9993
2 27663  56.6071 335.5542 0097491  25.5647 241.0831  2.00574784110184
1 27663U 03005A   18042.65820253 -.00000087  00000-0  00000-0 0  9994
2 27663  56.6071 335.5542 0097491  25.5647 241.0831  2.00574784110184
1 27663U 03005A   18043.59958713 -.00000081  00000-0  00000-0 0  9995
2 27663  56.6066 335.5175 0097528  25.5897 200.8184  2.00574731110207
1 27663U 03005A   18043.66556109 -.00000081  00000-0  00000-0 0  9996
2 27663  56.6066 335.5150 0097532  25.5909 248.4559  2.00574725110206
1 27663U 03005A   18044.14474861 -.00000077  00000-0  00000+0 0  9998
2 27663  56.6064 335.4963 0097549  25.6032 234.4580  2.00574696110218
1 27663U 03005A   18044.91445490 -.00000072  00000-0  00000-0 0  9995
2 27663  56.6060 335.4663 0097574  25.6275  70.2272  2.00574646110239
1 27663U 03005A   18045.15564012 -.00000070  00000-0  00000+0 0  9991
2 27663  56.6058 335.4569 0097586  25.6303 244.3807  2.00574626110232
1 27663U 03005A   18045.63029918 -.00000067  00000-0  00000-0 0  9992
2 27663  56.6056 335.4384 0097603  25.6422 227.1130  2.00574590110246
1 27663U 03005A   18046.09391308 -.00000063  00000-0  00000+0 0  9993
2 27663  56.6054 335.4203 0097618  25.6540 201.8699  2.00574556110253
1 27663U 03005A   18047.11101358 -.00000057  00000-0  00000+0 0  9994
2 27663  56.6048 335.3807 0097655  25.6787 216.2779  2.00574472110277
1 27663U 03005A   18047.65456161 -.00000055  00000-0  00000+0 0  9996
2 27663  56.6046 335.3595 0097679  25.6930 248.7512  2.00574425110289
1 27663U 03005A   18047.65456161 -.00000055  00000-0  00000-0 0  9997
2 27663  56.6046 335.3595 0097679  25.6930 248.7512  2.00574425110289
1 27663U 03005A   18049.46421191 -.00000049  00000-0  00000+0 0  9995
2 27663  56.6037 335.2889 0097739  25.7402 115.4242  2.00574261110318
1 27663U 03005A   18050.07430542 -.00000049  00000-0  00000+0 0  9994
2 27663  56.6033 335.2651 0097768  25.7585 195.9446  2.00574205110334
1 27663U 03005A   18050.62684934 -.00000049  00000-0  00000-0 0  9992
2 27663  56.6031 335.2436 0097790  25.7752 234.9109  2.00574152110346
1 27663U 03005A   18051.09920328 -.00000050  00000-0  00000+0 0  9995
2 27663  56.6028 335.2251 0097806  25.7882 215.9770  2.00574112110359
1 27663U 03005A   18051.63928392 -.00000052  00000-0  00000-0 0  9997
2 27663  56.6025 335.2040 0097826  25.8049 245.9437  2.00574061110367
1 27663U 03005A   18052.11365212 -.00000053  00000-0  00000+0 0  9997
2 27663  56.6023 335.1855 0097842  25.8181 228.4640  2.00574021110372
1 27663U 03005A   18052.65148234 -.00000055  00000-0  00000-0 0  9992
2 27663  56.6020 335.1645 0097862  25.8362 256.8040  2.00573973110384
1 27663U 03005A   18053.12115786 -.00000057  00000-0  00000+0 0  9992
2 27663  56.6018 335.1462 0097877  25.8491 235.9360  2.00573935110399
1 27663U 03005A   18053.59553764 -.00000059  00000-0  00000-0 0  9998
2 27663  56.6015 335.1277 0097894  25.8632 218.4636  2.00573897110407
1 27663U 03005A   18054.13923821 -.00000061  00000-0  00000+0 0  9996
2 27663  56.6012 335.1064 0097917  25.8837 251.0400  2.00573851110414
1 27663U 03005A   18054.61302438 -.00000063  00000-0  00000-0 0  9997
2 27663  56.6010 335.0879 0097934  25.8976 233.1390  2.00573815110428
1 27663U 03005A   18055.07217958 -.00000064  00000-0  00000-0 0  9991
2 27663  56.6007 335.0700 0097950  25.9111 204.6735  2.00573781110436
1 27663U 03005A   18055.54891529 -.00000066  00000-0  00000+0 0  9996
2 27663  56.6005 335.0513 0097964  25.9225 188.9048  2.00573749110443
1 27663U 03005A   18056.56044782 -.00000068  00000-0  00000+0 0  9992
2 27663  56.6000 335.0118 0097996  25.9489 199.2883  2.00573681110465
1 27663U 03005A   18056.63987683 -.00000068  00000-0  00000-0 0  9997
2 27663  56.5999 335.0087 0098000  25.9532 256.6383  2.00573674110467
1 27663U 03005A   18057.11117647 -.00000068  00000-0  00000+0 0  9995
2 27663  56.5997 334.9903 0098017  25.9662 236.9424  2.00573647110470
1 27663U 03005A   18057.57426351 -.00000068  00000-0  00000+0 0  9990
2 27663  56.5995 334.9722 0098032  25.9782 211.3174  2.00573620110488
1 27663U 03005A   18057.57426351 -.00000068  00000-0  00000-0 0  9991
2 27663  56.5995 334.9722 0098032  25.9782 211.3174  2.00573620110488
1 27663U 03005A   18059.13512720 -.00000068  00000-0  00000+0 0  9990
2 27663  56.5987 334.9113 0098093  26.0314 258.3357  2.00573536110517
1 27663U 03005A   18060.08389802 -.00000068  00000-0  00000+0 0  9999
2 27663  56.5982 334.8743 0098125  26.0622 223.3949  2.00573492110530
1 27663U 03005A   18061.09324159 -.00000070  00000-0  00000+0 0  9998
2 27663  56.5977 334.8349 0098160  26.0946 232.1909  2.00573451110555
1 27663U 03005A   18061.56360957 -.00000071  00000-0  00000-0 0  9998
2 27663  56.5974 334.8165 0098176  26.1089 211.8205  2.00573432110567
1 27663U 03005A   18062.10909338 -.00000072  00000-0  00000+0 0  9991
2 27663  56.5971 334.7952 0098195  26.1277 245.6853  2.00573413110571
1 27663U 03005A   18062.57532919 -.00000074  00000-0  00000+0 0  9991
2 27663  56.5969 334.7770 0098211  26.1420 222.3311  2.00573396110587
1 27663U 03005A   18062.57532919 -.00000074  00000-0  00000-0 0  9992
2 27663  56.5969 334.7770 0098211  26.1420 222.3311  2.00573396110587
1 27663U 03005A   18063.58745816 -.00000079  00000-0  00000-0 0  9991
2 27663  56.5964 334.7375 0098244  26.1714 233.1409  2.00573363110600
1 27663U 03005A   18064.13507751 -.00000081  00000-0  00000+0 0  9999
2 27663  56.5961 334.7161 0098262  26.1884 268.5494  2.00573343110613
1 27663U 03005A   18065.54484992 -.00000087  00000-0  00000+0 0  9992
2 27663  56.5954 334.6610 0098309  26.2288 206.4785  2.00573299110641
1 27663U 03005A   18066.55580552 -.00000089  00000-0  00000-0 0  9996
2 27663  56.5948 334.6215 0098343  26.2569 216.4419  2.00573264110664
1 27663U 03005A   18067.10391373 -.00000090  00000-0  00000+0 0  9990
2 27663  56.5945 334.6001 0098360  26.2718 252.2053  2.00573245110671
1 27663U 03005A   18067.10391373 -.00000090  00000-0  00000-0 0  9991
2 27663  56.5945 334.6001 0098360  26.2718 252.2053  2.00573245110671
1 27663U 03005A   18068.12302536 -.00000089  00000-0  00000+0 0  9994
2 27663  56.5940 334.5603 0098392  26.2980 268.0594  2.00573204110691
1 27663U 03005A   18069.05676135 -.00000085  00000-0  00000+0 0  9992
2 27663  56.5936 334.5238 0098424  26.3261 222.2635  2.00573163110714
1 27663U 03005A   18070.54129972 -.00000077  00000-0  00000+0 0  9991
2 27663  56.5928 334.4658 0098469  26.3731 214.1717  2.00573089110742
1 27663U 03005A   18070.54129972 -.00000077  00000-0  00000-0 0  9992
2 27663  56.5928 334.4658 0098469  26.3731 214.1717  2.00573089110742
1 27663U 03005A   18071.55724212 -.00000069  00000-0  00000-0 0  9993
2 27663  56.5923 334.4262 0098498  26.4046 227.7313  2.00573028110767
1 27663U 03005A   18072.10738223 -.00000065  00000-0  00000+0 0  9997
2 27663  56.5921 334.4047 0098513  26.4203 264.9604  2.00572992110775
1 27663U 03005A   18074.06400133 -.00000051  00000-0  00000+0 0  9995
2 27663  56.5911 334.3283 0098563  26.4748 237.7398  2.00572846110815
1 27663U 03005A   18075.54381414 -.00000044  00000-0  00000-0 0  9992
2 27663  56.5903 334.2705 0098598  26.5147 226.2412  2.00572722110842
1 27663U 03005A   18075.61762184 -.00000044  00000-0  00000+0 0  9996
2 27663  56.5903 334.2676 0098597  26.5129 279.5380  2.00572716110846
1 27663U 03005A   18075.61762184 -.00000044  00000-0  00000-0 0  9997
2 27663  56.5903 334.2676 0098597  26.5129 279.5380  2.00572716110846
1 27663U 03005A   18076.55808242 -.00000041  00000-0  00000-0 0  9994
2 27663  56.5898 334.2308 0098623  26.5385 238.5986  2.00572631110860
1 27663U 03005A   18077.10566583 -.00000040  00000-0  00000+0 0  9993
2 27663  56.5895 334.2095 0098648  26.5557 273.9796  2.00572581110875
1 27663U 03005A   18078.04719398 -.00000041  00000-0  00000+0 0  9992
2 27663  56.5891 334.1727 0098678  26.5822 233.8100  2.00572495110890
1 27663U 03005A   18081.33574567 -.00000050  00000-0  00000+0 0  9995
2 27663  56.5875 334.0441 0098732  26.6902  88.2909  2.00572212110958
1 27663U 03005A   18082.57983749 -.00000054  00000-0  00000-0 0  9993
2 27663  56.5869 333.9955 0098762  26.7280 266.5831  2.00572118110985
1 27663U 03005A   18083.04750300 -.00000055  00000-0  00000+0 0  9991
2 27663  56.5867 333.9771 0098772  26.7400 244.2615  2.00572085110991
1 27663U 03005A   18084.60382205 -.00000056  00000-0  00000-0 0  9991
2 27663  56.5859 333.9163 0098801  26.7813 288.0017  2.00571985111023
1 27663U 03005A   18085.07913278 -.00000056  00000-0  00000+0 0  9992
2 27663  56.5857 333.8977 0098814  26.7951 271.1985  2.00571957111037
1 27663U 03005A   18085.07913278 -.00000056  00000-0  00000-0 0  9993
2 27663  56.5857 333.8977 0098814  26.7951 271.1985  2.00571957111037
1 27663U 03005A   18087.41712691 -.00000056  00000-0  00000+0 0  9998
2 27663  56.5846 333.8062 0098868  26.8656 159.3374  2.00571841111077
1 27663U 03005A   18087.80451953 -.00000057  00000-0  00000-0 0  9994
2 27663  56.5844 333.7911 0098875  26.8775  79.0523  2.00571824111094
1 27663U 03005A   18088.58953690 -.00000058  00000-0  00000-0 0  9996
2 27663  56.5840 333.7603 0098897  26.9056 285.8661  2.00571790111109
1 27663U 03005A   18089.44004227 -.00000061  00000-0  00000+0 0  9998
2 27663  56.5836 333.7270 0098914  26.9288 179.9720  2.00571760111118
1 27663U 03005A   18090.32268660 -.00000065  00000-0  00000+0 0  9994
2 27663  56.5832 333.6925 0098929  26.9562  97.2802  2.00571730111133
1 27663U 03005A   18090.53708990 -.00000066  00000-0  00000-0 0  9994
2 27663  56.5831 333.6842 0098935  26.9622 252.0896  2.00571721111149
1 27663U 03005A   18091.44705328 -.00000070  00000-0  00000+0 0  9991
2 27663  56.5826 333.6486 0098951  26.9869 189.1267  2.00571692111169
1 27663U 03005A   18092.39702130 -.00000075  00000-0  00000+0 0  9999
2 27663  56.5822 333.6114 0098971  27.0157 155.0460  2.00571662111183
1 27663U 03005A   18092.57681144 -.00000076  00000-0  00000-0 0  9992
2 27663  56.5821 333.6044 0098977  27.0218 284.8618  2.00571655111186
1 27663U 03005A   18093.35814887 -.00000078  00000-0  00000+0 0  9992
2 27663  56.5817 333.5739 0098990  27.0431 129.0245  2.00571630111205
1 27663U 03005A   18094.39424350 -.00000080  00000-0  00000+0 0  9992
2 27663  56.5812 333.5334 0099010  27.0705 157.1347  2.00571594111225
1 27663U 03005A   18094.87757556 -.00000080  00000-0  00000-0 0  9993
2 27663  56.5810 333.5145 0099017  27.0882 146.1187  2.00571576111237
1 27663U 03005A   18095.54803190 -.00000079  00000-0  00000+0 0  9991
2 27663  56.5807 333.4883 0099034  27.1072 270.2190  2.00571548111245
1 27663U 03005A   18096.42972236 -.00000075  00000-0  00000+0 0  9993
2 27663  56.5803 333.4539 0099046  27.1326 186.8395  2.00571511111265
1 27663U 03005A   18097.38104817 -.00000070  00000-0  00000+0 0  9996
2 27663  56.5798 333.4167 0099060  27.1613 153.7384  2.00571466111282
1 27663U 03005A   18098.32123616 -.00000063  00000-0  00000+0 0  9991
2 27663  56.5794 333.3800 0099072  27.1895 112.5952  2.00571414111306
1 27663U 03005A   18099.52170503 -.00000054  00000-0  00000-0 0  9992
2 27663  56.5788 333.3331 0099091  27.2221 259.3894  2.00571339111326
1 27663U 03005A   18100.07351394 -.00000050  00000-0  00000+0 0  9999
2 27663  56.5786 333.3115 0099098  27.2382 297.8198  2.00571301111333
1 27663U 03005A   18100.54739157 -.00000047  00000-0  00000-0 0  9995
2 27663  56.5784 333.2930 0099102  27.2507 279.9817  2.00571266111340
1 27663U 03005A   18101.01585076 -.00000044  00000-0  00000+0 0  9993
2 27663  56.5781 333.2747 0099106  27.2629 258.2313  2.00571230111355
1 27663U 03005A   18101.56156670 -.00000041  00000-0  00000-0 0  9995
2 27663  56.5779 333.2534 0099113  27.2786 292.2623  2.00571186111361
1 27663U 03005A   18101.87306990 -.00000039  00000-0  00000-0 0  9998
2 27663  56.5777 333.2413 0099110  27.2852 157.1836  2.00571160111374
1 27663U 03005A   18102.37166576 -.00000037  00000-0  00000+0 0  9995
2 27663  56.5775 333.2218 0099116  27.2965 157.1949  2.00571117111373
1 27663U 03005A   18102.57294544 -.00000036  00000-0  00000-0 0  9994
2 27663  56.5774 333.2139 0099124  27.3046 302.5253  2.00571099111388
1 27663U 03005A   18103.41847034 -.00000033  00000-0  00000+0 0  9992
2 27663  56.5770 333.1809 0099131  27.3248 193.0354  2.00571024111405
1 27663U 03005A   18104.37985201 -.00000031  00000-0  00000+0 0  9995
2 27663  56.5765 333.1433 0099141  27.3509 167.1965  2.00570937111427
1 27663U 03005A   18105.31971111 -.00000032  00000-0  00000+0 0  9996
2 27663  56.5761 333.1066 0099150  27.3786 125.8147  2.00570851111442
1 27663U 03005A   18105.54611104 -.00000032  00000-0  00000-0 0  9995
2 27663  56.5760 333.0977 0099158  27.3867 289.2836  2.00570830111446
1 27663U 03005A   18106.34650720 -.00000033  00000-0  00000+0 0  9991
2 27663  56.5756 333.0664 0099163  27.4028 147.2111  2.00570758111460
1 27663U 03005A   18106.55916424 -.00000034  00000-0  00000-0 0  9992
2 27663  56.5755 333.0581 0099169  27.4112 300.7564  2.00570740111466
1 27663U 03005A   18107.34133362 -.00000036  00000-0  00000+0 0  9993
2 27663  56.5752 333.0275 0099172  27.4314 145.5184  2.00570671111489
1 27663U 03005A   18107.57093845 -.00000037  00000-0  00000-0 0  9991
2 27663  56.5751 333.0186 0099175  27.4427 311.2983  2.00570651111484
1 27663U 03005A   18108.51629124 -.00000040  00000-0  00000+0 0  9994
2 27663  56.5747 332.9816 0099183  27.4688 273.8842  2.00570572111507
1 27663U 03005A   18110.07067220 -.00000045  00000-0  00000+0 0  9996
2 27663  56.5739 332.9208 0099191  27.5132 316.2133  2.00570452111532
1 27663U 03005A   18110.54238271 -.00000046  00000-0  00000-0 0  9996
2 27663  56.5737 332.9024 0099196  27.5247 296.8102  2.00570419111541
1 27663U 03005A   18111.55679274 -.00000047  00000-0  00000+0 0  9990
2 27663  56.5733 332.8627 0099205  27.5504 309.2601  2.00570351111562
1 27663U 03005A   18111.83236644 -.00000047  00000-0  00000-0 0  9992
2 27663  56.5731 332.8520 0099207  27.5545 148.2395  2.00570335111573
1 27663U 03005A   18112.48887670 -.00000047  00000-0  00000+0 0  9994
2 27663  56.5728 332.8263 0099215  27.5747 262.2660  2.00570295111584
1 27663U 03005A   18112.83749743 -.00000047  00000-0  00000-0 0  9992
2 27663  56.5727 332.8127 0099218  27.5811 153.9883  2.00570276111590
1 27663U 03005A   18113.38859194 -.00000047  00000-0  00000+0 0  9994
2 27663  56.5724 332.7911 0099224  27.5964 191.9018  2.00570246111604
1 27663U 03005A   18113.83320226 -.00000047  00000-0  00000-0 0  9994
2 27663  56.5722 332.7737 0099226  27.6092 152.9288  2.00570224111616
1 27663U 03005A   18114.33035667 -.00000048  00000-0  00000+0 0  9992
2 27663  56.5720 332.7543 0099231  27.6222 151.8961  2.00570200111621
1 27663U 03005A   18114.99911590 -.00000049  00000-0  00000+0 0  9993
2 27663  56.5717 332.7282 0099239  27.6427 274.7664  2.00570169111632
1 27663U 03005A   18116.55536109 -.00000053  00000-0  00000-0 0  9992
2 27663  56.5709 332.6674 0099248  27.6836 318.4428  2.00570108111661
1 27663U 03005A   18117.32455089 -.00000057  00000-0  00000+0 0  9998
2 27663  56.5706 332.6374 0099252  27.7023 153.8325  2.00570081111677
1 27663U 03005A   18119.52748785 -.00000069  00000-0  00000+0 0  9993
2 27663  56.5696 332.5513 0099265  27.7582 304.4493  2.00570008111728
1 27663U 03005A   18119.82028838 -.00000071  00000-0  00000-0 0  9990
2 27663  56.5694 332.5399 0099265  27.7631 155.8665  2.00569999111730
1 27663U 03005A   18119.98985539 -.00000071  00000-0  00000+0 0  9996
2 27663  56.5694 332.5332 0099266  27.7695 278.2992  2.00569994111736
1 27663U 03005A   18120.54007552 -.00000073  00000-0  00000-0 0  9993
2 27663  56.5691 332.5118 0099268  27.7837 315.5817  2.00569976111747
1 27663U 03005A   18121.00609505 -.00000075  00000-0  00000+0 0  9992
2 27663  56.5689 332.4936 0099272  27.7935 292.0700  2.00569960111759
1 27663U 03005A   18121.48472003 -.00000076  00000-0  00000-0 0  9997
2 27663  56.5687 332.4749 0099275  27.8043 277.6592  2.00569944111764
1 27663U 03005A   18121.81161209 -.00000076  00000-0  00000-0 0  9997
2 27663  56.5685 332.4621 0099275  27.8116 153.6905  2.00569932111771
1 27663U 03005A   18122.34651295 -.00000076  00000-0  00000+0 0  9994
2 27663  56.5683 332.4413 0099277  27.8251 179.9119  2.00569912111776
1 27663U 03005A   18123.51117683 -.00000073  00000-0  00000+0 0  9999
2 27663  56.5677 332.3958 0099289  27.8517 300.8521  2.00569864111802
1 27663U 03005A   18124.52560455 -.00000068  00000-0  00000+0 0  9994
2 27663  56.5673 332.3562 0099293  27.8774 313.3122  2.00569817111825
1 27663U 03005A   18125.54205505 -.00000061  00000-0  00000-0 0  9993
2 27663  56.5668 332.3165 0099296  27.9003 327.2356  2.00569762111841
1 27663U 03005A   18126.29860751 -.00000056  00000-0  00000+0 0  9999
2 27663  56.5665 332.2870 0099291  27.9154 153.5025  2.00569716111855
1 27663U 03005A   18127.49854212 -.00000047  00000-0  00000+0 0  9997
2 27663  56.5659 332.2401 0099301  27.9382 299.9133  2.00569634111880
1 27663U 03005A   18129.52363785 -.00000036  00000-0  00000+0 0  9991
2 27663  56.5650 332.1611 0099298  27.9802 322.1261  2.00569471111920
1 27663U 03005A   18130.31125688 -.00000033  00000-0  00000+0 0  9995
2 27663  56.5646 332.1303 0099292  27.9947 170.8250  2.00569401111937
1 27663U 03005A   18130.54180497 -.00000033  00000-0  00000-0 0  9990
2 27663  56.5645 332.1214 0099296  28.0042 337.2866  2.00569380111959
1 27663U 03005A   18131.33159000 -.00000031  00000-0  00000+0 0  9991
2 27663  56.5641 332.0905 0099291  28.0193 187.5487  2.00569308111958
1 27663U 03005A   18131.48508866 -.00000031  00000-0  00000-0 0  9996
2 27663  56.5640 332.0845 0099295  28.0254 298.3789  2.00569294111963
1 27663U 03005A   18132.26149451 -.00000031  00000-0  00000+0 0  9993
2 27663  56.5636 332.0542 0099288  28.0409 138.9797  2.00569221111975
1 27663U 03005A   18132.81546021 -.00000032  00000-0  00000-0 0  9990
2 27663  56.5634 332.0326 0099290  28.0527 178.9677  2.00569170111993
1 27663U 03005A   18133.28347826 -.00000033  00000-0  00000+0 0  9994
2 27663  56.5631 332.0143 0099288  28.0639 156.8964  2.00569127111994
1 27663U 03005A   18133.82921493 -.00000034  00000-0  00000-0 0  9994
2 27663  56.5629 331.9930 0099286  28.0774 190.9407  2.00569078112011
1 27663U 03005A   18134.52072291 -.00000036  00000-0  00000+0 0  9996
2 27663  56.5626 331.9660 0099283  28.0961 330.2361  2.00569017112025
1 27663U 03005A   18135.46762968 -.00000040  00000-0  00000+0 0  9992
2 27663  56.5621 331.9290 0099285  28.1142 293.9467  2.00568936112046
1 27663U 03005A   18136.32319742 -.00000043  00000-0  00000+0 0  9999
2 27663  56.5617 331.8955 0099282  28.1292 191.7074  2.00568865112052
1 27663U 03005A   18136.96388568 -.00000044  00000-0  00000-0 0  9993
2 27663  56.5615 331.8705 0099279  28.1449 294.3102  2.00568815112072
1 27663U 03005A   18137.26485112 -.00000045  00000-0  00000+0 0  9990
2 27663  56.5613 331.8588 0099278  28.1475 151.6242  2.00568793112072
1 27663U 03005A   18137.49533207 -.00000046  00000-0  00000-0 0  9996
2 27663  56.5612 331.8498 0099279  28.1557 318.0382  2.00568775112088
1 27663U 03005A   18137.95160718 -.00000047  00000-0  00000-0 0  9991
2 27663  56.5610 331.8319 0099277  28.1656 287.4885  2.00568742112098
1 27663U 03005A   18138.26021414 -.00000047  00000-0  00000+0 0  9994
2 27663  56.5609 331.8199 0099275  28.1687 150.3196  2.00568721112094
1 27663U 03005A   18138.96510135 -.00000048  00000-0  00000-0 0  9996
2 27663  56.5605 331.7924 0099276  28.1852 299.2771  2.00568674112112
1 27663U 03005A   18139.45130031 -.00000048  00000-0  00000+0 0  9993
2 27663  56.5603 331.7734 0099272  28.1973 290.3320  2.00568644112129
1 27663U 03005A   18139.52593205 -.00000048  00000-0  00000-0 0  9998
2 27663  56.5602 331.7704 0099265  28.2009 344.2173  2.00568638112137
1 27663U 03005A   18139.94971449 -.00000048  00000-0  00000+0 0  9993
2 27663  56.5601 331.7539 0099268  28.2091 290.2072  2.00568614112138
1 27663U 03005A   18139.94971449 -.00000048  00000-0  00000-0 0  9994
2 27663  56.5601 331.7539 0099268  28.2091 290.2072  2.00568614112138
1 27663U 03005A   18140.46870104 -.00000049  00000-0  00000-0 0  9990
2 27663  56.5598 331.7336 0099267  28.2198 304.9381  2.00568584112148
1 27663U 03005A   18140.78592606 -.00000049  00000-0  00000-0 0  9993
2 27663  56.5597 331.7213 0099266  28.2243 173.9904  2.00568568112159
1 27663U 03005A   18141.25130965 -.00000049  00000-0  00000+0 0  9991
2 27663  56.5594 331.7031 0099263  28.2347 150.0167  2.00568544112157
1 27663U 03005A   18141.47924145 -.00000049  00000-0  00000-0 0  9997
2 27663  56.5593 331.6942 0099263  28.2422 314.5906  2.00568532112166
1 27663U 03005A   18142.46656936 -.00000051  00000-0  00000+0 0  9999
2 27663  56.5588 331.6557 0099262  28.2623 307.4842  2.00568486112184
1 27663U 03005A   18143.27736677 -.00000054  00000-0  00000+0 0  9993
2 27663  56.5584 331.6240 0099257  28.2777 172.9161  2.00568453112197
1 27663U 03005A   18143.51242762 -.00000055  00000-0  00000-0 0  9999
2 27663  56.5583 331.6148 0099251  28.2859 342.6368  2.00568444112216
1 27663U 03005A   18144.46091833 -.00000060  00000-0  00000+0 0  9990
2 27663  56.5579 331.5778 0099247  28.3051 307.4880  2.00568408112228
1 27663U 03005A   18144.77120779 -.00000061  00000-0  00000-0 0  9998
2 27663  56.5577 331.5657 0099246  28.3093 171.5323  2.00568397112237
1 27663U 03005A   18145.46790918 -.00000066  00000-0  00000+0 0  9997
2 27663  56.5573 331.5385 0099245  28.3230 314.5812  2.00568374112241
1 27663U 03005A   18146.48308028 -.00000072  00000-0  00000+0 0  9994
2 27663  56.5568 331.4989 0099239  28.3407 327.5810  2.00568341112261
1 27663U 03005A   18146.79935444 -.00000074  00000-0  00000-0 0  9999
2 27663  56.5567 331.4866 0099238  28.3440 195.9475  2.00568331112274
1 27663U 03005A   18147.26633493 -.00000077  00000-0  00000-0 0  9994
2 27663  56.5564 331.4684 0099236  28.3512 173.1295  2.00568316112289
1 27663U 03005A   18147.49524332 -.00000078  00000-0  00000+0 0  9990
2 27663  56.5563 331.4594 0099236  28.3567 338.4103  2.00568309112284
1 27663U 03005A   18148.43518997 -.00000081  00000-0  00000+0 0  9999
2 27663  56.5559 331.4228 0099234  28.3700 297.0974  2.00568279112305
1 27663U 03005A   18148.51112788 -.00000081  00000-0  00000-0 0  9997
2 27663  56.5558 331.4198 0099233  28.3722 351.9271  2.00568277112312
1 27663U 03005A   18148.73353753 -.00000082  00000-0  00000-0 0  9991
2 27663  56.5557 331.4112 0099229  28.3745 152.5185  2.00568268112316
1 27663U 03005A   18149.52372774 -.00000082  00000-0  00000+0 0  9992
2 27663  56.5553 331.3804 0099231  28.3879   3.0717  2.00568242112324
1 27663U 03005A   18149.76721219 -.00000082  00000-0  00000-0 0  9991
2 27663  56.5552 331.3709 0099228  28.3893 178.8812  2.00568231112335
1 27663U 03005A   18150.30542819 -.00000081  00000-0  00000+0 0  9998
2 27663  56.5549 331.3499 0099228  28.3975 207.4985  2.00568211112347
1 27663U 03005A   18150.46390142 -.00000081  00000-0  00000-0 0  9996
2 27663  56.5549 331.3437 0099231  28.4014 321.9221  2.00568205112346
1 27663U 03005A   18150.78099355 -.00000080  00000-0  00000-0 0  9992
2 27663  56.5547 331.3314 0099227  28.4052 190.8785  2.00568190112357
1 27663U 03005A   18151.25427473 -.00000078  00000-0  00000+0 0  9997
2 27663  56.5545 331.3129 0099224  28.4131 172.6091  2.00568169112369
1 27663U 03005A   18151.79373175 -.00000075  00000-0  00000-0 0  9993
2 27663  56.5542 331.2919 0099219  28.4217 202.1218  2.00568144112375
1 27663U 03005A   18152.45056975 -.00000071  00000-0  00000+0 0  9998
2 27663  56.5539 331.2663 0099220  28.4332 316.3880  2.00568111112385
1 27663U 03005A   18153.43563229 -.00000065  00000-0  00000+0 0  9995
2 27663  56.5534 331.2279 0099211  28.4483 307.6488  2.00568054112406
1 27663U 03005A   18153.75410711 -.00000063  00000-0  00000-0 0  9996
2 27663  56.5533 331.2155 0099202  28.4523 177.6033  2.00568032112411
1 27663U 03005A   18154.46563299 -.00000058  00000-0  00000+0 0  9998
2 27663  56.5529 331.1877 0099200  28.4641 331.3569  2.00567986112426
1 27663U 03005A   18155.46475368 -.00000051  00000-0  00000+0 0  9991
2 27663  56.5524 331.1488 0099189  28.4782 332.7691  2.00567912112443
1 27663U 03005A   18155.78070854 -.00000050  00000-0  00000+0 0  9996
2 27663  56.5522 331.1364 0099184  28.4794 200.9066  2.00567886112444
1 27663U 03005A   18155.78070854 -.00000050  00000-0  00000-0 0  9997
2 27663  56.5522 331.1364 0099184  28.4794 200.9066  2.00567886112455
1 27663U 03005A   18156.95040014 -.00000044  00000-0  00000+0 0  9994
2 27663  56.5517 331.0908 0099182  28.4976 325.4769  2.00567789112479
1 27663U 03005A   18158.27845160 -.00000041  00000-0  00000+0 0  9993
2 27663  56.5509 331.0390 0099173  28.5139 204.3942  2.00567668112493
1 27663U 03005A   18158.50805785 -.00000041  00000-0  00000-0 0  9999
2 27663  56.5508 331.0301 0099168  28.5219  10.1758  2.00567647112515
1 27663U 03005A   18159.46681609 -.00000041  00000-0  00000+0 0  9991
2 27663  56.5503 330.9927 0099161  28.5366 342.4422  2.00567558112529
1 27663U 03005A   18159.88931503 -.00000041  00000-0  00000-0 0  9999
2 27663  56.5501 330.9762 0099156  28.5425 287.5060  2.00567519112539
1 27663U 03005A   18160.46674602 -.00000042  00000-0  00000+0 0  9999
2 27663  56.5497 330.9537 0099144  28.5536 344.4347  2.00567465112545
1 27663U 03005A   18160.78094287 -.00000043  00000-0  00000-0 0  9991
2 27663  56.5496 330.9414 0099140  28.5552 211.3020  2.00567436112551
1 27663U 03005A   18161.48170271 -.00000045  00000-0  00000+0 0  9998
2 27663  56.5492 330.9141 0099127  28.5700 357.2776  2.00567372112562
1 27663U 03005A   18162.26542035 -.00000047  00000-0  00000+0 0  9998
2 27663  56.5488 330.8835 0099123  28.5782 203.1602  2.00567303112574
1 27663U 03005A   18162.73857198 -.00000049  00000-0  00000-0 0  9992
2 27663  56.5485 330.8650 0099117  28.5846 184.7974  2.00567262112592
1 27663U 03005A   18163.42972561 -.00000051  00000-0  00000+0 0  9993
2 27663  56.5481 330.8380 0099108  28.5977 323.8382  2.00567205112601
1 27663U 03005A   18163.74915796 -.00000052  00000-0  00000-0 0  9997
2 27663  56.5480 330.8255 0099108  28.5987 194.4863  2.00567179112619
1 27663U 03005A   18164.41571958 -.00000054  00000-0  00000+0 0  9991
2 27663  56.5476 330.7995 0099097  28.6107 315.7711  2.00567127112620
1 27663U 03005A   18164.76677682 -.00000055  00000-0  00000-0 0  9992
2 27663  56.5474 330.7858 0099097  28.6123 209.2534  2.00567100112636
1 27663U 03005A   18165.45985896 -.00000056  00000-0  00000+0 0  9998
2 27663  56.5471 330.7587 0099083  28.6239 349.6879  2.00567049112649
1 27663U 03005A   18165.77724715 -.00000056  00000-0  00000+0 0  9994
2 27663  56.5469 330.7463 0099085  28.6259 218.8587  2.00567028112643
1 27663U 03005A   18165.77724715 -.00000056  00000-0  00000-0 0  9995
2 27663  56.5469 330.7463 0099085  28.6259 218.8587  2.00567028112654
1 27663U 03005A   18166.47920354 -.00000057  00000-0  00000-0 0  9991
2 27663  56.5465 330.7189 0099073  28.6362   5.7021  2.00566981112672
1 27663U 03005A   18166.95829431 -.00000057  00000-0  00000+0 0  9997
2 27663  56.5463 330.7002 0099072  28.6423 351.6275  2.00566951112672
1 27663U 03005A   18166.95829431 -.00000057  00000-0  00000-0 0  9998
2 27663  56.5463 330.7002 0099072  28.6423 351.6275  2.00566951112683
1 27663U 03005A   18167.73701928 -.00000058  00000-0  00000-0 0  9996
2 27663  56.5459 330.6698 0099071  28.6501 193.9045  2.00566906112697
1 27663U 03005A   18168.41402137 -.00000058  00000-0  00000+0 0  9991
2 27663  56.5455 330.6435 0099069  28.6606 322.7288  2.00566869112706
1 27663U 03005A   18168.41402137 -.00000058  00000-0  00000-0 0  9992
2 27663  56.5455 330.6435 0099069  28.6606 322.7288  2.00566869112706
1 27663U 03005A   18169.46212512 -.00000060  00000-0  00000+0 0  9996
2 27663  56.5449 330.6026 0099055  28.6740 359.5069  2.00566817112729
1 27663U 03005A   18169.76431112 -.00000061  00000-0  00000-0 0  9990
2 27663  56.5448 330.5908 0099058  28.6769 217.6997  2.00566803112730
1 27663U 03005A   18170.23187343 -.00000062  00000-0  00000+0 0  9998
2 27663  56.5445 330.5726 0099055  28.6822 195.3014  2.00566783112731
1 27663U 03005A   18170.93173053 -.00000065  00000-0  00000-0 0  9992
2 27663  56.5441 330.5453 0099049  28.6928 340.6279  2.00566755112764
1 27663U 03005A   18171.43364329 -.00000068  00000-0  00000-0 0  9999
2 27663  56.5438 330.5257 0099042  28.6987 343.0319  2.00566736112772
1 27663U 03005A   18171.47833069 -.00000068  00000-0  00000-0 0  9995
2 27663  56.5438 330.5239 0099042  28.6988  15.2987  2.00566734112770
1 27663U 03005A   18172.38127424 -.00000074  00000-0  00000+0 0  9993
2 27663  56.5433 330.4887 0099036  28.7090 307.2654  2.00566702112782
1 27663U 03005A   18172.73555951 -.00000076  00000-0  00000-0 0  9995
2 27663  56.5431 330.4749 0099033  28.7115 203.0772  2.00566689112791
1 27663U 03005A   18173.43936803 -.00000081  00000-0  00000+0 0  9997
2 27663  56.5427 330.4474 0099021  28.7197 351.2589  2.00566667112808
1 27663U 03005A   18173.74892993 -.00000083  00000-0  00000-0 0  9995
2 27663  56.5425 330.4354 0099020  28.7213 214.7786  2.00566657112813
1 27663U 03005A   18174.40327576 -.00000087  00000-0  00000+0 0  9992
2 27663  56.5421 330.4099 0099013  28.7278 327.2471  2.00566636112827
1 27663U 03005A   18174.91958266 -.00000090  00000-0  00000-0 0  9999
2 27663  56.5418 330.3897 0099008  28.7322 340.0456  2.00566620112843
1 27663U 03005A   18175.44829885 -.00000092  00000-0  00000+0 0  9993
2 27663  56.5415 330.3691 0099006  28.7362   1.8046  2.00566604112843
1 27663U 03005A   18175.93892513 -.00000093  00000-0  00000-0 0  9997
2 27663  56.5413 330.3500 0098998  28.7399 356.0609  2.00566588112862
1 27663U 03005A   18176.40388861 -.00000094  00000-0  00000+0 0  9996
2 27663  56.5410 330.3318 0098993  28.7429 331.7878  2.00566573112867
1 27663U 03005A   18176.71713778 -.00000094  00000-0  00000-0 0  9990
2 27663  56.5408 330.3196 0098988  28.7436 197.9707  2.00566560112870
1 27663U 03005A   18177.42122194 -.00000094  00000-0  00000+0 0  9994
2 27663  56.5405 330.2922 0098986  28.7509 346.3518  2.00566537112887
1 27663U 03005A   18177.89870104 -.00000092  00000-0  00000-0 0  9995
2 27663  56.5402 330.2736 0098983  28.7545 331.1150  2.00566519112899
1 27663U 03005A   18178.43667935 -.00000090  00000-0  00000+0 0  9999
2 27663  56.5399 330.2527 0098981  28.7598 359.5602  2.00566497112901
1 27663U 03005A   18179.40228104 -.00000085  00000-0  00000+0 0  9992
2 27663  56.5394 330.2150 0098973  28.7676 336.7710  2.00566453112927
1 27663U 03005A   18180.23012016 -.00000080  00000-0  00000+0 0  9993
2 27663  56.5389 330.1828 0098965  28.7726 214.5120  2.00566409112939
1 27663U 03005A   18180.93558227 -.00000075  00000-0  00000-0 0  9994
2 27663  56.5385 330.1553 0098956  28.7805   3.8870  2.00566368112966
1 27663U 03005A   18181.40249506 -.00000072  00000-0  00000+0 0  9990
2 27663  56.5382 330.1371 0098948  28.7829 341.0216  2.00566339112967
1 27663U 03005A   18182.42009413 -.00000065  00000-0  00000+0 0  9996
2 27663  56.5377 330.0974 0098933  28.7894 355.7780  2.00566268112986
1 27663U 03005A   18182.72928362 -.00000063  00000-0  00000-0 0  9991
2 27663  56.5375 330.0854 0098926  28.7876 219.0317  2.00566244112996
1 27663U 03005A   18183.39001315 -.00000060  00000-0  00000+0 0  9991
2 27663  56.5372 330.0596 0098922  28.7944 336.1080  2.00566193113002
1 27663U 03005A   18183.80928030 -.00000058  00000-0  00000-0 0  9997
2 27663  56.5369 330.0433 0098915  28.7950 278.8414  2.00566159113013
1 27663U 03005A   18184.21852330 -.00000056  00000-0  00000+0 0  9999
2 27663  56.5367 330.0274 0098908  28.7963 214.3359  2.00566123113014
1 27663U 03005A   18184.91740066 -.00000054  00000-0  00000+0 0  9996
2 27663  56.5363 330.0001 0098899  28.8042 358.9558  2.00566062113036
1 27663U 03005A   18184.91740066 -.00000054  00000-0  00000-0 0  9997
2 27663  56.5363 330.0001 0098899  28.8042 358.9558  2.00566062113047
1 27663U 03005A   18185.83520624 -.00000052  00000-0  00000+0 0  9992
2 27663  56.5358 329.9643 0098895  28.8100 301.6556  2.00565979113051
1 27663U 03005A   18185.83520624 -.00000052  00000-0  00000-0 0  9993
2 27663  56.5358 329.9643 0098895  28.8100 301.6556  2.00565979113051
1 27663U 03005A   18186.87263678 -.00000052  00000-0  00000-0 0  9991
2 27663  56.5352 329.9239 0098880  28.8186 330.7281  2.00565883113078
1 27663U 03005A   18186.94810431 -.00000052  00000-0  00000+0 0  9993
2 27663  56.5351 329.9210 0098874  28.8194  25.2190  2.00565875113074
1 27663U 03005A   18187.72736348 -.00000053  00000-0  00000-0 0  9996
2 27663  56.5347 329.8906 0098868  28.8226 227.8830  2.00565802113092
1 27663U 03005A   18188.42716115 -.00000055  00000-0  00000+0 0  9995
2 27663  56.5343 329.8633 0098855  28.8312  13.1660  2.00565738113104
1 27663U 03005A   18189.37705484 -.00000057  00000-0  00000+0 0  9999
2 27663  56.5337 329.8262 0098844  28.8381 339.0334  2.00565653113125
1 27663U 03005A   18189.80777567 -.00000058  00000-0  00000+0 0  9999
2 27663  56.5334 329.8093 0098840  28.8404 290.0345  2.00565615113133
1 27663U 03005A   18189.80777567 -.00000058  00000-0  00000-0 0  9990
2 27663  56.5334 329.8093 0098840  28.8404 290.0345  2.00565615113133
1 27663U 03005A   18190.78347013 -.00000061  00000-0  00000-0 0  9992
2 27663  56.5329 329.7712 0098823  28.8453 274.5331  2.00565532113151
1 27663U 03005A   18191.35953243 -.00000063  00000-0  00000+0 0  9995
2 27663  56.5325 329.7488 0098811  28.8491 330.4770  2.00565484113162
1 27663U 03005A   18192.91042744 -.00000065  00000-0  00000+0 0  9995
2 27663  56.5316 329.6882 0098799  28.8574  10.2969  2.00565367113192
1 27663U 03005A   18192.91042744 -.00000065  00000-0  00000-0 0  9996
2 27663  56.5316 329.6882 0098799  28.8574  10.2969  2.00565367113204
1 27663U 03005A   18193.60301044 -.00000065  00000-0  00000+0 0  9993
2 27663  56.5312 329.6611 0098796  28.8580 150.3776  2.00565319113203
1 27663U 03005A   18193.60301044 -.00000065  00000-0  00000-0 0  9994
2 27663  56.5312 329.6611 0098796  28.8580 150.3776  2.00565319113214
1 27663U 03005A   18193.78817962 -.00000065  00000-0  00000+0 0  9993
2 27663  56.5311 329.6539 0098793  28.8615 284.0760  2.00565307113213
1 27663U 03005A   18193.78817962 -.00000065  00000-0  00000-0 0  9994
2 27663  56.5311 329.6539 0098793  28.8615 284.0760  2.00565307113213
1 27663U 03005A   18195.84638628 -.00000066  00000-0  00000+0 0  9993
2 27663  56.5299 329.5736 0098775  28.8714 330.1989  2.00565185113250
1 27663U 03005A   18196.40800694 -.00000067  00000-0  00000+0 0  9991
2 27663  56.5296 329.5517 0098768  28.8733  15.7164  2.00565156113267
1 27663U 03005A   18197.85204115 -.00000071  00000-0  00000-0 0  9993
2 27663  56.5287 329.4953 0098753  28.8798 338.3774  2.00565090113308
1 27663U 03005A   18198.32368928 -.00000074  00000-0  00000+0 0  9991
2 27663  56.5285 329.4769 0098752  28.8823 318.9292  2.00565071113307
1 27663U 03005A   18200.33696854 -.00000086  00000-0  00000+0 0  9991
2 27663  56.5272 329.3983 0098733  28.8876 332.6150  2.00564998113344
1 27663U 03005A   18200.69487184 -.00000089  00000-0  00000-0 0  9998
2 27663  56.5270 329.3843 0098729  28.8869 231.0401  2.00564985113352
1 27663U 03005A   18201.33827126 -.00000093  00000-0  00000+0 0  9998
2 27663  56.5266 329.3592 0098727  28.8900 335.6043  2.00564966113365
1 27663U 03005A   18202.43963424 -.00000098  00000-0  00000+0 0  9997
2 27663  56.5259 329.3162 0098721  28.8912  50.8434  2.00564933113383
1 27663U 03005A   18202.57685392 -.00000099  00000-0  00000-0 0  9999
2 27663  56.5258 329.3109 0098725  28.8912 149.9230  2.00564928113396
1 27663U 03005A   18202.89270831 -.00000100  00000-0  00000-0 0  9995
2 27663  56.5256 329.2985 0098723  28.8929  17.9841  2.00564919113405
1 27663U 03005A   18203.36359334 -.00000101  00000-0  00000+0 0  9994
2 27663  56.5254 329.2802 0098716  28.8912 357.9888  2.00564905113408
1 27663U 03005A   18203.36359334 -.00000101  00000-0  00000-0 0  9995
2 27663  56.5254 329.2802 0098716  28.8912 357.9888  2.00564905113419
1 27663U 03005A   18203.67186833 -.00000101  00000-0  00000-0 0  9991
2 27663  56.5252 329.2681 0098712  28.8897 220.5804  2.00564895113411
1 27663U 03005A   18204.82022484 -.00000100  00000-0  00000-0 0  9999
2 27663  56.5245 329.2233 0098711  28.8917 329.7498  2.00564857113439
1 27663U 03005A   18205.39132557 -.00000099  00000-0  00000-0 0  9992
2 27663  56.5242 329.2011 0098705  28.8928  22.1121  2.00564837113441
1 27663U 03005A   18205.69420632 -.00000097  00000-0  00000-0 0  9997
2 27663  56.5240 329.1893 0098704  28.8905 240.8095  2.00564823113455
1 27663U 03005A   18206.87596377 -.00000090  00000-0  00000-0 0  9991
2 27663  56.5233 329.1432 0098697  28.8953  14.0929  2.00564774113485
1 27663U 03005A   18207.82741215 -.00000084  00000-0  00000-0 0  9993
2 27663  56.5227 329.1061 0098693  28.8964 341.0850  2.00564724113508
1 27663U 03005A   18208.66792204 -.00000078  00000-0  00000-0 0  9993
2 27663  56.5222 329.0733 0098684  28.8947 227.9765  2.00564674113511
1 27663U 03005A   18209.37134514 -.00000073  00000-0  00000-0 0  9991
2 27663  56.5218 329.0459 0098676  28.8971  15.8805  2.00564628113528
1 27663U 03005A   18210.35324274 -.00000067  00000-0  00000+0 0  9997
2 27663  56.5212 329.0076 0098667  28.8958   4.8603  2.00564558113540
1 27663U 03005A   18210.80512597 -.00000064  00000-0  00000-0 0  9992
2 27663  56.5210 328.9899 0098659  28.8931 331.1449  2.00564521113556
1 27663U 03005A   18211.39728883 -.00000062  00000-0  00000+0 0  9991
2 27663  56.5206 328.9668 0098650  28.8931  38.7156  2.00564471113566
1 27663U 03005A   18212.28560052 -.00000058  00000-0  00000+0 0  9997
2 27663  56.5201 328.9322 0098649  28.8919 320.1212  2.00564396113581
1 27663U 03005A   18212.65459123 -.00000058  00000-0  00000+0 0  9994
2 27663  56.5199 328.9178 0098644  28.8894 226.5529  2.00564362113586
1 27663U 03005A   18213.30052608 -.00000057  00000-0  00000+0 0  9993
2 27663  56.5195 328.8926 0098634  28.8907 332.9480  2.00564303113602
1 27663U 03005A   18213.79410690 -.00000056  00000-0  00000-0 0  9995
2 27663  56.5192 328.8733 0098631  28.8913 329.3366  2.00564258113612
1 27663U 03005A   18214.20090449 -.00000056  00000-0  00000+0 0  9997
2 27663  56.5189 328.8574 0098631  28.8914 263.0641  2.00564222113624
1 27663U 03005A   18214.79925963 -.00000056  00000-0  00000-0 0  9990
2 27663  56.5186 328.8341 0098624  28.8940 335.1026  2.00564166113641
1 27663U 03005A   18215.38646792 -.00000057  00000-0  00000+0 0  9996
2 27663  56.5182 328.8111 0098618  28.8956  39.0937  2.00564108113649
1 27663U 03005A   18215.80181737 -.00000058  00000-0  00000+0 0  9997
2 27663  56.5180 328.7949 0098618  28.8964 338.9950  2.00564069113657
1 27663U 03005A   18216.36674431 -.00000059  00000-0  00000+0 0  9998
2 27663  56.5176 328.7728 0098612  28.8972  26.8986  2.00564019113668
1 27663U 03005A   18217.35029737 -.00000061  00000-0  00000+0 0  9994
2 27663  56.5170 328.7344 0098601  28.8969  17.0710  2.00563929113688
1 27663U 03005A   18217.35029737 -.00000061  00000-0  00000-0 0  9995
2 27663  56.5170 328.7344 0098601  28.8969  17.0710  2.00563929113699
1 27663U 03005A   18218.28107205 -.00000063  00000-0  00000+0 0  9996
2 27663  56.5164 328.6980 0098596  28.8961 329.1351  2.00563847113701
1 27663U 03005A   18218.83645194 -.00000064  00000-0  00000-0 0  9993
2 27663  56.5161 328.6763 0098589  28.8949  10.1468  2.00563801113723
1 27663U 03005A   18219.35621443 -.00000064  00000-0  00000+0 0  9991
2 27663  56.5158 328.6560 0098585  28.8937  25.4410  2.00563760113727
1 27663U 03005A   18219.84389348 -.00000064  00000-0  00000-0 0  9991
2 27663  56.5155 328.6369 0098582  28.8929  17.5690  2.00563722113741
1 27663U 03005A   18220.32131245 -.00000064  00000-0  00000+0 0  9996
2 27663  56.5152 328.6182 0098581  28.8926   2.2882  2.00563686113740
1 27663U 03005A   18220.86231272 -.00000064  00000-0  00000+0 0  9996
2 27663  56.5149 328.5971 0098579  28.8915  32.9168  2.00563649113753
1 27663U 03005A   18220.86231272 -.00000064  00000-0  00000-0 0  9997
2 27663  56.5149 328.5971 0098579  28.8915  32.9168  2.00563649113764
1 27663U 03005A   18222.76801479 -.00000064  00000-0  00000-0 0  9990
2 27663  56.5138 328.5226 0098571  28.8865 328.9270  2.00563525113799
1 27663U 03005A   18223.39366493 -.00000064  00000-0  00000-0 0  9992
2 27663  56.5134 328.4981 0098574  28.8867  60.6751  2.00563489113802
1 27663U 03005A   18223.77313300 -.00000065  00000-0  00000-0 0  9994
2 27663  56.5132 328.4833 0098576  28.8894 334.6659  2.00563472113823
1 27663U 03005A   18224.84251440 -.00000067  00000-0  00000-0 0  9991
2 27663  56.5125 328.4415 0098571  28.8866  26.8112  2.00563419113842
1 27663U 03005A   18225.37920772 -.00000070  00000-0  00000-0 0  9995
2 27663  56.5122 328.4205 0098572  28.8859  54.3289  2.00563394113842
1 27663U 03005A   18226.37485741 -.00000075  00000-0  00000+0 0  9992
2 27663  56.5116 328.3816 0098574  28.8865  53.2328  2.00563354113861
1 27663U 03005A   18227.34348137 -.00000081  00000-0  00000+0 0  9994
2 27663  56.5110 328.3438 0098571  28.8836  32.6263  2.00563319113882
1 27663U 03005A   18227.81713711 -.00000085  00000-0  00000-0 0  9995
2 27663  56.5107 328.3252 0098571  28.8831  14.6276  2.00563303113907
1 27663U 03005A   18228.35859382 -.00000088  00000-0  00000+0 0  9992
2 27663  56.5104 328.3041 0098574  28.8837  45.5833  2.00563286113901
1 27663U 03005A   18229.12813590 -.00000092  00000-0  00000+0 0  9994
2 27663  56.5099 328.2740 0098575  28.8788 241.2322  2.00563258113924
1 27663U 03005A   18229.78038525 -.00000095  00000-0  00000-0 0  9997
2 27663  56.5095 328.2485 0098576  28.8771 352.1872  2.00563239113942
1 27663U 03005A   18230.31456396 -.00000097  00000-0  00000+0 0  9999
2 27663  56.5092 328.2276 0098576  28.8750  17.8904  2.00563224113949
1 27663U 03005A   18230.61624492 -.00000097  00000-0  00000-0 0  9997
2 27663  56.5090 328.2158 0098578  28.8725 235.7200  2.00563211113957
1 27663U 03005A   18231.32984637 -.00000097  00000-0  00000+0 0  9995
2 27663  56.5086 328.1879 0098580  28.8709  30.9737  2.00563191113964
1 27663U 03005A   18231.32984637 -.00000097  00000-0  00000-0 0  9996
2 27663  56.5086 328.1879 0098580  28.8709  30.9737  2.00563191113975
1 27663U 03005A   18232.34007878 -.00000095  00000-0  00000+0 0  9999
2 27663  56.5080 328.1484 0098580  28.8664  40.4110  2.00563157113985
1 27663U 03005A   18234.30273997 -.00000084  00000-0  00000-0 0  9993
2 27663  56.5068 328.0718 0098584  28.8587  17.5468  2.00563078114038
1 27663U 03005A   18234.84047588 -.00000080  00000-0  00000+0 0  9992
2 27663  56.5065 328.0508 0098579  28.8547  45.8197  2.00563048114032
1 27663U 03005A   18235.61694758 -.00000074  00000-0  00000-0 0  9999
2 27663  56.5060 328.0205 0098578  28.8466 246.4742  2.00563004114059
1 27663U 03005A   18236.15239990 -.00000070  00000-0  00000+0 0  9997
2 27663  56.5057 327.9995 0098577  28.8432 273.0975  2.00562973114060
1 27663U 03005A   18237.30566228 -.00000062  00000-0  00000+0 0  9993
2 27663  56.5050 327.9545 0098571  28.8373  25.8092  2.00562899114084
1 27663U 03005A   18237.64172515 -.00000060  00000-0  00000-0 0  9991
2 27663  56.5048 327.9414 0098575  28.8342 268.4642  2.00562874114096
1 27663U 03005A   18238.26754574 -.00000057  00000-0  00000-0 0  9997
2 27663  56.5045 327.9169 0098573  28.8332   0.3348  2.00562827114114
1 27663U 03005A   18238.65292569 -.00000055  00000-0  00000+0 0  9998
2 27663  56.5043 327.9019 0098573  28.8272 278.6016  2.00562797114117
1 27663U 03005A   18238.82883306 -.00000054  00000-0  00000-0 0  9992
2 27663  56.5041 327.8950 0098565  28.8265  45.6150  2.00562781114126
1 27663U 03005A   18239.29171108 -.00000052  00000-0  00000+0 0  9991
2 27663  56.5039 327.8769 0098567  28.8243  19.8349  2.00562742114129
1 27663U 03005A   18240.36134539 -.00000049  00000-0  00000+0 0  9994
2 27663  56.5033 327.8351 0098577  28.8270  72.1541  2.00562649114145
1 27663U 03005A   18241.33972644 -.00000048  00000-0  00000+0 0  9998
2 27663  56.5027 327.7969 0098577  28.8218  58.5919  2.00562558114162
1 27663U 03005A   18241.72069983 -.00000048  00000-0  00000+0 0  9994
2 27663  56.5025 327.7820 0098580  28.8188 333.6737  2.00562524114175
1 27663U 03005A   18241.72069983 -.00000048  00000-0  00000-0 0  9995
2 27663  56.5025 327.7820 0098580  28.8188 333.6737  2.00562524114186
1 27663U 03005A   18243.82690561 -.00000050  00000-0  00000+0 0  9992
2 27663  56.5012 327.6996 0098576  28.8095  54.4521  2.00562327114211
1 27663U 03005A   18244.59678309 -.00000051  00000-0  00000+0 0  9994
2 27663  56.5008 327.6695 0098583  28.8049 250.3402  2.00562259114230
1 27663U 03005A   18244.59678309 -.00000051  00000-0  00000-0 0  9995
2 27663  56.5008 327.6695 0098583  28.8049 250.3402  2.00562259114230
1 27663U 03005A   18245.78220792 -.00000052  00000-0  00000-0 0  9997
2 27663  56.5001 327.6231 0098580  28.8021  26.2688  2.00562156114261
1 27663U 03005A   18246.32362383 -.00000053  00000-0  00000+0 0  9991
2 27663  56.4998 327.6019 0098584  28.8002  57.1954  2.00562112114263
1 27663U 03005A   18246.62301227 -.00000053  00000-0  00000+0 0  9994
2 27663  56.4996 327.5902 0098591  28.7980 273.3683  2.00562086114275
1 27663U 03005A   18246.62301227 -.00000053  00000-0  00000-0 0  9995
2 27663  56.4996 327.5902 0098591  28.7980 273.3683  2.00562086114275
1 27663U 03005A   18249.69467578 -.00000051  00000-0  00000+0 0  9994
2 27663  56.4978 327.4700 0098598  28.7677 331.2644  2.00561865114332
1 27663U 03005A   18250.21842804 -.00000051  00000-0  00000+0 0  9993
2 27663  56.4975 327.4495 0098603  28.7672 349.4352  2.00561833114345
1 27663U 03005A   18250.78236220 -.00000051  00000-0  00000-0 0  9995
2 27663  56.4972 327.4274 0098606  28.7600  36.6254  2.00561800114363
1 27663U 03005A   18251.26767292 -.00000052  00000-0  00000+0 0  9997
2 27663  56.4969 327.4084 0098611  28.7581  27.0411  2.00561774114361
1 27663U 03005A   18251.79649012 -.00000053  00000-0  00000+0 0  9995
2 27663  56.4966 327.3878 0098619  28.7579  48.8685  2.00561749114370
1 27663U 03005A   18251.79649012 -.00000053  00000-0  00000-0 0  9996
2 27663  56.4966 327.3878 0098619  28.7579  48.8685  2.00561749114381
1 27663U 03005A   18252.80825539 -.00000057  00000-0  00000-0 0  9993
2 27663  56.4960 327.3481 0098629  28.7531  59.4080  2.00561701114402
1 27663U 03005A   18253.29789023 -.00000059  00000-0  00000+0 0  9995
2 27663  56.4957 327.3290 0098634  28.7517  52.9452  2.00561681114404
1 27663U 03005A   18254.29150488 -.00000066  00000-0  00000+0 0  9991
2 27663  56.4951 327.2901 0098643  28.7460  50.3799  2.00561642114428
1 27663U 03005A   18254.59323727 -.00000068  00000-0  00000-0 0  9995
2 27663  56.4949 327.2783 0098648  28.7411 268.2474  2.00561628114439
1 27663U 03005A   18255.28929944 -.00000072  00000-0  00000+0 0  9999
2 27663  56.4945 327.2510 0098652  28.7365  50.8363  2.00561605114444
1 27663U 03005A   18255.60776299 -.00000074  00000-0  00000-0 0  9991
2 27663  56.4943 327.2385 0098661  28.7371 280.7789  2.00561594114453
1 27663U 03005A   18256.13743084 -.00000077  00000-0  00000+0 0  9998
2 27663  56.4940 327.2178 0098666  28.7329 303.2240  2.00561577114463
1 27663U 03005A   18256.13743084 -.00000077  00000-0  00000-0 0  9999
2 27663  56.4940 327.2178 0098666  28.7329 303.2240  2.00561577114463
1 27663U 03005A   18257.31135038 -.00000083  00000-0  00000+0 0  9990
2 27663  56.4933 327.1718 0098678  28.7241  70.8484  2.00561540114489
1 27663U 03005A   18257.56575368 -.00000083  00000-0  00000-0 0  9992
2 27663  56.4931 327.1619 0098683  28.7216 254.5400  2.00561531114495
1 27663U 03005A   18257.67228447 -.00000083  00000-0  00000-0 0  9997
2 27663  56.4931 327.1577 0098683  28.7189 331.4620  2.00561529114493
1 27663U 03005A   18258.27677814 -.00000084  00000-0  00000+0 0  9990
2 27663  56.4927 327.1340 0098690  28.7140  47.9348  2.00561510114509
1 27663U 03005A   18259.66825000 -.00000081  00000-0  00000-0 0  9994
2 27663  56.4919 327.0795 0098712  28.7026 332.6425  2.00561465114544
1 27663U 03005A   18260.17663985 -.00000079  00000-0  00000+0 0  9990
2 27663  56.4917 327.0597 0098716  28.6892 339.7327  2.00561445114543
1 27663U 03005A   18260.17663985 -.00000079  00000-0  00000-0 0  9991
2 27663  56.4917 327.0597 0098716  28.6892 339.7327  2.00561445114543
1 27663U 03005A   18261.27897209 -.00000072  00000-0  00000+0 0  9993
2 27663  56.4911 327.0165 0098730  28.6844  55.6636  2.00561403114564
1 27663U 03005A   18262.56335615 -.00000063  00000-0  00000-0 0  9995
2 27663  56.4903 326.9663 0098745  28.6706 263.0513  2.00561342114593
1 27663U 03005A   18263.57660972 -.00000055  00000-0  00000-0 0  9995
2 27663  56.4898 326.9267 0098753  28.6593 274.6698  2.00561284114619
1 27663U 03005A   18265.29989972 -.00000044  00000-0  00000-0 0  9998
2 27663  56.4888 326.8593 0098773  28.6612  78.9480  2.00561170114644
1 27663U 03005A   18266.78642726 -.00000037  00000-0  00000-0 0  9998
2 27663  56.4880 326.8011 0098793  28.6524  72.2848  2.00561053114684
1 27663U 03005A   18267.26035903 -.00000036  00000-0  00000-0 0  9994
2 27663  56.4877 326.7826 0098802  28.6507  54.4826  2.00561013114690
1 27663U 03005A   18267.64007765 -.00000035  00000-0  00000-0 0  9990
2 27663  56.4875 326.7677 0098813  28.6521 328.6520  2.00560982114691
1 27663U 03005A   18268.64205066 -.00000034  00000-0  00000-0 0  9994
2 27663  56.4869 326.7285 0098828  28.6479 332.1173  2.00560892114714
1 27663U 03005A   18268.64205066 -.00000034  00000-0  00000-0 0  9994
2 27663  56.4869 326.7285 0098828  28.6479 332.1173  2.00560892114725
1 27663U 03005A   18270.22791860 -.00000034  00000-0  00000+0 0  9992
2 27663  56.4861 326.6664 0098847  28.6441  37.1752  2.00560745114741
1 27663U 03005A   18273.12878954 -.00000037  00000-0  00000+0 0  9997
2 27663  56.4845 326.5528 0098895  28.6359 331.7156  2.00560486114802
1 27663U 03005A   18277.13005865 -.00000035  00000-0  00000+0 0  9993
2 27663  56.4823 326.3960 0098975  28.6077 340.7993  2.00560187114887
1 27663U 03005A   18277.61572590 -.00000035  00000-0  00000+0 0  9990
2 27663  56.4820 326.3770 0098986  28.6043 331.4711  2.00560157114891
1 27663U 03005A   18278.26780338 -.00000035  00000-0  00000+0 0  9993
2 27663  56.4816 326.3515 0099000  28.5964  82.3011  2.00560119114907
1 27663U 03005A   18279.24181601 -.00000037  00000-0  00000+0 0  9992
2 27663  56.4811 326.3133 0099022  28.5925  65.5752  2.00560067114928
1 27663U 03005A   18279.58064191 -.00000039  00000-0  00000-0 0  9996
2 27663  56.4809 326.3000 0099033  28.5885 310.2229  2.00560049114935
1 27663U 03005A   18280.76386169 -.00000045  00000-0  00000+0 0  9996
2 27663  56.4802 326.2537 0099058  28.5771  84.5589  2.00559996114954
1 27663U 03005A   18280.76386169 -.00000045  00000-0  00000-0 0  9997
2 27663  56.4802 326.2537 0099058  28.5771  84.5589  2.00559996114965
1 27663U 03005A   18282.25566885 -.00000056  00000-0  00000+0 0  9999
2 27663  56.4794 326.1953 0099093  28.5710  81.6997  2.00559937114986
1 27663U 03005A   18282.78494615 -.00000059  00000-0  00000-0 0  9992
2 27663  56.4791 326.1745 0099105  28.5688 103.8577  2.00559918115004
1 27663U 03005A   18283.02891262 -.00000061  00000-0  00000+0 0  9991
2 27663  56.4790 326.1650 0099111  28.5700 280.0083  2.00559910115002
1 27663U 03005A   18283.67575781 -.00000065  00000-0  00000-0 0  9992
2 27663  56.4786 326.1397 0099124  28.5659  27.0561  2.00559890115021
1 27663U 03005A   18284.23010073 -.00000068  00000-0  00000+0 0  9995
2 27663  56.4782 326.1180 0099139  28.5605  67.3153  2.00559872115028
1 27663U 03005A   18284.59673624 -.00000069  00000-0  00000+0 0  9992
2 27663  56.4780 326.1041 0098980  28.5417 332.0622  2.00560347115039
1 27663U 03005A   18285.76114373 -.00000071  00000-0  00000-0 0  9997
2 27663  56.4774 326.0580 0099180  28.5498  92.7893  2.00559822115060
1 27663U 03005A   18286.53728490 -.00000070  00000-0  00000+0 0  9992
2 27663  56.4770 326.0276 0099202  28.5451 293.1931  2.00559796115073
1 27663U 03005A   18286.58944716 -.00000070  00000-0  00000-0 0  9999
2 27663  56.4769 326.0255 0099204  28.5452 330.8558  2.00559795115074
1 27663U 03005A   18287.48968035 -.00000066  00000-0  00000+0 0  9993
2 27663  56.4764 325.9903 0099232  28.5339 260.8646  2.00559761115097
1 27663U 03005A   18287.48968035 -.00000066  00000-0  00000-0 0  9994
2 27663  56.4764 325.9903 0099232  28.5339 260.8646  2.00559761115097
1 27663U 03005A   18288.02367340 -.00000063  00000-0  00000+0 0  9993
2 27663  56.4761 325.9694 0099247  28.5319 286.4268  2.00559742115100
1 27663U 03005A   18289.03636313 -.00000057  00000-0  00000+0 0  9997
2 27663  56.4756 325.9297 0099274  28.5263 297.6269  2.00559700115122
1 27663U 03005A   18290.75870576 -.00000044  00000-0  00000-0 0  9996
2 27663  56.4747 325.8623 0099311  28.5184 101.2210  2.00559611115169
1 27663U 03005A   18291.06194213 -.00000042  00000-0  00000+0 0  9995
2 27663  56.4745 325.8504 0099325  28.5148 320.1708  2.00559594115164
1 27663U 03005A   18291.53531098 -.00000039  00000-0  00000+0 0  9999
2 27663  56.4742 325.8319 0099337  28.5100 301.9628  2.00559563115171
1 27663U 03005A   18292.54829021 -.00000033  00000-0  00000+0 0  9991
2 27663  56.4737 325.7922 0099365  28.5017 313.3738  2.00559493115195
1 27663U 03005A   18293.73118969 -.00000028  00000-0  00000-0 0  9990
2 27663  56.4730 325.7459 0099394  28.4950  87.4708  2.00559400115228
1 27663U 03005A   18294.26767410 -.00000027  00000-0  00000+0 0  9998
2 27663  56.4727 325.7249 0099407  28.4955 114.8287  2.00559356115228
1 27663U 03005A   18294.26767410 -.00000027  00000-0  00000-0 0  9999
2 27663  56.4727 325.7249 0099407  28.4955 114.8287  2.00559356115239
1 27663U 03005A   18295.17604654 -.00000025  00000-0  00000+0 0  9997
2 27663  56.4722 325.6893 0099436  28.4939  50.7030  2.00559278115240
1 27663U 03005A   18295.75590617 -.00000025  00000-0  00000-0 0  9995
2 27663  56.4719 325.6666 0099451  28.4924 109.3810  2.00559226115267
1 27663U 03005A   18296.11495995 -.00000025  00000-0  00000+0 0  9998
2 27663  56.4717 325.6526 0099466  28.4934   8.6276  2.00559194115268
1 27663U 03005A   18296.56827750 -.00000025  00000-0  00000-0 0  9996
2 27663  56.4715 325.6348 0099481  28.4920 335.9380  2.00559152115288
1 27663U 03005A   18296.76459828 -.00000025  00000-0  00000-0 0  9995
2 27663  56.4714 325.6271 0099483  28.4890 117.6906  2.00559133115288
1 27663U 03005A   18297.24912068 -.00000025  00000-0  00000+0 0  9998
2 27663  56.4711 325.6082 0099497  28.4890 107.5303  2.00559089115289
1 27663U 03005A   18298.19223389 -.00000026  00000-0  00000+0 0  9995
2 27663  56.4706 325.5713 0099524  28.4891  68.4862  2.00559002115308
1 27663U 03005A   18298.78579900 -.00000027  00000-0  00000+0 0  9994
2 27663  56.4702 325.5480 0099543  28.4855 137.0615  2.00558948115314
1 27663U 03005A   18298.78579900 -.00000027  00000-0  00000-0 0  9995
2 27663  56.4702 325.5480 0099543  28.4855 137.0615  2.00558948115325
1 27663U 03005A   18299.61374748 -.00000028  00000-0  00000-0 0  9992
2 27663  56.4698 325.5156 0099568  28.4867  14.8635  2.00558874115343
1 27663U 03005A   18300.04992646 -.00000028  00000-0  00000+0 0  9994
2 27663  56.4696 325.4985 0099583  28.4857 329.7985  2.00558835115349
1 27663U 03005A   18300.75382221 -.00000028  00000-0  00000-0 0  9995
2 27663  56.4692 325.4709 0099604  28.4804 118.0372  2.00558775115369
1 27663U 03005A   18301.05500583 -.00000028  00000-0  00000+0 0  9991
2 27663  56.4690 325.4591 0099614  28.4825 335.4984  2.00558750115367
1 27663U 03005A   18301.05500583 -.00000028  00000-0  00000-0 0  9992
2 27663  56.4690 325.4591 0099614  28.4825 335.4984  2.00558750115378
1 27663U 03005A   18304.12982323 -.00000027  00000-0  00000+0 0  9997
2 27663  56.4673 325.3386 0099722  28.4756  35.6118  2.00558522115424
1 27663U 03005A   18304.53676472 -.00000027  00000-0  00000+0 0  9997
2 27663  56.4671 325.3227 0099740  28.4765 329.4341  2.00558494115437
1 27663U 03005A   18305.54189093 -.00000028  00000-0  00000+0 0  9998
2 27663  56.4665 325.2833 0099778  28.4754 335.1647  2.00558433115459
1 27663U 03005A   18305.69389681 -.00000028  00000-0  00000-0 0  9990
2 27663  56.4664 325.2774 0099784  28.4718  84.9209  2.00558426115465
1 27663U 03005A   18306.16564807 -.00000030  00000-0  00000+0 0  9990
2 27663  56.4662 325.2589 0099797  28.4747  65.5356  2.00558401115464
1 27663U 03005A   18307.76928161 -.00000038  00000-0  00000-0 0  9993
2 27663  56.4652 325.1961 0099853  28.4791 143.3992  2.00558322115506
1 27663U 03005A   18308.25588819 -.00000041  00000-0  00000+0 0  9993
2 27663  56.4649 325.1770 0099871  28.4788 134.7429  2.00558301115502
1 27663U 03005A   18309.02357973 -.00000047  00000-0  00000+0 0  9990
2 27663  56.4645 325.1470 0099899  28.4804 329.0355  2.00558269115526
1 27663U 03005A   18309.73475466 -.00000053  00000-0  00000-0 0  9994
2 27663  56.4641 325.1191 0099924  28.4781 122.5256  2.00558242115544
1 27663U 03005A   18310.15959726 -.00000056  00000-0  00000+0 0  9990
2 27663  56.4639 325.1025 0099942  28.4771  69.2744  2.00558228115549
1 27663U 03005A   18310.68304330 -.00000060  00000-0  00000+0 0  9998
2 27663  56.4636 325.0820 0099964  28.4744  87.2194  2.00558210115553
1 27663U 03005A   18310.68304330 -.00000060  00000-0  00000-0 0  9999
2 27663  56.4636 325.0820 0099964  28.4744  87.2194  2.00558210115564
1 27663U 03005A   18311.75818979 -.00000066  00000-0  00000-0 0  9993
2 27663  56.4629 325.0399 0100009  28.4708 143.5076  2.00558173115585
1 27663U 03005A   18312.11079885 -.00000067  00000-0  00000+0 0  9999
2 27663  56.4627 325.0261 0100022  28.4731  38.0985  2.00558163115588
1 27663U 03005A   18312.70906399 -.00000069  00000-0  00000-0 0  9996
2 27663  56.4624 325.0027 0100046  28.4719 110.0631  2.00558142115606
1 27663U 03005A   18313.48593189 -.00000069  00000-0  00000+0 0  9990
2 27663  56.4619 324.9722 0100080  28.4698 310.9845  2.00558117115615
1 27663U 03005A   18314.73350436 -.00000065  00000-0  00000+0 0  9991
2 27663  56.4612 324.9234 0100131  28.4705 131.7641  2.00558074115639
1 27663U 03005A   18314.73350436 -.00000065  00000-0  00000-0 0  9992
2 27663  56.4612 324.9234 0100131  28.4705 131.7641  2.00558074115640
1 27663U 03005A   18315.68158741 -.00000061  00000-0  00000-0 0  9998
2 27663  56.4607 324.8863 0100170  28.4721  96.3033  2.00558037115664
1 27663U 03005A   18316.16060747 -.00000058  00000-0  00000+0 0  9995
2 27663  56.4605 324.8675 0100190  28.4725  82.1678  2.00558017115665
1 27663U 03005A   18316.75119372 -.00000054  00000-0  00000-0 0  9996
2 27663  56.4601 324.8444 0100207  28.4748 148.5842  2.00557989115688
1 27663U 03005A   18317.10926377 -.00000051  00000-0  00000+0 0  9993
2 27663  56.4599 324.8304 0100222  28.4740  47.1208  2.00557973115681
1 27663U 03005A   18317.70911407 -.00000047  00000-0  00000-0 0  9993
2 27663  56.4596 324.8069 0100243  28.4731 120.2290  2.00557940115698
1 27663U 03005A   18317.70911407 -.00000047  00000-0  00000-0 0  9993
2 27663  56.4596 324.8069 0100243  28.4731 120.2290  2.00557940115700
1 27663U 03005A   18319.24906576 -.00000038  00000-0  00000+0 0  9994
2 27663  56.4587 324.7466 0100299  28.4726 152.1139  2.00557844115726
1 27663U 03005A   18319.67191389 -.00000036  00000-0  00000-0 0  9998
2 27663  56.4585 324.7301 0100318  28.4737  97.4199  2.00557814115742
1 27663U 03005A   18320.21335478 -.00000034  00000-0  00000+0 0  9996
2 27663  56.4582 324.7089 0100341  28.4733 128.3542  2.00557774115745
1 27663U 03005A   18320.21335478 -.00000034  00000-0  00000-0 0  9997
2 27663  56.4582 324.7089 0100341  28.4733 128.3542  2.00557774115756
1 27663U 03005A   18320.61777569 -.00000032  00000-0  00000-0 0  9990
2 27663  56.4580 324.6931 0100362  28.4744  60.3551  2.00557743115766
1 27663U 03005A   18321.27224330 -.00000031  00000-0  00000+0 0  9994
2 27663  56.4576 324.6674 0100385  28.4746 172.8969  2.00557689115763
1 27663U 03005A   18321.27224330 -.00000031  00000-0  00000-0 0  9995
2 27663  56.4576 324.6674 0100385  28.4746 172.8969  2.00557689115774
1 27663U 03005A   18322.75800696 -.00000029  00000-0  00000-0 0  9991
2 27663  56.4567 324.6093 0100451  28.4795 165.6499  2.00557561115808
1 27663U 03005A   18323.48921299 -.00000029  00000-0  00000+0 0  9994
2 27663  56.4563 324.5807 0100486  28.4866 333.5913  2.00557495115817
1 27663U 03005A   18323.76853969 -.00000029  00000-0  00000-0 0  9994
2 27663  56.4561 324.5697 0100497  28.4838 175.2748  2.00557468115821
1 27663U 03005A   18324.72759461 -.00000030  00000-0  00000+0 0  9994
2 27663  56.4556 324.5322 0100535  28.4898 147.7296  2.00557379115833
1 27663U 03005A   18325.73268189 -.00000031  00000-0  00000+0 0  9999
2 27663  56.4550 324.4928 0100576  28.4952 153.4212  2.00557286115855
1 27663U 03005A   18325.73268189 -.00000031  00000-0  00000-0 0  9990
2 27663  56.4550 324.4928 0100576  28.4952 153.4212  2.00557286115866
1 27663U 03005A   18326.74355705 -.00000033  00000-0  00000-0 0  9995
2 27663  56.4544 324.4532 0100622  28.4995 163.2926  2.00557195115881
1 27663U 03005A   18327.22220361 -.00000033  00000-0  00000+0 0  9997
2 27663  56.4541 324.4345 0100645  28.5012 148.8849  2.00557153115883
1 27663U 03005A   18327.75495580 -.00000034  00000-0  00000-0 0  9994
2 27663  56.4538 324.4137 0100669  28.5039 173.5417  2.00557106115900
1 27663U 03005A   18328.17912953 -.00000034  00000-0  00000-0 0  9999
2 27663  56.4536 324.3971 0100686  28.5061 119.8028  2.00557070115919
1 27663U 03005A   18328.58990125 -.00000034  00000-0  00000+0 0  9990
2 27663  56.4534 324.3810 0100703  28.5098  56.3856  2.00557036115915
1 27663U 03005A   18328.70843466 -.00000034  00000-0  00000-0 0  9990
2 27663  56.4533 324.3763 0100711  28.5084 141.9709  2.00557026115923
1 27663U 03005A   18329.24156696 -.00000034  00000-0  00000-0 0  9992
2 27663  56.4530 324.3554 0100736  28.5111 166.9019  2.00556983115939
1 27663U 03005A   18329.60063236 -.00000034  00000-0  00000+0 0  9998
2 27663  56.4528 324.3414 0100747  28.5143  66.1522  2.00556956115938
1 27663U 03005A   18330.21956448 -.00000033  00000-0  00000+0 0  9992
2 27663  56.4524 324.3171 0100779  28.5165 153.0330  2.00556909115945
1 27663U 03005A   18330.73354472 -.00000033  00000-0  00000-0 0  9999
2 27663  56.4521 324.2970 0100805  28.5196 164.1352  2.00556871115969
1 27663U 03005A   18331.74049368 -.00000033  00000-0  00000+0 0  9995
2 27663  56.4515 324.2576 0100859  28.5257 171.1688  2.00556802115976
1 27663U 03005A   18332.46290413 -.00000034  00000-0  00000+0 0  9995
2 27663  56.4511 324.2293 0100893  28.5336 332.7571  2.00556756115990
1 27663U 03005A   18332.70013238 -.00000034  00000-0  00000-0 0  9991
2 27663  56.4509 324.2200 0100905  28.5324 144.0424  2.00556743116006
1 27663U 03005A   18333.17915071 -.00000035  00000-0  00000+0 0  9999
2 27663  56.4507 324.2013 0100928  28.5362 129.9004  2.00556715116008
1 27663U 03005A   18333.71059944 -.00000037  00000-0  00000-0 0  9990
2 27663  56.4503 324.1805 0100953  28.5407 153.6136  2.00556686116029
1 27663U 03005A   18334.23902851 -.00000040  00000-0  00000+0 0  9995
2 27663  56.4500 324.1598 0100981  28.5451 175.1463  2.00556658116026
1 27663U 03005A   18334.70623020 -.00000043  00000-0  00000-0 0  9999
2 27663  56.4497 324.1415 0101003  28.5485 152.4727  2.00556635116040
1 27663U 03005A   18335.07319265 -.00000046  00000-0  00000+0 0  9995
2 27663  56.4495 324.1271 0101017  28.5524  57.4236  2.00556618116047
1 27663U 03005A   18335.72785723 -.00000051  00000-0  00000-0 0  9990
2 27663  56.4491 324.1015 0101050  28.5558 170.1021  2.00556588116066
1 27663U 03005A   18336.56070047 -.00000058  00000-0  00000+0 0  9995
2 27663  56.4486 324.0689 0101088  28.5621  51.4263  2.00556555116072
1 27663U 03005A   18336.73663514 -.00000059  00000-0  00000-0 0  9993
2 27663  56.4485 324.0620 0101099  28.5623 178.4547  2.00556546116086
1 27663U 03005A   18337.21548639 -.00000063  00000-0  00000+0 0  9991
2 27663  56.4482 324.0433 0101122  28.5652 164.1925  2.00556528116086
1 27663U 03005A   18337.69028073 -.00000067  00000-0  00000+0 0  9992
2 27663  56.4479 324.0247 0101145  28.5681 147.0011  2.00556512116092
1 27663U 03005A   18337.69028073 -.00000067  00000-0  00000-0 0  9993
2 27663  56.4479 324.0247 0101145  28.5681 147.0011  2.00556512116104
1 27663U 03005A   18338.70283653 -.00000074  00000-0  00000-0 0  9991
2 27663  56.4473 323.9851 0101201  28.5763 158.0794  2.00556478116124
1 27663U 03005A   18339.23434274 -.00000077  00000-0  00000+0 0  9999
2 27663  56.4470 323.9643 0101224  28.5798 181.8345  2.00556461116121
1 27663U 03005A   18340.13391380 -.00000079  00000-0  00000+0 0  9992
2 27663  56.4464 323.9291 0101270  28.5870 111.3361  2.00556433116142
1 27663U 03005A   18340.72286655 -.00000080  00000-0  00000+0 0  9997
2 27663  56.4461 323.9061 0101300  28.5906 176.5685  2.00556413116159
1 27663U 03005A   18340.72286655 -.00000080  00000-0  00000-0 0  9998
2 27663  56.4461 323.9061 0101300  28.5906 176.5685  2.00556413116160
1 27663U 03005A   18341.43644116 -.00000079  00000-0  00000-0 0  9995
2 27663  56.4456 323.8782 0101339  28.5972 331.7772  2.00556389116173
1 27663U 03005A   18342.57045574 -.00000074  00000-0  00000+0 0  9998
2 27663  56.4449 323.8338 0101395  28.6077  70.5482  2.00556349116195
1 27663U 03005A   18343.18452170 -.00000071  00000-0  00000+0 0  9997
2 27663  56.4446 323.8098 0101425  28.6118 153.9120  2.00556322116203
1 27663U 03005A   18343.69740021 -.00000068  00000-0  00000-0 0  9995
2 27663  56.4442 323.7897 0101450  28.6161 164.2162  2.00556300116220
1 27663U 03005A   18344.65201150 -.00000061  00000-0  00000+0 0  9999
2 27663  56.4437 323.7524 0101492  28.6256 133.4549  2.00556253116237
1 27663U 03005A   18345.77971878 -.00000055  00000-0  00000-0 0  9998
2 27663  56.4430 323.7083 0101546  28.6335 227.6738  2.00556188116264
1 27663U 03005A   18346.14188587 -.00000053  00000-0  00000+0 0  9994
2 27663  56.4428 323.6941 0101559  28.6388 129.1601  2.00556166116266
1 27663U 03005A   18347.68125656 -.00000046  00000-0  00000-0 0  9995
2 27663  56.4418 323.6339 0101633  28.6514 160.6026  2.00556056116304
1 27663U 03005A   18348.16666307 -.00000045  00000-0  00000+0 0  9990
2 27663  56.4415 323.6149 0101656  28.6568 151.0699  2.00556018116302
1 27663U 03005A   18348.58278512 -.00000044  00000-0  00000+0 0  9992
2 27663  56.4413 323.5987 0101679  28.6629  91.5117  2.00555984116317
1 27663U 03005A   18348.69486721 -.00000044  00000-0  00000-0 0  9998
2 27663  56.4412 323.5943 0101686  28.6616 172.4384  2.00555974116327
1 27663U 03005A   18349.17170052 -.00000043  00000-0  00000+0 0  9997
2 27663  56.4409 323.5756 0101708  28.6678 156.7148  2.00555934116327
1 27663U 03005A   18349.70662691 -.00000043  00000-0  00000-0 0  9992
2 27663  56.4406 323.5547 0101734  28.6741 182.9353  2.00555888116341
1 27663U 03005A   18350.60321764 -.00000043  00000-0  00000+0 0  9995
2 27663  56.4400 323.5196 0101778  28.6874 110.2769  2.00555808116358
1 27663U 03005A   18350.71750477 -.00000043  00000-0  00000-0 0  9995
2 27663  56.4399 323.5152 0101787  28.6877 192.7941  2.00555797116365
1 27663U 03005A   18351.55222743 -.00000044  00000-0  00000+0 0  9998
2 27663  56.4394 323.4825 0101826  28.7012  75.4654  2.00555721116378
1 27663U 03005A   18351.66960873 -.00000044  00000-0  00000-0 0  9994
2 27663  56.4393 323.4779 0101835  28.7005 160.2176  2.00555710116388
1 27663U 03005A   18352.02786277 -.00000044  00000-0  00000+0 0  9998
2 27663  56.4391 323.4639 0101853  28.7080  58.8759  2.00555677116385
1 27663U 03005A   18352.67980240 -.00000045  00000-0  00000+0 0  9996
2 27663  56.4387 323.4384 0101885  28.7136 169.5824  2.00555616116391
1 27663U 03005A   18352.67980240 -.00000045  00000-0  00000-0 0  9997
2 27663  56.4387 323.4384 0101885  28.7136 169.5824  2.00555616116403
1 27663U 03005A   18353.69386051 -.00000046  00000-0  00000+0 0  9990
2 27663  56.4380 323.3987 0101934  28.7278 181.7361  2.00555524116417
1 27663U 03005A   18353.69386051 -.00000046  00000-0  00000-0 0  9991
2 27663  56.4380 323.3987 0101934  28.7278 181.7361  2.00555524116428
1 27663U 03005A   18354.65369704 -.00000046  00000-0  00000+0 0  9993
2 27663  56.4374 323.3611 0101982  28.7412 154.7413  2.00555438116431
1 27663U 03005A   18354.65369704 -.00000046  00000-0  00000-0 0  9994
2 27663  56.4374 323.3611 0101982  28.7412 154.7413  2.00555438116442
1 27663U 03005A   18355.60348042 -.00000047  00000-0  00000+0 0  9992
2 27663  56.4368 323.3239 0102027  28.7541 120.4883  2.00555357116457
1 27663U 03005A   18355.60348042 -.00000047  00000-0  00000-0 0  9993
2 27663  56.4368 323.3239 0102027  28.7541 120.4883  2.00555357116468
1 27663U 03005A   18356.66372476 -.00000046  00000-0  00000-0 0  9997
2 27663  56.4362 323.2824 0102085  28.7671 165.9896  2.00555270116483
1 27663U 03005A   18357.20050762 -.00000046  00000-0  00000+0 0  9998
2 27663  56.4358 323.2614 0102116  28.7751 193.5477  2.00555227116483
1 27663U 03005A   18357.67505771 -.00000045  00000-0  00000-0 0  9994
2 27663  56.4355 323.2428 0102138  28.7825 176.1735  2.00555192116507
1 27663U 03005A   18358.21074517 -.00000045  00000-0  00000+0 0  9993
2 27663  56.4352 323.2218 0102167  28.7902 202.9409  2.00555153116502
1 27663U 03005A   18358.68814314 -.00000045  00000-0  00000-0 0  9992
2 27663  56.4348 323.2031 0102193  28.7971 187.6231  2.00555120116523
1 27663U 03005A   18359.38362448 -.00000045  00000-0  00000+0 0  9995
2 27663  56.4344 323.1759 0102230  28.8111 329.7578  2.00555073116535
1 27663U 03005A   18359.69800233 -.00000045  00000-0  00000-0 0  9999
2 27663  56.4342 323.1636 0102253  28.8142 196.7406  2.00555053116547
1 27663U 03005A   18360.38871483 -.00000047  00000-0  00000+0 0  9993
2 27663  56.4337 323.1366 0102283  28.8275 335.4327  2.00555012116551
1 27663U 03005A   18360.71018451 -.00000048  00000-0  00000-0 0  9990
2 27663  56.4335 323.1240 0102303  28.8311 207.5354  2.00554994116562
1 27663U 03005A   18361.13747091 -.00000050  00000-0  00000+0 0  9998
2 27663  56.4332 323.1073 0102323  28.8368 156.0372  2.00554971116560
1 27663U 03005A   18361.62710208 -.00000053  00000-0  00000-0 0  9996
2 27663  56.4329 323.0881 0102350  28.8449 149.5505  2.00554946116581
1 27663U 03005A   18362.19718494 -.00000056  00000-0  00000+0 0  9996
2 27663  56.4325 323.0658 0102382  28.8544 201.1497  2.00554917116583
1 27663U 03005A   18362.19718494 -.00000056  00000-0  00000-0 0  9997
2 27663  56.4325 323.0658 0102382  28.8544 201.1497  2.00554917116594
1 27663U 03005A   18362.67371214 -.00000060  00000-0  00000-0 0  9990
2 27663  56.4322 323.0472 0102406  28.8617 185.2024  2.00554895116608
1 27663U 03005A   18363.50924428 -.00000067  00000-0  00000+0 0  9990
2 27663  56.4316 323.0145 0102444  28.8750  68.4561  2.00554861116610
1 27663U 03005A   18363.50924428 -.00000067  00000-0  00000-0 0  9991
2 27663  56.4316 323.0145 0102444  28.8750  68.4561  2.00554861116621
1 27663U 03005A   18363.87043814 -.00000070  00000-0  00000-0 0  9996
2 27663  56.4314 323.0003 0102467  28.8826 329.2359  2.00554844116625
1 27663U 03005A   18364.15982288 -.00000073  00000-0  00000+0 0  9997
2 27663  56.4312 322.9890 0102483  28.8849 178.1738  2.00554833116628
1 27663U 03005A   18364.15982288 -.00000073  00000-0  00000-0 0  9998
2 27663  56.4312 322.9890 0102483  28.8849 178.1738  2.00554833116639
1 27663U 03005A   18364.69699587 -.00000077  00000-0  00000-0 0  9998
2 27663  56.4308 322.9680 0102513  28.8933 206.0125  2.00554812116648
1 27663U 03005A   18365.17315509 -.00000081  00000-0  00000+0 0  9995
2 27663  56.4305 322.9493 0102538  28.9001 189.7998  2.00554796116647
1 27663U 03005A   18365.17315509 -.00000081  00000-0  00000-0 0  9996
2 27663  56.4305 322.9493 0102538  28.9001 189.7998  2.00554796116658
1 27663U 03005A   18365.64412184 -.00000084  00000-0  00000-0 0  9998
2 27663  56.4302 322.9309 0102562  28.9068 169.8381  2.00554780116660

