1 32384U 07062A   18001.54798160 -.00000048  00000-0  00000+0 0  9997
2 32384  56.3206  35.9609 0003016  12.6924 135.7772  2.00554245 73627
1 32384U 07062A   18002.49850876 -.00000054  00000-0  00000+0 0  9992
2 32384  56.3210  35.9234 0003036  12.4704 102.2921  2.00554294 73643
1 32384U 07062A   18003.56125481 -.00000061  00000-0  00000+0 0  9996
2 32384  56.3215  35.8816 0003053  12.3998 149.6797  2.00554362 73660
1 32384U 07062A   18003.56125481 -.00000061  00000-0  00000-0 0  9997
2 32384  56.3215  35.8816 0003053  12.3998 149.6797  2.00554362 73648
1 32384U 07062A   18004.29734575 -.00000066  00000-0  00000+0 0  9992
2 32384  56.3219  35.8526 0003057  12.2686 321.2786  2.00554417 73677
1 32384U 07062A   18004.51288279 -.00000068  00000-0  00000-0 0  9995
2 32384  56.3220  35.8441 0003065  12.2936 116.8741  2.00554421 73665
1 32384U 07062A   18005.52527747 -.00000074  00000-0  00000+0 0  9999
2 32384  56.3225  35.8042 0003085  12.1626 127.9679  2.00554489 73706
1 32384U 07062A   18006.48070569 -.00000078  00000-0  00000+0 0  9994
2 32384  56.3230  35.7666 0003100  12.0434  97.9197  2.00554569 73729
1 32384U 07062A   18006.59401056 -.00000078  00000-0  00000-0 0  9996
2 32384  56.3230  35.7621 0003097  12.1315 179.6393  2.00554578 73708
1 32384U 07062A   18007.53959628 -.00000080  00000-0  00000+0 0  9996
2 32384  56.3235  35.7249 0003112  12.0372 142.4599  2.00554655 73745
1 32384U 07062A   18007.58977135 -.00000080  00000-0  00000-0 0  9995
2 32384  56.3235  35.7230 0003111  12.0525 178.6717  2.00554660 73721
1 32384U 07062A   18008.49939691 -.00000079  00000-0  00000+0 0  9998
2 32384  56.3240  35.6872 0003128  11.9479 115.5388  2.00554727 73764
1 32384U 07062A   18008.55851200 -.00000079  00000-0  00000-0 0  9995
2 32384  56.3240  35.6849 0003127  11.9828 158.1859  2.00554733 73746
1 32384U 07062A   18009.50975137 -.00000076  00000-0  00000+0 0  9993
2 32384  56.3245  35.6474 0003146  11.9177 125.0596  2.00554817 73781
1 32384U 07062A   18010.28724935 -.00000073  00000-0  00000+0 0  9995
2 32384  56.3248  35.6169 0003158  11.7871 326.5553  2.00554887 73796
1 32384U 07062A   18010.52970486 -.00000072  00000-0  00000-0 0  9996
2 32384  56.3250  35.6073 0003165  11.9133 141.4857  2.00554907 73787
1 32384U 07062A   18011.54926955 -.00000067  00000-0  00000+0 0  9994
2 32384  56.3254  35.5673 0003185  11.9282 157.6116  2.00554984 73820
1 32384U 07062A   18012.54427571 -.00000063  00000-0  00000-0 0  9992
2 32384  56.3259  35.5282 0003203  11.9624 155.9871  2.00555062 73829
1 32384U 07062A   18013.49788353 -.00000060  00000-0  00000+0 0  9991
2 32384  56.3264  35.4907 0003221  12.0016 124.4674  2.00555127 73863
1 32384U 07062A   18014.48314872 -.00000057  00000-0  00000+0 0  9998
2 32384  56.3268  35.4520 0003237  12.0481 115.7978  2.00555186 73888
1 32384U 07062A   18014.99029347 -.00000056  00000-0  00000+0 0  9993
2 32384  56.3271  35.4320 0003247  12.0516 121.9606  2.00555209 73894
1 32384U 07062A   18015.52255503 -.00000055  00000-0  00000-0 0  9998
2 32384  56.3273  35.4111 0003258  12.0502 146.2634  2.00555238 73883
1 32384U 07062A   18016.47410365 -.00000053  00000-0  00000+0 0  9999
2 32384  56.3278  35.3738 0003279  12.0377 113.3090  2.00555280 73928
1 32384U 07062A   18017.06297142 -.00000052  00000-0  00000+0 0  9990
2 32384  56.3281  35.3507 0003293  12.0006 178.5183  2.00555307 73938
1 32384U 07062A   18019.56421677 -.00000047  00000-0  00000+0 0  9993
2 32384  56.3292  35.2525 0003351  12.0567 184.4021  2.00555386 73985
1 32384U 07062A   18020.55522866 -.00000044  00000-0  00000+0 0  9993
2 32384  56.3297  35.2135 0003368  12.1634 179.8223  2.00555402 74006
1 32384U 07062A   18021.28615167 -.00000042  00000-0  00000+0 0  9999
2 32384  56.3301  35.1848 0003382  12.1875 347.5368  2.00555417 74027
1 32384U 07062A   18021.53151409 -.00000041  00000-0  00000+0 0  9990
2 32384  56.3302  35.1752 0003386  12.2629 164.6173  2.00555425 74025
1 32384U 07062A   18021.53151409 -.00000041  00000-0  00000-0 0  9991
2 32384  56.3302  35.1752 0003386  12.2629 164.6173  2.00555425 74003
1 32384U 07062A   18022.53927546 -.00000038  00000-0  00000-0 0  9991
2 32384  56.3307  35.1356 0003405  12.3138 172.1871  2.00555443 74027
1 32384U 07062A   18023.54805828 -.00000035  00000-0  00000+0 0  9997
2 32384  56.3312  35.0959 0003427  12.3399 180.5195  2.00555475 74065
1 32384U 07062A   18024.50684115 -.00000032  00000-0  00000+0 0  9995
2 32384  56.3316  35.0582 0003448  12.3661 152.7511  2.00555499 74087
1 32384U 07062A   18024.92245608 -.00000031  00000-0  00000+0 0  9990
2 32384  56.3318  35.0419 0003454  12.3644  92.8338  2.00555510 74092
1 32384U 07062A   18025.51680703 -.00000030  00000-0  00000-0 0  9995
2 32384  56.3321  35.0185 0003466  12.4293 161.9007  2.00555523 74084
1 32384U 07062A   18026.47210175 -.00000030  00000-0  00000+0 0  9992
2 32384  56.3326  34.9810 0003487  12.4587 131.6108  2.00555556 74128
1 32384U 07062A   18026.52569928 -.00000030  00000-0  00000-0 0  9992
2 32384  56.3326  34.9789 0003491  12.4737 170.2940  2.00555551 74101
1 32384U 07062A   18027.48021126 -.00000031  00000-0  00000+0 0  9991
2 32384  56.3330  34.9414 0003512  12.5459 139.3963  2.00555585 74149
1 32384U 07062A   18028.43049623 -.00000035  00000-0  00000+0 0  9993
2 32384  56.3335  34.9040 0003533  12.6328 105.4321  2.00555627 74169
1 32384U 07062A   18028.54803413 -.00000035  00000-0  00000+0 0  9990
2 32384  56.3335  34.8994 0003535  12.7102 190.2191  2.00555633 74163
1 32384U 07062A   18028.54803413 -.00000035  00000-0  00000-0 0  9991
2 32384  56.3335  34.8994 0003535  12.7102 190.2191  2.00555633 74141
1 32384U 07062A   18029.50045779 -.00000041  00000-0  00000-0 0  9998
2 32384  56.3340  34.8619 0003560  12.8334 157.7627  2.00555667 74168
1 32384U 07062A   18030.41574640 -.00000047  00000-0  00000+0 0  9999
2 32384  56.3344  34.8259 0003575  12.9421  98.5091  2.00555725 74203
1 32384U 07062A   18031.46260904 -.00000055  00000-0  00000+0 0  9999
2 32384  56.3350  34.7847 0003595  13.1573 134.1479  2.00555787 74222
1 32384U 07062A   18032.53212948 -.00000062  00000-0  00000+0 0  9991
2 32384  56.3355  34.7426 0003614  13.3740 186.1449  2.00555862 74240
1 32384U 07062A   18034.43841255 -.00000070  00000-0  00000-0 0  9991
2 32384  56.3364  34.6677 0003651  13.6529 122.2384  2.00556005 74267
1 32384U 07062A   18035.50469947 -.00000071  00000-0  00000+0 0  9994
2 32384  56.3370  34.6258 0003670  13.8734 171.8975  2.00556097 74302
1 32384U 07062A   18036.51694907 -.00000069  00000-0  00000+0 0  9999
2 32384  56.3375  34.5860 0003695  14.0572 182.5776  2.00556180 74328
1 32384U 07062A   18037.49004269 -.00000066  00000-0  00000+0 0  9990
2 32384  56.3380  34.5478 0003716  14.3035 164.9238  2.00556259 74346
1 32384U 07062A   18037.89009731 -.00000065  00000-0  00000-0 0  9993
2 32384  56.3382  34.5321 0003728  14.3531  93.7216  2.00556296 74334
1 32384U 07062A   18038.47448796 -.00000063  00000-0  00000+0 0  9993
2 32384  56.3384  34.5091 0003740  14.5512 155.4651  2.00556341 74368
1 32384U 07062A   18038.89800485 -.00000061  00000-0  00000-0 0  9995
2 32384  56.3386  34.4925 0003752  14.6411 101.1629  2.00556376 74357
1 32384U 07062A   18039.49032694 -.00000059  00000-0  00000+0 0  9997
2 32384  56.3389  34.4692 0003762  14.8326 168.6397  2.00556416 74387
1 32384U 07062A   18040.50274576 -.00000056  00000-0  00000+0 0  9995
2 32384  56.3393  34.4295 0003781  15.1064 179.3527  2.00556486 74409
1 32384U 07062A   18041.51455014 -.00000053  00000-0  00000+0 0  9992
2 32384  56.3398  34.3898 0003800  15.3549 189.6475  2.00556545 74428
1 32384U 07062A   18042.52738712 -.00000052  00000-0  00000+0 0  9992
2 32384  56.3402  34.3500 0003813  15.4974 200.7943  2.00556603 74443
1 32384U 07062A   18043.47652108 -.00000051  00000-0  00000+0 0  9990
2 32384  56.3407  34.3128 0003836  15.7366 165.8498  2.00556658 74465
1 32384U 07062A   18043.89648383 -.00000050  00000-0  00000-0 0  9996
2 32384  56.3409  34.2963 0003848  15.8506 108.9576  2.00556677 74458
1 32384U 07062A   18044.38156137 -.00000050  00000-0  00000+0 0  9991
2 32384  56.3411  34.2773 0003856  15.8952  99.1492  2.00556697 74487
1 32384U 07062A   18045.50042458 -.00000048  00000-0  00000+0 0  9993
2 32384  56.3416  34.2334 0003882  16.1635 186.7237  2.00556733 74500
1 32384U 07062A   18046.45294212 -.00000047  00000-0  00000+0 0  9994
2 32384  56.3420  34.1961 0003904  16.4133 154.2119  2.00556764 74526
1 32384U 07062A   18046.87383142 -.00000046  00000-0  00000-0 0  9991
2 32384  56.3422  34.1796 0003916  16.5223  97.9940  2.00556779 74518
1 32384U 07062A   18047.46157348 -.00000044  00000-0  00000+0 0  9991
2 32384  56.3424  34.1565 0003927  16.6795 162.1991  2.00556792 74540
1 32384U 07062A   18047.99668208 -.00000043  00000-0  00000+0 0  9990
2 32384  56.3427  34.1355 0003941  16.8337 188.4049  2.00556803 74559
1 32384U 07062A   18049.55126164 -.00000038  00000-0  00000+0 0  9998
2 32384  56.3433  34.0746 0003972  17.2314 230.4476  2.00556845 74584
1 32384U 07062A   18050.02155301 -.00000037  00000-0  00000+0 0  9996
2 32384  56.3436  34.0561 0003981  17.3497 209.8898  2.00556853 74593
1 32384U 07062A   18050.92181187 -.00000034  00000-0  00000-0 0  9994
2 32384  56.3440  34.0208 0004000  17.5573 139.6889  2.00556874 74599
1 32384U 07062A   18051.51059369 -.00000033  00000-0  00000+0 0  9994
2 32384  56.3442  33.9977 0004007  17.7071 204.6523  2.00556876 74628
1 32384U 07062A   18052.45819014 -.00000031  00000-0  00000+0 0  9997
2 32384  56.3446  33.9605 0004029  17.9397 168.6054  2.00556903 74648
1 32384U 07062A   18053.42063507 -.00000031  00000-0  00000+0 0  9993
2 32384  56.3451  33.9227 0004049  18.1886 143.2632  2.00556929 74663
1 32384U 07062A   18054.48273282 -.00000032  00000-0  00000+0 0  9994
2 32384  56.3455  33.8810 0004073  18.5215 189.7889  2.00556968 74685
1 32384U 07062A   18054.90699826 -.00000033  00000-0  00000-0 0  9999
2 32384  56.3457  33.8644 0004082  18.6121 136.0274  2.00556982 74677
1 32384U 07062A   18055.01725484 -.00000034  00000-0  00000+0 0  9992
2 32384  56.3457  33.8601 0004081  18.6766 215.5708  2.00556988 74697
1 32384U 07062A   18055.01725484 -.00000034  00000-0  00000-0 0  9993
2 32384  56.3457  33.8601 0004081  18.6766 215.5708  2.00556988 74675
1 32384U 07062A   18056.92321029 -.00000044  00000-0  00000-0 0  9992
2 32384  56.3465  33.7852 0004118  19.2375 151.1535  2.00557087 74714
1 32384U 07062A   18057.40220076 -.00000047  00000-0  00000+0 0  9998
2 32384  56.3467  33.7664 0004127  19.4063 136.8268  2.00557106 74741
1 32384U 07062A   18057.93609400 -.00000052  00000-0  00000-0 0  9995
2 32384  56.3469  33.7455 0004144  19.7150 162.0012  2.00557132 74736
1 32384U 07062A   18058.43379434 -.00000056  00000-0  00000+0 0  9995
2 32384  56.3472  33.7259 0004153  19.8852 161.1823  2.00557161 74767
1 32384U 07062A   18059.48189887 -.00000064  00000-0  00000+0 0  9991
2 32384  56.3476  33.6848 0004171  20.2898 197.5335  2.00557225 74784
1 32384U 07062A   18059.95109941 -.00000067  00000-0  00000-0 0  9990
2 32384  56.3478  33.6664 0004181  20.4590 176.1382  2.00557258 74774
1 32384U 07062A   18060.25771604 -.00000069  00000-0  00000+0 0  9997
2 32384  56.3480  33.6543 0004186  20.4658  37.5159  2.00557281 74805
1 32384U 07062A   18061.44134279 -.00000074  00000-0  00000+0 0  9996
2 32384  56.3485  33.6079 0004212  20.9611 171.6272  2.00557368 74822
1 32384U 07062A   18062.45313439 -.00000076  00000-0  00000+0 0  9997
2 32384  56.3489  33.5682 0004232  21.3180 181.8082  2.00557448 74846
1 32384U 07062A   18063.29451882 -.00000076  00000-0  00000+0 0  9995
2 32384  56.3493  33.5351 0004254  21.5742  69.0518  2.00557511 74868
1 32384U 07062A   18063.89126135 -.00000075  00000-0  00000-0 0  9991
2 32384  56.3495  33.5117 0004267  21.8668 139.6218  2.00557563 74851
1 32384U 07062A   18064.42384737 -.00000074  00000-0  00000+0 0  9993
2 32384  56.3497  33.4908 0004274  22.0685 163.9605  2.00557613 74889
1 32384U 07062A   18066.41264515 -.00000068  00000-0  00000+0 0  9998
2 32384  56.3506  33.4128 0004315  22.8668 159.1232  2.00557764 74924
1 32384U 07062A   18066.97223660 -.00000067  00000-0  00000-0 0  9995
2 32384  56.3508  33.3909 0004327  23.1106 202.9184  2.00557806 74915
1 32384U 07062A   18067.45155319 -.00000066  00000-0  00000+0 0  9992
2 32384  56.3510  33.3721 0004337  23.3131 188.7946  2.00557845 74944
1 32384U 07062A   18068.40928007 -.00000064  00000-0  00000+0 0  9998
2 32384  56.3514  33.3346 0004357  23.7111 159.8997  2.00557910 74965
1 32384U 07062A   18069.24301113 -.00000063  00000-0  00000+0 0  9993
2 32384  56.3517  33.3019 0004376  23.9790  41.6068  2.00557960 74985
1 32384U 07062A   18070.96286940 -.00000062  00000-0  00000+0 0  9993
2 32384  56.3524  33.2344 0004407  24.6397 202.7281  2.00558055 75017
1 32384U 07062A   18072.39834851 -.00000061  00000-0  00000+0 0  9991
2 32384  56.3529  33.1782 0004439  25.1571 158.6638  2.00558110 75042
1 32384U 07062A   18072.91800792 -.00000060  00000-0  00000-0 0  9996
2 32384  56.3532  33.1578 0004450  25.3502 173.6785  2.00558134 75033
1 32384U 07062A   18073.28900157 -.00000060  00000-0  00000+0 0  9992
2 32384  56.3533  33.1433 0004463  25.4974  81.3984  2.00558148 75066
1 32384U 07062A   18074.38201461 -.00000058  00000-0  00000-0 0  9994
2 32384  56.3537  33.1005 0004486  25.9381 150.1420  2.00558181 75064
1 32384U 07062A   18075.37382882 -.00000055  00000-0  00000+0 0  9997
2 32384  56.3541  33.0616 0004502  26.2750 145.9212  2.00558208 75105
1 32384U 07062A   18075.96082882 -.00000054  00000-0  00000+0 0  9998
2 32384  56.3543  33.0386 0004507  26.4375 209.5886  2.00558231 75112
1 32384U 07062A   18076.39651831 -.00000053  00000-0  00000-0 0  9992
2 32384  56.3545  33.0215 0004516  26.6073 163.9983  2.00558243 75105
1 32384U 07062A   18077.37068705 -.00000050  00000-0  00000+0 0  9999
2 32384  56.3548  32.9833 0004532  26.9465 147.0350  2.00558265 75147
1 32384U 07062A   18077.91158649 -.00000048  00000-0  00000-0 0  9994
2 32384  56.3550  32.9621 0004541  27.1425 177.3829  2.00558275 75131
1 32384U 07062A   18078.37065837 -.00000047  00000-0  00000+0 0  9999
2 32384  56.3552  32.9441 0004552  27.2943 148.6934  2.00558284 75162
1 32384U 07062A   18078.88475737 -.00000046  00000-0  00000-0 0  9999
2 32384  56.3554  32.9240 0004561  27.4690 159.7121  2.00558296 75155
1 32384U 07062A   18079.36572167 -.00000045  00000-0  00000+0 0  9996
2 32384  56.3556  32.9051 0004570  27.6352 146.8153  2.00558313 75189
1 32384U 07062A   18079.94414300 -.00000044  00000-0  00000-0 0  9994
2 32384  56.3558  32.8824 0004579  27.8506 204.2358  2.00558327 75170
1 32384U 07062A   18080.00612869 -.00000044  00000-0  00000+0 0  9992
2 32384  56.3558  32.8800 0004583  27.9071 248.9346  2.00558326 75190
1 32384U 07062A   18080.95011758 -.00000044  00000-0  00000-0 0  9997
2 32384  56.3561  32.8430 0004601  28.2565 210.1710  2.00558354 75193
1 32384U 07062A   18081.48874188 -.00000045  00000-0  00000+0 0  9990
2 32384  56.3563  32.8219 0004612  28.5110 238.8181  2.00558373 75225
1 32384U 07062A   18082.38689039 -.00000047  00000-0  00000+0 0  9991
2 32384  56.3567  32.7866 0004633  28.8553 166.9620  2.00558410 75246
1 32384U 07062A   18083.30548420 -.00000052  00000-0  00000+0 0  9998
2 32384  56.3570  32.7506 0004651  29.1980 109.8696  2.00558452 75266
1 32384U 07062A   18083.92951184 -.00000056  00000-0  00000-0 0  9996
2 32384  56.3572  32.7261 0004663  29.5293 200.1036  2.00558476 75258
1 32384U 07062A   18084.36091031 -.00000059  00000-0  00000+0 0  9993
2 32384  56.3574  32.7092 0004673  29.6941 151.4206  2.00558495 75285
1 32384U 07062A   18084.94167448 -.00000063  00000-0  00000-0 0  9999
2 32384  56.3576  32.6864 0004679  29.9492 210.4938  2.00558537 75277
1 32384U 07062A   18085.40639576 -.00000067  00000-0  00000+0 0  9990
2 32384  56.3578  32.6681 0004691  30.1795 185.8054  2.00558562 75306
1 32384U 07062A   18085.40639576 -.00000067  00000-0  00000-0 0  9991
2 32384  56.3578  32.6681 0004691  30.1795 185.8054  2.00558562 75306
1 32384U 07062A   18087.36955419 -.00000081  00000-0  00000-0 0  9991
2 32384  56.3585  32.5911 0004726  31.0714 162.3699  2.00558693 75321
1 32384U 07062A   18088.17209648 -.00000086  00000-0  00000+0 0  9991
2 32384  56.3588  32.5596 0004740  31.3427  21.5572  2.00558749 75365
1 32384U 07062A   18089.22392508 -.00000090  00000-0  00000+0 0  9991
2 32384  56.3592  32.5183 0004758  31.7845  60.5662  2.00558832 75387
1 32384U 07062A   18090.40404542 -.00000091  00000-0  00000+0 0  9996
2 32384  56.3596  32.4721 0004772  32.3803 192.0515  2.00558918 75401
1 32384U 07062A   18090.95350771 -.00000090  00000-0  00000-0 0  9990
2 32384  56.3598  32.4505 0004779  32.5921 228.5678  2.00558966 75399
1 32384U 07062A   18091.41700191 -.00000090  00000-0  00000+0 0  9996
2 32384  56.3599  32.4323 0004790  32.8102 203.0062  2.00559006 75420
1 32384U 07062A   18091.84285347 -.00000089  00000-0  00000-0 0  9993
2 32384  56.3601  32.4156 0004803  33.0167 150.2772  2.00559046 75411
1 32384U 07062A   18092.16108593 -.00000088  00000-0  00000+0 0  9994
2 32384  56.3602  32.4032 0004812  33.0991  19.9679  2.00559066 75442
1 32384U 07062A   18092.90904703 -.00000086  00000-0  00000-0 0  9992
2 32384  56.3605  32.3739 0004823  33.5167 199.6004  2.00559123 75431
1 32384U 07062A   18093.36949719 -.00000085  00000-0  00000+0 0  9997
2 32384  56.3606  32.3558 0004836  33.7477 171.8284  2.00559166 75463
1 32384U 07062A   18093.92120524 -.00000084  00000-0  00000-0 0  9994
2 32384  56.3608  32.3342 0004844  34.0015 209.9243  2.00559206 75459
1 32384U 07062A   18094.18280610 -.00000083  00000-0  00000+0 0  9994
2 32384  56.3609  32.3239 0004854  34.0332  38.7766  2.00559233 75489
1 32384U 07062A   18094.93898524 -.00000082  00000-0  00000-0 0  9996
2 32384  56.3612  32.2943 0004864  34.4410 224.3531  2.00559292 75473
1 32384U 07062A   18095.31443078 -.00000081  00000-0  00000+0 0  9997
2 32384  56.3613  32.2796 0004875  34.6331 135.2440  2.00559319 75509
1 32384U 07062A   18096.32041137 -.00000080  00000-0  00000+0 0  9998
2 32384  56.3617  32.2402 0004894  35.0806 141.1452  2.00559382 75521
1 32384U 07062A   18097.27577035 -.00000079  00000-0  00000+0 0  9992
2 32384  56.3620  32.2027 0004911  35.4673 110.5569  2.00559437 75546
1 32384U 07062A   18097.36896204 -.00000079  00000-0  00000-0 0  9995
2 32384  56.3620  32.1991 0004908  35.5012 177.8103  2.00559440 75521
1 32384U 07062A   18098.36951073 -.00000079  00000-0  00000+0 0  9991
2 32384  56.3624  32.1599 0004930  35.9084 179.8302  2.00559488 75566
1 32384U 07062A   18098.92049854 -.00000079  00000-0  00000-0 0  9999
2 32384  56.3626  32.1383 0004937  36.0948 217.4744  2.00559524 75556
1 32384U 07062A   18099.38615785 -.00000078  00000-0  00000+0 0  9990
2 32384  56.3627  32.1200 0004947  36.2852 193.5044  2.00559539 75588
1 32384U 07062A   18100.31192603 -.00000077  00000-0  00000+0 0  9994
2 32384  56.3630  32.0837 0004969  36.6720 141.5513  2.00559585 75607
1 32384U 07062A   18100.94717206 -.00000076  00000-0  00000-0 0  9995
2 32384  56.3633  32.0589 0004984  36.9307 239.9603  2.00559605 75598
1 32384U 07062A   18101.18196773 -.00000075  00000-0  00000+0 0  9990
2 32384  56.3634  32.0497 0004993  37.0453  49.3754  2.00559612 75623
1 32384U 07062A   18102.35984678 -.00000072  00000-0  00000+0 0  9996
2 32384  56.3638  32.0035 0005016  37.5736 179.3129  2.00559641 75645
1 32384U 07062A   18102.81539184 -.00000071  00000-0  00000+0 0  9994
2 32384  56.3639  31.9857 0005028  37.8061 147.9985  2.00559658 75653
1 32384U 07062A   18102.81539184 -.00000071  00000-0  00000-0 0  9995
2 32384  56.3639  31.9857 0005028  37.8061 147.9985  2.00559658 75631
1 32384U 07062A   18103.92213212 -.00000067  00000-0  00000-0 0  9994
2 32384  56.3643  31.9423 0005047  38.2671 226.6394  2.00559693 75658
1 32384U 07062A   18104.38288628 -.00000066  00000-0  00000+0 0  9996
2 32384  56.3644  31.9242 0005055  38.4752 199.1105  2.00559700 75685
1 32384U 07062A   18104.93483109 -.00000064  00000-0  00000-0 0  9997
2 32384  56.3646  31.9026 0005063  38.6900 237.4176  2.00559719 75676
1 32384U 07062A   18105.27480684 -.00000063  00000-0  00000+0 0  9998
2 32384  56.3648  31.8893 0005072  38.8417 122.7394  2.00559733 75702
1 32384U 07062A   18105.94572194 -.00000061  00000-0  00000-0 0  9999
2 32384  56.3650  31.8630 0005082  39.1130 246.8905  2.00559752 75696
1 32384U 07062A   18106.42274428 -.00000060  00000-0  00000+0 0  9990
2 32384  56.3651  31.8443 0005091  39.3249 231.1042  2.00559764 75728
1 32384U 07062A   18107.32344403 -.00000058  00000-0  00000+0 0  9998
2 32384  56.3654  31.8089 0005110  39.7029 161.0611  2.00559809 75744
1 32384U 07062A   18108.91129399 -.00000059  00000-0  00000-0 0  9991
2 32384  56.3659  31.7466 0005139  40.3878 226.8554  2.00559844 75754
1 32384U 07062A   18109.31200872 -.00000060  00000-0  00000+0 0  9993
2 32384  56.3661  31.7309 0005147  40.5231 156.0492  2.00559856 75788
1 32384U 07062A   18109.93125028 -.00000062  00000-0  00000-0 0  9993
2 32384  56.3663  31.7066 0005154  40.7983 242.8868  2.00559880 75771
1 32384U 07062A   18110.40660389 -.00000064  00000-0  00000+0 0  9992
2 32384  56.3664  31.6880 0005165  40.9729 225.9333  2.00559903 75806
1 32384U 07062A   18110.94195206 -.00000067  00000-0  00000-0 0  9996
2 32384  56.3666  31.6669 0005172  41.1863 252.2593  2.00559936 75798
1 32384U 07062A   18111.42171729 -.00000070  00000-0  00000+0 0  9997
2 32384  56.3668  31.6481 0005181  41.3851 238.4670  2.00559963 75827
1 32384U 07062A   18112.31355556 -.00000076  00000-0  00000+0 0  9994
2 32384  56.3671  31.6131 0005202  41.8509 161.9382  2.00560008 75846
1 32384U 07062A   18112.89538377 -.00000081  00000-0  00000-0 0  9998
2 32384  56.3673  31.5903 0005209  42.1444 221.7443  2.00560046 75837
1 32384U 07062A   18113.19810454 -.00000083  00000-0  00000+0 0  9992
2 32384  56.3674  31.5784 0005217  42.2275  80.2356  2.00560058 75864
1 32384U 07062A   18113.91545936 -.00000088  00000-0  00000-0 0  9998
2 32384  56.3676  31.5502 0005223  42.5870 237.8303  2.00560097 75859
1 32384U 07062A   18114.15622741 -.00000090  00000-0  00000+0 0  9997
2 32384  56.3677  31.5408 0005230  42.6223  51.6377  2.00560114 75882
1 32384U 07062A   18114.86137807 -.00000094  00000-0  00000+0 0  9993
2 32384  56.3680  31.5131 0005241  43.0041 200.3987  2.00560165 75891
1 32384U 07062A   18114.86137807 -.00000094  00000-0  00000-0 0  9994
2 32384  56.3680  31.5131 0005241  43.0041 200.3987  2.00560165 75879
1 32384U 07062A   18116.17858627 -.00000100  00000-0  00000+0 0  9997
2 32384  56.3684  31.4614 0005257  43.4415  71.0313  2.00560295 75920
1 32384U 07062A   18116.41883005 -.00000100  00000-0  00000-0 0  9993
2 32384  56.3685  31.4520 0005254  43.5794 244.3577  2.00560311 75909
1 32384U 07062A   18117.20694949 -.00000101  00000-0  00000+0 0  9998
2 32384  56.3688  31.4210 0005274  43.8925  93.0940  2.00560377 75948
1 32384U 07062A   18117.80379998 -.00000101  00000-0  00000-0 0  9999
2 32384  56.3690  31.3976 0005281  44.1786 163.7547  2.00560428 75930
1 32384U 07062A   18118.21939670 -.00000101  00000-0  00000-0 0  9994
2 32384  56.3691  31.3813 0005291  44.3225 103.6859  2.00560455 75942
1 32384U 07062A   18119.12924985 -.00000099  00000-0  00000-0 0  9994
2 32384  56.3694  31.3456 0005307  44.6816  40.2724  2.00560529 75966
1 32384U 07062A   18119.84962499 -.00000098  00000-0  00000-0 0  9994
2 32384  56.3697  31.3174 0005316  45.0799 200.0104  2.00560594 75972
1 32384U 07062A   18120.16030292 -.00000097  00000-0  00000+0 0  9996
2 32384  56.3698  31.3052 0005327  45.1515  64.2590  2.00560616 76006
1 32384U 07062A   18120.39315872 -.00000096  00000-0  00000-0 0  9991
2 32384  56.3699  31.2960 0005325  45.2921 232.2487  2.00560638 75986
1 32384U 07062A   18120.87533219 -.00000095  00000-0  00000-0 0  9990
2 32384  56.3700  31.2771 0005334  45.5196 220.1675  2.00560675 75993
1 32384U 07062A   18121.23564706 -.00000094  00000-0  00000+0 0  9994
2 32384  56.3701  31.2630 0005342  45.6426 120.2042  2.00560694 76028
1 32384U 07062A   18121.89069345 -.00000093  00000-0  00000-0 0  9995
2 32384  56.3704  31.2374 0005349  45.9228 232.8908  2.00560741 76019
1 32384U 07062A   18122.43016312 -.00000092  00000-0  00000+0 0  9990
2 32384  56.3706  31.2162 0005357  46.1231 262.2074  2.00560799 76049
1 32384U 07062A   18122.89392498 -.00000091  00000-0  00000-0 0  9992
2 32384  56.3707  31.1980 0005364  46.3458 236.8374  2.00560834 76037
1 32384U 07062A   18123.25457069 -.00000091  00000-0  00000+0 0  9998
2 32384  56.3708  31.1839 0005376  46.5475 137.0349  2.00560868 76069
1 32384U 07062A   18123.91017730 -.00000090  00000-0  00000+0 0  9997
2 32384  56.3711  31.1581 0005383  46.8017 250.1522  2.00560904 76072
1 32384U 07062A   18123.91017730 -.00000090  00000-0  00000-0 0  9998
2 32384  56.3711  31.1581 0005383  46.8017 250.1522  2.00560904 76050
1 32384U 07062A   18124.85949837 -.00000089  00000-0  00000-0 0  9992
2 32384  56.3714  31.1209 0005398  47.1898 215.2082  2.00560958 76071
1 32384U 07062A   18125.40234385 -.00000089  00000-0  00000+0 0  9998
2 32384  56.3716  31.0996 0005409  47.4117 246.9406  2.00560992 76108
1 32384U 07062A   18125.87285178 -.00000089  00000-0  00000-0 0  9996
2 32384  56.3717  31.0812 0005416  47.5904 226.4859  2.00561019 76093
1 32384U 07062A   18126.23166649 -.00000088  00000-0  00000+0 0  9996
2 32384  56.3719  31.0671 0005425  47.7329 125.4206  2.00561037 76129
1 32384U 07062A   18126.88554104 -.00000088  00000-0  00000-0 0  9995
2 32384  56.3721  31.0415 0005434  47.9720 237.3031  2.00561071 76111
1 32384U 07062A   18127.35747262 -.00000087  00000-0  00000+0 0  9995
2 32384  56.3722  31.0230 0005442  48.1573 217.8698  2.00561096 76147
1 32384U 07062A   18127.90063990 -.00000086  00000-0  00000+0 0  9994
2 32384  56.3724  31.0016 0005455  48.4312 249.7829  2.00561124 76152
1 32384U 07062A   18128.91577622 -.00000083  00000-0  00000-0 0  9996
2 32384  56.3728  30.9618 0005475  48.8867 262.2932  2.00561155 76152
1 32384U 07062A   18129.38517934 -.00000081  00000-0  00000+0 0  9995
2 32384  56.3730  30.9434 0005482  49.0628 241.0435  2.00561168 76187
1 32384U 07062A   18129.92609557 -.00000079  00000-0  00000-0 0  9996
2 32384  56.3731  30.9222 0005490  49.2570 271.4111  2.00561191 76173
1 32384U 07062A   18130.40072762 -.00000078  00000-0  00000+0 0  9991
2 32384  56.3733  30.9036 0005497  49.4450 253.9250  2.00561202 76200
1 32384U 07062A   18130.86880214 -.00000076  00000-0  00000-0 0  9999
2 32384  56.3735  30.8853 0005511  49.7744 231.5633  2.00561234 76194
1 32384U 07062A   18131.18380326 -.00000074  00000-0  00000+0 0  9991
2 32384  56.3736  30.8729 0005517  49.8970  98.8832  2.00561239 76229
1 32384U 07062A   18131.88446875 -.00000072  00000-0  00000-0 0  9999
2 32384  56.3738  30.8454 0005524  50.1711 244.5160  2.00561259 76217
1 32384U 07062A   18132.35740309 -.00000070  00000-0  00000+0 0  9998
2 32384  56.3740  30.8269 0005531  50.4140 225.7494  2.00561272 76240
1 32384U 07062A   18132.82712137 -.00000068  00000-0  00000+0 0  9995
2 32384  56.3742  30.8085 0005539  50.6429 204.6746  2.00561279 76252
1 32384U 07062A   18132.82712137 -.00000068  00000-0  00000-0 0  9996
2 32384  56.3742  30.8085 0005539  50.6429 204.6746  2.00561279 76230
1 32384U 07062A   18133.90784212 -.00000064  00000-0  00000-0 0  9995
2 32384  56.3745  30.7661 0005549  50.9499 264.6894  2.00561326 76258
1 32384U 07062A   18134.38335625 -.00000063  00000-0  00000+0 0  9996
2 32384  56.3747  30.7474 0005555  51.1304 247.8480  2.00561334 76283
1 32384U 07062A   18135.40056130 -.00000062  00000-0  00000+0 0  9990
2 32384  56.3750  30.7075 0005569  51.5575 261.8819  2.00561374 76302
1 32384U 07062A   18135.86870184 -.00000062  00000-0  00000-0 0  9994
2 32384  56.3752  30.6891 0005576  51.7364 239.7184  2.00561387 76296
1 32384U 07062A   18136.34236288 -.00000063  00000-0  00000+0 0  9999
2 32384  56.3754  30.6705 0005583  51.8971 221.5591  2.00561407 76323
1 32384U 07062A   18136.88595218 -.00000064  00000-0  00000-0 0  9991
2 32384  56.3755  30.6492 0005590  52.1209 253.8278  2.00561431 76319
1 32384U 07062A   18137.35369081 -.00000065  00000-0  00000+0 0  9991
2 32384  56.3757  30.6308 0005597  52.3127 231.3613  2.00561450 76343
1 32384U 07062A   18138.70764994 -.00000072  00000-0  00000-0 0  9992
2 32384  56.3762  30.5777 0005622  52.9062 128.3792  2.00561532 76356
1 32384U 07062A   18139.38190596 -.00000076  00000-0  00000+0 0  9991
2 32384  56.3764  30.5512 0005628  53.2453 254.8792  2.00561567 76385
1 32384U 07062A   18139.70334552 -.00000079  00000-0  00000-0 0  9993
2 32384  56.3765  30.5386 0005638  53.3450 126.8715  2.00561586 76377
1 32384U 07062A   18140.16407859 -.00000082  00000-0  00000+0 0  9999
2 32384  56.3767  30.5205 0005644  53.5310  99.3527  2.00561609 76408
1 32384U 07062A   18140.86710699 -.00000087  00000-0  00000-0 0  9991
2 32384  56.3770  30.4929 0005648  53.8830 246.6149  2.00561652 76391
1 32384U 07062A   18141.11144821 -.00000088  00000-0  00000+0 0  9998
2 32384  56.3770  30.4833 0005656  53.9472  62.9747  2.00561669 76422
1 32384U 07062A   18142.35646828 -.00000096  00000-0  00000+0 0  9998
2 32384  56.3775  30.4344 0005668  54.5366 241.3395  2.00561774 76447
1 32384U 07062A   18142.89212019 -.00000098  00000-0  00000-0 0  9991
2 32384  56.3777  30.4134 0005669  54.6255 268.0128  2.00561828 76434
1 32384U 07062A   18143.36742772 -.00000099  00000-0  00000+0 0  9998
2 32384  56.3779  30.3947 0005675  54.8110 251.0184  2.00561863 76462
1 32384U 07062A   18143.84107417 -.00000100  00000-0  00000-0 0  9996
2 32384  56.3781  30.3761 0005682  55.0148 232.8062  2.00561900 76454
1 32384U 07062A   18144.38499389 -.00000101  00000-0  00000+0 0  9998
2 32384  56.3783  30.3548 0005687  55.2268 265.3260  2.00561940 76487
1 32384U 07062A   18144.85264089 -.00000101  00000-0  00000-0 0  9998
2 32384  56.3784  30.3364 0005694  55.4278 242.7849  2.00561983 76473
1 32384U 07062A   18145.39520863 -.00000100  00000-0  00000+0 0  9991
2 32384  56.3786  30.3152 0005701  55.6360 274.3325  2.00562028 76508
1 32384U 07062A   18145.86614664 -.00000100  00000-0  00000-0 0  9997
2 32384  56.3788  30.2967 0005709  55.8411 254.1638  2.00562072 76490
1 32384U 07062A   18146.34072125 -.00000099  00000-0  00000+0 0  9997
2 32384  56.3790  30.2781 0005717  56.0650 236.6021  2.00562116 76528
1 32384U 07062A   18146.88313300 -.00000097  00000-0  00000-0 0  9998
2 32384  56.3792  30.2568 0005724  56.2390 268.0714  2.00562162 76512
1 32384U 07062A   18147.21820590 -.00000096  00000-0  00000-0 0  9999
2 32384  56.3793  30.2437 0005734  56.4469 149.7997  2.00562189 76526
1 32384U 07062A   18147.35401927 -.00000096  00000-0  00000+0 0  9992
2 32384  56.3793  30.2384 0005731  56.4694 247.8400  2.00562200 76549
1 32384U 07062A   18147.89629718 -.00000094  00000-0  00000-0 0  9990
2 32384  56.3795  30.2171 0005739  56.6566 279.1999  2.00562253 76531
1 32384U 07062A   18148.36759453 -.00000093  00000-0  00000+0 0  9991
2 32384  56.3797  30.1986 0005746  56.8817 259.2710  2.00562296 76565
1 32384U 07062A   18148.84022046 -.00000092  00000-0  00000-0 0  9995
2 32384  56.3799  30.1801 0005755  57.1219 240.2863  2.00562340 76551
1 32384U 07062A   18149.30799000 -.00000091  00000-0  00000+0 0  9996
2 32384  56.3801  30.1618 0005762  57.3473 217.8100  2.00562382 76586
1 32384U 07062A   18149.84997014 -.00000090  00000-0  00000-0 0  9990
2 32384  56.3803  30.1405 0005770  57.5603 248.9291  2.00562426 76572
1 32384U 07062A   18150.32214138 -.00000090  00000-0  00000+0 0  9993
2 32384  56.3804  30.1220 0005776  57.7506 229.6662  2.00562467 76605
1 32384U 07062A   18150.39295920 -.00000089  00000-0  00000-0 0  9997
2 32384  56.3805  30.1192 0005778  57.7701 280.7800  2.00562468 76583
1 32384U 07062A   18151.33595549 -.00000088  00000-0  00000+0 0  9990
2 32384  56.3808  30.0823 0005790  58.1681 241.2649  2.00562542 76623
1 32384U 07062A   18151.87969304 -.00000088  00000-0  00000-0 0  9994
2 32384  56.3810  30.0610 0005798  58.4255 273.6089  2.00562577 76612
1 32384U 07062A   18152.35045012 -.00000088  00000-0  00000+0 0  9998
2 32384  56.3812  30.0425 0005804  58.6219 253.3189  2.00562610 76645
1 32384U 07062A   18152.82419950 -.00000087  00000-0  00000-0 0  9996
2 32384  56.3813  30.0240 0005810  58.8055 235.2024  2.00562637 76633
1 32384U 07062A   18153.36877241 -.00000087  00000-0  00000+0 0  9996
2 32384  56.3815  30.0026 0005817  58.9744 268.2385  2.00562682 76669
1 32384U 07062A   18153.83815991 -.00000086  00000-0  00000-0 0  9992
2 32384  56.3817  29.9843 0005824  59.1562 246.9743  2.00562706 76651
1 32384U 07062A   18154.38058618 -.00000085  00000-0  00000+0 0  9996
2 32384  56.3819  29.9630 0005832  59.3315 278.4540  2.00562736 76685
1 32384U 07062A   18154.85451579 -.00000084  00000-0  00000-0 0  9991
2 32384  56.3821  29.9444 0005838  59.5171 260.4654  2.00562745 76675
1 32384U 07062A   18155.32291083 -.00000083  00000-0  00000+0 0  9994
2 32384  56.3822  29.9261 0005845  59.6865 238.4973  2.00562767 76709
1 32384U 07062A   18155.86634696 -.00000081  00000-0  00000-0 0  9993
2 32384  56.3824  29.9047 0005853  59.8874 270.6806  2.00562789 76699
1 32384U 07062A   18156.33886500 -.00000079  00000-0  00000+0 0  9995
2 32384  56.3826  29.8862 0005859  60.0885 251.6578  2.00562812 76723
1 32384U 07062A   18157.35349209 -.00000075  00000-0  00000+0 0  9994
2 32384  56.3830  29.8464 0005870  60.4532 263.8976  2.00562845 76747
1 32384U 07062A   18157.81567812 -.00000073  00000-0  00000-0 0  9996
2 32384  56.3831  29.8283 0005876  60.6666 237.4026  2.00562869 76731
1 32384U 07062A   18158.36161873 -.00000070  00000-0  00000+0 0  9990
2 32384  56.3833  29.8069 0005884  60.9500 271.3120  2.00562883 76765
1 32384U 07062A   18160.32377587 -.00000062  00000-0  00000+0 0  9991
2 32384  56.3841  29.7299 0005902  61.7958 247.2292  2.00562948 76804
1 32384U 07062A   18160.86730128 -.00000059  00000-0  00000-0 0  9991
2 32384  56.3843  29.7086 0005906  61.9608 279.5134  2.00562972 76796
1 32384U 07062A   18161.10911295 -.00000059  00000-0  00000+0 0  9994
2 32384  56.3844  29.6991 0005909  62.0532  94.0194  2.00562969 76828
1 32384U 07062A   18161.79561719 -.00000057  00000-0  00000-0 0  9990
2 32384  56.3846  29.6722 0005913  62.3720 229.3870  2.00562999 76815
1 32384U 07062A   18162.34663698 -.00000056  00000-0  00000+0 0  9999
2 32384  56.3848  29.6506 0005917  62.5416 267.0782  2.00563025 76840
1 32384U 07062A   18162.82416338 -.00000055  00000-0  00000-0 0  9999
2 32384  56.3850  29.6318 0005921  62.6920 251.7228  2.00563037 76837
1 32384U 07062A   18163.35879279 -.00000055  00000-0  00000+0 0  9994
2 32384  56.3852  29.6108 0005925  62.8782 277.5628  2.00563060 76867
1 32384U 07062A   18163.83522758 -.00000056  00000-0  00000-0 0  9996
2 32384  56.3854  29.5921 0005930  63.0667 261.3812  2.00563077 76855
1 32384U 07062A   18164.37697569 -.00000057  00000-0  00000+0 0  9999
2 32384  56.3856  29.5709 0005932  63.1798 292.4346  2.00563104 76880
1 32384U 07062A   18165.32132240 -.00000060  00000-0  00000+0 0  9999
2 32384  56.3859  29.5338 0005943  63.5793 253.8955  2.00563149 76901
1 32384U 07062A   18165.79353307 -.00000062  00000-0  00000-0 0  9992
2 32384  56.3861  29.5153 0005948  63.7699 234.6622  2.00563175 76896
1 32384U 07062A   18166.33849590 -.00000066  00000-0  00000+0 0  9990
2 32384  56.3863  29.4939 0005952  63.9855 267.9341  2.00563198 76926
1 32384U 07062A   18166.80502675 -.00000069  00000-0  00000-0 0  9996
2 32384  56.3865  29.4755 0005957  64.1867 244.5893  2.00563229 76912
1 32384U 07062A   18167.34506966 -.00000072  00000-0  00000+0 0  9996
2 32384  56.3867  29.4543 0005961  64.3944 274.3171  2.00563266 76946
1 32384U 07062A   18167.81454549 -.00000075  00000-0  00000-0 0  9991
2 32384  56.3869  29.4359 0005966  64.5858 253.1084  2.00563296 76934
1 32384U 07062A   18168.36012205 -.00000079  00000-0  00000-0 0  9995
2 32384  56.3871  29.4145 0005970  64.7888 286.8362  2.00563321 76942
1 32384U 07062A   18168.58983948 -.00000080  00000-0  00000+0 0  9991
2 32384  56.3872  29.4055 0005979  64.8504  92.6409  2.00563338 76974
1 32384U 07062A   18168.82801779 -.00000082  00000-0  00000-0 0  9992
2 32384  56.3873  29.3961 0005974  64.9881 264.4790  2.00563361 76950
1 32384U 07062A   18169.30674510 -.00000084  00000-0  00000+0 0  9998
2 32384  56.3875  29.3773 0005979  65.2022 249.9280  2.00563403 76981
1 32384U 07062A   18169.84344479 -.00000087  00000-0  00000+0 0  9998
2 32384  56.3877  29.3563 0005983  65.4058 277.2461  2.00563446 76999
1 32384U 07062A   18169.84344479 -.00000087  00000-0  00000-0 0  9999
2 32384  56.3877  29.3563 0005983  65.4058 277.2461  2.00563446 76977
1 32384U 07062A   18170.86248362 -.00000090  00000-0  00000-0 0  9991
2 32384  56.3881  29.3163 0005990  65.7661 292.6789  2.00563536 76995
1 32384U 07062A   18171.11211243 -.00000090  00000-0  00000-0 0  9998
2 32384  56.3882  29.3065 0006000  65.8640 112.8242  2.00563557 77001
1 32384U 07062A   18171.33033674 -.00000091  00000-0  00000-0 0  9993
2 32384  56.3883  29.2979 0005994  65.9540 270.3023  2.00563571 77009
1 32384U 07062A   18171.86091311 -.00000091  00000-0  00000+0 0  9992
2 32384  56.3885  29.2771 0005998  66.1405 293.2163  2.00563614 77049
1 32384U 07062A   18172.34396383 -.00000091  00000-0  00000+0 0  9993
2 32384  56.3887  29.2582 0006003  66.3452 281.7966  2.00563660 77047
1 32384U 07062A   18172.81429133 -.00000090  00000-0  00000-0 0  9995
2 32384  56.3889  29.2397 0006008  66.5575 261.1828  2.00563711 77031
1 32384U 07062A   18173.29277654 -.00000089  00000-0  00000+0 0  9994
2 32384  56.3890  29.2210 0006013  66.7333 246.4954  2.00563748 77066
1 32384U 07062A   18173.83377524 -.00000088  00000-0  00000-0 0  9991
2 32384  56.3892  29.1998 0006019  66.9306 276.9242  2.00563791 77053
1 32384U 07062A   18174.30231630 -.00000087  00000-0  00000+0 0  9999
2 32384  56.3894  29.1814 0006024  67.1147 255.0489  2.00563842 77085
1 32384U 07062A   18174.77390488 -.00000086  00000-0  00000-0 0  9997
2 32384  56.3896  29.1629 0006029  67.3043 235.3682  2.00563881 77071
1 32384U 07062A   18175.31410021 -.00000084  00000-0  00000+0 0  9991
2 32384  56.3898  29.1417 0006035  67.4861 265.2330  2.00563936 77101
1 32384U 07062A   18175.79046549 -.00000083  00000-0  00000-0 0  9993
2 32384  56.3900  29.1231 0006040  67.6587 249.0187  2.00563982 77091
1 32384U 07062A   18176.33201144 -.00000082  00000-0  00000+0 0  9996
2 32384  56.3902  29.1018 0006046  67.8998 279.7993  2.00564026 77129
1 32384U 07062A   18176.80030646 -.00000081  00000-0  00000-0 0  9995
2 32384  56.3904  29.0835 0006050  68.0959 257.7344  2.00564066 77111
1 32384U 07062A   18177.34297542 -.00000081  00000-0  00000+0 0  9994
2 32384  56.3906  29.0622 0006056  68.3282 289.3348  2.00564107 77149
1 32384U 07062A   18178.29113632 -.00000080  00000-0  00000+0 0  9995
2 32384  56.3909  29.0251 0006063  68.7055 253.5750  2.00564188 77161
1 32384U 07062A   18180.24472060 -.00000078  00000-0  00000+0 0  9993
2 32384  56.3917  28.9486 0006076  69.4777 223.3843  2.00564318 77209
1 32384U 07062A   18180.78991689 -.00000077  00000-0  00000-0 0  9995
2 32384  56.3919  28.9273 0006080  69.6375 256.8828  2.00564359 77193
1 32384U 07062A   18181.33324087 -.00000076  00000-0  00000+0 0  9997
2 32384  56.3921  28.9060 0006084  69.8027 289.0239  2.00564389 77221
1 32384U 07062A   18181.80615440 -.00000075  00000-0  00000-0 0  9995
2 32384  56.3923  28.8875 0006088  69.9757 270.3174  2.00564415 77211
1 32384U 07062A   18182.27397653 -.00000074  00000-0  00000+0 0  9998
2 32384  56.3924  28.8692 0006092  70.1361 247.9474  2.00564441 77244
1 32384U 07062A   18182.81738295 -.00000073  00000-0  00000-0 0  9999
2 32384  56.3926  28.8480 0006097  70.3099 280.1397  2.00564471 77231
1 32384U 07062A   18183.28804233 -.00000071  00000-0  00000+0 0  9994
2 32384  56.3928  28.8295 0006101  70.4725 259.8163  2.00564500 77260
1 32384U 07062A   18183.83215591 -.00000069  00000-0  00000-0 0  9996
2 32384  56.3930  28.8082 0006105  70.6356 292.5300  2.00564529 77261
1 32384U 07062A   18184.07142208 -.00000068  00000-0  00000+0 0  9995
2 32384  56.3931  28.7988 0006109  70.7564 105.1709  2.00564530 77288
1 32384U 07062A   18184.57297524 -.00000066  00000-0  00000-0 0  9991
2 32384  56.3933  28.7792 0006111  70.9348 107.1384  2.00564546 77275
1 32384U 07062A   18184.84261226 -.00000064  00000-0  00000-0 0  9999
2 32384  56.3934  28.7686 0006110  71.0083 301.7562  2.00564554 77285
1 32384U 07062A   18185.24323170 -.00000063  00000-0  00000+0 0  9999
2 32384  56.3935  28.7529 0006110  71.1552 230.8761  2.00564565 77302
1 32384U 07062A   18185.57814122 -.00000061  00000-0  00000-0 0  9996
2 32384  56.3937  28.7398 0006114  71.2688 112.5837  2.00564579 77296
1 32384U 07062A   18185.78967788 -.00000060  00000-0  00000-0 0  9995
2 32384  56.3937  28.7315 0006112  71.3164 265.2759  2.00564580 77294
1 32384U 07062A   18186.10371670 -.00000058  00000-0  00000+0 0  9997
2 32384  56.3939  28.7192 0006115  71.4839 131.8600  2.00564595 77325
1 32384U 07062A   18186.58822109 -.00000056  00000-0  00000-0 0  9996
2 32384  56.3941  28.7002 0006116  71.6571 121.5230  2.00564610 77316
1 32384U 07062A   18186.80582212 -.00000055  00000-0  00000-0 0  9998
2 32384  56.3941  28.6917 0006114  71.7016 278.5974  2.00564622 77314
1 32384U 07062A   18187.04609434 -.00000054  00000-0  00000+0 0  9999
2 32384  56.3942  28.6823 0006116  71.8102  91.9772  2.00564626 77340
1 32384U 07062A   18187.81735843 -.00000050  00000-0  00000-0 0  9995
2 32384  56.3945  28.6520 0006114  72.0648 288.6134  2.00564644 77340
1 32384U 07062A   18188.06067778 -.00000049  00000-0  00000+0 0  9995
2 32384  56.3946  28.6425 0006116  72.1604 104.2063  2.00564645 77367
1 32384U 07062A   18188.75630355 -.00000047  00000-0  00000-0 0  9997
2 32384  56.3949  28.6152 0006114  72.4236 246.2197  2.00564668 77358
1 32384U 07062A   18189.05993273 -.00000046  00000-0  00000+0 0  9990
2 32384  56.3950  28.6034 0006116  72.5242 105.3544  2.00564676 77382
1 32384U 07062A   18189.76692583 -.00000045  00000-0  00000-0 0  9998
2 32384  56.3953  28.5756 0006115  72.7682 255.5951  2.00564706 77377
1 32384U 07062A   18190.31726181 -.00000044  00000-0  00000+0 0  9991
2 32384  56.3955  28.5541 0006116  72.9454 292.7880  2.00564724 77410
1 32384U 07062A   18191.25886396 -.00000045  00000-0  00000+0 0  9991
2 32384  56.3958  28.5172 0006118  73.2964 252.3212  2.00564761 77428
1 32384U 07062A   18192.26879264 -.00000048  00000-0  00000+0 0  9992
2 32384  56.3962  28.4775 0006120  73.6429 261.1945  2.00564814 77446
1 32384U 07062A   18192.81379616 -.00000050  00000-0  00000-0 0  9993
2 32384  56.3964  28.4562 0006120  73.8120 294.5456  2.00564842 77440
1 32384U 07062A   18193.28715170 -.00000053  00000-0  00000+0 0  9996
2 32384  56.3966  28.4376 0006122  73.9853 276.1589  2.00564860 77466
1 32384U 07062A   18193.54674331 -.00000054  00000-0  00000-0 0  9990
2 32384  56.3967  28.4274 0006128  74.0564 103.5262  2.00564878 77450
1 32384U 07062A   18193.75859340 -.00000055  00000-0  00000-0 0  9999
2 32384  56.3967  28.4191 0006124  74.1774 256.3718  2.00564888 77452
1 32384U 07062A   18194.30610288 -.00000059  00000-0  00000+0 0  9990
2 32384  56.3970  28.3976 0006123  74.3587 291.5201  2.00564917 77494
1 32384U 07062A   18194.55187486 -.00000060  00000-0  00000-0 0  9999
2 32384  56.3970  28.3880 0006130  74.4193 108.9195  2.00564933 77479
1 32384U 07062A   18195.08877351 -.00000064  00000-0  00000+0 0  9998
2 32384  56.3972  28.3669 0006131  74.6320 136.3750  2.00564962 77509
1 32384U 07062A   18195.79020639 -.00000069  00000-0  00000+0 0  9990
2 32384  56.3975  28.3394 0006125  74.8668 282.6108  2.00565010 77515
1 32384U 07062A   18195.79020639 -.00000069  00000-0  00000-0 0  9991
2 32384  56.3975  28.3394 0006125  74.8668 282.6108  2.00565010 77492
1 32384U 07062A   18198.03371679 -.00000079  00000-0  00000+0 0  9994
2 32384  56.3984  28.2515 0006133  75.6246 101.7835  2.00565186 77566
1 32384U 07062A   18198.28452160 -.00000079  00000-0  00000+0 0  9996
2 32384  56.3985  28.2416 0006124  75.7556 282.7467  2.00565209 77569
1 32384U 07062A   18200.31665918 -.00000079  00000-0  00000+0 0  9991
2 32384  56.3993  28.1620 0006126  76.5116 309.2998  2.00565380 77617
1 32384U 07062A   18200.78303958 -.00000079  00000-0  00000-0 0  9996
2 32384  56.3995  28.1437 0006127  76.6839 285.8787  2.00565422 77600
1 32384U 07062A   18201.25527179 -.00000078  00000-0  00000+0 0  9990
2 32384  56.3997  28.1252 0006128  76.8801 266.6590  2.00565469 77621
1 32384U 07062A   18201.57349685 -.00000077  00000-0  00000-0 0  9999
2 32384  56.3997  28.1128 0006137  76.9237 136.3905  2.00565493 77616
1 32384U 07062A   18202.27548675 -.00000076  00000-0  00000+0 0  9995
2 32384  56.4000  28.0853 0006134  77.1046 283.0836  2.00565565 77651
1 32384U 07062A   18202.52067399 -.00000075  00000-0  00000-0 0  9992
2 32384  56.4001  28.0757 0006142  77.2061 100.0203  2.00565589 77632
1 32384U 07062A   18202.74252727 -.00000075  00000-0  00000-0 0  9997
2 32384  56.4002  28.0670 0006135  77.2717 260.1446  2.00565611 77630
1 32384U 07062A   18203.52576260 -.00000074  00000-0  00000+0 0  9993
2 32384  56.4004  28.0363 0006144  77.5688 105.3852  2.00565689 77671
1 32384U 07062A   18203.52576260 -.00000074  00000-0  00000-0 0  9994
2 32384  56.4004  28.0363 0006144  77.5688 105.3852  2.00565689 77659
1 32384U 07062A   18203.75921907 -.00000073  00000-0  00000-0 0  9990
2 32384  56.4005  28.0272 0006138  77.6095 273.9125  2.00565704 77658
1 32384U 07062A   18204.76413220 -.00000072  00000-0  00000-0 0  9995
2 32384  56.4009  27.9878 0006138  77.9854 279.1373  2.00565780 77699
1 32384U 07062A   18205.55974277 -.00000072  00000-0  00000-0 0  9997
2 32384  56.4012  27.9567 0006143  78.2985 133.2977  2.00565847 77710
1 32384U 07062A   18205.78530834 -.00000072  00000-0  00000-0 0  9999
2 32384  56.4013  27.9479 0006140  78.2962 296.1705  2.00565867 77704
1 32384U 07062A   18206.72709652 -.00000072  00000-0  00000-0 0  9990
2 32384  56.4016  27.9110 0006136  78.6382 255.8506  2.00565945 77735
1 32384U 07062A   18207.58707257 -.00000071  00000-0  00000-0 0  9993
2 32384  56.4019  27.8774 0006133  79.0277 156.4101  2.00565993 77750
1 32384U 07062A   18208.75550262 -.00000070  00000-0  00000-0 0  9994
2 32384  56.4023  27.8317 0006129  79.3544 279.7535  2.00566071 77784
1 32384U 07062A   18209.30176757 -.00000069  00000-0  00000-0 0  9997
2 32384  56.4025  27.8104 0006131  79.4869 314.0543  2.00566108 77798
1 32384U 07062A   18210.55589615 -.00000065  00000-0  00000+0 0  9992
2 32384  56.4029  27.7613 0006131  79.8731 139.2175  2.00566171 77819
1 32384U 07062A   18210.78150147 -.00000065  00000-0  00000-0 0  9992
2 32384  56.4030  27.7525 0006129  79.8968 302.0933  2.00566180 77803
1 32384U 07062A   18211.49456308 -.00000062  00000-0  00000+0 0  9995
2 32384  56.4032  27.7246 0006128  80.1721  96.6875  2.00566208 77831
1 32384U 07062A   18212.49965990 -.00000057  00000-0  00000+0 0  9992
2 32384  56.4036  27.6853 0006123  80.4939 102.1009  2.00566238 77854
1 32384U 07062A   18212.74000604 -.00000056  00000-0  00000+0 0  9991
2 32384  56.4036  27.6758 0006119  80.5284 275.6095  2.00566243 77854
1 32384U 07062A   18213.52708884 -.00000052  00000-0  00000+0 0  9999
2 32384  56.4039  27.6450 0006119  80.7615 123.6939  2.00566274 77871
1 32384U 07062A   18213.75803911 -.00000051  00000-0  00000-0 0  9991
2 32384  56.4040  27.6360 0006115  80.8031 290.4113  2.00566285 77860
1 32384U 07062A   18214.29935863 -.00000048  00000-0  00000+0 0  9998
2 32384  56.4042  27.6148 0006114  80.9142 321.1630  2.00566304 77890
1 32384U 07062A   18214.74307975 -.00000047  00000-0  00000-0 0  9995
2 32384  56.4043  27.5974 0006110  81.0414 281.4270  2.00566315 77886
1 32384U 07062A   18215.23452035 -.00000045  00000-0  00000+0 0  9995
2 32384  56.4045  27.5782 0006107  81.1730 276.1429  2.00566328 77907
1 32384U 07062A   18215.78587955 -.00000043  00000-0  00000+0 0  9993
2 32384  56.4047  27.5566 0006105  81.2808 314.1472  2.00566342 77923
1 32384U 07062A   18216.02091795 -.00000042  00000-0  00000+0 0  9992
2 32384  56.4048  27.5474 0006104  81.3876 123.7513  2.00566352 77928
1 32384U 07062A   18216.79724869 -.00000040  00000-0  00000-0 0  9990
2 32384  56.4051  27.5170 0006097  81.5830 324.1100  2.00566374 77921
1 32384U 07062A   18217.26705292 -.00000039  00000-0  00000+0 0  9999
2 32384  56.4052  27.4986 0006093  81.7374 303.1806  2.00566387 77954
1 32384U 07062A   18217.26705292 -.00000039  00000-0  00000-0 0  9990
2 32384  56.4052  27.4986 0006093  81.7374 303.1806  2.00566387 77932
1 32384U 07062A   18217.65153938 -.00000039  00000-0  00000-0 0  9997
2 32384  56.4054  27.4836 0006091  81.8789 220.6599  2.00566400 77935
1 32384U 07062A   18218.52520963 -.00000040  00000-0  00000+0 0  9991
2 32384  56.4057  27.4494 0006088  82.1159 131.2619  2.00566431 77977
1 32384U 07062A   18218.75822417 -.00000041  00000-0  00000-0 0  9997
2 32384  56.4057  27.4402 0006083  82.1876 299.4399  2.00566439 77966
1 32384U 07062A   18219.22141528 -.00000042  00000-0  00000+0 0  9997
2 32384  56.4059  27.4221 0006080  82.3390 273.7385  2.00566456 77988
1 32384U 07062A   18219.69301618 -.00000044  00000-0  00000+0 0  9998
2 32384  56.4060  27.4036 0006077  82.5174 254.0828  2.00566484 77998
1 32384U 07062A   18220.55390924 -.00000048  00000-0  00000+0 0  9997
2 32384  56.4063  27.3699 0006074  82.7958 155.4178  2.00566520 78011
1 32384U 07062A   18221.56607278 -.00000054  00000-0  00000+0 0  9999
2 32384  56.4066  27.3302 0006068  83.0839 165.9695  2.00566579 78036
1 32384U 07062A   18221.56607278 -.00000054  00000-0  00000-0 0  9990
2 32384  56.4066  27.3302 0006068  83.0839 165.9695  2.00566579 78036
1 32384U 07062A   18223.71699409 -.00000068  00000-0  00000-0 0  9991
2 32384  56.4074  27.2459 0006048  83.7205 278.4212  2.00566714 78080
1 32384U 07062A   18224.53747205 -.00000072  00000-0  00000-0 0  9995
2 32384  56.4077  27.2138 0006049  83.9517 150.6219  2.00566759 78072
1 32384U 07062A   18224.76982089 -.00000073  00000-0  00000-0 0  9992
2 32384  56.4078  27.2047 0006044  83.9325 318.4105  2.00566782 78089
1 32384U 07062A   18225.78311630 -.00000076  00000-0  00000-0 0  9996
2 32384  56.4081  27.1650 0006039  84.1757 329.8250  2.00566856 78100
1 32384U 07062A   18226.25591111 -.00000077  00000-0  00000+0 0  9993
2 32384  56.4083  27.1465 0006034  84.3289 311.0572  2.00566903 78139
1 32384U 07062A   18227.50921551 -.00000077  00000-0  00000+0 0  9997
2 32384  56.4087  27.0974 0006036  84.6822 135.6626  2.00567014 78151
1 32384U 07062A   18227.74344389 -.00000077  00000-0  00000-0 0  9992
2 32384  56.4088  27.0883 0006028  84.7082 304.7631  2.00567032 78145
1 32384U 07062A   18228.52472035 -.00000076  00000-0  00000+0 0  9997
2 32384  56.4091  27.0577 0006022  85.0746 148.5240  2.00567106 78179
1 32384U 07062A   18229.22818913 -.00000075  00000-0  00000+0 0  9993
2 32384  56.4093  27.0302 0006009  85.2511 296.2933  2.00567174 78191
1 32384U 07062A   18229.69332553 -.00000075  00000-0  00000-0 0  9996
2 32384  56.4094  27.0119 0006004  85.4154 271.9848  2.00567219 78171
1 32384U 07062A   18230.44726375 -.00000074  00000-0  00000+0 0  9998
2 32384  56.4097  26.9825 0006006  85.6602  96.1278  2.00567287 78212
1 32384U 07062A   18231.01350219 -.00000074  00000-0  00000-0 0  9993
2 32384  56.4099  26.9603 0006000  85.8518 144.7939  2.00567341 78204
1 32384U 07062A   18231.56094552 -.00000073  00000-0  00000+0 0  9996
2 32384  56.4100  26.9389 0005992  86.0362 179.8960  2.00567388 78234
1 32384U 07062A   18231.72745510 -.00000073  00000-0  00000-0 0  9992
2 32384  56.4101  26.9324 0005989  86.0433 300.1183  2.00567386 78222
1 32384U 07062A   18232.26803462 -.00000073  00000-0  00000+0 0  9992
2 32384  56.4102  26.9112 0005987  86.1787 330.3137  2.00567438 78254
1 32384U 07062A   18232.73778047 -.00000074  00000-0  00000+0 0  9995
2 32384  56.4104  26.8928 0005981  86.3233 309.3535  2.00567476 78263
1 32384U 07062A   18232.73778047 -.00000074  00000-0  00000-0 0  9996
2 32384  56.4104  26.8928 0005981  86.3233 309.3535  2.00567476 78241
1 32384U 07062A   18234.76374101 -.00000074  00000-0  00000+0 0  9993
2 32384  56.4110  26.8136 0005963  86.8186 331.7230  2.00567630 78301
1 32384U 07062A   18235.17619119 -.00000074  00000-0  00000+0 0  9990
2 32384  56.4112  26.7975 0005954  86.9319 269.4234  2.00567652 78307
1 32384U 07062A   18235.71845146 -.00000074  00000-0  00000+0 0  9991
2 32384  56.4113  26.7763 0005950  87.0541 300.8459  2.00567694 78325
1 32384U 07062A   18235.71845146 -.00000074  00000-0  00000-0 0  9992
2 32384  56.4113  26.7763 0005950  87.0541 300.8459  2.00567694 78303
1 32384U 07062A   18236.73196255 -.00000072  00000-0  00000-0 0  9993
2 32384  56.4116  26.7367 0005941  87.2809 312.4353  2.00567751 78323
1 32384U 07062A   18237.26497137 -.00000071  00000-0  00000+0 0  9993
2 32384  56.4118  26.7158 0005935  87.4305 337.1502  2.00567777 78350
1 32384U 07062A   18237.97243271 -.00000069  00000-0  00000+0 0  9996
2 32384  56.4120  26.6882 0005926  87.6561 127.7544  2.00567802 78361
1 32384U 07062A   18237.97243271 -.00000069  00000-0  00000-0 0  9997
2 32384  56.4120  26.6882 0005926  87.6561 127.7544  2.00567802 78349
1 32384U 07062A   18238.74972562 -.00000066  00000-0  00000-0 0  9992
2 32384  56.4122  26.6578 0005908  87.8694 328.7942  2.00567851 78363
1 32384U 07062A   18239.42112053 -.00000063  00000-0  00000+0 0  9995
2 32384  56.4124  26.6316 0005902  88.0681  93.3837  2.00567883 78394
1 32384U 07062A   18239.70450639 -.00000062  00000-0  00000-0 0  9991
2 32384  56.4125  26.6205 0005895  88.1031 297.9706  2.00567894 78381
1 32384U 07062A   18240.54360878 -.00000058  00000-0  00000+0 0  9994
2 32384  56.4127  26.5877 0005884  88.3400 183.6168  2.00567917 78410
1 32384U 07062A   18241.25040255 -.00000054  00000-0  00000+0 0  9993
2 32384  56.4129  26.5601 0005868  88.5152 333.7901  2.00567941 78437
1 32384U 07062A   18241.72320490 -.00000052  00000-0  00000-0 0  9996
2 32384  56.4131  26.5416 0005857  88.6571 315.0406  2.00567959 78429
1 32384U 07062A   18242.20031366 -.00000050  00000-0  00000+0 0  9998
2 32384  56.4132  26.5229 0005848  88.7780 299.4214  2.00567967 78459
1 32384U 07062A   18243.21488686 -.00000047  00000-0  00000+0 0  9997
2 32384  56.4135  26.4832 0005829  89.0355 311.7485  2.00568005 78476
1 32384U 07062A   18243.90803737 -.00000045  00000-0  00000+0 0  9999
2 32384  56.4137  26.4561 0005817  89.2226  92.0588  2.00568022 78486
1 32384U 07062A   18244.69333324 -.00000044  00000-0  00000-0 0  9996
2 32384  56.4140  26.4254 0005803  89.3963 298.9171  2.00568034 78481
1 32384U 07062A   18245.16585146 -.00000044  00000-0  00000+0 0  9999
2 32384  56.4141  26.4069 0005798  89.4986 280.0021  2.00568040 78512
1 32384U 07062A   18245.94818198 -.00000045  00000-0  00000-0 0  9993
2 32384  56.4143  26.3762 0005795  89.6348 124.7573  2.00568078 78500
1 32384U 07062A   18246.18492562 -.00000046  00000-0  00000+0 0  9993
2 32384  56.4144  26.3670 0005786  89.7134 295.6224  2.00568091 78532
1 32384U 07062A   18247.20381899 -.00000050  00000-0  00000+0 0  9992
2 32384  56.4146  26.3271 0005771  89.9580 311.0826  2.00568134 78553
1 32384U 07062A   18247.67092222 -.00000052  00000-0  00000-0 0  9995
2 32384  56.4148  26.3088 0005766  90.0732 288.2448  2.00568145 78543
1 32384U 07062A   18248.39488164 -.00000057  00000-0  00000+0 0  9993
2 32384  56.4149  26.2804 0005766  90.1752  90.8870  2.00568184 78574
1 32384U 07062A   18249.12062292 -.00000061  00000-0  00000+0 0  9990
2 32384  56.4152  26.2520 0005752  90.3948 254.6981  2.00568218 78589
1 32384U 07062A   18250.63834049 -.00000072  00000-0  00000+0 0  9997
2 32384  56.4156  26.1926 0005727  90.7669 270.2138  2.00568311 78625
1 32384U 07062A   18250.63834049 -.00000072  00000-0  00000-0 0  9998
2 32384  56.4156  26.1926 0005727  90.7669 270.2138  2.00568311 78603
1 32384U 07062A   18251.65894597 -.00000077  00000-0  00000-0 0  9990
2 32384  56.4159  26.1526 0005711  90.9911 286.9317  2.00568394 78623
1 32384U 07062A   18252.19532814 -.00000080  00000-0  00000+0 0  9994
2 32384  56.4161  26.1316 0005703  91.0841 314.1406  2.00568428 78652
1 32384U 07062A   18252.88186142 -.00000082  00000-0  00000-0 0  9992
2 32384  56.4163  26.1047 0005694  91.2556  89.6895  2.00568473 78644
1 32384U 07062A   18253.14440618 -.00000083  00000-0  00000+0 0  9993
2 32384  56.4163  26.0944 0005681  91.3218 279.1975  2.00568495 78673
1 32384U 07062A   18253.74298880 -.00000084  00000-0  00000+0 0  9992
2 32384  56.4165  26.0710 0005675  91.4194 351.3147  2.00568540 78689
1 32384U 07062A   18253.74298880 -.00000084  00000-0  00000-0 0  9993
2 32384  56.4165  26.0710 0005675  91.4194 351.3147  2.00568540 78667
1 32384U 07062A   18255.23511314 -.00000084  00000-0  00000+0 0  9998
2 32384  56.4169  26.0125 0005655  91.7453 348.3984  2.00568680 78716
1 32384U 07062A   18255.70220970 -.00000084  00000-0  00000-0 0  9996
2 32384  56.4171  25.9943 0005649  91.8401 325.5773  2.00568717 78705
1 32384U 07062A   18256.11829083 -.00000084  00000-0  00000+0 0  9991
2 32384  56.4172  25.9780 0005641  91.9933 265.8616  2.00568762 78722
1 32384U 07062A   18256.11829083 -.00000084  00000-0  00000-0 0  9992
2 32384  56.4172  25.9780 0005641  91.9933 265.8616  2.00568762 78700
1 32384U 07062A   18257.36876336 -.00000083  00000-0  00000+0 0  9991
2 32384  56.4175  25.9291 0005631  92.2687  88.5079  2.00568864 78750
1 32384U 07062A   18257.62239417 -.00000083  00000-0  00000-0 0  9994
2 32384  56.4176  25.9191 0005620  92.3099 271.6045  2.00568885 78746
1 32384U 07062A   18258.09927730 -.00000083  00000-0  00000+0 0  9997
2 32384  56.4177  25.9005 0005612  92.4263 255.8288  2.00568930 78762
1 32384U 07062A   18258.98750002 -.00000083  00000-0  00000+0 0  9991
2 32384  56.4179  25.8657 0005600  92.6594 176.9501  2.00569000 78784
1 32384U 07062A   18259.68957668 -.00000083  00000-0  00000-0 0  9997
2 32384  56.4181  25.8382 0005584  92.7771 323.7777  2.00569064 78788
1 32384U 07062A   18260.16784906 -.00000083  00000-0  00000+0 0  9994
2 32384  56.4182  25.8195 0005571  92.8871 309.0116  2.00569102 78810
1 32384U 07062A   18260.16784906 -.00000083  00000-0  00000-0 0  9995
2 32384  56.4182  25.8195 0005571  92.8871 309.0116  2.00569102 78810
1 32384U 07062A   18261.17464255 -.00000084  00000-0  00000+0 0  9999
2 32384  56.4185  25.7801 0005554  93.0901 315.7795  2.00569178 78836
1 32384U 07062A   18261.85567247 -.00000085  00000-0  00000-0 0  9991
2 32384  56.4187  25.7534 0005549  93.2512  87.3668  2.00569230 78824
1 32384U 07062A   18262.49472938 -.00000085  00000-0  00000-0 0  9994
2 32384  56.4189  25.7284 0005529  93.3870 188.6723  2.00569279 78857
1 32384U 07062A   18262.60529000 -.00000085  00000-0  00000-0 0  9990
2 32384  56.4189  25.7241 0005527  93.3621 268.5293  2.00569285 78848
1 32384U 07062A   18263.67980594 -.00000084  00000-0  00000-0 0  9996
2 32384  56.4192  25.6821 0005507  93.5322 324.2307  2.00569348 78861
1 32384U 07062A   18264.69181311 -.00000081  00000-0  00000-0 0  9996
2 32384  56.4194  25.6425 0005488  93.7054 334.7939  2.00569408 78881
1 32384U 07062A   18265.46501535 -.00000079  00000-0  00000-0 0  9993
2 32384  56.4196  25.6123 0005470  93.8968 172.9060  2.00569447 78918
1 32384U 07062A   18265.94079743 -.00000077  00000-0  00000-0 0  9995
2 32384  56.4197  25.5937 0005462  93.9870 156.3620  2.00569464 78901
1 32384U 07062A   18266.48132123 -.00000075  00000-0  00000-0 0  9995
2 32384  56.4199  25.5725 0005452  94.0654 186.5780  2.00569491 78934
1 32384U 07062A   18268.58595802 -.00000065  00000-0  00000-0 0  9994
2 32384  56.4204  25.4902 0005400  94.4691 265.8630  2.00569563 78985
1 32384U 07062A   18269.57417126 -.00000061  00000-0  00000-0 0  9992
2 32384  56.4206  25.4515 0005379  94.6251 259.2636  2.00569600 78970
1 32384U 07062A   18270.09828179 -.00000059  00000-0  00000+0 0  9991
2 32384  56.4207  25.4310 0005367  94.7042 277.6277  2.00569615 79017
1 32384U 07062A   18273.07278414 -.00000055  00000-0  00000+0 0  9999
2 32384  56.4215  25.3146 0005296  95.1998 264.9241  2.00569695 79072
1 32384U 07062A   18274.92273705 -.00000062  00000-0  00000+0 0  9990
2 32384  56.4219  25.2421 0005272  95.4573 160.4588  2.00569769 79107
1 32384U 07062A   18274.92273705 -.00000062  00000-0  00000-0 0  9991
2 32384  56.4219  25.2421 0005272  95.4573 160.4588  2.00569769 79084
1 32384U 07062A   18277.55963326 -.00000079  00000-0  00000+0 0  9995
2 32384  56.4225  25.1388 0005215  95.9027 264.0336  2.00569909 79165
1 32384U 07062A   18278.57971616 -.00000085  00000-0  00000+0 0  9996
2 32384  56.4228  25.0988 0005197  96.0468 280.4598  2.00569973 79188
1 32384U 07062A   18279.52734965 -.00000089  00000-0  00000+0 0  9990
2 32384  56.4230  25.0617 0005170  96.2298 244.5344  2.00570064 79198
1 32384U 07062A   18279.91995560 -.00000090  00000-0  00000-0 0  9996
2 32384  56.4231  25.0463 0005154  96.3167 167.9355  2.00570070 79182
1 32384U 07062A   18280.63704512 -.00000092  00000-0  00000-0 0  9994
2 32384  56.4233  25.0182 0005126  96.4072 325.6334  2.00570122 79208
1 32384U 07062A   18280.93250771 -.00000093  00000-0  00000+0 0  9990
2 32384  56.4234  25.0066 0005121  96.4898 178.8953  2.00570145 79223
1 32384U 07062A   18281.64170366 -.00000093  00000-0  00000+0 0  9990
2 32384  56.4236  24.9788 0005101  96.5062 330.9681  2.00570209 79248
1 32384U 07062A   18281.64170366 -.00000093  00000-0  00000-0 0  9991
2 32384  56.4236  24.9788 0005101  96.5062 330.9681  2.00570209 79226
1 32384U 07062A   18282.59311140 -.00000093  00000-0  00000-0 0  9993
2 32384  56.4238  24.9416 0005085  96.6158 297.8412  2.00570280 79248
1 32384U 07062A   18282.95842891 -.00000093  00000-0  00000+0 0  9994
2 32384  56.4239  24.9273 0005082  96.6973 201.5444  2.00570306 79260
1 32384U 07062A   18283.90495550 -.00000093  00000-0  00000-0 0  9997
2 32384  56.4242  24.8902 0005070  96.8009 164.8996  2.00570393 79260
1 32384U 07062A   18284.44395068 -.00000092  00000-0  00000+0 0  9998
2 32384  56.4243  24.8691 0005051  96.8894 194.0036  2.00570440 79293
1 32384U 07062A   18285.39592455 -.00000092  00000-0  00000+0 0  9992
2 32384  56.4245  24.8318 0005047  96.9442 161.3413  2.00570530 79315
1 32384U 07062A   18285.62893559 -.00000092  00000-0  00000-0 0  9998
2 32384  56.4246  24.8227 0005045  96.8931 329.6426  2.00570537 79304
1 32384U 07062A   18286.10702451 -.00000092  00000-0  00000+0 0  9991
2 32384  56.4247  24.8040 0005033  96.9658 314.7840  2.00570580 79338
1 32384U 07062A   18286.64822925 -.00000093  00000-0  00000-0 0  9991
2 32384  56.4248  24.7828 0005028  97.0007 345.5374  2.00570627 79321
1 32384U 07062A   18287.12019421 -.00000093  00000-0  00000+0 0  9993
2 32384  56.4249  24.7643 0005014  97.0679 326.2625  2.00570670 79353
1 32384U 07062A   18287.12019421 -.00000093  00000-0  00000-0 0  9994
2 32384  56.4249  24.7643 0005014  97.0679 326.2625  2.00570670 79331
1 32384U 07062A   18288.66737317 -.00000094  00000-0  00000+0 0  9995
2 32384  56.4253  24.7037 0004980  97.2408   3.2629  2.00570784 79383
1 32384U 07062A   18288.90294686 -.00000094  00000-0  00000-0 0  9990
2 32384  56.4254  24.6945 0004970  97.3397 173.2651  2.00570803 79361
1 32384U 07062A   18289.07875242 -.00000094  00000-0  00000+0 0  9991
2 32384  56.4254  24.6876 0004953  97.3166 300.2326  2.00570825 79397
1 32384U 07062A   18289.91499541 -.00000094  00000-0  00000-0 0  9999
2 32384  56.4256  24.6549 0004930  97.4354 183.9410  2.00570875 79385
1 32384U 07062A   18290.45570398 -.00000094  00000-0  00000+0 0  9999
2 32384  56.4257  24.6337 0004917  97.4394 214.3676  2.00570919 79416
1 32384U 07062A   18290.93174095 -.00000093  00000-0  00000+0 0  9995
2 32384  56.4258  24.6150 0004906  97.4694 198.0706  2.00570948 79426
1 32384U 07062A   18290.93174095 -.00000093  00000-0  00000-0 0  9996
2 32384  56.4258  24.6150 0004906  97.4694 198.0706  2.00570948 79404
1 32384U 07062A   18291.63776928 -.00000092  00000-0  00000+0 0  9995
2 32384  56.4260  24.5874 0004897  97.4862 347.8568  2.00570974 79448
1 32384U 07062A   18291.63776928 -.00000092  00000-0  00000-0 0  9996
2 32384  56.4260  24.5874 0004897  97.4862 347.8568  2.00570974 79426
1 32384U 07062A   18292.88948741 -.00000088  00000-0  00000-0 0  9993
2 32384  56.4263  24.5384 0004865  97.6242 171.5498  2.00571038 79442
1 32384U 07062A   18293.13173074 -.00000087  00000-0  00000+0 0  9999
2 32384  56.4264  24.5289 0004863  97.5844 346.5069  2.00571054 79471
1 32384U 07062A   18293.90558747 -.00000083  00000-0  00000-0 0  9995
2 32384  56.4265  24.4986 0004843  97.6899 185.1819  2.00571081 79463
1 32384U 07062A   18294.44244109 -.00000080  00000-0  00000+0 0  9995
2 32384  56.4267  24.4776 0004829  97.7257 212.7933  2.00571102 79496
1 32384U 07062A   18294.44244109 -.00000080  00000-0  00000-0 0  9996
2 32384  56.4267  24.4776 0004829  97.7257 212.7933  2.00571102 79474
1 32384U 07062A   18294.91876858 -.00000078  00000-0  00000-0 0  9997
2 32384  56.4268  24.4589 0004819  97.7750 196.6874  2.00571132 79482
1 32384U 07062A   18295.14988029 -.00000077  00000-0  00000+0 0  9995
2 32384  56.4268  24.4499 0004820  97.7560   3.5860  2.00571145 79512
1 32384U 07062A   18295.74217383 -.00000074  00000-0  00000-0 0  9997
2 32384  56.4270  24.4267 0004808  97.8376  71.1834  2.00571157 79504
1 32384U 07062A   18296.40074271 -.00000070  00000-0  00000+0 0  9993
2 32384  56.4271  24.4009 0004792  97.8913 186.6643  2.00571174 79530
1 32384U 07062A   18296.57514171 -.00000069  00000-0  00000+0 0  9997
2 32384  56.4272  24.3940 0004791  97.8759 312.6083  2.00571172 79549
1 32384U 07062A   18296.57514171 -.00000069  00000-0  00000-0 0  9998
2 32384  56.4272  24.3940 0004791  97.8759 312.6083  2.00571172 79527
1 32384U 07062A   18297.89047473 -.00000064  00000-0  00000-0 0  9995
2 32384  56.4275  24.3425 0004759  97.9812 182.2697  2.00571208 79547
1 32384U 07062A   18298.42682505 -.00000063  00000-0  00000+0 0  9994
2 32384  56.4276  24.3215 0004749  97.9991 209.5361  2.00571228 79578
1 32384U 07062A   18298.49841101 -.00000062  00000-0  00000-0 0  9990
2 32384  56.4276  24.3187 0004746  97.9919 261.2336  2.00571231 79552
1 32384U 07062A   18299.37683557 -.00000061  00000-0  00000+0 0  9995
2 32384  56.4278  24.2843 0004730  98.0388 175.4737  2.00571255 79598
1 32384U 07062A   18299.91464562 -.00000061  00000-0  00000-0 0  9999
2 32384  56.4279  24.2632 0004717  98.0641 203.7870  2.00571277 79588
1 32384U 07062A   18299.99400826 -.00000061  00000-0  00000+0 0  9999
2 32384  56.4279  24.2601 0004714  98.0586 261.0981  2.00571278 79614
1 32384U 07062A   18300.92529102 -.00000062  00000-0  00000-0 0  9996
2 32384  56.4282  24.2236 0004691  98.1013 213.5102  2.00571308 79602
1 32384U 07062A   18301.39959255 -.00000063  00000-0  00000+0 0  9994
2 32384  56.4283  24.2050 0004682  98.1202 195.9719  2.00571317 79637
1 32384U 07062A   18301.39959255 -.00000063  00000-0  00000-0 0  9995
2 32384  56.4283  24.2050 0004682  98.1202 195.9719  2.00571317 79615
1 32384U 07062A   18301.87367483 -.00000065  00000-0  00000-0 0  9996
2 32384  56.4284  24.1864 0004674  98.1266 178.2879  2.00571334 79620
1 32384U 07062A   18302.41212986 -.00000068  00000-0  00000+0 0  9996
2 32384  56.4285  24.1653 0004662  98.1614 207.0574  2.00571351 79656
1 32384U 07062A   18302.98668832 -.00000071  00000-0  00000+0 0  9997
2 32384  56.4295  24.1386 0004938 100.3832 259.7011  2.00570903 79678
1 32384U 07062A   18302.98670427 -.00000071  00000-0  00000+0 0  9990
2 32384  56.4287  24.1434 0004754  97.8908 262.2111  2.00571271 79672
1 32384U 07062A   18303.48382723 -.00000074  00000-0  00000+0 0  9998
2 32384  56.4288  24.1233 0004637  98.2180 260.8458  2.00571401 79681
1 32384U 07062A   18304.48084646 -.00000080  00000-0  00000+0 0  9999
2 32384  56.4290  24.0842 0004614  98.2679 260.7179  2.00571450 79691
1 32384U 07062A   18305.92171830 -.00000088  00000-0  00000+0 0  9999
2 32384  56.4294  24.0277 0004583  98.3294 221.0731  2.00571529 79721
1 32384U 07062A   18305.92171830 -.00000088  00000-0  00000-0 0  9990
2 32384  56.4294  24.0277 0004583  98.3294 221.0731  2.00571529 79709
1 32384U 07062A   18307.58355660 -.00000093  00000-0  00000-0 0  9995
2 32384  56.4298  23.9626 0004555  98.3022 341.0723  2.00571653 79743
1 32384U 07062A   18308.05844586 -.00000094  00000-0  00000+0 0  9998
2 32384  56.4299  23.9439 0004547  98.3163 323.9640  2.00571691 79775
1 32384U 07062A   18308.59597716 -.00000095  00000-0  00000-0 0  9999
2 32384  56.4301  23.9229 0004538  98.2950 352.1233  2.00571728 79761
1 32384U 07062A   18309.36998605 -.00000095  00000-0  00000+0 0  9996
2 32384  56.4303  23.8925 0004524  98.3588 190.9520  2.00571783 79799
1 32384U 07062A   18309.60374358 -.00000095  00000-0  00000+0 0  9996
2 32384  56.4303  23.8834 0004514  98.2565 359.8450  2.00571807 79808
1 32384U 07062A   18309.60374358 -.00000095  00000-0  00000-0 0  9997
2 32384  56.4303  23.8834 0004514  98.2565 359.8450  2.00571807 79785
1 32384U 07062A   18310.92022758 -.00000094  00000-0  00000-0 0  9997
2 32384  56.4306  23.8318 0004475  98.2602 230.4421  2.00571912 79805
1 32384U 07062A   18311.56506861 -.00000094  00000-0  00000+0 0  9999
2 32384  56.4308  23.8065 0004459  98.1510 336.1756  2.00571966 79843
1 32384U 07062A   18311.56506861 -.00000094  00000-0  00000-0 0  9990
2 32384  56.4308  23.8065 0004459  98.1510 336.1756  2.00571966 79821
1 32384U 07062A   18311.86466764 -.00000093  00000-0  00000-0 0  9999
2 32384  56.4309  23.7948 0004456  98.2335 192.4262  2.00571988 79823
1 32384U 07062A   18312.40634378 -.00000093  00000-0  00000+0 0  9997
2 32384  56.4310  23.7735 0004445  98.2081 223.5830  2.00572031 79855
1 32384U 07062A   18312.58269900 -.00000093  00000-0  00000-0 0  9992
2 32384  56.4311  23.7666 0004445  98.1254 351.0076  2.00572049 79847
1 32384U 07062A   18313.59071090 -.00000094  00000-0  00000+0 0  9995
2 32384  56.4313  23.7272 0004426  98.0942 358.9000  2.00572125 79886
1 32384U 07062A   18314.54164399 -.00000094  00000-0  00000-0 0  9997
2 32384  56.4316  23.6899 0004406  98.0734 325.5672  2.00572195 79905
1 32384U 07062A   18315.37779067 -.00000095  00000-0  00000+0 0  9993
2 32384  56.4318  23.6571 0004388  98.1190 209.2839  2.00572270 79918
1 32384U 07062A   18315.85208031 -.00000095  00000-0  00000-0 0  9995
2 32384  56.4319  23.6386 0004379  98.1042 191.7722  2.00572305 79903
1 32384U 07062A   18316.39377274 -.00000095  00000-0  00000+0 0  9990
2 32384  56.4320  23.6173 0004363  98.0279 222.9921  2.00572346 79939
1 32384U 07062A   18316.56674156 -.00000095  00000-0  00000-0 0  9999
2 32384  56.4321  23.6106 0004364  97.9494 347.9675  2.00572360 79923
1 32384U 07062A   18317.40553676 -.00000095  00000-0  00000+0 0  9995
2 32384  56.4323  23.5777 0004340  97.9162 233.6754  2.00572408 79959
1 32384U 07062A   18317.87660552 -.00000094  00000-0  00000-0 0  9998
2 32384  56.4324  23.5592 0004326  97.8652 213.8741  2.00572423 79944
1 32384U 07062A   18318.55723028 -.00000093  00000-0  00000-0 0  9991
2 32384  56.4325  23.5325 0004322  97.7683 345.4349  2.00572467 79986
1 32384U 07062A   18319.36559896 -.00000090  00000-0  00000+0 0  9997
2 32384  56.4327  23.5009 0004302  97.7469 209.1610  2.00572504 79997
1 32384U 07062A   18319.60648950 -.00000089  00000-0  00000-0 0  9993
2 32384  56.4328  23.4914 0004306  97.7083  23.1414  2.00572522 79983
1 32384U 07062A   18320.37719737 -.00000086  00000-0  00000+0 0  9997
2 32384  56.4330  23.4612 0004288  97.6575 219.7031  2.00572553 80013
1 32384U 07062A   18320.37719737 -.00000086  00000-0  00000-0 0  9998
2 32384  56.4330  23.4612 0004288  97.6575 219.7031  2.00572553 79998
1 32384U 07062A   18321.08204222 -.00000082  00000-0  00000+0 0  9990
2 32384  56.4332  23.4336 0004278  97.5853   8.7281  2.00572580 80030
1 32384U 07062A   18321.08204222 -.00000082  00000-0  00000-0 0  9991
2 32384  56.4332  23.4336 0004278  97.5853   8.7281  2.00572580 80018
1 32384U 07062A   18321.93207421 -.00000077  00000-0  00000+0 0  9992
2 32384  56.4336  23.4005 0004344  97.8680 262.2326  2.00572652 80051
1 32384U 07062A   18322.42827503 -.00000075  00000-0  00000-0 0  9995
2 32384  56.4335  23.3808 0004246  97.4886 260.9097  2.00572620 80050
1 32384U 07062A   18323.34762564 -.00000069  00000-0  00000+0 0  9994
2 32384  56.4338  23.3448 0004222  97.4249 204.8164  2.00572648 80074
1 32384U 07062A   18323.88796374 -.00000066  00000-0  00000+0 0  9996
2 32384  56.4339  23.3236 0004204  97.3352 235.0725  2.00572667 80085
1 32384U 07062A   18323.88796374 -.00000066  00000-0  00000-0 0  9997
2 32384  56.4339  23.3236 0004204  97.3352 235.0725  2.00572667 80063
1 32384U 07062A   18326.86071111 -.00000056  00000-0  00000+0 0  9991
2 32384  56.4346  23.2070 0004140  96.9927 221.9721  2.00572737 80145
1 32384U 07062A   18327.54806873 -.00000056  00000-0  00000+0 0  9998
2 32384  56.4348  23.1801 0004132  96.9083 358.3828  2.00572748 80169
1 32384U 07062A   18328.53896744 -.00000057  00000-0  00000-0 0  9996
2 32384  56.4351  23.1412 0004114  96.7895 354.0087  2.00572777 80162
1 32384U 07062A   18328.58156965 -.00000058  00000-0  00000+0 0  9995
2 32384  56.4351  23.1396 0004113  96.7668  24.7934  2.00572777 80184
1 32384U 07062A   18329.50057403 -.00000061  00000-0  00000-0 0  9990
2 32384  56.4353  23.1035 0004093  96.6575 328.4967  2.00572810 80187
1 32384U 07062A   18329.59718293 -.00000061  00000-0  00000+0 0  9999
2 32384  56.4353  23.0997 0004095  96.6290  38.2845  2.00572813 80206
1 32384U 07062A   18329.83530083 -.00000062  00000-0  00000-0 0  9997
2 32384  56.4354  23.0903 0004092  96.6698 210.1836  2.00572822 80181
1 32384U 07062A   18330.37244455 -.00000065  00000-0  00000+0 0  9995
2 32384  56.4356  23.0693 0004086  96.6421 238.0715  2.00572834 80218
1 32384U 07062A   18330.84426806 -.00000067  00000-0  00000-0 0  9992
2 32384  56.4357  23.0508 0004080  96.6068 218.8010  2.00572860 80207
1 32384U 07062A   18331.53216444 -.00000071  00000-0  00000+0 0  9998
2 32384  56.4359  23.0238 0004069  96.4780 355.6456  2.00572888 80243
1 32384U 07062A   18331.85872781 -.00000073  00000-0  00000-0 0  9998
2 32384  56.4360  23.0109 0004065  96.5024 231.4260  2.00572908 80225
1 32384U 07062A   18332.40716035 -.00000075  00000-0  00000+0 0  9990
2 32384  56.4361  22.9894 0004048  96.3584 267.5821  2.00572941 80269
1 32384U 07062A   18332.86688348 -.00000078  00000-0  00000-0 0  9999
2 32384  56.4362  22.9714 0004042  96.3150 239.5822  2.00572963 80246
1 32384U 07062A   18333.34383635 -.00000080  00000-0  00000+0 0  9996
2 32384  56.4364  22.9527 0004032  96.2134 224.0816  2.00572979 80272
1 32384U 07062A   18334.35735793 -.00000083  00000-0  00000+0 0  9997
2 32384  56.4367  22.9129 0004015  96.0583 236.0803  2.00573046 80297
1 32384U 07062A   18334.59650146 -.00000084  00000-0  00000-0 0  9993
2 32384  56.4367  22.9035 0004023  96.0074  48.8122  2.00573068 80283
1 32384U 07062A   18335.36924552 -.00000085  00000-0  00000+0 0  9994
2 32384  56.4369  22.8732 0004008  95.9573 246.8454  2.00573123 80317
1 32384U 07062A   18335.88872860 -.00000086  00000-0  00000-0 0  9997
2 32384  56.4371  22.8528 0004001  95.8586 262.0527  2.00573162 80302
1 32384U 07062A   18336.31683135 -.00000086  00000-0  00000+0 0  9990
2 32384  56.4372  22.8360 0003998  95.7915 211.2444  2.00573192 80336
1 32384U 07062A   18336.89388722 -.00000086  00000-0  00000-0 0  9998
2 32384  56.4374  22.8134 0003988  95.6386 268.0781  2.00573240 80335
1 32384U 07062A   18337.37966111 -.00000085  00000-0  00000+0 0  9994
2 32384  56.4375  22.7943 0003984  95.5519 258.9326  2.00573271 80355
1 32384U 07062A   18338.34217440 -.00000085  00000-0  00000+0 0  9996
2 32384  56.4378  22.7566 0003974  95.3722 234.1247  2.00573351 80371
1 32384U 07062A   18338.81787196 -.00000084  00000-0  00000-0 0  9998
2 32384  56.4379  22.7380 0003969  95.2704 217.7186  2.00573392 80362
1 32384U 07062A   18339.04822535 -.00000084  00000-0  00000+0 0  9990
2 32384  56.4379  22.7289 0003971  95.1686  24.1540  2.00573403 80391
1 32384U 07062A   18340.37557897 -.00000084  00000-0  00000+0 0  9994
2 32384  56.4383  22.6769 0003950  94.9290 262.8504  2.00573501 80416
1 32384U 07062A   18342.55830229 -.00000086  00000-0  00000+0 0  9991
2 32384  56.4389  22.5914 0003930  94.4528  39.4311  2.00573685 80462
1 32384U 07062A   18342.86264198 -.00000086  00000-0  00000-0 0  9992
2 32384  56.4390  22.5794 0003922  94.4316 259.2105  2.00573705 80440
1 32384U 07062A   18343.03398861 -.00000086  00000-0  00000+0 0  9996
2 32384  56.4390  22.5727 0003927  94.3677  23.0008  2.00573723 80472
1 32384U 07062A   18344.58005541 -.00000086  00000-0  00000+0 0  9997
2 32384  56.4394  22.5122 0003903  93.8948  59.8604  2.00573814 80508
1 32384U 07062A   18344.82643206 -.00000085  00000-0  00000-0 0  9990
2 32384  56.4395  22.5025 0003892  93.7926 237.8668  2.00573828 80483
1 32384U 07062A   18345.54188056 -.00000084  00000-0  00000+0 0  9995
2 32384  56.4397  22.4745 0003891  93.5825  34.6896  2.00573870 80526
1 32384U 07062A   18345.86756126 -.00000083  00000-0  00000-0 0  9999
2 32384  56.4398  22.4617 0003882  93.4759 269.9645  2.00573889 80514
1 32384U 07062A   18346.54359028 -.00000081  00000-0  00000+0 0  9992
2 32384  56.4399  22.4352 0003881  93.2845  38.3049  2.00573932 80542
1 32384U 07062A   18347.50247604 -.00000077  00000-0  00000+0 0  9990
2 32384  56.4402  22.3977 0003872  93.0456  10.9385  2.00573974 80562
1 32384U 07062A   18348.57212231 -.00000071  00000-0  00000+0 0  9990
2 32384  56.4405  22.3557 0003861  92.8151  63.5421  2.00574008 80582
1 32384U 07062A   18348.81054571 -.00000070  00000-0  00000-0 0  9998
2 32384  56.4406  22.3464 0003855  92.7496 235.7688  2.00574011 80564
1 32384U 07062A   18349.34925292 -.00000067  00000-0  00000+0 0  9999
2 32384  56.4407  22.3252 0003851  92.6145 264.8952  2.00574028 80594
1 32384U 07062A   18350.35438698 -.00000061  00000-0  00000+0 0  9995
2 32384  56.4410  22.2858 0003839  92.3425 270.9576  2.00574058 80620
1 32384U 07062A   18352.84275079 -.00000048  00000-0  00000+0 0  9998
2 32384  56.4505  22.1840 0003338  77.9307 282.1651  2.00573727 80673
1 32384U 07062A   18353.22562940 -.00000047  00000-0  00000+0 0  9996
2 32384  56.4418  22.1733 0003811  91.5477 185.0285  2.00574115 80679
1 32384U 07062A   18353.83616351 -.00000046  00000-0  00000+0 0  9998
2 32384  56.4419  22.1493 0003802  91.2506 266.1821  2.00574123 80680
1 32384U 07062A   18353.83616351 -.00000046  00000-0  00000-0 0  9999
2 32384  56.4419  22.1493 0003802  91.2506 266.1821  2.00574123 80668
1 32384U 07062A   18355.56223847 -.00000045  00000-0  00000+0 0  9993
2 32384  56.4424  22.0816 0003799  90.8172  72.9867  2.00574177 80720
1 32384U 07062A   18356.48416750 -.00000048  00000-0  00000+0 0  9995
2 32384  56.4426  22.0454 0003803  90.8162  18.6983  2.00574218 80749
1 32384U 07062A   18356.48416750 -.00000048  00000-0  00000-0 0  9996
2 32384  56.4426  22.0454 0003803  90.8162  18.6983  2.00574218 80727
1 32384U 07062A   18356.54096490 -.00000048  00000-0  00000-0 0  9998
2 32384  56.4427  22.0432 0003802  90.7366  59.7902  2.00574212 80729
1 32384U 07062A   18357.54690906 -.00000052  00000-0  00000+0 0  9995
2 32384  56.4429  22.0038 0003806  90.6591  66.2437  2.00574233 80769
1 32384U 07062A   18358.55725703 -.00000057  00000-0  00000+0 0  9996
2 32384  56.4431  21.9641 0003806  90.4569  76.0023  2.00574267 80782
1 32384U 07062A   18359.51350178 -.00000062  00000-0  00000+0 0  9999
2 32384  56.4434  21.9266 0003803  90.1814  46.7672  2.00574309 80809
1 32384U 07062A   18360.58214414 -.00000067  00000-0  00000+0 0  9995
2 32384  56.4437  21.8847 0003804  89.8988  98.7001  2.00574364 80820
1 32384U 07062A   18361.47533899 -.00000070  00000-0  00000+0 0  9999
2 32384  56.4440  21.8497 0003801  89.6738  23.8875  2.00574416 80841
1 32384U 07062A   18361.53837351 -.00000070  00000-0  00000-0 0  9997
2 32384  56.4440  21.8472 0003804  89.6636  69.4140  2.00574421 80829
1 32384U 07062A   18362.54757123 -.00000072  00000-0  00000+0 0  9998
2 32384  56.4443  21.8076 0003807  89.4109  78.3935  2.00574492 80861
1 32384U 07062A   18362.54757123 -.00000072  00000-0  00000-0 0  9999
2 32384  56.4443  21.8076 0003807  89.4109  78.3935  2.00574492 80849
1 32384U 07062A   18362.90148959 -.00000073  00000-0  00000-0 0  9991
2 32384  56.4444  21.7937 0003801  89.2729 334.0907  2.00574520 80859
1 32384U 07062A   18363.50354819 -.00000073  00000-0  00000+0 0  9991
2 32384  56.4446  21.7701 0003808  89.0923  49.0089  2.00574562 80884
1 32384U 07062A   18363.50354819 -.00000073  00000-0  00000-0 0  9992
2 32384  56.4446  21.7701 0003808  89.0923  49.0089  2.00574562 80862
1 32384U 07062A   18363.81495597 -.00000073  00000-0  00000-0 0  9995
2 32384  56.4446  21.7579 0003804  89.0527 273.9115  2.00574586 80876
1 32384U 07062A   18364.52011022 -.00000073  00000-0  00000+0 0  9990
2 32384  56.4448  21.7303 0003814  88.8201  63.3256  2.00574638 80909
1 32384U 07062A   18364.52011022 -.00000073  00000-0  00000-0 0  9991
2 32384  56.4448  21.7303 0003814  88.8201  63.3256  2.00574638 80886
1 32384U 07062A   18365.54212088 -.00000073  00000-0  00000+0 0  9998
2 32384  56.4451  21.6902 0003821  88.5457  81.5790  2.00574709 80921
1 32384U 07062A   18365.54212088 -.00000073  00000-0  00000-0 0  9999
2 32384  56.4451  21.6902 0003821  88.5457  81.5790  2.00574709 80909

