1 38857U 12055A   18001.52139586  .00000085  00000-0  00000-0 0  9996
2 38857  54.9058 186.5445 0001591 214.5068 145.5006  1.70473685 32501
1 38857U 12055A   18002.69454483  .00000073  00000-0  00000+0 0  9997
2 38857  54.9060 186.5120 0001597 214.5117 145.4845  1.70473684 32537
1 38857U 12055A   18003.28112087  .00000069  00000-0  00000-0 0  9990
2 38857  54.9060 186.4958 0001589 214.7841 145.2070  1.70473680 32536
1 38857U 12055A   18003.86769752  .00000065  00000-0  00000-0 0  9997
2 38857  54.9061 186.4795 0001592 214.7801 145.2068  1.70473688 32542
1 38857U 12055A   18005.04085616  .00000062  00000-0  00000+0 0  9995
2 38857  54.9062 186.4471 0001596 214.6732 145.3083  1.70473699 32573
1 38857U 12055A   18005.62743819  .00000062  00000-0  00000-0 0  9996
2 38857  54.9062 186.4309 0001593 214.7017 145.2787  1.70473699 32577
1 38857U 12055A   18006.80060616  .00000065  00000-0  00000-0 0  9997
2 38857  54.9064 186.3984 0001601 214.7415 145.2391  1.70473718 32594
1 38857U 12055A   18007.97377774  .00000070  00000-0  00000+0 0  9997
2 38857  54.9065 186.3660 0001615 214.9321 145.0509  1.70473746 32623
1 38857U 12055A   18008.56036390  .00000072  00000-0  00000-0 0  9992
2 38857  54.9065 186.3497 0001620 215.0894 144.8951  1.70473752 32629
1 38857U 12055A   18015.01276309  .00000065  00000-0  00000-0 0  9998
2 38857  54.9070 186.1713 0001716 215.7827 144.1886  1.70473804 32744
1 38857U 12055A   18017.35907664  .00000063  00000-0  00000-0 0  9990
2 38857  54.9071 186.1064 0001752 216.1660 143.7922  1.70473789 32786
1 38857U 12055A   18017.94565614  .00000063  00000-0  00000-0 0  9990
2 38857  54.9072 186.0903 0001769 216.5631 143.3924  1.70473778 32784
1 38857U 12055A   18019.70540166  .00000065  00000-0  00000-0 0  9993
2 38857  54.9073 186.0417 0001791 216.9900 142.9621  1.70473756 32823
1 38857U 12055A   18022.63833022  .00000075  00000-0  00000-0 0  9996
2 38857  54.9074 185.9606 0001834 217.9812 141.9766  1.70473688 32871
1 38857U 12055A   18023.81150408  .00000078  00000-0  00000-0 0  9990
2 38857  54.9074 185.9282 0001847 218.2492 141.7122  1.70473665 32883
1 38857U 12055A   18026.15783923  .00000075  00000-0  00000-0 0  9991
2 38857  54.9075 185.8633 0001887 219.3682 140.5929  1.70473621 32930
1 38857U 12055A   18027.33099761  .00000066  00000-0  00000-0 0  9992
2 38857  54.9075 185.8309 0001905 220.0250 139.9302  1.70473610 32947
1 38857U 12055A   18029.67730268  .00000041  00000-0  00000-0 0  9998
2 38857  54.9075 185.7660 0001937 221.1695 138.7670  1.70473597 32990
1 38857U 12055A   18030.26387907  .00000035  00000-0  00000-0 0  9996
2 38857  54.9076 185.7498 0001956 221.5257 138.4061  1.70473599 32992
1 38857U 12055A   18032.61019907  .00000024  00000-0  00000-0 0  9997
2 38857  54.9077 185.6849 0002000 222.5430 137.3789  1.70473621 33034
1 38857U 12055A   18032.61019930  .00000024  00000-0  00000-0 0  9993
2 38857  54.9077 185.6849 0001991 222.3508 137.5713  1.70473613 33047
1 38857U 12055A   18036.12971939  .00000031  00000-0  00000-0 0  9997
2 38857  54.9078 185.5876 0002075 224.0376 135.8942  1.70473683 33090
1 38857U 12055A   18036.71630685  .00000032  00000-0  00000-0 0  9993
2 38857  54.9078 185.5714 0002098 224.5011 135.4328  1.70473699 33100
1 38857U 12055A   18038.47606473  .00000030  00000-0  00000-0 0  9994
2 38857  54.9078 185.5227 0002140 225.2999 134.6378  1.70473726 33130
1 38857U 12055A   18038.47606486  .00000030  00000-0  00000-0 0  9998
2 38857  54.9078 185.5227 0002128 225.0741 134.8638  1.70473718 33142
1 38857U 12055A   18040.23581371  .00000024  00000-0  00000-0 0  9993
2 38857  54.9078 185.4741 0002169 225.8370 134.0991  1.70473736 33169
1 38857U 12055A   18041.40897548  .00000020  00000-0  00000-0 0  9995
2 38857  54.9078 185.4417 0002195 226.0841 133.8485  1.70473743 33190
1 38857U 12055A   18044.34187688  .00000015  00000-0  00000-0 0  9992
2 38857  54.9078 185.3607 0002283 227.0716 132.8499  1.70473737 33243
1 38857U 12055A   18044.92845844  .00000015  00000-0  00000-0 0  9991
2 38857  54.9078 185.3445 0002300 227.3144 132.6058  1.70473734 33247
1 38857U 12055A   18047.86138160  .00000020  00000-0  00000-0 0  9999
2 38857  54.9077 185.2636 0002388 228.8248 131.0976  1.70473693 33295
1 38857U 12055A   18047.86138160  .00000020  00000-0  00000-0 0  9999
2 38857  54.9077 185.2636 0002388 228.8248 131.0976  1.70473693 33307
1 38857U 12055A   18049.03455792  .00000024  00000-0  00000-0 0  9997
2 38857  54.9077 185.2312 0002427 229.4784 130.4492  1.70473660 33315
1 38857U 12055A   18050.20773672  .00000029  00000-0  00000-0 0  9993
2 38857  54.9075 185.1987 0002446 229.7023 130.2319  1.70473643 33340
1 38857U 12055A   18050.79432604  .00000031  00000-0  00000-0 0  9997
2 38857  54.9075 185.1825 0002459 229.9189 130.0185  1.70473631 33346
1 38857U 12055A   18051.96750184  .00000033  00000-0  00000-0 0  9995
2 38857  54.9074 185.1501 0002508 230.7626 129.1796  1.70473598 33368
1 38857U 12055A   18053.72725639  .00000028  00000-0  00000-0 0  9992
2 38857  54.9073 185.1014 0002556 231.5325 128.4110  1.70473576 33395
1 38857U 12055A   18053.72725639  .00000028  00000-0  00000-0 0  9992
2 38857  54.9073 185.1014 0002556 231.5325 128.4110  1.70473576 33407
1 38857U 12055A   18056.07357552  .00000007  00000-0  00000-0 0  9995
2 38857  54.9071 185.0365 0002619 232.7907 127.1424  1.70473559 33441
1 38857U 12055A   18057.24673170 -.00000005  00000-0  00000-0 0  9991
2 38857  54.9072 185.0041 0002661 233.5378 126.3881  1.70473561 33453
1 38857U 12055A   18058.41989145 -.00000014  00000-0  00000-0 0  9993
2 38857  54.9071 184.9717 0002692 234.0757 125.8451  1.70473573 33473
1 38857U 12055A   18058.41989206 -.00000014  00000-0  00000-0 0  9991
2 38857  54.9072 184.9717 0002677 233.8523 126.0687  1.70473567 33483
1 38857U 12055A   18060.17964340 -.00000018  00000-0  00000-0 0  9993
2 38857  54.9071 184.9230 0002721 234.5352 125.3854  1.70473589 33505
1 38857U 12055A   18061.35281853 -.00000016  00000-0  00000-0 0  9993
2 38857  54.9070 184.8906 0002775 235.1991 124.7258  1.70473621 33528
1 38857U 12055A   18061.35281853 -.00000016  00000-0  00000-0 0  9993
2 38857  54.9070 184.8906 0002775 235.1991 124.7258  1.70473621 33539
1 38857U 12055A   18062.52599814 -.00000012  00000-0  00000-0 0  9998
2 38857  54.9070 184.8583 0002799 235.4692 124.4629  1.70473635 33542
1 38857U 12055A   18064.87235590 -.00000007  00000-0  00000-0 0  9990
2 38857  54.9068 184.7935 0002901 236.7059 123.2394  1.70473697 33594
1 38857U 12055A   18066.04553024 -.00000009  00000-0  00000-0 0  9998
2 38857  54.9068 184.7610 0002919 236.9430 123.0064  1.70473708 33605
1 38857U 12055A   18067.80528354 -.00000014  00000-0  00000-0 0  9997
2 38857  54.9066 184.7124 0002960 237.2590 122.6917  1.70473741 33643
1 38857U 12055A   18070.15161211 -.00000018  00000-0  00000+0 0  9997
2 38857  54.9064 184.6476 0003040 237.8691 122.0777  1.70473755 33685
1 38857U 12055A   18071.32477672 -.00000018  00000-0  00000-0 0  9999
2 38857  54.9064 184.6152 0003073 238.1497 121.7953  1.70473754 33692
1 38857U 12055A   18073.08452826 -.00000015  00000-0  00000+0 0  9994
2 38857  54.9063 184.5667 0003198 239.2484 120.6960  1.70473739 33731
1 38857U 12055A   18074.25770082 -.00000011  00000-0  00000-0 0  9998
2 38857  54.9062 184.5343 0003242 239.7496 120.1980  1.70473725 33742
1 38857U 12055A   18076.60405840 -.00000000  00000-0  00000+0 0  9993
2 38857  54.9060 184.4695 0003302 240.3806 119.5808  1.70473688 33793
1 38857U 12055A   18078.36383054  .00000009  00000-0  00000-0 0  9999
2 38857  54.9059 184.4209 0003350 240.7865 119.1876  1.70473658 33815
1 38857U 12055A   18079.53700816  .00000012  00000-0  00000+0 0  9991
2 38857  54.9058 184.3885 0003401 241.3474 118.6328  1.70473633 33845
1 38857U 12055A   18081.88334664  .00000006  00000-0  00000+0 0  9999
2 38857  54.9056 184.3236 0003475 242.1166 117.8653  1.70473604 33885
1 38857U 12055A   18085.40282582 -.00000023  00000-0  00000-0 0  9993
2 38857  54.9054 184.2264 0003601 243.4365 116.5306  1.70473600 33943
1 38857U 12055A   18092.44188210 -.00000009  00000-0  00000+0 0  9991
2 38857  54.9052 184.0318 0003822 245.4408 114.5569  1.70473727 34067
1 38857U 12055A   18092.44188210 -.00000009  00000-0  00000-0 0  9992
2 38857  54.9052 184.0318 0003822 245.4408 114.5569  1.70473727 34056
1 38857U 12055A   18093.61505539 -.00000009  00000-0  00000-0 0  9999
2 38857  54.9050 183.9995 0003874 245.7790 114.2224  1.70473762 34073
1 38857U 12055A   18093.61505576 -.00000009  00000-0  00000-0 0  9990
2 38857  54.9051 183.9996 0003861 245.7325 114.2689  1.70473751 34078
1 38857U 12055A   18095.37480792 -.00000012  00000-0  00000+0 0  9990
2 38857  54.9050 183.9507 0003913 246.0408 113.9616  1.70473781 34113
1 38857U 12055A   18095.37480792 -.00000012  00000-0  00000-0 0  9991
2 38857  54.9050 183.9507 0003913 246.0408 113.9616  1.70473781 34102
1 38857U 12055A   18095.96139000 -.00000013  00000-0  00000-0 0  9990
2 38857  54.9049 183.9344 0003944 246.1725 113.8291  1.70473800 34117
1 38857U 12055A   18096.54797195 -.00000013  00000-0  00000-0 0  9990
2 38857  54.9049 183.9181 0003965 246.2339 113.7667  1.70473804 34122
1 38857U 12055A   18101.24063941 -.00000001  00000-0  00000+0 0  9995
2 38857  54.9048 183.7885 0004133 247.2456 112.7544  1.70473804 34212
1 38857U 12055A   18104.76017459  .00000022  00000-0  00000+0 0  9990
2 38857  54.9046 183.6912 0004244 248.0209 111.9995  1.70473736 34279
1 38857U 12055A   18107.10652939  .00000033  00000-0  00000+0 0  9991
2 38857  54.9046 183.6264 0004319 248.6242 111.4086  1.70473699 34314
1 38857U 12055A   18111.21259771  .00000015  00000-0  00000+0 0  9995
2 38857  54.9045 183.5129 0004459 249.9109 110.1109  1.70473645 34383
1 38857U 12055A   18112.97233547  .00000004  00000-0  00000-0 0  9991
2 38857  54.9046 183.4642 0004499 250.3290 109.6847  1.70473649 34403
1 38857U 12055A   18114.14550026  .00000003  00000-0  00000+0 0  9994
2 38857  54.9047 183.4318 0004536 250.6362 109.3759  1.70473661 34435
1 38857U 12055A   18116.49184761  .00000012  00000-0  00000-0 0  9994
2 38857  54.9048 183.3671 0004620 251.1810 108.8389  1.70473708 34463
1 38857U 12055A   18116.49184801  .00000012  00000-0  00000+0 0  9998
2 38857  54.9048 183.3671 0004604 251.0863 108.9337  1.70473698 34475
1 38857U 12055A   18116.49184801  .00000012  00000-0  00000-0 0  9999
2 38857  54.9048 183.3671 0004604 251.0863 108.9337  1.70473698 34464
1 38857U 12055A   18119.42479056  .00000025  00000-0  00000+0 0  9997
2 38857  54.9048 183.2861 0004712 251.8403 108.1947  1.70473778 34527
1 38857U 12055A   18120.59796215  .00000025  00000-0  00000-0 0  9997
2 38857  54.9049 183.2537 0004742 252.0406 107.9971  1.70473802 34530
1 38857U 12055A   18121.77112917  .00000024  00000-0  00000+0 0  9997
2 38857  54.9049 183.2213 0004769 252.2089 107.8288  1.70473824 34566
1 38857U 12055A   18122.35771131  .00000024  00000-0  00000-0 0  9992
2 38857  54.9050 183.2053 0004759 252.1835 107.8534  1.70473829 34566
1 38857U 12055A   18122.94429236  .00000023  00000-0  00000-0 0  9992
2 38857  54.9050 183.1891 0004781 252.2489 107.7866  1.70473845 34572
1 38857U 12055A   18124.70403336  .00000023  00000-0  00000+0 0  9990
2 38857  54.9051 183.1405 0004812 252.3629 107.6670  1.70473862 34612
1 38857U 12055A   18128.22352395  .00000036  00000-0  00000+0 0  9993
2 38857  54.9053 183.0433 0004931 252.9500 107.0739  1.70473871 34676
1 38857U 12055A   18129.98328162  .00000047  00000-0  00000-0 0  9995
2 38857  54.9054 182.9946 0004977 253.2282 106.8003  1.70473847 34691
1 38857U 12055A   18129.98328164  .00000047  00000-0  00000-0 0  9997
2 38857  54.9054 182.9946 0004966 253.1524 106.8761  1.70473856 34698
1 38857U 12055A   18131.15645733  .00000055  00000-0  00000+0 0  9991
2 38857  54.9055 182.9624 0005000 253.4377 106.5962  1.70473825 34721
1 38857U 12055A   18132.32963403  .00000064  00000-0  00000-0 0  9999
2 38857  54.9055 182.9299 0005024 253.6322 106.4077  1.70473798 34733
1 38857U 12055A   18134.08939438  .00000073  00000-0  00000-0 0  9995
2 38857  54.9056 182.8813 0005064 253.9174 106.1287  1.70473762 34761
1 38857U 12055A   18135.26256169  .00000075  00000-0  00000-0 0  9991
2 38857  54.9058 182.8489 0005087 254.1276 105.9185  1.70473744 34789
1 38857U 12055A   18136.43572151  .00000071  00000-0  00000-0 0  9999
2 38857  54.9059 182.8164 0005125 254.5297 105.5121  1.70473720 34803
1 38857U 12055A   18136.43572208  .00000071  00000-0  00000-0 0  9992
2 38857  54.9059 182.8165 0005114 254.3895 105.6525  1.70473725 34808
1 38857U 12055A   18138.19545318  .00000060  00000-0  00000-0 0  9997
2 38857  54.9061 182.7678 0005149 254.7935 105.2366  1.70473706 34848
1 38857U 12055A   18138.78202877  .00000055  00000-0  00000-0 0  9996
2 38857  54.9064 182.7516 0005166 255.0752 104.9503  1.70473700 34845
1 38857U 12055A   18138.78202928  .00000055  00000-0  00000-0 0  9993
2 38857  54.9063 182.7516 0005158 254.9591 105.0665  1.70473703 34848
1 38857U 12055A   18139.95518321  .00000048  00000-0  00000-0 0  9992
2 38857  54.9065 182.7191 0005176 255.1726 104.8450  1.70473701 34861
1 38857U 12055A   18142.30150779  .00000046  00000-0  00000-0 0  9992
2 38857  54.9068 182.6543 0005204 255.5376 104.4741  1.70473718 34903
1 38857U 12055A   18142.88809265  .00000048  00000-0  00000-0 0  9998
2 38857  54.9069 182.6381 0005217 255.6203 104.3922  1.70473728 34910
1 38857U 12055A   18142.88809271  .00000048  00000-0  00000-0 0  9995
2 38857  54.9068 182.6387 0005098 250.9739 109.0400  1.70473822 34912
1 38857U 12055A   18145.82102645  .00000062  00000-0  00000-0 0  9999
2 38857  54.9073 182.5570 0005278 256.2147 103.8076  1.70473787 34969
1 38857U 12055A   18146.99419681  .00000064  00000-0  00000-0 0  9991
2 38857  54.9074 182.5246 0005300 256.3439 103.6805  1.70473812 34980
1 38857U 12055A   18146.99419715  .00000064  00000-0  00000-0 0  9999
2 38857  54.9073 182.5246 0005289 256.3057 103.7189  1.70473800 34984
1 38857U 12055A   18149.34052478  .00000061  00000-0  00000-0 0  9997
2 38857  54.9076 182.4599 0005319 256.5709 103.4500  1.70473847 35028
1 38857U 12055A   18149.92710419  .00000059  00000-0  00000-0 0  9994
2 38857  54.9077 182.4437 0005330 256.6174 103.4010  1.70473868 35030
1 38857U 12055A   18151.10026147  .00000058  00000-0  00000-0 0  9994
2 38857  54.9078 182.4113 0005334 256.6331 103.3796  1.70473878 35054
1 38857U 12055A   18152.27341800  .00000058  00000-0  00000-0 0  9999
2 38857  54.9079 182.3790 0005352 256.7414 103.2650  1.70473892 35074
1 38857U 12055A   18153.44657545  .00000060  00000-0  00000-0 0  9998
2 38857  54.9081 182.3466 0005381 256.8430 103.1576  1.70473905 35091
1 38857U 12055A   18155.20631754  .00000066  00000-0  00000-0 0  9994
2 38857  54.9083 182.2981 0005405 257.0584 102.9374  1.70473901 35127
1 38857U 12055A   18156.96606877  .00000076  00000-0  00000-0 0  9997
2 38857  54.9085 182.2495 0005418 257.2746 102.7221  1.70473883 35156
1 38857U 12055A   18159.31241402  .00000091  00000-0  00000-0 0  9995
2 38857  54.9088 182.1846 0005410 257.3905 102.6135  1.70473842 35190
1 38857U 12055A   18159.31241404  .00000091  00000-0  00000-0 0  9997
2 38857  54.9088 182.1846 0005420 257.4344 102.5695  1.70473844 35191
1 38857U 12055A   18161.65875461  .00000101  00000-0  00000-0 0  9995
2 38857  54.9090 182.1198 0005426 257.6401 102.3683  1.70473798 35234
1 38857U 12055A   18162.24533617  .00000102  00000-0  00000-0 0  9996
2 38857  54.9091 182.1036 0005449 257.9234 102.0838  1.70473774 35242
1 38857U 12055A   18164.00507293  .00000096  00000-0  00000-0 0  9995
2 38857  54.9093 182.0550 0005460 258.1268 101.8720  1.70473751 35272
1 38857U 12055A   18165.17822405  .00000087  00000-0  00000-0 0  9999
2 38857  54.9095 182.0225 0005468 258.3703 101.6188  1.70473729 35290
1 38857U 12055A   18166.35137396  .00000076  00000-0  00000-0 0  9996
2 38857  54.9096 181.9901 0005467 258.5206 101.4581  1.70473723 35311
1 38857U 12055A   18167.52452648  .00000068  00000-0  00000-0 0  9997
2 38857  54.9097 181.9577 0005464 258.6595 101.3102  1.70473717 35333
1 38857U 12055A   18168.11110447  .00000066  00000-0  00000-0 0  9999
2 38857  54.9099 181.9416 0005460 258.7796 101.1869  1.70473719 35348
1 38857U 12055A   18168.11110468  .00000066  00000-0  00000-0 0  9992
2 38857  54.9098 181.9415 0005460 258.7256 101.2409  1.70473718 35347
1 38857U 12055A   18169.28426600  .00000064  00000-0  00000-0 0  9997
2 38857  54.9100 181.9091 0005459 258.8991 101.0638  1.70473725 35368
1 38857U 12055A   18169.28426601  .00000064  00000-0  00000-0 0  9998
2 38857  54.9100 181.9091 0005458 258.8952 101.0678  1.70473725 35368
1 38857U 12055A   18171.04401895  .00000069  00000-0  00000-0 0  9998
2 38857  54.9102 181.8605 0005462 259.0952 100.8691  1.70473749 35399
1 38857U 12055A   18172.21719129  .00000074  00000-0  00000-0 0  9996
2 38857  54.9103 181.8282 0005463 259.2192 100.7482  1.70473766 35419
1 38857U 12055A   18173.39036246  .00000076  00000-0  00000-0 0  9990
2 38857  54.9105 181.7957 0005466 259.3576 100.6123  1.70473790 35439
1 38857U 12055A   18174.56353024  .00000076  00000-0  00000-0 0  9996
2 38857  54.9106 181.7634 0005465 259.4951 100.4752  1.70473813 35453
1 38857U 12055A   18176.32327349  .00000070  00000-0  00000-0 0  9997
2 38857  54.9108 181.7148 0005454 259.6493 100.3167  1.70473843 35481
1 38857U 12055A   18178.08300914  .00000064  00000-0  00000-0 0  9994
2 38857  54.9110 181.6663 0005437 259.7097 100.2473  1.70473870 35510
1 38857U 12055A   18178.66958670  .00000063  00000-0  00000-0 0  9995
2 38857  54.9110 181.6501 0005437 259.7079 100.2456  1.70473873 35526
1 38857U 12055A   18180.42932098  .00000062  00000-0  00000-0 0  9997
2 38857  54.9112 181.6017 0005434 259.8013 100.1423  1.70473890 35551
1 38857U 12055A   18181.01589983  .00000063  00000-0  00000-0 0  9995
2 38857  54.9113 181.5855 0005435 259.8301 100.1108  1.70473894 35567
1 38857U 12055A   18183.36222559  .00000070  00000-0  00000-0 0  9996
2 38857  54.9114 181.5208 0005431 260.0458  99.8904  1.70473891 35603
1 38857U 12055A   18183.94880970  .00000072  00000-0  00000-0 0  9999
2 38857  54.9115 181.5046 0005427 260.0903  99.8464  1.70473886 35610
1 38857U 12055A   18185.12198085  .00000078  00000-0  00000-0 0  9996
2 38857  54.9117 181.4722 0005407 260.2255  99.7139  1.70473860 35634
1 38857U 12055A   18185.70856694  .00000081  00000-0  00000-0 0  9991
2 38857  54.9117 181.4560 0005405 260.2602  99.6810  1.70473855 35648
1 38857U 12055A   18186.88174064  .00000088  00000-0  00000-0 0  9992
2 38857  54.9118 181.4236 0005386 260.3542  99.5911  1.70473821 35667
1 38857U 12055A   18188.05491234  .00000092  00000-0  00000-0 0  9999
2 38857  54.9119 181.3912 0005382 260.4513  99.4969  1.70473798 35680
1 38857U 12055A   18190.40124107  .00000091  00000-0  00000+0 0  9991
2 38857  54.9120 181.3265 0005368 260.7396  99.2055  1.70473748 35723
1 38857U 12055A   18190.98781948  .00000088  00000-0  00000-0 0  9993
2 38857  54.9120 181.3102 0005359 260.8122  99.1299  1.70473739 35731
1 38857U 12055A   18192.74754822  .00000073  00000-0  00000+0 0  9993
2 38857  54.9121 181.2616 0005332 261.0272  98.9015  1.70473718 35764
1 38857U 12055A   18195.09385410  .00000052  00000-0  00000+0 0  9994
2 38857  54.9123 181.1968 0005288 261.2753  98.6360  1.70473706 35803
1 38857U 12055A   18198.02676822  .00000049  00000-0  00000+0 0  9996
2 38857  54.9127 181.1160 0005237 261.5761  98.3327  1.70473724 35852
1 38857U 12055A   18198.02676830  .00000049  00000-0  00000-0 0  9996
2 38857  54.9127 181.1159 0005233 261.5671  98.3418  1.70473728 35851
1 38857U 12055A   18202.13286980  .00000051  00000-0  00000-0 0  9990
2 38857  54.9128 181.0026 0005169 261.9328  97.9862  1.70473806 35928
1 38857U 12055A   18202.13287018  .00000051  00000-0  00000+0 0  9992
2 38857  54.9129 181.0026 0005163 261.9747  97.9443  1.70473799 35924
1 38857U 12055A   18202.71945240  .00000049  00000-0  00000-0 0  9992
2 38857  54.9129 180.9864 0005160 261.9459  97.9724  1.70473813 35939
1 38857U 12055A   18205.06577359  .00000037  00000-0  00000-0 0  9992
2 38857  54.9130 180.9218 0005104 262.0221  97.8886  1.70473847 35970
1 38857U 12055A   18208.58525138  .00000031  00000-0  00000-0 0  9994
2 38857  54.9131 180.8249 0005039 262.0135  97.8832  1.70473880 36031
1 38857U 12055A   18210.34499987  .00000036  00000-0  00000-0 0  9998
2 38857  54.9131 180.7763 0005021 262.0736  97.8223  1.70473879 36064
1 38857U 12055A   18212.10475865  .00000043  00000-0  00000+0 0  9990
2 38857  54.9131 180.7278 0004975 262.2243  97.6768  1.70473856 36097
1 38857U 12055A   18212.69134640  .00000045  00000-0  00000-0 0  9990
2 38857  54.9132 180.7116 0004965 262.2174  97.6864  1.70473850 36104
1 38857U 12055A   18213.86452322  .00000051  00000-0  00000-0 0  9997
2 38857  54.9132 180.6793 0004926 262.3434  97.5664  1.70473826 36123
1 38857U 12055A   18215.03769909  .00000056  00000-0  00000+0 0  9994
2 38857  54.9132 180.6469 0004903 262.3833  97.5321  1.70473804 36149
1 38857U 12055A   18217.38403845  .00000056  00000-0  00000-0 0  9999
2 38857  54.9131 180.5822 0004845 262.6364  97.2823  1.70473751 36186
1 38857U 12055A   18217.38403848  .00000056  00000-0  00000+0 0  9991
2 38857  54.9131 180.5821 0004842 262.6694  97.2494  1.70473751 36182
1 38857U 12055A   18217.97061960  .00000053  00000-0  00000-0 0  9999
2 38857  54.9131 180.5659 0004834 262.6707  97.2465  1.70473738 36191
1 38857U 12055A   18219.14377786  .00000044  00000-0  00000-0 0  9996
2 38857  54.9130 180.5336 0004792 262.8879  97.0240  1.70473715 36214
1 38857U 12055A   18219.73035557  .00000038  00000-0  00000+0 0  9990
2 38857  54.9131 180.5174 0004784 262.8696  97.0387  1.70473714 36225
1 38857U 12055A   18221.49008836  .00000021  00000-0  00000-0 0  9999
2 38857  54.9131 180.4687 0004727 263.0020  96.8955  1.70473704 36254
1 38857U 12055A   18222.07666772  .00000016  00000-0  00000+0 0  9996
2 38857  54.9131 180.4525 0004704 263.0552  96.8397  1.70473702 36269
1 38857U 12055A   18223.24983060  .00000010  00000-0  00000-0 0  9993
2 38857  54.9131 180.4201 0004662 263.1109  96.7816  1.70473708 36285
1 38857U 12055A   18224.42300034  .00000009  00000-0  00000-0 0  9996
2 38857  54.9132 180.3878 0004626 263.1660  96.7280  1.70473717 36305
1 38857U 12055A   18225.59617537  .00000011  00000-0  00000-0 0  9997
2 38857  54.9132 180.3554 0004600 263.2571  96.6418  1.70473729 36327
1 38857U 12055A   18226.18276429  .00000012  00000-0  00000-0 0  9995
2 38857  54.9132 180.3392 0004576 263.2706  96.6316  1.70473745 36335
1 38857U 12055A   18226.76935341  .00000013  00000-0  00000+0 0  9994
2 38857  54.9132 180.3230 0004561 263.3014  96.6042  1.70473755 36341
1 38857U 12055A   18227.35594220  .00000014  00000-0  00000-0 0  9999
2 38857  54.9132 180.3068 0004543 263.3114  96.5975  1.70473767 36359
1 38857U 12055A   18229.70228919  .00000009  00000-0  00000+0 0  9992
2 38857  54.9132 180.2421 0004485 263.4361  96.4807  1.70473805 36391
1 38857U 12055A   18229.70228960  .00000009  00000-0  00000-0 0  9999
2 38857  54.9131 180.2421 0004473 263.4432  96.4738  1.70473812 36397
1 38857U 12055A   18232.04862064 -.00000003  00000-0  00000+0 0  9993
2 38857  54.9129 180.1774 0004383 263.4493  96.4661  1.70473849 36431
1 38857U 12055A   18234.39494540 -.00000010  00000-0  00000+0 0  9991
2 38857  54.9129 180.1127 0004303 263.3122  96.5977  1.70473880 36473
1 38857U 12055A   18235.56811025 -.00000010  00000-0  00000-0 0  9993
2 38857  54.9129 180.0804 0004272 263.2895  96.6193  1.70473886 36494
1 38857U 12055A   18236.74127870 -.00000007  00000-0  00000+0 0  9997
2 38857  54.9128 180.0481 0004242 263.2865  96.6232  1.70473887 36516
1 38857U 12055A   18237.32786453 -.00000006  00000-0  00000-0 0  9990
2 38857  54.9128 180.0319 0004224 263.2932  96.6180  1.70473885 36522
1 38857U 12055A   18238.50103964 -.00000001  00000-0  00000-0 0  9996
2 38857  54.9128 179.9996 0004179 263.3096  96.6068  1.70473873 36545
1 38857U 12055A   18239.08762834  .00000002  00000-0  00000+0 0  9996
2 38857  54.9128 179.9834 0004164 263.3299  96.5899  1.70473868 36551
1 38857U 12055A   18239.67421795  .00000005  00000-0  00000-0 0  9993
2 38857  54.9128 179.9673 0004139 263.3564  96.5672  1.70473862 36563
1 38857U 12055A   18243.19375779  .00000021  00000-0  00000+0 0  9992
2 38857  54.9127 179.8702 0003998 263.4265  96.5211  1.70473781 36621
1 38857U 12055A   18243.78034452  .00000022  00000-0  00000-0 0  9999
2 38857  54.9127 179.8540 0003991 263.4115  96.5383  1.70473774 36631
1 38857U 12055A   18243.78034463  .00000022  00000-0  00000-0 0  9991
2 38857  54.9127 179.8540 0003988 263.4301  96.5197  1.70473772 36635
1 38857U 12055A   18244.95351432  .00000020  00000-0  00000-0 0  9997
2 38857  54.9126 179.8217 0003946 263.5549  96.3966  1.70473747 36650
1 38857U 12055A   18246.12667801  .00000013  00000-0  00000+0 0  9999
2 38857  54.9125 179.7894 0003901 263.6808  96.2688  1.70473732 36675
1 38857U 12055A   18247.88641693 -.00000002  00000-0  00000-0 0  9994
2 38857  54.9124 179.7407 0003842 263.7074  96.2351  1.70473713 36704
1 38857U 12055A   18251.40591376 -.00000020  00000-0  00000+0 0  9998
2 38857  54.9124 179.6435 0003688 263.7627  96.1775  1.70473720 36769
1 38857U 12055A   18251.99250181 -.00000019  00000-0  00000-0 0  9997
2 38857  54.9124 179.6274 0003668 263.8304  96.1126  1.70473729 36771
1 38857U 12055A   18253.75227191 -.00000014  00000-0  00000+0 0  9992
2 38857  54.9123 179.5788 0003610 263.7830  96.1721  1.70473751 36809
1 38857U 12055A   18253.75227191 -.00000014  00000-0  00000-0 0  9993
2 38857  54.9123 179.5788 0003610 263.7830  96.1721  1.70473751 36809
1 38857U 12055A   18254.33886281 -.00000013  00000-0  00000-0 0  9998
2 38857  54.9123 179.5626 0003584 263.7620  96.1976  1.70473765 36815
1 38857U 12055A   18256.68521852 -.00000014  00000-0  00000+0 0  9998
2 38857  54.9121 179.4979 0003495 263.7317  96.2412  1.70473817 36855
1 38857U 12055A   18259.03155697 -.00000024  00000-0  00000+0 0  9991
2 38857  54.9120 179.4331 0003394 263.5572  96.4188  1.70473863 36892
1 38857U 12055A   18260.79130351 -.00000029  00000-0  00000-0 0  9992
2 38857  54.9120 179.3845 0003340 263.4375  96.5367  1.70473888 36923
1 38857U 12055A   18260.79130384 -.00000029  00000-0  00000-0 0  9998
2 38857  54.9119 179.3845 0003324 263.3455  96.6289  1.70473892 36920
1 38857U 12055A   18262.55105316 -.00000028  00000-0  00000+0 0  9999
2 38857  54.9118 179.3360 0003254 263.0774  96.8967  1.70473915 36958
1 38857U 12055A   18263.13763771 -.00000027  00000-0  00000-0 0  9999
2 38857  54.9118 179.3199 0003235 263.0085  96.9664  1.70473917 36960
1 38857U 12055A   18264.31080938 -.00000022  00000-0  00000-0 0  9992
2 38857  54.9118 179.2875 0003201 262.9739  97.0041  1.70473921 36985
1 38857U 12055A   18267.83034714 -.00000000  00000-0  00000-0 0  9999
2 38857  54.9116 179.1904 0003082 262.6841  97.3176  1.70473887 37044
1 38857U 12055A   18270.17671021  .00000014  00000-0  00000+0 0  9991
2 38857  54.9116 179.1257 0002982 262.5408  97.4791  1.70473832 37089
1 38857U 12055A   18271.34988579  .00000017  00000-0  00000-0 0  9994
2 38857  54.9115 179.0933 0002944 262.5036  97.5218  1.70473800 37106
1 38857U 12055A   18271.93647105  .00000017  00000-0  00000-0 0  9996
2 38857  54.9115 179.0771 0002927 262.5028  97.5238  1.70473791 37110
1 38857U 12055A   18273.10963730  .00000014  00000-0  00000+0 0  9998
2 38857  54.9114 179.0447 0002886 262.4793  97.5471  1.70473768 37136
1 38857U 12055A   18274.86937852  .00000003  00000-0  00000-0 0  9997
2 38857  54.9114 178.9961 0002817 262.4407  97.5804  1.70473746 37160
1 38857U 12055A   18276.04253861 -.00000006  00000-0  00000+0 0  9993
2 38857  54.9115 178.9639 0002772 262.4439  97.5731  1.70473740 37183
1 38857U 12055A   18277.21570283 -.00000012  00000-0  00000-0 0  9991
2 38857  54.9114 178.9314 0002716 262.3611  97.6542  1.70473732 37206
1 38857U 12055A   18281.32181938 -.00000002  00000-0  00000+0 0  9991
2 38857  54.9115 178.8180 0002574 261.9388  98.0966  1.70473770 37279
1 38857U 12055A   18283.08158860  .00000002  00000-0  00000-0 0  9994
2 38857  54.9115 178.7695 0002504 261.6546  98.3923  1.70473803 37302
1 38857U 12055A   18285.42793190 -.00000003  00000-0  00000+0 0  9996
2 38857  54.9115 178.7047 0002407 261.1556  98.8972  1.70473857 37343
1 38857U 12055A   18285.42793190 -.00000003  00000-0  00000-0 0  9997
2 38857  54.9115 178.7047 0002407 261.1556  98.8972  1.70473857 37343
1 38857U 12055A   18286.60109698 -.00000007  00000-0  00000-0 0  9996
2 38857  54.9114 178.6723 0002362 260.8538  99.1982  1.70473882 37363
1 38857U 12055A   18287.77426030 -.00000009  00000-0  00000+0 0  9998
2 38857  54.9114 178.6399 0002318 260.4540  99.5962  1.70473905 37382
1 38857U 12055A   18288.94742383 -.00000009  00000-0  00000-0 0  9991
2 38857  54.9115 178.6076 0002283 260.1013  99.9471  1.70473924 37401
1 38857U 12055A   18290.12058912 -.00000005  00000-0  00000+0 0  9997
2 38857  54.9115 178.5752 0002256 259.8164 100.2316  1.70473946 37423
1 38857U 12055A   18290.70717331 -.00000003  00000-0  00000-0 0  9997
2 38857  54.9115 178.5590 0002238 259.6274 100.4212  1.70473951 37437
1 38857U 12055A   18292.46693183  .00000008  00000-0  00000+0 0  9993
2 38857  54.9116 178.5104 0002182 259.2452 100.8088  1.70473952 37460
1 38857U 12055A   18292.46693215  .00000008  00000-0  00000-0 0  9990
2 38857  54.9116 178.5105 0002176 259.1600 100.8941  1.70473949 37462
1 38857U 12055A   18293.64010889  .00000017  00000-0  00000-0 0  9991
2 38857  54.9116 178.4781 0002144 259.0025 101.0580  1.70473942 37483
1 38857U 12055A   18297.74623541  .00000048  00000-0  00000+0 0  9994
2 38857  54.9117 178.3647 0001996 257.5472 102.5403  1.70473855 37558
1 38857U 12055A   18297.74623541  .00000048  00000-0  00000-0 0  9995
2 38857  54.9117 178.3647 0001996 257.5472 102.5403  1.70473855 37558
1 38857U 12055A   18298.91940675  .00000052  00000-0  00000-0 0  9990
2 38857  54.9118 178.3323 0001960 257.3426 102.7477  1.70473824 37579
1 38857U 12055A   18300.09257181  .00000051  00000-0  00000+0 0  9994
2 38857  54.9118 178.2999 0001929 257.0981 102.9913  1.70473795 37591
1 38857U 12055A   18300.09257185  .00000051  00000-0  00000-0 0  9999
2 38857  54.9118 178.2999 0001927 257.1115 102.9779  1.70473793 37597
1 38857U 12055A   18301.26573136  .00000047  00000-0  00000-0 0  9991
2 38857  54.9119 178.2675 0001891 256.9096 103.1755  1.70473771 37610
1 38857U 12055A   18302.43888794  .00000040  00000-0  00000+0 0  9992
2 38857  54.9120 178.2351 0001853 256.6110 103.4679  1.70473757 37639
1 38857U 12055A   18304.78520707  .00000029  00000-0  00000-0 0  9997
2 38857  54.9121 178.1702 0001775 255.9088 104.1612  1.70473739 37677
1 38857U 12055A   18304.78520712  .00000029  00000-0  00000+0 0  9992
2 38857  54.9122 178.1702 0001773 255.8076 104.2624  1.70473740 37678
1 38857U 12055A   18307.13154832  .00000034  00000-0  00000+0 0  9996
2 38857  54.9124 178.1055 0001706 254.8761 105.1986  1.70473754 37718
1 38857U 12055A   18307.71813645  .00000037  00000-0  00000-0 0  9998
2 38857  54.9124 178.0893 0001691 254.6531 105.4245  1.70473761 37723
1 38857U 12055A   18309.47790115  .00000044  00000-0  00000+0 0  9996
2 38857  54.9126 178.0407 0001652 254.0450 106.0416  1.70473790 37759
1 38857U 12055A   18311.23765974  .00000046  00000-0  00000-0 0  9991
2 38857  54.9128 177.9921 0001597 253.2074 106.8841  1.70473825 37783
1 38857U 12055A   18311.82424295  .00000045  00000-0  00000+0 0  9992
2 38857  54.9128 177.9759 0001589 253.2016 106.8898  1.70473835 37793
1 38857U 12055A   18312.41082525  .00000043  00000-0  00000-0 0  9993
2 38857  54.9128 177.9597 0001571 252.8115 107.2793  1.70473851 37808
1 38857U 12055A   18317.10346488  .00000039  00000-0  00000+0 0  9999
2 38857  54.9132 177.8301 0001471 249.6362 110.4384  1.70473946 37887
1 38857U 12055A   18318.27662842  .00000044  00000-0  00000-0 0  9990
2 38857  54.9133 177.7977 0001460 249.1394 110.9334  1.70473958 37900
1 38857U 12055A   18318.86321165  .00000048  00000-0  00000-0 0  9999
2 38857  54.9134 177.7816 0001451 248.8824 111.1905  1.70473962 37910
1 38857U 12055A   18322.38273026  .00000075  00000-0  00000-0 0  9993
2 38857  54.9137 177.6844 0001374 246.6406 113.4439  1.70473926 37972
1 38857U 12055A   18322.96931771  .00000080  00000-0  00000-0 0  9991
2 38857  54.9138 177.6682 0001370 246.4570 113.6302  1.70473916 37980
1 38857U 12055A   18324.14249199  .00000089  00000-0  00000-0 0  9998
2 38857  54.9139 177.6358 0001352 245.7494 114.3425  1.70473885 38001
1 38857U 12055A   18324.72907794  .00000092  00000-0  00000+0 0  9997
2 38857  54.9140 177.6196 0001345 245.4699 114.6235  1.70473867 38012
1 38857U 12055A   18327.66198627  .00000096  00000-0  00000+0 0  9994
2 38857  54.9143 177.5386 0001307 244.5296 115.5588  1.70473785 38061
1 38857U 12055A   18328.83513975  .00000090  00000-0  00000-0 0  9996
2 38857  54.9144 177.5061 0001293 243.9778 116.1026  1.70473768 38081
1 38857U 12055A   18330.00829141  .00000083  00000-0  00000+0 0  9994
2 38857  54.9146 177.4737 0001273 243.3608 116.7104  1.70473749 38101
1 38857U 12055A   18331.18144476  .00000076  00000-0  00000-0 0  9998
2 38857  54.9148 177.4413 0001252 242.7104 117.3525  1.70473736 38127
1 38857U 12055A   18331.76802338  .00000073  00000-0  00000-0 0  9997
2 38857  54.9149 177.4250 0001245 242.1298 117.9299  1.70473730 38136
1 38857U 12055A   18334.11435230  .00000074  00000-0  00000+0 0  9992
2 38857  54.9152 177.3602 0001218 240.5919 119.4647  1.70473728 38177
1 38857U 12055A   18336.46069586  .00000083  00000-0  00000+0 0  9999
2 38857  54.9156 177.2953 0001206 239.4689 120.5935  1.70473755 38215
1 38857U 12055A   18337.04728153  .00000084  00000-0  00000-0 0  9998
2 38857  54.9157 177.2792 0001199 239.1388 120.9247  1.70473764 38222
1 38857U 12055A   18338.80703104  .00000082  00000-0  00000+0 0  9999
2 38857  54.9159 177.2306 0001187 238.2659 121.7969  1.70473794 38259
1 38857U 12055A   18339.39361151  .00000080  00000-0  00000-0 0  9995
2 38857  54.9160 177.2144 0001186 238.2310 121.8300  1.70473800 38263
1 38857U 12055A   18341.15334773  .00000072  00000-0  00000+0 0  9992
2 38857  54.9162 177.1658 0001172 236.4847 123.5674  1.70473841 38295
1 38857U 12055A   18343.49965756  .00000066  00000-0  00000+0 0  9995
2 38857  54.9164 177.1011 0001173 234.9801 125.0573  1.70473884 38331
1 38857U 12055A   18344.67281487  .00000068  00000-0  00000-0 0  9991
2 38857  54.9166 177.0687 0001181 234.6182 125.4133  1.70473903 38359
1 38857U 12055A   18345.84597623  .00000073  00000-0  00000+0 0  9998
2 38857  54.9167 177.0364 0001188 234.1306 125.8974  1.70473918 38377
1 38857U 12055A   18347.60572544  .00000083  00000-0  00000-0 0  9991
2 38857  54.9169 176.9880 0001188 234.0126 126.0150  1.70473917 38401
1 38857U 12055A   18348.19231068  .00000087  00000-0  00000-0 0  9993
2 38857  54.9170 176.9718 0001184 233.6478 126.3808  1.70473909 38419
1 38857U 12055A   18348.77889609  .00000091  00000-0  00000+0 0  9991
2 38857  54.9171 176.9556 0001182 233.6659 126.3640  1.70473904 38429
1 38857U 12055A   18349.36548255  .00000095  00000-0  00000-0 0  9991
2 38857  54.9172 176.9394 0001181 232.9391 127.0926  1.70473890 38434
1 38857U 12055A   18349.95206860  .00000099  00000-0  00000-0 0  9993
2 38857  54.9173 176.9232 0001181 232.9971 127.0362  1.70473881 38445
1 38857U 12055A   18351.71182531  .00000110  00000-0  00000+0 0  9991
2 38857  54.9175 176.8746 0001187 232.5358 127.5014  1.70473840 38474
1 38857U 12055A   18352.29840925  .00000112  00000-0  00000-0 0  9996
2 38857  54.9175 176.8584 0001187 232.4947 127.5428  1.70473828 38483
1 38857U 12055A   18356.40445894  .00000101  00000-0  00000+0 0  9996
2 38857  54.9181 176.7449 0001209 232.5016 127.5143  1.70473718 38552
1 38857U 12055A   18356.99103356  .00000097  00000-0  00000-0 0  9999
2 38857  54.9183 176.7286 0001211 232.3388 127.6717  1.70473694 38568
1 38857U 12055A   18358.75076153  .00000083  00000-0  00000+0 0  9993
2 38857  54.9185 176.6800 0001216 231.9074 128.0888  1.70473674 38598
1 38857U 12055A   18359.33733951  .00000081  00000-0  00000-0 0  9993
2 38857  54.9187 176.6638 0001225 231.4602 128.5326  1.70473668 38608
1 38857U 12055A   18360.51050109  .00000078  00000-0  00000-0 0  9998
2 38857  54.9188 176.6313 0001225 231.4020 128.5870  1.70473661 38622
1 38857U 12055A   18361.09708400  .00000078  00000-0  00000-0 0  9996
2 38857  54.9190 176.6151 0001231 231.3916 128.5969  1.70473661 38635
1 38857U 12055A   18361.09708410  .00000078  00000-0  00000+0 0  9996
2 38857  54.9189 176.6151 0001229 231.3738 128.6147  1.70473661 38631
1 38857U 12055A   18361.65881950  .00000079  00000-0  00000+0 0  9990
2 38857  54.9176 176.5995 0001147 235.0525 109.6880  1.70473816 38631
1 38857U 12055A   18365.20317812  .00000081  00000-0  00000+0 0  9999
2 38857  54.9196 176.5017 0001273 231.7913 128.2017  1.70473707 38708
1 38857U 12055A   18365.78976048  .00000079  00000-0  00000-0 0  9992
2 38857  54.9197 176.4855 0001278 231.6033 128.3888  1.70473713 38710

