1 36585U 10022A   18001.59519024 -.00000064  00000-0  00000+0 0  9997
2 36585  55.8995 332.7530 0067514  44.5889 196.5871  2.00559979 55636
1 36585U 10022A   18002.53454470 -.00000066  00000-0  00000+0 0  9997
2 36585  55.8991 332.7157 0067570  44.5930 154.8298  2.00560030 55658
1 36585U 10022A   18003.55425503 -.00000066  00000-0  00000+0 0  9995
2 36585  55.8985 332.6752 0067633  44.6004 171.0892  2.00560091 55674
1 36585U 10022A   18003.55425503 -.00000066  00000-0  00000-0 0  9996
2 36585  55.8985 332.6752 0067633  44.6004 171.0892  2.00560091 55685
1 36585U 10022A   18004.42857848 -.00000067  00000-0  00000+0 0  9994
2 36585  55.8981 332.6405 0067686  44.6035  82.3785  2.00560149 55698
1 36585U 10022A   18004.56689817 -.00000067  00000-0  00000-0 0  9999
2 36585  55.8980 332.6350 0067693  44.6084 182.2455  2.00560157 55703
1 36585U 10022A   18005.39699199 -.00000068  00000-0  00000+0 0  9995
2 36585  55.8976 332.6020 0067745  44.6101  61.6010  2.00560217 55715
1 36585U 10022A   18005.58040972 -.00000068  00000-0  00000-0 0  9996
2 36585  55.8975 332.5947 0067755  44.6159 194.0294  2.00560229 55724
1 36585U 10022A   18006.40287146 -.00000070  00000-0  00000+0 0  9996
2 36585  55.8971 332.5621 0067807  44.6190  67.8732  2.00560293 55738
1 36585U 10022A   18007.54006303 -.00000074  00000-0  00000+0 0  9990
2 36585  55.8965 332.5169 0067878  44.6336 168.9519  2.00560381 55754
1 36585U 10022A   18008.50819602 -.00000078  00000-0  00000+0 0  9995
2 36585  55.8960 332.4785 0067933  44.6416 147.9711  2.00560459 55772
1 36585U 10022A   18009.56634508 -.00000084  00000-0  00000+0 0  9999
2 36585  55.8954 332.4365 0068003  44.6505 191.9845  2.00560545 55792
1 36585U 10022A   18010.09621611 -.00000086  00000-0  00000+0 0  9992
2 36585  55.8952 332.4154 0068032  44.6541 214.5672  2.00560588 55807
1 36585U 10022A   18010.57855076 -.00000088  00000-0  00000-0 0  9992
2 36585  55.8949 332.3963 0068061  44.6576 202.8271  2.00560626 55820
1 36585U 10022A   18011.48141167 -.00000091  00000-0  00000+0 0  9995
2 36585  55.8945 332.3604 0068121  44.6640 134.7197  2.00560699 55838
1 36585U 10022A   18012.53819413 -.00000092  00000-0  00000+0 0  9999
2 36585  55.8939 332.3185 0068184  44.6712 177.7487  2.00560778 55853
1 36585U 10022A   18013.00776000 -.00000092  00000-0  00000+0 0  9996
2 36585  55.8937 332.2999 0068216  44.6751 156.7889  2.00560813 55866
1 36585U 10022A   18014.35520800 -.00000088  00000-0  00000+0 0  9995
2 36585  55.8930 332.2464 0068307  44.6851  49.6868  2.00560906 55891
1 36585U 10022A   18014.56396529 -.00000087  00000-0  00000-0 0  9997
2 36585  55.8929 332.2382 0068314  44.6880 200.4147  2.00560917 55909
1 36585U 10022A   18015.47409689 -.00000082  00000-0  00000+0 0  9994
2 36585  55.8924 332.2021 0068372  44.7002 137.5519  2.00560972 55910
1 36585U 10022A   18016.58011368 -.00000075  00000-0  00000+0 0  9992
2 36585  55.8918 332.1582 0068436  44.7113 216.1269  2.00561027 55938
1 36585U 10022A   18017.06017676 -.00000071  00000-0  00000+0 0  9990
2 36585  55.8916 332.1392 0068464  44.7162 202.7459  2.00561048 55946
1 36585U 10022A   18019.56125859 -.00000056  00000-0  00000+0 0  9993
2 36585  55.8903 332.0400 0068604  44.7439 208.5954  2.00561135 55990
1 36585U 10022A   18020.46239234 -.00000052  00000-0  00000+0 0  9993
2 36585  55.8898 332.0042 0068664  44.7570 139.2358  2.00561160 56017
1 36585U 10022A   18020.56499788 -.00000052  00000-0  00000-0 0  9997
2 36585  55.8897 332.0001 0068668  44.7573 213.3207  2.00561161 56027
1 36585U 10022A   18021.04466431 -.00000050  00000-0  00000+0 0  9997
2 36585  55.8895 331.9811 0068696  44.7640 199.6517  2.00561170 56028
1 36585U 10022A   18021.45979649 -.00000049  00000-0  00000-0 0  9991
2 36585  55.8893 331.9646 0068722  44.7702 139.3871  2.00561180 56048
1 36585U 10022A   18022.05251913 -.00000049  00000-0  00000+0 0  9994
2 36585  55.8889 331.9411 0068758  44.7785 207.3477  2.00561193 56045
1 36585U 10022A   18023.06474823 -.00000050  00000-0  00000+0 0  9995
2 36585  55.8884 331.9009 0068819  44.7976 218.1976  2.00561213 56062
1 36585U 10022A   18024.01791015 -.00000052  00000-0  00000+0 0  9998
2 36585  55.8879 331.8631 0068880  44.8145 186.4010  2.00561236 56086
1 36585U 10022A   18025.46967269 -.00000057  00000-0  00000+0 0  9999
2 36585  55.8871 331.8054 0068966  44.8399 154.6055  2.00561276 56117
1 36585U 10022A   18026.27323861 -.00000061  00000-0  00000+0 0  9998
2 36585  55.8866 331.7734 0069006  44.8507  14.8010  2.00561299 56137
1 36585U 10022A   18029.47943882 -.00000070  00000-0  00000+0 0  9994
2 36585  55.8849 331.6460 0069187  44.9095 169.7473  2.00561440 56193
1 36585U 10022A   18030.02834493 -.00000070  00000-0  00000+0 0  9994
2 36585  55.8846 331.6242 0069222  44.9207 206.0685  2.00561470 56208
1 36585U 10022A   18031.03965050 -.00000070  00000-0  00000+0 0  9990
2 36585  55.8840 331.5840 0069284  44.9394 216.2534  2.00561530 56225
1 36585U 10022A   18032.42162230 -.00000071  00000-0  00000+0 0  9994
2 36585  55.8833 331.5291 0069376  44.9658 134.0669  2.00561624 56255
1 36585U 10022A   18033.42950559 -.00000072  00000-0  00000-0 0  9996
2 36585  55.8827 331.4890 0069436  44.9870 141.7788  2.00561699 56287
1 36585U 10022A   18034.01419970 -.00000074  00000-0  00000-0 0  9991
2 36585  55.8824 331.4658 0069468  45.0004 203.9387  2.00561741 56297
1 36585U 10022A   18034.29494516 -.00000075  00000-0  00000-0 0  9991
2 36585  55.8822 331.4546 0069486  45.0013  46.6475  2.00561765 56309
1 36585U 10022A   18035.41934219 -.00000079  00000-0  00000+0 0  9998
2 36585  55.8816 331.4100 0069554  45.0296 138.4805  2.00561853 56313
1 36585U 10022A   18036.40911949 -.00000084  00000-0  00000+0 0  9999
2 36585  55.8811 331.3706 0069613  45.0507 133.1198  2.00561933 56338
1 36585U 10022A   18037.51782127 -.00000090  00000-0  00000+0 0  9993
2 36585  55.8804 331.3266 0069674  45.0719 213.6278  2.00562021 56357
1 36585U 10022A   18038.46245740 -.00000093  00000-0  00000+0 0  9996
2 36585  55.8799 331.2891 0069730  45.0888 175.6780  2.00562098 56374
1 36585U 10022A   18039.47484398 -.00000095  00000-0  00000+0 0  9994
2 36585  55.8794 331.2488 0069787  45.1064 186.6463  2.00562174 56397
1 36585U 10022A   18040.39916912 -.00000094  00000-0  00000+0 0  9998
2 36585  55.8789 331.2121 0069851  45.1264 134.0284  2.00562244 56418
1 36585U 10022A   18041.03785490 -.00000092  00000-0  00000+0 0  9993
2 36585  55.8785 331.1868 0069884  45.1360 235.1773  2.00562289 56431
1 36585U 10022A   18042.52662424 -.00000085  00000-0  00000+0 0  9991
2 36585  55.8777 331.1277 0069974  45.1687 230.0999  2.00562388 56465
1 36585U 10022A   18043.52961883 -.00000078  00000-0  00000+0 0  9995
2 36585  55.8772 331.0878 0070029  45.1905 234.2836  2.00562445 56484
1 36585U 10022A   18044.47212219 -.00000071  00000-0  00000+0 0  9995
2 36585  55.8767 331.0504 0070079  45.2134 194.7890  2.00562491 56508
1 36585U 10022A   18045.48854937 -.00000063  00000-0  00000+0 0  9997
2 36585  55.8761 331.0100 0070133  45.2369 208.6703  2.00562534 56523
1 36585U 10022A   18046.03235279 -.00000060  00000-0  00000+0 0  9998
2 36585  55.8758 330.9884 0070161  45.2480 241.3090  2.00562555 56538
1 36585U 10022A   18047.51438451 -.00000052  00000-0  00000+0 0  9990
2 36585  55.8750 330.9296 0070240  45.2825 231.3664  2.00562596 56562
1 36585U 10022A   18049.27150366 -.00000047  00000-0  00000+0 0  9995
2 36585  55.8740 330.8598 0070338  45.3257  60.0408  2.00562639 56597
1 36585U 10022A   18050.96609997 -.00000048  00000-0  00000-0 0  9994
2 36585  55.8731 330.7924 0070427  45.3705 203.5698  2.00562674 56635
1 36585U 10022A   18051.49910235 -.00000049  00000-0  00000+0 0  9993
2 36585  55.8728 330.7712 0070455  45.3854 228.4065  2.00562686 56640
1 36585U 10022A   18052.44285458 -.00000052  00000-0  00000+0 0  9995
2 36585  55.8723 330.7337 0070499  45.4082 189.8149  2.00562710 56663
1 36585U 10022A   18053.23257208 -.00000055  00000-0  00000+0 0  9998
2 36585  55.8718 330.7023 0070545  45.4330  40.0014  2.00562730 56679
1 36585U 10022A   18054.25072477 -.00000058  00000-0  00000+0 0  9997
2 36585  55.8713 330.6618 0070594  45.4581  55.1284  2.00562764 56690
1 36585U 10022A   18055.01672931 -.00000060  00000-0  00000+0 0  9996
2 36585  55.8709 330.6313 0070637  45.4853 248.1911  2.00562792 56712
1 36585U 10022A   18055.01672931 -.00000060  00000-0  00000-0 0  9997
2 36585  55.8709 330.6313 0070637  45.4853 248.1911  2.00562792 56712
1 36585U 10022A   18055.95911598 -.00000062  00000-0  00000+0 0  9996
2 36585  55.8704 330.5938 0070689  45.5117 208.6107  2.00562833 56736
1 36585U 10022A   18055.95911598 -.00000062  00000-0  00000-0 0  9997
2 36585  55.8704 330.5938 0070689  45.5117 208.6107  2.00562833 56736
1 36585U 10022A   18057.44101355 -.00000063  00000-0  00000+0 0  9995
2 36585  55.8696 330.5349 0070759  45.5449 198.5749  2.00562904 56769
1 36585U 10022A   18058.23136323 -.00000063  00000-0  00000+0 0  9996
2 36585  55.8691 330.5034 0070798  45.5617  49.2267  2.00562952 56776
1 36585U 10022A   18059.24330345 -.00000062  00000-0  00000+0 0  9997
2 36585  55.8686 330.4632 0070857  45.5932  59.8624  2.00563014 56795
1 36585U 10022A   18060.25461219 -.00000063  00000-0  00000+0 0  9996
2 36585  55.8681 330.4230 0070904  45.6182  70.0489  2.00563081 56816
1 36585U 10022A   18062.98587310 -.00000073  00000-0  00000+0 0  9990
2 36585  55.8666 330.3143 0071047  45.7055 242.0590  2.00563283 56874
1 36585U 10022A   18063.93258912 -.00000078  00000-0  00000+0 0  9994
2 36585  55.8660 330.2767 0071091  45.7297 205.6081  2.00563358 56891
1 36585U 10022A   18064.94374536 -.00000082  00000-0  00000+0 0  9992
2 36585  55.8655 330.2365 0071134  45.7518 215.6885  2.00563439 56919
1 36585U 10022A   18064.94374536 -.00000082  00000-0  00000-0 0  9993
2 36585  55.8655 330.2365 0071134  45.7518 215.6885  2.00563439 56919
1 36585U 10022A   18066.97686906 -.00000087  00000-0  00000+0 0  9999
2 36585  55.8644 330.1557 0071236  45.8044 243.6476  2.00563596 56952
1 36585U 10022A   18066.97686906 -.00000087  00000-0  00000-0 0  9990
2 36585  55.8644 330.1557 0071236  45.8044 243.6476  2.00563596 56952
1 36585U 10022A   18067.98336201 -.00000085  00000-0  00000+0 0  9999
2 36585  55.8638 330.1156 0071297  45.8403 250.3477  2.00563669 56975
1 36585U 10022A   18068.93158271 -.00000081  00000-0  00000+0 0  9990
2 36585  55.8634 330.0780 0071336  45.8628 214.9860  2.00563735 56994
1 36585U 10022A   18068.93158271 -.00000081  00000-0  00000-0 0  9991
2 36585  55.8634 330.0780 0071336  45.8628 214.9860  2.00563735 56994
1 36585U 10022A   18069.94478109 -.00000075  00000-0  00000+0 0  9990
2 36585  55.8628 330.0377 0071385  45.8918 226.5351  2.00563801 57017
1 36585U 10022A   18070.95750583 -.00000068  00000-0  00000+0 0  9994
2 36585  55.8623 329.9974 0071429  45.9197 237.7434  2.00563858 57031
1 36585U 10022A   18070.95750583 -.00000068  00000-0  00000-0 0  9995
2 36585  55.8623 329.9974 0071429  45.9197 237.7434  2.00563858 57031
1 36585U 10022A   18071.97185216 -.00000060  00000-0  00000+0 0  9994
2 36585  55.8618 329.9571 0071473  45.9498 250.1207  2.00563909 57057
1 36585U 10022A   18072.91638802 -.00000053  00000-0  00000+0 0  9995
2 36585  55.8613 329.9195 0071509  45.9769 212.0944  2.00563949 57076
1 36585U 10022A   18072.91638802 -.00000053  00000-0  00000-0 0  9996
2 36585  55.8613 329.9195 0071509  45.9769 212.0944  2.00563949 57076
1 36585U 10022A   18073.92839581 -.00000046  00000-0  00000-0 0  9997
2 36585  55.8607 329.8793 0071548  46.0035 222.7870  2.00563984 57090
1 36585U 10022A   18074.47590198 -.00000043  00000-0  00000+0 0  9992
2 36585  55.8604 329.8575 0071567  46.0139 258.1029  2.00564000 57102
1 36585U 10022A   18075.48802236 -.00000039  00000-0  00000+0 0  9998
2 36585  55.8599 329.8172 0071612  46.0478 268.8696  2.00564026 57123
1 36585U 10022A   18076.42083194 -.00000037  00000-0  00000+0 0  9995
2 36585  55.8594 329.7801 0071653  46.0792 222.3728  2.00564047 57146
1 36585U 10022A   18077.35538524 -.00000036  00000-0  00000+0 0  9999
2 36585  55.8590 329.7428 0071695  46.1102 177.1356  2.00564068 57168
1 36585U 10022A   18077.79386821 -.00000036  00000-0  00000-0 0  9999
2 36585  55.8587 329.7254 0071714  46.1244 133.7278  2.00564077 57172
1 36585U 10022A   18078.46213262 -.00000037  00000-0  00000+0 0  9992
2 36585  55.8584 329.6988 0071741  46.1486 256.2237  2.00564090 57182
1 36585U 10022A   18079.79100725 -.00000041  00000-0  00000+0 0  9993
2 36585  55.8577 329.6458 0071800  46.1938 135.6922  2.00564123 57205
1 36585U 10022A   18079.79100725 -.00000041  00000-0  00000-0 0  9994
2 36585  55.8577 329.6458 0071800  46.1938 135.6922  2.00564123 57216
1 36585U 10022A   18080.94995715 -.00000045  00000-0  00000+0 0  9997
2 36585  55.8571 329.5997 0071842  46.2339 252.4720  2.00564154 57239
1 36585U 10022A   18080.94995715 -.00000045  00000-0  00000-0 0  9998
2 36585  55.8571 329.5997 0071842  46.2339 252.4720  2.00564154 57239
1 36585U 10022A   18082.28641726 -.00000048  00000-0  00000+0 0  9999
2 36585  55.8565 329.5464 0071892  46.2689 137.4283  2.00564201 57255
1 36585U 10022A   18082.91645571 -.00000049  00000-0  00000-0 0  9993
2 36585  55.8562 329.5213 0071914  46.2897 232.3270  2.00564225 57279
1 36585U 10022A   18083.45886587 -.00000050  00000-0  00000+0 0  9998
2 36585  55.8559 329.4997 0071934  46.3054 263.9588  2.00564247 57288
1 36585U 10022A   18084.28521563 -.00000050  00000-0  00000+0 0  9990
2 36585  55.8555 329.4668 0071971  46.3310 140.5995  2.00564288 57293
1 36585U 10022A   18084.94531257 -.00000050  00000-0  00000-0 0  9995
2 36585  55.8551 329.4405 0071995  46.3546 257.1994  2.00564320 57319
1 36585U 10022A   18085.77142295 -.00000050  00000-0  00000-0 0  9997
2 36585  55.8547 329.4076 0072029  46.3749 133.6728  2.00564369 57330
1 36585U 10022A   18086.29075897 -.00000050  00000-0  00000+0 0  9997
2 36585  55.8545 329.3869 0072049  46.3894 148.6454  2.00564400 57338
1 36585U 10022A   18087.29006469 -.00000050  00000-0  00000-0 0  9998
2 36585  55.8540 329.3471 0072089  46.4175 150.1672  2.00564465 57363
1 36585U 10022A   18088.16498921 -.00000052  00000-0  00000+0 0  9994
2 36585  55.8535 329.3123 0072122  46.4521  61.8729  2.00564526 57374
1 36585U 10022A   18088.45996118 -.00000053  00000-0  00000-0 0  9999
2 36585  55.8534 329.3006 0072133  46.4699 274.8400  2.00564543 57383
1 36585U 10022A   18089.27186153 -.00000056  00000-0  00000+0 0  9992
2 36585  55.8529 329.2682 0072169  46.4980 141.0458  2.00564604 57395
1 36585U 10022A   18089.51018135 -.00000057  00000-0  00000-0 0  9995
2 36585  55.8528 329.2587 0072174  46.5057 313.1173  2.00564620 57406
1 36585U 10022A   18090.18930919 -.00000061  00000-0  00000+0 0  9997
2 36585  55.8525 329.2317 0072204  46.5208  83.4677  2.00564674 57412
1 36585U 10022A   18091.42850725 -.00000068  00000-0  00000+0 0  9998
2 36585  55.8519 329.1824 0072240  46.5561 258.1978  2.00564769 57442
1 36585U 10022A   18091.75549475 -.00000069  00000-0  00000-0 0  9993
2 36585  55.8517 329.1694 0072257  46.5689 134.2870  2.00564797 57451
1 36585U 10022A   18092.44173409 -.00000072  00000-0  00000+0 0  9993
2 36585  55.8513 329.1421 0072271  46.5872 269.7694  2.00564851 57465
1 36585U 10022A   18093.45690214 -.00000076  00000-0  00000+0 0  9997
2 36585  55.8508 329.1017 0072305  46.6143 282.7469  2.00564931 57486
1 36585U 10022A   18093.92912694 -.00000076  00000-0  00000-0 0  9999
2 36585  55.8506 329.0829 0072321  46.6277 263.7047  2.00564967 57491
1 36585U 10022A   18094.25605059 -.00000076  00000-0  00000+0 0  9999
2 36585  55.8504 329.0699 0072335  46.6393 139.7491  2.00564994 57493
1 36585U 10022A   18094.79437578 -.00000076  00000-0  00000-0 0  9998
2 36585  55.8502 329.0485 0072352  46.6531 168.4346  2.00565034 57514
1 36585U 10022A   18095.18519198 -.00000075  00000-0  00000+0 0  9999
2 36585  55.8500 329.0329 0072369  46.6642  90.6134  2.00565063 57513
1 36585U 10022A   18095.74979990 -.00000073  00000-0  00000-0 0  9990
2 36585  55.8497 329.0105 0072384  46.6820 138.2725  2.00565103 57537
1 36585U 10022A   18096.10821819 -.00000072  00000-0  00000+0 0  9995
2 36585  55.8495 328.9962 0072398  46.6910  37.0605  2.00565128 57539
1 36585U 10022A   18097.24354877 -.00000065  00000-0  00000+0 0  9998
2 36585  55.8490 328.9510 0072431  46.7304 136.7903  2.00565201 57551
1 36585U 10022A   18098.45266938 -.00000057  00000-0  00000+0 0  9993
2 36585  55.8484 328.9029 0072465  46.7624 289.8080  2.00565268 57583
1 36585U 10022A   18099.24350453 -.00000050  00000-0  00000+0 0  9990
2 36585  55.8480 328.8714 0072486  46.7910 140.8048  2.00565306 57594
1 36585U 10022A   18099.71527924 -.00000047  00000-0  00000-0 0  9998
2 36585  55.8478 328.8527 0072497  46.8048 121.4376  2.00565326 57612
1 36585U 10022A   18100.11287241 -.00000044  00000-0  00000+0 0  9996
2 36585  55.8476 328.8369 0072509  46.8151  48.5110  2.00565342 57616
1 36585U 10022A   18100.88412493 -.00000039  00000-0  00000-0 0  9994
2 36585  55.8472 328.8062 0072524  46.8403 245.3717  2.00565370 57632
1 36585U 10022A   18101.42561502 -.00000036  00000-0  00000+0 0  9997
2 36585  55.8469 328.7847 0072539  46.8562 276.3409  2.00565387 57641
1 36585U 10022A   18101.47340965 -.00000036  00000-0  00000-0 0  9991
2 36585  55.8469 328.7828 0072541  46.8577 310.8497  2.00565388 57641
1 36585U 10022A   18102.20875822 -.00000033  00000-0  00000+0 0  9994
2 36585  55.8465 328.7536 0072559  46.8792 121.7896  2.00565409 57658
1 36585U 10022A   18102.68395338 -.00000031  00000-0  00000-0 0  9994
2 36585  55.8463 328.7347 0072570  46.8929 104.8925  2.00565420 57671
1 36585U 10022A   18103.45448277 -.00000029  00000-0  00000+0 0  9997
2 36585  55.8459 328.7040 0072589  46.9131 301.2365  2.00565438 57683
1 36585U 10022A   18103.45448277 -.00000029  00000-0  00000-0 0  9998
2 36585  55.8459 328.7040 0072589  46.9131 301.2365  2.00565438 57683
1 36585U 10022A   18104.22868076 -.00000028  00000-0  00000+0 0  9995
2 36585  55.8455 328.6732 0072609  46.9418 140.2209  2.00565454 57694
1 36585U 10022A   18104.47063215 -.00000028  00000-0  00000-0 0  9995
2 36585  55.8454 328.6636 0072615  46.9483 314.9164  2.00565458 57712
1 36585U 10022A   18105.24318105 -.00000029  00000-0  00000+0 0  9992
2 36585  55.8450 328.6329 0072635  46.9749 152.7124  2.00565475 57717
1 36585U 10022A   18105.41063521 -.00000029  00000-0  00000-0 0  9991
2 36585  55.8449 328.6262 0072638  46.9800 273.6184  2.00565477 57724
1 36585U 10022A   18105.94992028 -.00000030  00000-0  00000-0 0  9994
2 36585  55.8447 328.6047 0072651  46.9984 302.9933  2.00565489 57733
1 36585U 10022A   18106.42756549 -.00000031  00000-0  00000+0 0  9994
2 36585  55.8444 328.5857 0072662  47.0153 287.8625  2.00565499 57741
1 36585U 10022A   18107.23816406 -.00000034  00000-0  00000+0 0  9996
2 36585  55.8440 328.5535 0072683  47.0400 153.1345  2.00565520 57758
1 36585U 10022A   18107.46021507 -.00000034  00000-0  00000-0 0  9992
2 36585  55.8439 328.5446 0072685  47.0473 313.4602  2.00565524 57761
1 36585U 10022A   18107.70971032 -.00000035  00000-0  00000-0 0  9997
2 36585  55.8438 328.5347 0072693  47.0550 133.6018  2.00565532 57778
1 36585U 10022A   18108.38335388 -.00000037  00000-0  00000+0 0  9991
2 36585  55.8435 328.5079 0072705  47.0781 259.9865  2.00565551 57781
1 36585U 10022A   18108.45184796 -.00000037  00000-0  00000+0 0  9994
2 36585  55.8434 328.5052 0072705  47.0798 309.4413  2.00565552 57780
1 36585U 10022A   18108.45184796 -.00000037  00000-0  00000-0 0  9995
2 36585  55.8434 328.5052 0072705  47.0798 309.4413  2.00565552 57780
1 36585U 10022A   18109.67978748 -.00000040  00000-0  00000-0 0  9992
2 36585  55.8428 328.4563 0072736  47.1171 116.0441  2.00565595 57813
1 36585U 10022A   18110.41260920 -.00000042  00000-0  00000+0 0  9993
2 36585  55.8425 328.4271 0072747  47.1418 285.1574  2.00565622 57829
1 36585U 10022A   18110.87867916 -.00000042  00000-0  00000-0 0  9992
2 36585  55.8423 328.4086 0072758  47.1580 261.6696  2.00565642 57830
1 36585U 10022A   18111.45327130 -.00000042  00000-0  00000+0 0  9995
2 36585  55.8420 328.3857 0072768  47.1733 316.5417  2.00565669 57844
1 36585U 10022A   18111.89201753 -.00000042  00000-0  00000-0 0  9996
2 36585  55.8418 328.3682 0072779  47.1869 273.3274  2.00565690 57855
1 36585U 10022A   18112.36787086 -.00000042  00000-0  00000+0 0  9996
2 36585  55.8416 328.3493 0072790  47.2015 256.9054  2.00565714 57861
1 36585U 10022A   18112.36787086 -.00000042  00000-0  00000-0 0  9997
2 36585  55.8416 328.3493 0072790  47.2015 256.9054  2.00565714 57861
1 36585U 10022A   18112.90809899 -.00000042  00000-0  00000-0 0  9994
2 36585  55.8413 328.3278 0072800  47.2211 286.9607  2.00565744 57870
1 36585U 10022A   18113.38147168 -.00000043  00000-0  00000+0 0  9991
2 36585  55.8411 328.3089 0072812  47.2305 268.7528  2.00565771 57886
1 36585U 10022A   18113.69893601 -.00000043  00000-0  00000-0 0  9996
2 36585  55.8409 328.2963 0072825  47.2377 137.9727  2.00565792 57898
1 36585U 10022A   18114.39249470 -.00000043  00000-0  00000+0 0  9992
2 36585  55.8406 328.2687 0072834  47.2627 278.7360  2.00565834 57902
1 36585U 10022A   18115.88055022 -.00000048  00000-0  00000-0 0  9991
2 36585  55.8398 328.2095 0072865  47.3147 273.1439  2.00565935 57938
1 36585U 10022A   18116.18196694 -.00000049  00000-0  00000+0 0  9996
2 36585  55.8396 328.1975 0072876  47.3197 130.7788  2.00565959 57930
1 36585U 10022A   18116.42506125 -.00000050  00000-0  00000-0 0  9990
2 36585  55.8395 328.1879 0072877  47.3239 306.3024  2.00565976 57944
1 36585U 10022A   18117.19011295 -.00000055  00000-0  00000+0 0  9998
2 36585  55.8391 328.1574 0072896  47.3494 138.6877  2.00566035 57956
1 36585U 10022A   18118.16099553 -.00000061  00000-0  00000+0 0  9996
2 36585  55.8386 328.1188 0072913  47.3781 119.6914  2.00566112 57979
1 36585U 10022A   18118.67869694 -.00000064  00000-0  00000-0 0  9997
2 36585  55.8384 328.0982 0072921  47.3940 133.4856  2.00566153 57990
1 36585U 10022A   18119.39885138 -.00000068  00000-0  00000+0 0  9991
2 36585  55.8380 328.0696 0072928  47.4106 293.4616  2.00566209 58006
1 36585U 10022A   18120.41050236 -.00000072  00000-0  00000-0 0  9995
2 36585  55.8375 328.0294 0072944  47.4391 303.9031  2.00566289 58026
1 36585U 10022A   18120.87514993 -.00000074  00000-0  00000+0 0  9991
2 36585  55.8373 328.0109 0072952  47.4504 279.3941  2.00566325 58032
1 36585U 10022A   18120.87514993 -.00000074  00000-0  00000-0 0  9992
2 36585  55.8373 328.0109 0072952  47.4504 279.3941  2.00566325 58032
1 36585U 10022A   18121.66913675 -.00000075  00000-0  00000+0 0  9990
2 36585  55.8369 327.9794 0072970  47.4723 132.6765  2.00566387 58042
1 36585U 10022A   18121.66913675 -.00000075  00000-0  00000-0 0  9991
2 36585  55.8369 327.9794 0072970  47.4723 132.6765  2.00566387 58053
1 36585U 10022A   18122.91010155 -.00000073  00000-0  00000-0 0  9999
2 36585  55.8363 327.9301 0072986  47.5059 308.6913  2.00566477 58073
1 36585U 10022A   18123.19040819 -.00000072  00000-0  00000+0 0  9998
2 36585  55.8362 327.9189 0072993  47.5153 151.0795  2.00566497 58079
1 36585U 10022A   18123.69849252 -.00000069  00000-0  00000-0 0  9998
2 36585  55.8360 327.8987 0073004  47.5256 157.9356  2.00566531 58099
1 36585U 10022A   18124.39701914 -.00000066  00000-0  00000+0 0  9994
2 36585  55.8356 327.8710 0073015  47.5394 302.2988  2.00566576 58100
1 36585U 10022A   18124.86251470 -.00000063  00000-0  00000-0 0  9991
2 36585  55.8354 327.8525 0073021  47.5518 278.4014  2.00566604 58114
1 36585U 10022A   18125.18406605 -.00000060  00000-0  00000+0 0  9995
2 36585  55.8352 327.8397 0073026  47.5646 150.5674  2.00566623 58119
1 36585U 10022A   18125.88319856 -.00000055  00000-0  00000-0 0  9998
2 36585  55.8349 327.8119 0073033  47.5802 295.3664  2.00566660 58139
1 36585U 10022A   18126.41948937 -.00000051  00000-0  00000+0 0  9991
2 36585  55.8346 327.7906 0073038  47.5969 322.5832  2.00566686 58147
1 36585U 10022A   18127.36703620 -.00000045  00000-0  00000+0 0  9997
2 36585  55.8341 327.7530 0073045  47.6223 286.7422  2.00566726 58160
1 36585U 10022A   18128.37793187 -.00000039  00000-0  00000+0 0  9999
2 36585  55.8336 327.7128 0073052  47.6500 296.6407  2.00566761 58187
1 36585U 10022A   18128.64013770 -.00000038  00000-0  00000-0 0  9992
2 36585  55.8335 327.7024 0073054  47.6610 125.9578  2.00566769 58197
1 36585U 10022A   18129.38958674 -.00000034  00000-0  00000+0 0  9990
2 36585  55.8331 327.6726 0073066  47.6695 307.0958  2.00566790 58208
1 36585U 10022A   18129.85581556 -.00000033  00000-0  00000-0 0  9993
2 36585  55.8329 327.6540 0073071  47.6804 283.7297  2.00566801 58217
1 36585U 10022A   18130.40706615 -.00000032  00000-0  00000+0 0  9999
2 36585  55.8326 327.6321 0073077  47.6959 321.7498  2.00566813 58228
1 36585U 10022A   18130.64559194 -.00000031  00000-0  00000+0 0  9992
2 36585  55.8325 327.6227 0073078  47.7045 133.9709  2.00566818 58223
1 36585U 10022A   18130.64559194 -.00000031  00000-0  00000-0 0  9993
2 36585  55.8325 327.6227 0073078  47.7045 133.9709  2.00566818 58234
1 36585U 10022A   18131.64884233 -.00000031  00000-0  00000-0 0  9999
2 36585  55.8320 327.5828 0073089  47.7305 138.3514  2.00566838 58253
1 36585U 10022A   18132.36136046 -.00000031  00000-0  00000+0 0  9990
2 36585  55.8316 327.5545 0073097  47.7485 292.8139  2.00566852 58268
1 36585U 10022A   18132.62717420 -.00000032  00000-0  00000-0 0  9992
2 36585  55.8314 327.5439 0073101  47.7566 124.7392  2.00566858 58275
1 36585U 10022A   18133.37382949 -.00000033  00000-0  00000+0 0  9999
2 36585  55.8310 327.5142 0073107  47.7763 303.8493  2.00566873 58287
1 36585U 10022A   18134.13316730 -.00000035  00000-0  00000+0 0  9991
2 36585  55.8306 327.4840 0073116  47.7958 132.1171  2.00566890 58298
1 36585U 10022A   18134.86612550 -.00000038  00000-0  00000-0 0  9994
2 36585  55.8303 327.4548 0073124  47.8099 301.3427  2.00566906 58311
1 36585U 10022A   18135.40296120 -.00000039  00000-0  00000+0 0  9996
2 36585  55.8300 327.4335 0073123  47.8305 328.9497  2.00566919 58328
1 36585U 10022A   18135.87393951 -.00000041  00000-0  00000-0 0  9991
2 36585  55.8297 327.4148 0073125  47.8442 309.0107  2.00566932 58333
1 36585U 10022A   18136.41909278 -.00000042  00000-0  00000+0 0  9997
2 36585  55.8295 327.3931 0073125  47.8596 342.6288  2.00566949 58342
1 36585U 10022A   18137.13749271 -.00000044  00000-0  00000+0 0  9994
2 36585  55.8291 327.3645 0073133  47.8785 141.3379  2.00566974 58353
1 36585U 10022A   18137.63125837 -.00000045  00000-0  00000+0 0  9996
2 36585  55.8289 327.3449 0073141  47.8855 137.8596  2.00566993 58362
1 36585U 10022A   18137.63125837 -.00000045  00000-0  00000-0 0  9997
2 36585  55.8289 327.3449 0073141  47.8855 137.8596  2.00566993 58373
1 36585U 10022A   18138.62011807 -.00000046  00000-0  00000-0 0  9999
2 36585  55.8284 327.3055 0073148  47.9091 131.8525  2.00567035 58397
1 36585U 10022A   18139.16672514 -.00000046  00000-0  00000+0 0  9996
2 36585  55.8281 327.2838 0073153  47.9222 166.5229  2.00567061 58399
1 36585U 10022A   18139.85980874 -.00000046  00000-0  00000-0 0  9994
2 36585  55.8278 327.2563 0073152  47.9392 306.9544  2.00567096 58418
1 36585U 10022A   18140.10634338 -.00000046  00000-0  00000+0 0  9994
2 36585  55.8276 327.2465 0073157  47.9462 124.9604  2.00567110 58412
1 36585U 10022A   18140.65100251 -.00000046  00000-0  00000-0 0  9997
2 36585  55.8273 327.2248 0073161  47.9628 158.2208  2.00567140 58432
1 36585U 10022A   18141.34198973 -.00000047  00000-0  00000+0 0  9992
2 36585  55.8270 327.1974 0073158  47.9811 297.1376  2.00567181 58449
1 36585U 10022A   18142.36567764 -.00000050  00000-0  00000+0 0  9997
2 36585  55.8264 327.1567 0073164  48.0064 316.2776  2.00567248 58462
1 36585U 10022A   18142.83468333 -.00000052  00000-0  00000-0 0  9994
2 36585  55.8262 327.1380 0073169  48.0169 294.9179  2.00567279 58478
1 36585U 10022A   18143.37263384 -.00000054  00000-0  00000+0 0  9994
2 36585  55.8259 327.1166 0073174  48.0271 323.3411  2.00567318 58487
1 36585U 10022A   18143.83944007 -.00000057  00000-0  00000-0 0  9997
2 36585  55.8256 327.0981 0073176  48.0391 300.3919  2.00567351 58499
1 36585U 10022A   18144.39148909 -.00000060  00000-0  00000-0 0  9990
2 36585  55.8253 327.0762 0073179  48.0502 338.9942  2.00567392 58500
1 36585U 10022A   18144.85962010 -.00000063  00000-0  00000-0 0  9991
2 36585  55.8251 327.0576 0073178  48.0621 317.0018  2.00567428 58526
1 36585U 10022A   18145.35042449 -.00000067  00000-0  00000+0 0  9995
2 36585  55.8248 327.0381 0073177  48.0741 311.3809  2.00567466 58525
1 36585U 10022A   18145.88014384 -.00000070  00000-0  00000-0 0  9995
2 36585  55.8245 327.0170 0073177  48.0864 333.8588  2.00567508 58546
1 36585U 10022A   18146.34287191 -.00000073  00000-0  00000+0 0  9997
2 36585  55.8243 326.9986 0073178  48.0960 307.9676  2.00567545 58546
1 36585U 10022A   18146.89391015 -.00000077  00000-0  00000-0 0  9993
2 36585  55.8240 326.9767 0073180  48.1064 345.8412  2.00567589 58568
1 36585U 10022A   18147.12831483 -.00000078  00000-0  00000-0 0  9999
2 36585  55.8238 326.9674 0073183  48.1139 155.0884  2.00567608 58564
1 36585U 10022A   18147.36639053 -.00000079  00000-0  00000+0 0  9994
2 36585  55.8237 326.9580 0073181  48.1146 326.9932  2.00567627 58569
1 36585U 10022A   18147.83299132 -.00000081  00000-0  00000-0 0  9990
2 36585  55.8235 326.9394 0073180  48.1240 303.8987  2.00567663 58579
1 36585U 10022A   18148.37696795 -.00000083  00000-0  00000+0 0  9997
2 36585  55.8232 326.9178 0073187  48.1297 336.6781  2.00567707 58581
1 36585U 10022A   18148.62001260 -.00000083  00000-0  00000-0 0  9993
2 36585  55.8231 326.9082 0073189  48.1382 152.1631  2.00567726 58598
1 36585U 10022A   18149.39117750 -.00000083  00000-0  00000+0 0  9999
2 36585  55.8227 326.8776 0073193  48.1472 348.9835  2.00567786 58606
1 36585U 10022A   18149.85683536 -.00000083  00000-0  00000-0 0  9991
2 36585  55.8224 326.8591 0073194  48.1558 325.2092  2.00567821 58629
1 36585U 10022A   18150.32559147 -.00000081  00000-0  00000+0 0  9992
2 36585  55.8222 326.8405 0073197  48.1633 303.6730  2.00567855 58624
1 36585U 10022A   18150.87910418 -.00000079  00000-0  00000-0 0  9992
2 36585  55.8219 326.8185 0073198  48.1754 343.3320  2.00567894 58641
1 36585U 10022A   18151.34991721 -.00000077  00000-0  00000+0 0  9998
2 36585  55.8216 326.7998 0073203  48.1814 323.2828  2.00567924 58647
1 36585U 10022A   18151.83117855 -.00000074  00000-0  00000-0 0  9998
2 36585  55.8214 326.7807 0073201  48.1918 310.7735  2.00567955 58650
1 36585U 10022A   18152.36686194 -.00000071  00000-0  00000+0 0  9990
2 36585  55.8211 326.7595 0073201  48.2029 337.5598  2.00567987 58665
1 36585U 10022A   18152.83452833 -.00000068  00000-0  00000-0 0  9990
2 36585  55.8208 326.7409 0073202  48.2107 315.2368  2.00568014 58685
1 36585U 10022A   18153.37513666 -.00000064  00000-0  00000+0 0  9997
2 36585  55.8205 326.7194 0073200  48.2227 345.5784  2.00568042 58683
1 36585U 10022A   18153.61933417 -.00000062  00000-0  00000-0 0  9993
2 36585  55.8204 326.7098 0073200  48.2291 161.8981  2.00568053 58697
1 36585U 10022A   18154.32446802 -.00000057  00000-0  00000+0 0  9992
2 36585  55.8200 326.6818 0073199  48.2375 311.0413  2.00568086 58709
1 36585U 10022A   18154.86397962 -.00000054  00000-0  00000-0 0  9991
2 36585  55.8197 326.6603 0073202  48.2445 340.5961  2.00568108 58721
1 36585U 10022A   18155.33607810 -.00000051  00000-0  00000+0 0  9996
2 36585  55.8195 326.6416 0073200  48.2522 321.4737  2.00568125 58723
1 36585U 10022A   18155.80289267 -.00000049  00000-0  00000-0 0  9998
2 36585  55.8192 326.6230 0073196  48.2610 298.5349  2.00568140 58737
1 36585U 10022A   18156.31343517 -.00000047  00000-0  00000+0 0  9991
2 36585  55.8189 326.6028 0073198  48.2685 307.1717  2.00568155 58745
1 36585U 10022A   18156.56806840 -.00000046  00000-0  00000-0 0  9991
2 36585  55.8188 326.5927 0073195  48.2766 131.0251  2.00568161 58753
1 36585U 10022A   18156.81653340 -.00000045  00000-0  00000-0 0  9993
2 36585  55.8187 326.5828 0073191  48.2798 310.4296  2.00568168 58752
1 36585U 10022A   18157.35831619 -.00000043  00000-0  00000-0 0  9998
2 36585  55.8183 326.5613 0073190  48.2905 341.6209  2.00568180 58775
1 36585U 10022A   18157.83294488 -.00000043  00000-0  00000-0 0  9998
2 36585  55.8181 326.5425 0073188  48.2994 324.3245  2.00568190 58789
1 36585U 10022A   18158.14046601 -.00000042  00000-0  00000+0 0  9993
2 36585  55.8179 326.5302 0073188  48.3059 186.3679  2.00568197 58776
1 36585U 10022A   18158.37732109 -.00000042  00000-0  00000-0 0  9994
2 36585  55.8178 326.5208 0073188  48.3096 357.3889  2.00568201 58792
1 36585U 10022A   18158.81145656 -.00000042  00000-0  00000-0 0  9998
2 36585  55.8176 326.5036 0073186  48.3181 310.8542  2.00568210 58792
1 36585U 10022A   18159.26483588 -.00000042  00000-0  00000+0 0  9996
2 36585  55.8173 326.4856 0073186  48.3272 278.2142  2.00568219 58803
1 36585U 10022A   18159.26483588 -.00000042  00000-0  00000-0 0  9997
2 36585  55.8173 326.4856 0073186  48.3272 278.2142  2.00568219 58803
1 36585U 10022A   18160.33148196 -.00000044  00000-0  00000+0 0  9991
2 36585  55.8167 326.4432 0073182  48.3484 328.3804  2.00568239 58823
1 36585U 10022A   18160.87436264 -.00000045  00000-0  00000-0 0  9998
2 36585  55.8164 326.4216 0073179  48.3599   0.3639  2.00568249 58849
1 36585U 10022A   18161.34772137 -.00000046  00000-0  00000+0 0  9993
2 36585  55.8161 326.4028 0073177  48.3688 342.1508  2.00568259 58847
1 36585U 10022A   18161.81929132 -.00000048  00000-0  00000-0 0  9997
2 36585  55.8159 326.3841 0073176  48.3777 322.6459  2.00568270 58867
1 36585U 10022A   18162.36096649 -.00000049  00000-0  00000+0 0  9996
2 36585  55.8155 326.3625 0073169  48.3889 353.7594  2.00568283 58868
1 36585U 10022A   18162.83469618 -.00000051  00000-0  00000-0 0  9992
2 36585  55.8153 326.3437 0073165  48.3982 335.8138  2.00568295 58887
1 36585U 10022A   18163.37306792 -.00000052  00000-0  00000+0 0  9995
2 36585  55.8150 326.3223 0073158  48.4085   4.5430  2.00568311 58888
1 36585U 10022A   18163.84366331 -.00000053  00000-0  00000-0 0  9994
2 36585  55.8147 326.3036 0073155  48.4167 344.3354  2.00568325 58902
1 36585U 10022A   18164.32052667 -.00000054  00000-0  00000+0 0  9992
2 36585  55.8145 326.2846 0073155  48.4243 328.6543  2.00568341 58906
1 36585U 10022A   18164.86083516 -.00000055  00000-0  00000-0 0  9990
2 36585  55.8142 326.2632 0073151  48.4326 358.7841  2.00568361 58923
1 36585U 10022A   18165.33245014 -.00000056  00000-0  00000+0 0  9996
2 36585  55.8139 326.2444 0073149  48.4404 339.3131  2.00568379 58920
1 36585U 10022A   18165.54190751 -.00000056  00000-0  00000-0 0  9997
2 36585  55.8138 326.2361 0073152  48.4443 130.5511  2.00568388 58938
1 36585U 10022A   18165.80374177 -.00000056  00000-0  00000-0 0  9992
2 36585  55.8137 326.2257 0073148  48.4480 319.6090  2.00568399 58942
1 36585U 10022A   18166.34610604 -.00000056  00000-0  00000+0 0  9999
2 36585  55.8133 326.2041 0073145  48.4557 351.2239  2.00568423 58946
1 36585U 10022A   18166.81361461 -.00000056  00000-0  00000-0 0  9996
2 36585  55.8131 326.1856 0073144  48.4631 328.7884  2.00568446 58961
1 36585U 10022A   18167.35979826 -.00000057  00000-0  00000+0 0  9996
2 36585  55.8128 326.1639 0073145  48.4692   3.1628  2.00568474 58965
1 36585U 10022A   18167.83072597 -.00000057  00000-0  00000-0 0  9999
2 36585  55.8125 326.1452 0073144  48.4768 343.1961  2.00568500 58987
1 36585U 10022A   18168.29676958 -.00000057  00000-0  00000-0 0  9991
2 36585  55.8122 326.1266 0073142  48.4848 319.7023  2.00568526 58991
1 36585U 10022A   18168.61322984 -.00000058  00000-0  00000+0 0  9994
2 36585  55.8120 326.1141 0073147  48.4917 188.2006  2.00568545 58994
1 36585U 10022A   18168.84671809 -.00000058  00000-0  00000-0 0  9993
2 36585  55.8119 326.1048 0073140  48.4922 356.7940  2.00568560 59006
1 36585U 10022A   18169.31728083 -.00000059  00000-0  00000+0 0  9993
2 36585  55.8116 326.0861 0073143  48.4990 336.5647  2.00568590 59006
1 36585U 10022A   18169.85782209 -.00000061  00000-0  00000-0 0  9996
2 36585  55.8113 326.0646 0073142  48.5067   6.8637  2.00568626 59027
1 36585U 10022A   18170.33239942 -.00000063  00000-0  00000+0 0  9993
2 36585  55.8110 326.0458 0073141  48.5139 349.5328  2.00568658 59023
1 36585U 10022A   18170.57127205 -.00000065  00000-0  00000-0 0  9990
2 36585  55.8109 326.0363 0073142  48.5209 162.0077  2.00568675 59034
1 36585U 10022A   18170.80398240 -.00000066  00000-0  00000-0 0  9996
2 36585  55.8107 326.0270 0073139  48.5211 330.0399  2.00568692 59042
1 36585U 10022A   18171.81883691 -.00000072  00000-0  00000-0 0  9994
2 36585  55.8101 325.9867 0073134  48.5344 342.8192  2.00568767 59065
1 36585U 10022A   18172.35752397 -.00000076  00000-0  00000+0 0  9995
2 36585  55.8098 325.9653 0073130  48.5415  11.7801  2.00568808 59063
1 36585U 10022A   18172.82992816 -.00000080  00000-0  00000-0 0  9995
2 36585  55.8095 325.9465 0073126  48.5474 352.8816  2.00568845 59089
1 36585U 10022A   18173.30273281 -.00000083  00000-0  00000+0 0  9999
2 36585  55.8092 325.9278 0073123  48.5528 334.2730  2.00568882 59085
1 36585U 10022A   18173.84402758 -.00000087  00000-0  00000-0 0  9996
2 36585  55.8089 325.9063 0073117  48.5590   5.1179  2.00568925 59107
1 36585U 10022A   18174.31544700 -.00000090  00000-0  00000+0 0  9996
2 36585  55.8086 325.8875 0073114  48.5633 345.5102  2.00568963 59108
1 36585U 10022A   18174.51581926 -.00000091  00000-0  00000-0 0  9991
2 36585  55.8085 325.8796 0073113  48.5689 130.1868  2.00568979 59114
1 36585U 10022A   18174.85569316 -.00000092  00000-0  00000-0 0  9998
2 36585  55.8083 325.8661 0073111  48.5684  15.5992  2.00569007 59124
1 36585U 10022A   18175.32856067 -.00000094  00000-0  00000+0 0  9994
2 36585  55.8081 325.8473 0073108  48.5721 357.0377  2.00569045 59124
1 36585U 10022A   18175.57101021 -.00000095  00000-0  00000-0 0  9996
2 36585  55.8079 325.8377 0073105  48.5785 172.0963  2.00569063 59138
1 36585U 10022A   18175.80036722 -.00000095  00000-0  00000-0 0  9997
2 36585  55.8078 325.8286 0073104  48.5762 337.7099  2.00569083 59143
1 36585U 10022A   18176.34436796 -.00000096  00000-0  00000+0 0  9992
2 36585  55.8075 325.8070 0073105  48.5805  10.5109  2.00569125 59145
1 36585U 10022A   18176.81364025 -.00000095  00000-0  00000-0 0  9999
2 36585  55.8072 325.7884 0073103  48.5842 349.3536  2.00569162 59163
1 36585U 10022A   18177.28746002 -.00000095  00000-0  00000+0 0  9999
2 36585  55.8069 325.7696 0073100  48.5882 331.4796  2.00569198 59160
1 36585U 10022A   18177.76435781 -.00000093  00000-0  00000-0 0  9990
2 36585  55.8066 325.7506 0073099  48.5923 315.8282  2.00569234 59189
1 36585U 10022A   18178.30218362 -.00000091  00000-0  00000+0 0  9992
2 36585  55.8063 325.7293 0073094  48.5979 344.1695  2.00569273 59181
1 36585U 10022A   18179.01504447 -.00000087  00000-0  00000+0 0  9998
2 36585  55.8059 325.7010 0073090  48.6096 138.8919  2.00569320 59203
1 36585U 10022A   18180.33351950 -.00000078  00000-0  00000+0 0  9994
2 36585  55.8051 325.6487 0073081  48.6188  10.9121  2.00569402 59222
1 36585U 10022A   18180.80529873 -.00000075  00000-0  00000-0 0  9995
2 36585  55.8048 325.6300 0073073  48.6229 351.5649  2.00569427 59247
1 36585U 10022A   18181.33926810 -.00000071  00000-0  00000+0 0  9991
2 36585  55.8045 325.6088 0073067  48.6291  17.1214  2.00569452 59240
1 36585U 10022A   18182.28760490 -.00000065  00000-0  00000+0 0  9999
2 36585  55.8040 325.5712 0073054  48.6359 341.8789  2.00569493 59260
1 36585U 10022A   18182.82765981 -.00000062  00000-0  00000-0 0  9997
2 36585  55.8036 325.5497 0073048  48.6413  11.8305  2.00569512 59281
1 36585U 10022A   18183.48972767 -.00000059  00000-0  00000+0 0  9997
2 36585  55.8033 325.5235 0073039  48.6487 129.8818  2.00569532 59291
1 36585U 10022A   18183.83855462 -.00000057  00000-0  00000-0 0  9997
2 36585  55.8030 325.5096 0073035  48.6499  21.7578  2.00569543 59309
1 36585U 10022A   18184.31131052 -.00000056  00000-0  00000+0 0  9991
2 36585  55.8028 325.4908 0073032  48.6529   3.1173  2.00569555 59306
1 36585U 10022A   18184.55493736 -.00000055  00000-0  00000-0 0  9997
2 36585  55.8026 325.4812 0073023  48.6563 179.0293  2.00569561 59310
1 36585U 10022A   18184.78344073 -.00000055  00000-0  00000-0 0  9991
2 36585  55.8025 325.4721 0073024  48.6564 344.0245  2.00569566 59327
1 36585U 10022A   18185.26846691 -.00000054  00000-0  00000+0 0  9996
2 36585  55.8022 325.4528 0073018  48.6608 334.2426  2.00569577 59325
1 36585U 10022A   18185.57027340 -.00000053  00000-0  00000-0 0  9992
2 36585  55.8020 325.4409 0073013  48.6652 192.1635  2.00569584 59337
1 36585U 10022A   18185.79839782 -.00000053  00000-0  00000-0 0  9997
2 36585  55.8019 325.4318 0073014  48.6662 356.8841  2.00569588 59349
1 36585U 10022A   18186.27153713 -.00000053  00000-0  00000+0 0  9993
2 36585  55.8016 325.4130 0073010  48.6707 338.5191  2.00569598 59340
1 36585U 10022A   18186.81230118 -.00000053  00000-0  00000-0 0  9999
2 36585  55.8012 325.3915 0073009  48.6761   8.9830  2.00569608 59366
1 36585U 10022A   18187.05044831 -.00000054  00000-0  00000+0 0  9991
2 36585  55.8011 325.3821 0073008  48.6797 180.9382  2.00569612 59367
1 36585U 10022A   18187.82195354 -.00000055  00000-0  00000-0 0  9995
2 36585  55.8006 325.3514 0073001  48.6863  18.0122  2.00569627 59388
1 36585U 10022A   18188.29734906 -.00000056  00000-0  00000+0 0  9999
2 36585  55.8003 325.3325 0072994  48.6916   1.2757  2.00569637 59383
1 36585U 10022A   18188.53974775 -.00000056  00000-0  00000-0 0  9997
2 36585  55.8002 325.3229 0072992  48.6951 176.3009  2.00569642 59393
1 36585U 10022A   18188.77039949 -.00000057  00000-0  00000-0 0  9999
2 36585  55.8000 325.3137 0072989  48.6962 342.8465  2.00569647 59400
1 36585U 10022A   18189.18121318 -.00000058  00000-0  00000+0 0  9997
2 36585  55.7997 325.2974 0072985  48.7010 279.4780  2.00569656 59408
1 36585U 10022A   18190.22013243 -.00000060  00000-0  00000+0 0  9994
2 36585  55.7991 325.2561 0072974  48.7092 309.6424  2.00569682 59424
1 36585U 10022A   18190.56461205 -.00000061  00000-0  00000-0 0  9998
2 36585  55.7989 325.2424 0072974  48.7124 198.3776  2.00569692 59430
1 36585U 10022A   18190.80065655 -.00000062  00000-0  00000-0 0  9995
2 36585  55.7987 325.2330 0072967  48.7125   8.8183  2.00569698 59441
1 36585U 10022A   18191.22526399 -.00000062  00000-0  00000+0 0  9998
2 36585  55.7985 325.2161 0072961  48.7164 315.4109  2.00569712 59440
1 36585U 10022A   18191.74855498 -.00000063  00000-0  00000-0 0  9992
2 36585  55.7982 325.1953 0072955  48.7189 333.2613  2.00569728 59462
1 36585U 10022A   18192.46362764 -.00000063  00000-0  00000+0 0  9990
2 36585  55.7977 325.1668 0072952  48.7228 129.5903  2.00569755 59468
1 36585U 10022A   18193.29697687 -.00000064  00000-0  00000+0 0  9998
2 36585  55.7972 325.1337 0072945  48.7260  11.3241  2.00569788 59485
1 36585U 10022A   18194.07249539 -.00000063  00000-0  00000+0 0  9993
2 36585  55.7967 325.1029 0072943  48.7331 211.2963  2.00569823 59497
1 36585U 10022A   18194.78744049 -.00000063  00000-0  00000-0 0  9998
2 36585  55.7963 325.0745 0072935  48.7328   7.5376  2.00569860 59523
1 36585U 10022A   18195.26018505 -.00000064  00000-0  00000+0 0  9993
2 36585  55.7960 325.0557 0072931  48.7355 348.8900  2.00569884 59527
1 36585U 10022A   18195.71207185 -.00000064  00000-0  00000-0 0  9998
2 36585  55.7957 325.0377 0072926  48.7389 315.1811  2.00569911 59545
1 36585U 10022A   18196.03927321 -.00000064  00000-0  00000+0 0  9994
2 36585  55.7955 325.0247 0072930  48.7428 191.4398  2.00569929 59531
1 36585U 10022A   18196.64162985 -.00000066  00000-0  00000-0 0  9991
2 36585  55.7951 325.0007 0072921  48.7451 266.3819  2.00569965 59559
1 36585U 10022A   18196.95040772 -.00000067  00000-0  00000+0 0  9994
2 36585  55.7949 324.9885 0072924  48.7454 129.3413  2.00569987 59556
1 36585U 10022A   18199.19386109 -.00000079  00000-0  00000+0 0  9993
2 36585  55.7935 324.8993 0072901  48.7539 309.2668  2.00570144 59603
1 36585U 10022A   18200.26129906 -.00000087  00000-0  00000+0 0  9993
2 36585  55.7928 324.8569 0072894  48.7544   0.0333  2.00570226 59629
1 36585U 10022A   18200.56009808 -.00000089  00000-0  00000-0 0  9997
2 36585  55.7926 324.8450 0072891  48.7591 215.7832  2.00570251 59633
1 36585U 10022A   18201.43745846 -.00000095  00000-0  00000+0 0  9999
2 36585  55.7920 324.8101 0072887  48.7586 129.3013  2.00570322 59640
1 36585U 10022A   18201.74559934 -.00000096  00000-0  00000-0 0  9996
2 36585  55.7918 324.7979 0072884  48.7556 351.8044  2.00570348 59669
1 36585U 10022A   18202.04489819 -.00000098  00000-0  00000+0 0  9995
2 36585  55.7917 324.7860 0072881  48.7592 207.9161  2.00570370 59659
1 36585U 10022A   18202.51936255 -.00000099  00000-0  00000-0 0  9990
2 36585  55.7914 324.7671 0072878  48.7586 190.5145  2.00570408 59678
1 36585U 10022A   18202.75353255 -.00000100  00000-0  00000-0 0  9992
2 36585  55.7912 324.7578 0072879  48.7542 359.6067  2.00570427 59688
1 36585U 10022A   18203.53261392 -.00000101  00000-0  00000+0 0  9999
2 36585  55.7907 324.7268 0072869  48.7567 202.1575  2.00570487 59686
1 36585U 10022A   18203.53261392 -.00000101  00000-0  00000-0 0  9990
2 36585  55.7907 324.7268 0072869  48.7567 202.1575  2.00570487 59697
1 36585U 10022A   18203.77353263 -.00000101  00000-0  00000-0 0  9995
2 36585  55.7906 324.7172 0072874  48.7528  16.1223  2.00570510 59705
1 36585U 10022A   18204.71679639 -.00000099  00000-0  00000-0 0  9994
2 36585  55.7900 324.6798 0072871  48.7514 337.2290  2.00570585 59718
1 36585U 10022A   18205.56199942 -.00000095  00000-0  00000-0 0  9998
2 36585  55.7895 324.6462 0072861  48.7531 227.5257  2.00570646 59731
1 36585U 10022A   18205.73041191 -.00000095  00000-0  00000-0 0  9999
2 36585  55.7894 324.6395 0072862  48.7507 349.1343  2.00570659 59741
1 36585U 10022A   18206.74114737 -.00000088  00000-0  00000-0 0  9990
2 36585  55.7888 324.5994 0072855  48.7508 358.9594  2.00570729 59767
1 36585U 10022A   18207.28277127 -.00000084  00000-0  00000-0 0  9999
2 36585  55.7884 324.5779 0072853  48.7524  30.0501  2.00570763 59764
1 36585U 10022A   18208.70196402 -.00000074  00000-0  00000-0 0  9992
2 36585  55.7875 324.5215 0072837  48.7502 334.8141  2.00570838 59798
1 36585U 10022A   18209.54534979 -.00000068  00000-0  00000+0 0  9992
2 36585  55.7870 324.4880 0072822  48.7497 223.8016  2.00570878 59812
1 36585U 10022A   18209.66340978 -.00000067  00000-0  00000-0 0  9999
2 36585  55.7869 324.4833 0072826  48.7478 309.0516  2.00570885 59811
1 36585U 10022A   18210.48959604 -.00000063  00000-0  00000+0 0  9998
2 36585  55.7864 324.4505 0072813  48.7480 185.6191  2.00570913 59832
1 36585U 10022A   18210.72680370 -.00000062  00000-0  00000-0 0  9996
2 36585  55.7863 324.4411 0072814  48.7457 356.9030  2.00570924 59840
1 36585U 10022A   18211.19915442 -.00000060  00000-0  00000+0 0  9996
2 36585  55.7860 324.4223 0072810  48.7446 337.9763  2.00570937 59848
1 36585U 10022A   18211.73863302 -.00000058  00000-0  00000+0 0  9990
2 36585  55.7857 324.4009 0072803  48.7447   7.5199  2.00570951 59859
1 36585U 10022A   18212.74742325 -.00000056  00000-0  00000+0 0  9991
2 36585  55.7851 324.3608 0072794  48.7437  15.9426  2.00570977 59871
1 36585U 10022A   18213.23048459 -.00000055  00000-0  00000+0 0  9992
2 36585  55.7848 324.3416 0072789  48.7427   4.7499  2.00570986 59884
1 36585U 10022A   18213.70126101 -.00000055  00000-0  00000-0 0  9996
2 36585  55.7845 324.3229 0072789  48.7433 344.6850  2.00570996 59901
1 36585U 10022A   18214.47603431 -.00000055  00000-0  00000+0 0  9996
2 36585  55.7840 324.2921 0072777  48.7436 184.1289  2.00571010 59916
1 36585U 10022A   18215.25137372 -.00000056  00000-0  00000+0 0  9990
2 36585  55.7835 324.2613 0072773  48.7430  23.9827  2.00571024 59922
1 36585U 10022A   18216.73254470 -.00000058  00000-0  00000-0 0  9996
2 36585  55.7825 324.2023 0072760  48.7418  13.5005  2.00571056 59960
1 36585U 10022A   18217.21504763 -.00000059  00000-0  00000+0 0  9993
2 36585  55.7822 324.1831 0072755  48.7409   1.9049  2.00571067 59968
1 36585U 10022A   18217.21504763 -.00000059  00000-0  00000-0 0  9994
2 36585  55.7822 324.1831 0072755  48.7409   1.9049  2.00571067 59979
1 36585U 10022A   18217.74806801 -.00000059  00000-0  00000-0 0  9990
2 36585  55.7819 324.1619 0072751  48.7394  26.7873  2.00571083 59987
1 36585U 10022A   18218.52720583 -.00000060  00000-0  00000+0 0  9990
2 36585  55.7814 324.1309 0072745  48.7390 229.3840  2.00571104 59997
1 36585U 10022A   18218.70048939 -.00000060  00000-0  00000-0 0  9999
2 36585  55.7813 324.1240 0072743  48.7363 354.5104  2.00571109 60001
1 36585U 10022A   18219.00390660 -.00000060  00000-0  00000+0 0  9993
2 36585  55.7811 324.1119 0072743  48.7373 213.5995  2.00571117 60006
1 36585U 10022A   18220.25000809 -.00000060  00000-0  00000+0 0  9995
2 36585  55.7804 324.0623 0072736  48.7292  33.3873  2.00571164 60026
1 36585U 10022A   18221.73467718 -.00000059  00000-0  00000+0 0  9993
2 36585  55.7794 324.0032 0072729  48.7220  25.4383  2.00571229 60054
1 36585U 10022A   18222.63377271 -.00000059  00000-0  00000+0 0  9997
2 36585  55.7789 323.9674 0072725  48.7201 314.6556  2.00571275 60071
1 36585U 10022A   18222.63377271 -.00000059  00000-0  00000-0 0  9998
2 36585  55.7789 323.9674 0072725  48.7201 314.6556  2.00571275 60071
1 36585U 10022A   18224.16945914 -.00000061  00000-0  00000-0 0  9996
2 36585  55.7779 323.9062 0072725  48.7122 343.5463  2.00571365 60116
1 36585U 10022A   18224.70642927 -.00000063  00000-0  00000-0 0  9996
2 36585  55.7776 323.8849 0072724  48.7089  11.2832  2.00571400 60126
1 36585U 10022A   18225.72262436 -.00000068  00000-0  00000-0 0  9997
2 36585  55.7769 323.8444 0072722  48.7039  25.0590  2.00571470 60145
1 36585U 10022A   18226.67034848 -.00000075  00000-0  00000-0 0  9994
2 36585  55.7763 323.8067 0072728  48.7027 349.3899  2.00571538 60164
1 36585U 10022A   18227.50954781 -.00000081  00000-0  00000+0 0  9990
2 36585  55.7758 323.7733 0072726  48.7014 235.3579  2.00571602 60173
1 36585U 10022A   18228.22037712 -.00000085  00000-0  00000+0 0  9990
2 36585  55.7753 323.7449 0072725  48.6907  28.6424  2.00571661 60189
1 36585U 10022A   18229.47054535 -.00000092  00000-0  00000+0 0  9998
2 36585  55.7745 323.6952 0072721  48.6841 211.3672  2.00571760 60211
1 36585U 10022A   18229.70966677 -.00000093  00000-0  00000-0 0  9995
2 36585  55.7744 323.6856 0072725  48.6787  24.0369  2.00571779 60229
1 36585U 10022A   18230.48306906 -.00000094  00000-0  00000+0 0  9995
2 36585  55.7739 323.6548 0072718  48.6731 222.4991  2.00571842 60239
1 36585U 10022A   18230.95203343 -.00000094  00000-0  00000-0 0  9999
2 36585  55.7736 323.6362 0072717  48.6674 201.1337  2.00571879 60244
1 36585U 10022A   18231.49271861 -.00000093  00000-0  00000-0 0  9998
2 36585  55.7733 323.6146 0072716  48.6608 231.5572  2.00571924 60257
1 36585U 10022A   18231.66888920 -.00000093  00000-0  00000+0 0  9996
2 36585  55.7732 323.6076 0072719  48.6552 358.7717  2.00571939 60258
1 36585U 10022A   18232.20093744 -.00000091  00000-0  00000+0 0  9997
2 36585  55.7729 323.5865 0072720  48.6507  22.9567  2.00571982 60263
1 36585U 10022A   18234.23265050 -.00000078  00000-0  00000+0 0  9998
2 36585  55.7716 323.5056 0072716  48.6321  50.0314  2.00572130 60303
1 36585U 10022A   18235.18177465 -.00000071  00000-0  00000+0 0  9998
2 36585  55.7711 323.4679 0072713  48.6243  15.3817  2.00572191 60329
1 36585U 10022A   18235.65382097 -.00000067  00000-0  00000-0 0  9995
2 36585  55.7708 323.4491 0072709  48.6196 356.2411  2.00572217 60347
1 36585U 10022A   18236.18783947 -.00000063  00000-0  00000+0 0  9998
2 36585  55.7704 323.4279 0072704  48.6143  21.8500  2.00572246 60340
1 36585U 10022A   18237.67872903 -.00000054  00000-0  00000-0 0  9995
2 36585  55.7695 323.3685 0072693  48.5974  18.4073  2.00572314 60384
1 36585U 10022A   18238.21715682 -.00000051  00000-0  00000+0 0  9992
2 36585  55.7692 323.3471 0072689  48.5910  47.2013  2.00572332 60383
1 36585U 10022A   18239.57622581 -.00000047  00000-0  00000+0 0  9992
2 36585  55.7684 323.2930 0072684  48.5752 308.5731  2.00572376 60414
1 36585U 10022A   18240.18041987 -.00000045  00000-0  00000+0 0  9994
2 36585  55.7681 323.2690 0072687  48.5723  24.8523  2.00572392 60421
1 36585U 10022A   18240.58135696 -.00000045  00000-0  00000+0 0  9999
2 36585  55.7678 323.2530 0072684  48.5672 314.3659  2.00572402 60430
1 36585U 10022A   18240.58135696 -.00000045  00000-0  00000-0 0  9990
2 36585  55.7678 323.2530 0072684  48.5672 314.3659  2.00572402 60441
1 36585U 10022A   18241.66481687 -.00000044  00000-0  00000+0 0  9992
2 36585  55.7672 323.2099 0072685  48.5596  16.7182  2.00572427 60453
1 36585U 10022A   18241.66481687 -.00000044  00000-0  00000-0 0  9993
2 36585  55.7672 323.2099 0072685  48.5596  16.7182  2.00572427 60464
1 36585U 10022A   18242.67115389 -.00000045  00000-0  00000-0 0  9999
2 36585  55.7666 323.1698 0072682  48.5511  23.3826  2.00572448 60489
1 36585U 10022A   18243.44734216 -.00000045  00000-0  00000+0 0  9990
2 36585  55.7661 323.1389 0072679  48.5446 223.8593  2.00572463 60490
1 36585U 10022A   18243.62643149 -.00000045  00000-0  00000-0 0  9995
2 36585  55.7660 323.1318 0072676  48.5401 353.1807  2.00572469 60502
1 36585U 10022A   18244.06314265 -.00000046  00000-0  00000+0 0  9998
2 36585  55.7657 323.1143 0072672  48.5350 308.5263  2.00572479 60504
1 36585U 10022A   18245.06826948 -.00000047  00000-0  00000+0 0  9996
2 36585  55.7651 323.0743 0072668  48.5241 314.3197  2.00572505 60520
1 36585U 10022A   18245.95186058 -.00000047  00000-0  00000+0 0  9995
2 36585  55.7646 323.0390 0072673  48.5171 232.3508  2.00572531 60546
1 36585U 10022A   18245.95186058 -.00000047  00000-0  00000-0 0  9996
2 36585  55.7646 323.0390 0072673  48.5171 232.3508  2.00572531 60546
1 36585U 10022A   18246.66372369 -.00000047  00000-0  00000-0 0  9997
2 36585  55.7642 323.0106 0072673  48.5054  26.3852  2.00572556 60569
1 36585U 10022A   18247.43468508 -.00000046  00000-0  00000+0 0  9992
2 36585  55.7637 322.9799 0072679  48.5028 223.0844  2.00572584 60575
1 36585U 10022A   18249.55524559 -.00000044  00000-0  00000+0 0  9994
2 36585  55.7625 322.8954 0072685  48.4738 314.3301  2.00572680 60612
1 36585U 10022A   18249.55524559 -.00000044  00000-0  00000-0 0  9995
2 36585  55.7625 322.8954 0072685  48.4738 314.3301  2.00572680 60623
1 36585U 10022A   18250.40645427 -.00000044  00000-0  00000+0 0  9998
2 36585  55.7620 322.8614 0072695  48.4675 208.9785  2.00572726 60638
1 36585U 10022A   18250.64625022 -.00000044  00000-0  00000+0 0  9993
2 36585  55.7618 322.8518 0072696  48.4611  22.1371  2.00572742 60634
1 36585U 10022A   18250.64625022 -.00000044  00000-0  00000-0 0  9994
2 36585  55.7618 322.8518 0072696  48.4611  22.1371  2.00572742 60645
1 36585U 10022A   18251.65504809 -.00000046  00000-0  00000-0 0  9997
2 36585  55.7612 322.8116 0072702  48.4485  30.5841  2.00572803 60665
1 36585U 10022A   18252.43173274 -.00000050  00000-0  00000+0 0  9996
2 36585  55.7607 322.7807 0072712  48.4472 231.4153  2.00572853 60676
1 36585U 10022A   18253.20246049 -.00000054  00000-0  00000+0 0  9997
2 36585  55.7603 322.7499 0072718  48.4322  67.9590  2.00572909 60689
1 36585U 10022A   18253.67885760 -.00000057  00000-0  00000-0 0  9991
2 36585  55.7600 322.7309 0072718  48.4248  51.9642  2.00572943 60705
1 36585U 10022A   18254.53174220 -.00000063  00000-0  00000+0 0  9995
2 36585  55.7594 322.6969 0072717  48.4133 307.8286  2.00573008 60711
1 36585U 10022A   18254.63236703 -.00000064  00000-0  00000-0 0  9993
2 36585  55.7594 322.6929 0072720  48.4095  20.4918  2.00573017 60729
1 36585U 10022A   18255.40421957 -.00000069  00000-0  00000+0 0  9990
2 36585  55.7589 322.6621 0072722  48.4009 217.8416  2.00573075 60739
1 36585U 10022A   18256.11913440 -.00000074  00000-0  00000+0 0  9998
2 36585  55.7585 322.6336 0072726  48.3829  14.0873  2.00573135 60743
1 36585U 10022A   18256.11913440 -.00000074  00000-0  00000-0 0  9999
2 36585  55.7585 322.6336 0072726  48.3829  14.0873  2.00573135 60754
1 36585U 10022A   18257.19074503 -.00000078  00000-0  00000+0 0  9999
2 36585  55.7578 322.5909 0072738  48.3676  67.8944  2.00573225 60760
1 36585U 10022A   18258.52902337 -.00000079  00000-0  00000+0 0  9993
2 36585  55.7570 322.5375 0072744  48.3428 314.2674  2.00573335 60795
1 36585U 10022A   18258.91670053 -.00000078  00000-0  00000+0 0  9992
2 36585  55.7568 322.5221 0072747  48.3407 234.2047  2.00573366 60803
1 36585U 10022A   18258.91670053 -.00000078  00000-0  00000-0 0  9993
2 36585  55.7568 322.5221 0072747  48.3407 234.2047  2.00573366 60803
1 36585U 10022A   18259.68927574 -.00000075  00000-0  00000-0 0  9998
2 36585  55.7564 322.4913 0072757  48.3236  72.0858  2.00573431 60820
1 36585U 10022A   18260.16535959 -.00000072  00000-0  00000+0 0  9991
2 36585  55.7561 322.4723 0072762  48.3157  55.8660  2.00573468 60824
1 36585U 10022A   18260.16535959 -.00000072  00000-0  00000-0 0  9992
2 36585  55.7561 322.4723 0072762  48.3157  55.8660  2.00573468 60824
1 36585U 10022A   18261.17386483 -.00000065  00000-0  00000+0 0  9991
2 36585  55.7555 322.4321 0072773  48.3031  64.1039  2.00573546 60846
1 36585U 10022A   18261.64887800 -.00000062  00000-0  00000-0 0  9990
2 36585  55.7552 322.4131 0072776  48.2954  47.1110  2.00573580 60869
1 36585U 10022A   18262.18860530 -.00000058  00000-0  00000-0 0  9996
2 36585  55.7549 322.3916 0072782  48.2920  76.8429  2.00573616 60867
1 36585U 10022A   18263.61665573 -.00000047  00000-0  00000-0 0  9993
2 36585  55.7541 322.3347 0072789  48.2676  28.0401  2.00573702 60902
1 36585U 10022A   18264.92529359 -.00000039  00000-0  00000-0 0  9990
2 36585  55.7533 322.2826 0072791  48.2441 253.0106  2.00573764 60929
1 36585U 10022A   18265.40206390 -.00000037  00000-0  00000-0 0  9999
2 36585  55.7531 322.2636 0072796  48.2381 237.2852  2.00573784 60939
1 36585U 10022A   18265.64168363 -.00000036  00000-0  00000-0 0  9991
2 36585  55.7529 322.2541 0072802  48.2350  50.3142  2.00573794 60943
1 36585U 10022A   18266.58254333 -.00000032  00000-0  00000-0 0  9994
2 36585  55.7524 322.2166 0072810  48.2161   9.7135  2.00573827 60958
1 36585U 10022A   18266.88648859 -.00000032  00000-0  00000-0 0  9997
2 36585  55.7522 322.2045 0072811  48.2150 229.1890  2.00573835 60967
1 36585U 10022A   18267.50291312 -.00000030  00000-0  00000+0 0  9992
2 36585  55.7519 322.1799 0072821  48.2046 314.3103  2.00573854 60979
1 36585U 10022A   18267.50291312 -.00000030  00000-0  00000-0 0  9993
2 36585  55.7519 322.1799 0072821  48.2046 314.3103  2.00573854 60979
1 36585U 10022A   18267.50291312 -.00000030  00000-0  00000-0 0  9993
2 36585  55.7519 322.1799 0072821  48.2046 314.3103  2.00573854 60980
1 36585U 10022A   18271.11353251 -.00000031  00000-0  00000+0 0  9996
2 36585  55.7498 322.0360 0072865  48.1594  41.5311  2.00573941 61049
1 36585U 10022A   18272.12304340 -.00000031  00000-0  00000+0 0  9993
2 36585  55.7492 321.9957 0072876  48.1442  50.4998  2.00573967 61067
1 36585U 10022A   18273.47757681 -.00000031  00000-0  00000+0 0  9992
2 36585  55.7485 321.9417 0072893  48.1291 308.6044  2.00574007 61090
1 36585U 10022A   18273.90992774 -.00000031  00000-0  00000-0 0  9995
2 36585  55.7482 321.9244 0072901  48.1239 260.8042  2.00574021 61102
1 36585U 10022A   18274.15033375 -.00000031  00000-0  00000+0 0  9995
2 36585  55.7481 321.9148 0072911  48.1231  74.3989  2.00574031 61106
1 36585U 10022A   18275.39680019 -.00000029  00000-0  00000+0 0  9992
2 36585  55.7474 321.8651 0072930  48.1058 254.4725  2.00574078 61137
1 36585U 10022A   18276.47656977 -.00000028  00000-0  00000+0 0  9997
2 36585  55.7468 321.8220 0072949  48.0854 314.1800  2.00574127 61150
1 36585U 10022A   18277.12179156 -.00000028  00000-0  00000+0 0  9999
2 36585  55.7464 321.7963 0072967  48.0767  60.0948  2.00574162 61162
1 36585U 10022A   18277.12179156 -.00000028  00000-0  00000-0 0  9990
2 36585  55.7464 321.7963 0072967  48.0767  60.0948  2.00574162 61162
1 36585U 10022A   18278.61076816 -.00000030  00000-0  00000-0 0  9997
2 36585  55.7455 321.7369 0073000  48.0576  55.2844  2.00574247 61209
1 36585U 10022A   18279.54867521 -.00000034  00000-0  00000+0 0  9994
2 36585  55.7450 321.6995 0073018  48.0475  12.5451  2.00574307 61213
1 36585U 10022A   18279.67756351 -.00000034  00000-0  00000-0 0  9997
2 36585  55.7449 321.6943 0073021  48.0393 105.6219  2.00574315 61223
1 36585U 10022A   18280.86503104 -.00000042  00000-0  00000-0 0  9995
2 36585  55.7442 321.6469 0073041  48.0205 243.0959  2.00574397 61243
1 36585U 10022A   18280.96347458 -.00000043  00000-0  00000+0 0  9994
2 36585  55.7442 321.6430 0073042  48.0151 314.1862  2.00574405 61245
1 36585U 10022A   18281.57865267 -.00000048  00000-0  00000-0 0  9991
2 36585  55.7438 321.6185 0073058  48.0007  38.4131  2.00574453 61264
1 36585U 10022A   18282.41746497 -.00000054  00000-0  00000+0 0  9994
2 36585  55.7433 321.5850 0073069  47.9833 284.1266  2.00574517 61275
1 36585U 10022A   18282.88902492 -.00000057  00000-0  00000+0 0  9997
2 36585  55.7430 321.5662 0073079  47.9760 264.6417  2.00574554 61286
1 36585U 10022A   18282.88902492 -.00000057  00000-0  00000-0 0  9998
2 36585  55.7430 321.5662 0073079  47.9760 264.6417  2.00574554 61286
1 36585U 10022A   18283.90379420 -.00000063  00000-0  00000+0 0  9997
2 36585  55.7425 321.5257 0073100  47.9551 277.4153  2.00574638 61308
1 36585U 10022A   18283.90379420 -.00000063  00000-0  00000-0 0  9998
2 36585  55.7425 321.5257 0073100  47.9551 277.4153  2.00574638 61308
1 36585U 10022A   18284.67198108 -.00000066  00000-0  00000-0 0  9998
2 36585  55.7420 321.4951 0073126  47.9494 112.1199  2.00574703 61327
1 36585U 10022A   18285.45038284 -.00000067  00000-0  00000+0 0  9993
2 36585  55.7416 321.4640 0073141  47.9316 314.2126  2.00574769 61335
1 36585U 10022A   18285.62910352 -.00000067  00000-0  00000-0 0  9998
2 36585  55.7415 321.4569 0073152  47.9298  83.2666  2.00574784 61345
1 36585U 10022A   18286.40274442 -.00000065  00000-0  00000+0 0  9995
2 36585  55.7411 321.4260 0073163  47.9158 281.9179  2.00574848 61354
1 36585U 10022A   18286.44563493 -.00000065  00000-0  00000-0 0  9997
2 36585  55.7410 321.4243 0073165  47.9135 312.8910  2.00574851 61363
1 36585U 10022A   18287.41503109 -.00000061  00000-0  00000+0 0  9998
2 36585  55.7405 321.3857 0073189  47.8962 292.8985  2.00574931 61379
1 36585U 10022A   18287.41503109 -.00000061  00000-0  00000-0 0  9999
2 36585  55.7405 321.3857 0073189  47.8962 292.8985  2.00574931 61379
1 36585U 10022A   18288.47587851 -.00000054  00000-0  00000+0 0  9993
2 36585  55.7399 321.3434 0073218  47.8894 338.9318  2.00575015 61397
1 36585U 10022A   18288.47587851 -.00000054  00000-0  00000-0 0  9994
2 36585  55.7399 321.3434 0073218  47.8894 338.9318  2.00575015 61397
1 36585U 10022A   18289.84768310 -.00000044  00000-0  00000-0 0  9996
2 36585  55.7391 321.2887 0073246  47.8762 249.5105  2.00575109 61424
1 36585U 10022A   18289.93723749 -.00000044  00000-0  00000+0 0  9992
2 36585  55.7390 321.2851 0073250  47.8699 314.1831  2.00575116 61421
1 36585U 10022A   18290.56079936 -.00000039  00000-0  00000-0 0  9990
2 36585  55.7387 321.2603 0073267  47.8620  44.4586  2.00575154 61448
1 36585U 10022A   18291.43313187 -.00000034  00000-0  00000+0 0  9990
2 36585  55.7382 321.2255 0073284  47.8455 314.3775  2.00575200 61453
1 36585U 10022A   18291.63624708 -.00000033  00000-0  00000-0 0  9996
2 36585  55.7381 321.2174 0073290  47.8494 101.0411  2.00575210 61462
1 36585U 10022A   18292.34763316 -.00000029  00000-0  00000+0 0  9998
2 36585  55.7377 321.1890 0073304  47.8345 254.7406  2.00575242 61478
1 36585U 10022A   18293.36184302 -.00000026  00000-0  00000+0 0  9990
2 36585  55.7371 321.1486 0073331  47.8165 267.1096  2.00575283 61493
1 36585U 10022A   18293.59789529 -.00000025  00000-0  00000-0 0  9997
2 36585  55.7369 321.1392 0073340  47.8153  77.5619  2.00575292 61509
1 36585U 10022A   18294.42416536 -.00000023  00000-0  00000+0 0  9992
2 36585  55.7365 321.1062 0073363  47.7967 314.2220  2.00575319 61516
1 36585U 10022A   18294.42416536 -.00000023  00000-0  00000-0 0  9993
2 36585  55.7365 321.1062 0073363  47.7967 314.2220  2.00575319 61527
1 36585U 10022A   18294.84655375 -.00000023  00000-0  00000+0 0  9994
2 36585  55.7362 321.0894 0073373  47.7945 259.2269  2.00575331 61528
1 36585U 10022A   18294.84655375 -.00000023  00000-0  00000-0 0  9995
2 36585  55.7362 321.0894 0073373  47.7945 259.2269  2.00575331 61528
1 36585U 10022A   18295.66255936 -.00000022  00000-0  00000-0 0  9994
2 36585  55.7358 321.0569 0073398  47.7871 128.4643  2.00575354 61547
1 36585U 10022A   18295.85761852 -.00000022  00000-0  00000+0 0  9993
2 36585  55.7356 321.0491 0073402  47.7833 269.3184  2.00575359 61543
1 36585U 10022A   18296.57498080 -.00000023  00000-0  00000-0 0  9995
2 36585  55.7352 321.0205 0073427  47.7733  67.3292  2.00575378 61567
1 36585U 10022A   18296.66772642 -.00000023  00000-0  00000-0 0  9994
2 36585  55.7352 321.0168 0073428  47.7782 134.2950  2.00575380 61568
1 36585U 10022A   18297.16123711 -.00000023  00000-0  00000+0 0  9996
2 36585  55.7349 320.9971 0073443  47.7749 130.6579  2.00575393 61565
1 36585U 10022A   18298.40257668 -.00000024  00000-0  00000+0 0  9994
2 36585  55.7342 320.9476 0073477  47.7543 307.0386  2.00575423 61590
1 36585U 10022A   18299.51998628 -.00000025  00000-0  00000+0 0  9996
2 36585  55.7336 320.9030 0073511  47.7392  33.9253  2.00575454 61615
1 36585U 10022A   18299.66002003 -.00000025  00000-0  00000-0 0  9996
2 36585  55.7335 320.8974 0073517  47.7383 135.0434  2.00575458 61626
1 36585U 10022A   18300.14937536 -.00000025  00000-0  00000+0 0  9999
2 36585  55.7332 320.8779 0073532  47.7322 128.4088  2.00575472 61623
1 36585U 10022A   18300.62154316 -.00000025  00000-0  00000-0 0  9990
2 36585  55.7330 320.8591 0073547  47.7249 109.3644  2.00575487 61641
1 36585U 10022A   18301.57945618 -.00000025  00000-0  00000+0 0  9997
2 36585  55.7324 320.8209 0073577  47.7129  81.0772  2.00575521 61658
1 36585U 10022A   18301.57945618 -.00000025  00000-0  00000-0 0  9998
2 36585  55.7324 320.8209 0073577  47.7129  81.0772  2.00575521 61669
1 36585U 10022A   18301.62656611 -.00000025  00000-0  00000+0 0  9995
2 36585  55.7324 320.8190 0073579  47.7127 115.0951  2.00575522 61655
1 36585U 10022A   18301.62656611 -.00000025  00000-0  00000-0 0  9996
2 36585  55.7324 320.8190 0073579  47.7127 115.0951  2.00575522 61666
1 36585U 10022A   18303.39781263 -.00000023  00000-0  00000+0 0  9991
2 36585  55.7314 320.7483 0073638  47.6892 314.1210  2.00575594 61695
1 36585U 10022A   18304.63621370 -.00000023  00000-0  00000+0 0  9991
2 36585  55.7306 320.6989 0073692  47.6714 128.3785  2.00575657 61714
1 36585U 10022A   18304.63621370 -.00000023  00000-0  00000-0 0  9992
2 36585  55.7306 320.6989 0073692  47.6714 128.3785  2.00575657 61725
1 36585U 10022A   18305.55564549 -.00000025  00000-0  00000+0 0  9999
2 36585  55.7301 320.6622 0073727  47.6586  72.3059  2.00575709 61731
1 36585U 10022A   18305.55564549 -.00000025  00000-0  00000-0 0  9990
2 36585  55.7301 320.6622 0073727  47.6586  72.3059  2.00575709 61742
1 36585U 10022A   18306.62315649 -.00000029  00000-0  00000+0 0  9997
2 36585  55.7295 320.6197 0073765  47.6556 123.1506  2.00575777 61758
1 36585U 10022A   18306.62315649 -.00000029  00000-0  00000-0 0  9998
2 36585  55.7295 320.6197 0073765  47.6556 123.1506  2.00575777 61769
1 36585U 10022A   18307.88471427 -.00000038  00000-0  00000-0 0  9994
2 36585  55.7287 320.5694 0073805  47.6417 314.1261  2.00575863 61791
1 36585U 10022A   18308.05861890 -.00000039  00000-0  00000+0 0  9991
2 36585  55.7286 320.5624 0073817  47.6369  79.7062  2.00575877 61789
1 36585U 10022A   18308.58631201 -.00000043  00000-0  00000-0 0  9996
2 36585  55.7283 320.5414 0073839  47.6299 100.7568  2.00575916 61802
1 36585U 10022A   18309.12311594 -.00000048  00000-0  00000+0 0  9991
2 36585  55.7279 320.5200 0073860  47.6235 128.3855  2.00575957 61804
1 36585U 10022A   18309.83830558 -.00000054  00000-0  00000-0 0  9993
2 36585  55.7275 320.4915 0073876  47.6179 284.8246  2.00576012 61823
1 36585U 10022A   18310.37827032 -.00000058  00000-0  00000+0 0  9990
2 36585  55.7272 320.4699 0073898  47.6089 314.7386  2.00576056 61830
1 36585U 10022A   18310.54939427 -.00000059  00000-0  00000+0 0  9992
2 36585  55.7271 320.4631 0073912  47.6034  78.3117  2.00576072 61835
1 36585U 10022A   18310.54939427 -.00000059  00000-0  00000-0 0  9993
2 36585  55.7271 320.4631 0073912  47.6034  78.3117  2.00576072 61846
1 36585U 10022A   18311.86186149 -.00000066  00000-0  00000-0 0  9992
2 36585  55.7264 320.4108 0073961  47.5805 306.0587  2.00576181 61861
1 36585U 10022A   18312.61427713 -.00000068  00000-0  00000+0 0  9992
2 36585  55.7259 320.3808 0074000  47.5696 129.3844  2.00576245 61878
1 36585U 10022A   18313.58676175 -.00000067  00000-0  00000+0 0  9996
2 36585  55.7253 320.3420 0074042  47.5564 111.6230  2.00576327 61898
1 36585U 10022A   18314.83530409 -.00000063  00000-0  00000-0 0  9991
2 36585  55.7246 320.2922 0074090  47.5386 293.2061  2.00576428 61926
1 36585U 10022A   18315.06710372 -.00000061  00000-0  00000+0 0  9993
2 36585  55.7245 320.2830 0074105  47.5391 100.5869  2.00576447 61923
1 36585U 10022A   18315.60350278 -.00000058  00000-0  00000-0 0  9995
2 36585  55.7242 320.2616 0074127  47.5347 127.9221  2.00576488 61949
1 36585U 10022A   18316.85844308 -.00000050  00000-0  00000-0 0  9997
2 36585  55.7234 320.2115 0074171  47.5225 314.1201  2.00576578 61979
1 36585U 10022A   18317.48645777 -.00000046  00000-0  00000+0 0  9990
2 36585  55.7231 320.1865 0074201  47.5168  47.6121  2.00576619 61972
1 36585U 10022A   18317.63094372 -.00000045  00000-0  00000-0 0  9996
2 36585  55.7230 320.1807 0074204  47.5173 151.9442  2.00576627 61981
1 36585U 10022A   18318.10768999 -.00000042  00000-0  00000+0 0  9998
2 36585  55.7227 320.1617 0074222  47.5132 136.2045  2.00576655 61987
1 36585U 10022A   18318.63898539 -.00000039  00000-0  00000-0 0  9997
2 36585  55.7224 320.1406 0074240  47.5086 159.8550  2.00576685 62007
1 36585U 10022A   18319.54010545 -.00000035  00000-0  00000+0 0  9996
2 36585  55.7219 320.1046 0074283  47.4962  90.5619  2.00576730 62019
1 36585U 10022A   18319.64856281 -.00000034  00000-0  00000-0 0  9992
2 36585  55.7218 320.1003 0074284  47.4959 168.8788  2.00576734 62029
1 36585U 10022A   18320.56517174 -.00000032  00000-0  00000+0 0  9997
2 36585  55.7213 320.0638 0074326  47.4882 110.7657  2.00576772 62033
1 36585U 10022A   18320.56517174 -.00000032  00000-0  00000-0 0  9998
2 36585  55.7213 320.0638 0074326  47.4882 110.7657  2.00576772 62044
1 36585U 10022A   18321.61600235 -.00000030  00000-0  00000+0 0  9993
2 36585  55.7206 320.0219 0074369  47.4798 149.5745  2.00576810 62056
1 36585U 10022A   18321.61600235 -.00000030  00000-0  00000-0 0  9994
2 36585  55.7206 320.0219 0074369  47.4798 149.5745  2.00576810 62067
1 36585U 10022A   18322.62172144 -.00000030  00000-0  00000-0 0  9999
2 36585  55.7200 319.9818 0074413  47.4765 155.8034  2.00576841 62073
1 36585U 10022A   18323.04284652 -.00000030  00000-0  00000+0 0  9993
2 36585  55.7198 319.9651 0074435  47.4724  99.9003  2.00576853 62081
1 36585U 10022A   18323.57706245 -.00000030  00000-0  00000-0 0  9999
2 36585  55.7194 319.9438 0074460  47.4701 125.6579  2.00576867 62106
1 36585U 10022A   18324.58927656 -.00000031  00000-0  00000+0 0  9992
2 36585  55.7188 319.9034 0074507  47.4653 136.5788  2.00576893 62112
1 36585U 10022A   18325.57071365 -.00000032  00000-0  00000+0 0  9990
2 36585  55.7182 319.8643 0074552  47.4606 125.2756  2.00576919 62130
1 36585U 10022A   18325.83213098 -.00000032  00000-0  00000-0 0  9991
2 36585  55.7181 319.8538 0074560  47.4587 314.0460  2.00576925 62158
1 36585U 10022A   18326.13377024 -.00000033  00000-0  00000+0 0  9995
2 36585  55.7179 319.8418 0074573  47.4605 171.8569  2.00576933 62144
1 36585U 10022A   18326.61324755 -.00000033  00000-0  00000-0 0  9992
2 36585  55.7176 319.8227 0074592  47.4596 158.0868  2.00576947 62165
1 36585U 10022A   18327.61741453 -.00000033  00000-0  00000+0 0  9990
2 36585  55.7170 319.7827 0074637  47.4554 163.1968  2.00576976 62179
1 36585U 10022A   18328.56883177 -.00000033  00000-0  00000+0 0  9995
2 36585  55.7164 319.7448 0074684  47.4481 130.2195  2.00577009 62199
1 36585U 10022A   18328.56883177 -.00000033  00000-0  00000-0 0  9996
2 36585  55.7164 319.7448 0074684  47.4481 130.2195  2.00577009 62201
1 36585U 10022A   18329.56792475 -.00000032  00000-0  00000-0 0  9996
2 36585  55.7158 319.7049 0074734  47.4417 131.6682  2.00577048 62227
1 36585U 10022A   18329.64126174 -.00000032  00000-0  00000+0 0  9991
2 36585  55.7157 319.7020 0074739  47.4413 184.6250  2.00577050 62217
1 36585U 10022A   18330.31901355 -.00000032  00000-0  00000+0 0  9999
2 36585  55.7153 319.6750 0074768  47.4366 314.0324  2.00577079 62235
1 36585U 10022A   18330.31901355 -.00000032  00000-0  00000-0 0  9990
2 36585  55.7153 319.6750 0074768  47.4366 314.0324  2.00577079 62246
1 36585U 10022A   18330.59086397 -.00000031  00000-0  00000-0 0  9999
2 36585  55.7152 319.6641 0074787  47.4360 150.3355  2.00577092 62249
1 36585U 10022A   18331.56616925 -.00000031  00000-0  00000+0 0  9992
2 36585  55.7145 319.6252 0074841  47.4293 134.6078  2.00577140 62257
1 36585U 10022A   18332.49402135 -.00000033  00000-0  00000+0 0  9993
2 36585  55.7140 319.5883 0074888  47.4256  84.6113  2.00577191 62273
1 36585U 10022A   18333.56674370 -.00000037  00000-0  00000+0 0  9998
2 36585  55.7133 319.5455 0074950  47.4235 139.2239  2.00577256 62297
1 36585U 10022A   18334.10374028 -.00000040  00000-0  00000+0 0  9990
2 36585  55.7129 319.5241 0074976  47.4243 166.9873  2.00577289 62301
1 36585U 10022A   18334.80576654 -.00000045  00000-0  00000-0 0  9992
2 36585  55.7125 319.4961 0075008  47.4201 313.9232  2.00577337 62336
1 36585U 10022A   18335.11447164 -.00000047  00000-0  00000+0 0  9991
2 36585  55.7123 319.4838 0075025  47.4225 176.8364  2.00577359 62327
1 36585U 10022A   18335.58916438 -.00000051  00000-0  00000-0 0  9993
2 36585  55.7120 319.4649 0075050  47.4204 159.6134  2.00577394 62344
1 36585U 10022A   18336.60172781 -.00000061  00000-0  00000+0 0  9992
2 36585  55.7113 319.4245 0075100  47.4182 170.7861  2.00577471 62357
1 36585U 10022A   18337.50344501 -.00000068  00000-0  00000+0 0  9990
2 36585  55.7107 319.3886 0075152  47.4095 101.9237  2.00577545 62377
1 36585U 10022A   18337.61317590 -.00000069  00000-0  00000-0 0  9992
2 36585  55.7107 319.3842 0075154  47.4121 181.1577  2.00577553 62388
1 36585U 10022A   18338.56338424 -.00000076  00000-0  00000+0 0  9993
2 36585  55.7100 319.3463 0075207  47.4071 147.3072  2.00577633 62397
1 36585U 10022A   18338.62382348 -.00000076  00000-0  00000-0 0  9995
2 36585  55.7100 319.3439 0075205  47.4082 190.9492  2.00577637 62406
1 36585U 10022A   18339.57865398 -.00000080  00000-0  00000+0 0  9995
2 36585  55.7094 319.3059 0075253  47.4051 160.4348  2.00577719 62419
1 36585U 10022A   18341.53615196 -.00000078  00000-0  00000-0 0  9991
2 36585  55.7081 319.2279 0075365  47.3982 133.9502  2.00577887 62462
1 36585U 10022A   18342.07353308 -.00000076  00000-0  00000+0 0  9992
2 36585  55.7078 319.2065 0075391  47.3986 161.9926  2.00577930 62464
1 36585U 10022A   18342.54873104 -.00000073  00000-0  00000+0 0  9992
2 36585  55.7075 319.1876 0075420  47.3991 145.1325  2.00577968 62478
1 36585U 10022A   18343.56311409 -.00000067  00000-0  00000+0 0  9993
2 36585  55.7069 319.1472 0075463  47.4027 157.6152  2.00578046 62497
1 36585U 10022A   18343.77947971 -.00000066  00000-0  00000-0 0  9995
2 36585  55.7067 319.1386 0075471  47.3983 313.8572  2.00578063 62512
1 36585U 10022A   18344.57247424 -.00000061  00000-0  00000+0 0  9994
2 36585  55.7062 319.1070 0075521  47.4000 166.4773  2.00578117 62519
1 36585U 10022A   18345.58713215 -.00000055  00000-0  00000+0 0  9995
2 36585  55.7056 319.0666 0075580  47.3966 179.1659  2.00578180 62533
1 36585U 10022A   18346.59731782 -.00000050  00000-0  00000+0 0  9991
2 36585  55.7050 319.0264 0075633  47.3953 188.6231  2.00578235 62550
1 36585U 10022A   18347.54731816 -.00000047  00000-0  00000+0 0  9991
2 36585  55.7044 318.9886 0075689  47.3964 154.6182  2.00578279 62572
1 36585U 10022A   18348.50241637 -.00000045  00000-0  00000+0 0  9993
2 36585  55.7038 318.9505 0075742  47.3994 124.2927  2.00578316 62590
1 36585U 10022A   18349.26262599 -.00000045  00000-0  00000+0 0  9997
2 36585  55.7035 318.9208 0075659  47.0034 313.6215  2.00577410 62617
1 36585U 10022A   18350.04325477 -.00000045  00000-0  00000+0 0  9990
2 36585  55.7030 318.8893 0076697  47.2040 156.9595  2.00550964 62628
1 36585U 10022A   18350.50984167 -.00000045  00000-0  00000+0 0  9998
2 36585  55.7026 318.8707 0076748  47.1859 133.8550  2.00551021 62632
1 36585U 10022A   18351.48723363 -.00000045  00000-0  00000+0 0  9995
2 36585  55.7022 318.8318 0076826  47.1747 119.5465  2.00551067 62657
1 36585U 10022A   18352.75309866 -.00000046  00000-0  00000-0 0  9996
2 36585  55.7014 318.7813 0076966  47.1936 313.4859  2.00551058 62687
1 36585U 10022A   18352.95713910 -.00000047  00000-0  00000+0 0  9997
2 36585  55.7006 318.7732 0076929  47.2227 100.7748  2.00551060 62688
1 36585U 10022A   18354.48509050 -.00000047  00000-0  00000+0 0  9995
2 36585  55.6996 318.7122 0077034  47.2304 123.9538  2.00551110 62716
1 36585U 10022A   18355.49589848 -.00000047  00000-0  00000+0 0  9990
2 36585  55.6990 318.6719 0077088  47.2347 133.7569  2.00551150 62736
1 36585U 10022A   18356.49195814 -.00000045  00000-0  00000+0 0  9995
2 36585  55.6986 318.6322 0077100  47.2482 132.9029  2.00551203 62759
1 36585U 10022A   18356.49195814 -.00000045  00000-0  00000-0 0  9996
2 36585  55.6986 318.6322 0077100  47.2482 132.9029  2.00551203 62760
1 36585U 10022A   18357.54185714 -.00000044  00000-0  00000+0 0  9999
2 36585  55.6978 318.5903 0077144  47.2583 170.9245  2.00551249 62778
1 36585U 10022A   18358.49011236 -.00000043  00000-0  00000+0 0  9990
2 36585  55.6972 318.5525 0077204  47.2634 135.5640  2.00551294 62794
1 36585U 10022A   18359.08791786 -.00000043  00000-0  00000+0 0  9991
2 36585  55.6968 318.5287 0077226  47.2703 207.1755  2.00551324 62804
1 36585U 10022A   18360.51375841 -.00000047  00000-0  00000+0 0  9995
2 36585  55.6957 318.4719 0077322  47.2819 156.6278  2.00551408 62830
1 36585U 10022A   18360.73084556 -.00000048  00000-0  00000+0 0  9990
2 36585  55.6960 318.4637 0076913  47.2491 313.3962  2.00551282 62847
1 36585U 10022A   18361.48080729 -.00000052  00000-0  00000+0 0  9996
2 36585  55.6951 318.4333 0077386  47.2885 134.8355  2.00551470 62854
1 36585U 10022A   18361.72674125 -.00000054  00000-0  00000-0 0  9995
2 36585  55.6949 318.4235 0077399  47.2921 312.3974  2.00551485 62864
1 36585U 10022A   18362.53932191 -.00000060  00000-0  00000+0 0  9991
2 36585  55.6943 318.3911 0077449  47.3009 179.0763  2.00551543 62872
1 36585U 10022A   18362.53932191 -.00000060  00000-0  00000-0 0  9992
2 36585  55.6943 318.3911 0077449  47.3009 179.0763  2.00551543 62883
1 36585U 10022A   18363.55251687 -.00000069  00000-0  00000+0 0  9997
2 36585  55.6936 318.3507 0077507  47.3085 190.6013  2.00551620 62899
1 36585U 10022A   18363.55251687 -.00000069  00000-0  00000-0 0  9998
2 36585  55.6936 318.3507 0077507  47.3085 190.6013  2.00551620 62901
1 36585U 10022A   18364.46352854 -.00000077  00000-0  00000+0 0  9995
2 36585  55.6930 318.3144 0077561  47.3141 128.3514  2.00551693 62910
1 36585U 10022A   18364.46352854 -.00000077  00000-0  00000-0 0  9996
2 36585  55.6930 318.3144 0077561  47.3141 128.3514  2.00551693 62921
1 36585U 10022A   18365.03729037 -.00000082  00000-0  00000+0 0  9996
2 36585  55.6926 318.2916 0077592  47.3192 182.6058  2.00551738 62928
1 36585U 10022A   18365.03729037 -.00000082  00000-0  00000-0 0  9997
2 36585  55.6926 318.2916 0077592  47.3192 182.6058  2.00551738 62939

