1 37847U 11060B   18002.59610737 -.00000053  00000-0  00000+0 0  9994
2 37847  55.9801  66.1351 0005115 295.4242  74.9683  1.70475611 38618
1 37847U 11060B   18002.59610737 -.00000053  00000-0  00000-0 0  9995
2 37847  55.9801  66.1351 0005115 295.4242  74.9683  1.70475611 38494
1 37847U 11060B   18003.17706551 -.00000054  00000-0  00000-0 0  9991
2 37847  55.9806  66.1188 0005138 295.4917  71.4498  1.70475614 38502
1 37847U 11060B   18004.33820505 -.00000059  00000-0  00000-0 0  9991
2 37847  55.9815  66.0863 0005182 295.6349  63.9282  1.70475634 38511
1 37847U 11060B   18007.52303699 -.00000073  00000-0  00000+0 0  9990
2 37847  55.9835  65.9970 0005283 295.9525 218.2250  1.70475721 38697
1 37847U 11060B   18010.24021959 -.00000075  00000-0  00000+0 0  9991
2 37847  55.9856  65.9209 0005391 296.1867  85.5967  1.70475818 38740
1 37847U 11060B   18011.59968208 -.00000070  00000-0  00000-0 0  9993
2 37847  55.9867  65.8828 0005445 296.3961 199.7250  1.70475864 38648
1 37847U 11060B   18012.54505389 -.00000065  00000-0  00000+0 0  9999
2 37847  55.9874  65.8564 0005476 296.4851  59.8354  1.70475891 38771
1 37847U 11060B   18014.32060878 -.00000055  00000-0  00000-0 0  9996
2 37847  55.9887  65.8067 0005531 296.7719  69.2534  1.70475925 38695
1 37847U 11060B   18016.01596222 -.00000045  00000-0  00000+0 0  9999
2 37847  55.9903  65.7593 0005582 297.0344  29.4738  1.70475928 38834
1 37847U 11060B   18017.17757220 -.00000040  00000-0  00000-0 0  9990
2 37847  55.9911  65.7268 0005619 297.2013  22.2175  1.70475918 38732
1 37847U 11060B   18019.00323880 -.00000032  00000-0  00000+0 0  9995
2 37847  55.9925  65.6759 0005688 297.5360  62.3423  1.70475877 38886
1 37847U 11060B   18023.16026212 -.00000029  00000-0  00000+0 0  9992
2 37847  55.9957  65.5596 0005824 298.5321  92.6201  1.70475745 38962
1 37847U 11060B   18024.27893174 -.00000030  00000-0  00000-0 0  9997
2 37847  55.9966  65.5282 0005861 298.7621  58.9467  1.70475711 38850
1 37847U 11060B   18026.62919434 -.00000031  00000-0  00000-0 0  9997
2 37847  55.9986  65.4624 0005937 299.1470  60.9791  1.70475659 39026
1 37847U 11060B   18027.46975229 -.00000031  00000-0  00000-0 0  9994
2 37847  55.9993  65.4388 0005970 299.2577 216.7405  1.70475645 38912
1 37847U 11060B   18030.24854755 -.00000033  00000-0  00000+0 0  9995
2 37847  56.0015  65.3610 0006062 299.8109 121.6060  1.70475640 39081
1 37847U 11060B   18031.23013969 -.00000036  00000-0  00000-0 0  9993
2 37847  56.0023  65.3335 0006094 299.9692   3.8762  1.70475648 38972
1 37847U 11060B   18034.25580654 -.00000049  00000-0  00000+0 0  9991
2 37847  56.0048  65.2486 0006179 300.5040  60.2719  1.70475720 39156
1 37847U 11060B   18040.70184784 -.00000039  00000-0  00000+0 0  9991
2 37847  56.0102  65.0683 0006335 301.5670  55.3128  1.70475931 39252
1 37847U 11060B   18041.50203185 -.00000034  00000-0  00000-0 0  9993
2 37847  56.0109  65.0459 0006329 301.6469 186.3272  1.70475951 39156
1 37847U 11060B   18043.88840720 -.00000021  00000-0  00000-0 0  9994
2 37847  56.0129  64.9792 0006370 302.1113 210.4440  1.70475956 39199
1 37847U 11060B   18043.88840720 -.00000021  00000-0  00000-0 0  9994
2 37847  56.0129  64.9792 0006370 302.1113 210.4440  1.70475956 39313
1 37847U 11060B   18044.80276781 -.00000017  00000-0  00000-0 0  9992
2 37847  56.0136  64.9538 0006385 302.2768  51.4457  1.70475944 39208
1 37847U 11060B   18046.13392926 -.00000012  00000-0  00000+0 0  9994
2 37847  56.0147  64.9166 0006416 302.5022 148.1889  1.70475917 39357
1 37847U 11060B   18050.97132184 -.00000009  00000-0  00000+0 0  9995
2 37847  56.0187  64.7816 0006503 303.6973 235.8279  1.70475766 39433
1 37847U 11060B   18051.94445340 -.00000010  00000-0  00000-0 0  9997
2 37847  56.0196  64.7544 0006522 304.0435 112.7179  1.70475735 39337
1 37847U 11060B   18058.90766568 -.00000019  00000-0  00000+0 0  9996
2 37847  56.0255  64.5599 0006643 305.4827  64.7826  1.70475678 39572
1 37847U 11060B   18060.31687440 -.00000026  00000-0  00000-0 0  9994
2 37847  56.0266  64.5205 0006653 305.7466 209.3864  1.70475703 39478
1 37847U 11060B   18064.85317233 -.00000039  00000-0  00000+0 0  9990
2 37847  56.0303  64.3938 0006698 306.5126 112.6644  1.70475847 39675
1 37847U 11060B   18070.30454139 -.00000016  00000-0  00000+0 0  9999
2 37847  56.0342  64.2418 0006714 307.9189 216.9058  1.70475966 39762
1 37847U 11060B   18071.99936024 -.00000010  00000-0  00000-0 0  9998
2 37847  56.0364  64.1945 0006724 308.1568 176.8232  1.70475958 39674
1 37847U 11060B   18074.36295910 -.00000003  00000-0  00000+0 0  9995
2 37847  56.0383  64.1288 0006741 308.5936 186.9891  1.70475924 39831
1 37847U 11060B   18078.54153773 -.00000005  00000-0  00000+0 0  9991
2 37847  56.0417  64.0125 0006746 309.7524 230.3324  1.70475774 39905
1 37847U 11060B   18078.54153773 -.00000005  00000-0  00000-0 0  9992
2 37847  56.0417  64.0125 0006746 309.7524 230.3324  1.70475774 39781
1 37847U 11060B   18078.96502242 -.00000006  00000-0  00000-0 0  9998
2 37847  56.0418  64.0008 0006741 309.9234 130.0647  1.70475760 39797
1 37847U 11060B   18081.01749861 -.00000008  00000-0  00000+0 0  9999
2 37847  56.0437  63.9435 0006749 310.3537 309.2921  1.70475702 39948
1 37847U 11060B   18083.81027608 -.00000012  00000-0  00000+0 0  9992
2 37847  56.0459  63.8658 0006751 311.0143 222.6312  1.70475669 39991
1 37847U 11060B   18085.88575105 -.00000019  00000-0  00000-0 0  9999
2 37847  56.0476  63.8079 0006749 311.5143  55.9037  1.70475672 40031
1 37847U 11060B   18086.17268362 -.00000021  00000-0  00000-0 0  9999
2 37847  56.0478  63.8000 0006743 311.5480 231.9679  1.70475679 39915
1 37847U 11060B   18087.17810986 -.00000027  00000-0  00000-0 0  9991
2 37847  56.0486  63.7720 0006738 311.7903 128.7817  1.70475693 39933
1 37847U 11060B   18087.33596734 -.00000028  00000-0  00000-0 0  9992
2 37847  56.0487  63.7675 0006735 311.8040 225.6492  1.70475697 39933
1 37847U 11060B   18088.52688209 -.00000035  00000-0  00000+0 0  9990
2 37847  56.0483  63.7342 0006794 309.4487 238.9004  1.70475815 40078
1 37847U 11060B   18088.52688209 -.00000035  00000-0  00000+0 0  9990
2 37847  56.0496  63.7344 0006726 312.0412 236.3072  1.70475724 40073
1 37847U 11060B   18092.96276424 -.00000045  00000-0  00000+0 0  9996
2 37847  56.0531  63.6109 0006697 312.9013  77.8628  1.70475867 40156
1 37847U 11060B   18092.96276424 -.00000045  00000-0  00000-0 0  9997
2 37847  56.0531  63.6109 0006697 312.9013  77.8628  1.70475867 40033
1 37847U 11060B   18094.26504698 -.00000041  00000-0  00000-0 0  9995
2 37847  56.0541  63.5747 0006687 313.2072 156.8018  1.70475909 40059
1 37847U 11060B   18095.39365920 -.00000037  00000-0  00000+0 0  9997
2 37847  56.0550  63.5432 0006671 313.4645 129.2034  1.70475941 40194
1 37847U 11060B   18096.62778312 -.00000032  00000-0  00000-0 0  9993
2 37847  56.0559  63.5089 0006652 313.7907 166.2912  1.70475959 40098
1 37847U 11060B   18096.73243788 -.00000032  00000-0  00000-0 0  9999
2 37847  56.0560  63.5060 0006650 313.8373 230.4739  1.70475960 40098
1 37847U 11060B   18097.15678361 -.00000030  00000-0  00000-0 0  9993
2 37847  56.0563  63.4942 0006644 313.9058 130.8375  1.70475962 40106
1 37847U 11060B   18098.48415444 -.00000026  00000-0  00000+0 0  9995
2 37847  56.0573  63.4572 0006626 314.2842 225.1010  1.70475957 40244
1 37847U 11060B   18099.06841833 -.00000024  00000-0  00000-0 0  9994
2 37847  56.0577  63.4409 0006617 314.4226 223.5408  1.70475955 40134
1 37847U 11060B   18100.19515354 -.00000021  00000-0  00000-0 0  9994
2 37847  56.0586  63.4095 0006607 314.6753 194.7949  1.70475937 40152
1 37847U 11060B   18100.83114802 -.00000020  00000-0  00000+0 0  9996
2 37847  56.0590  63.3919 0006602 314.8485 224.9482  1.70475922 40286
1 37847U 11060B   18101.41994083 -.00000019  00000-0  00000-0 0  9997
2 37847  56.0595  63.3755 0006598 314.9882 226.1660  1.70475909 40170
1 37847U 11060B   18102.01157115 -.00000018  00000-0  00000-0 0  9990
2 37847  56.0600  63.3590 0006592 315.1526 229.1005  1.70475893 40185
1 37847U 11060B   18104.34836255 -.00000019  00000-0  00000+0 0  9997
2 37847  56.0617  63.2940 0006564 315.8149 222.5878  1.70475820 40341
1 37847U 11060B   18104.65037299 -.00000020  00000-0  00000-0 0  9995
2 37847  56.0619  63.2856 0006555 315.9438  47.8105  1.70475806 40234
1 37847U 11060B   18106.10873365 -.00000023  00000-0  00000-0 0  9992
2 37847  56.0630  63.2450 0006534 316.3166 222.4714  1.70475765 40250
1 37847U 11060B   18106.69224873 -.00000024  00000-0  00000+0 0  9990
2 37847  56.0635  63.2287 0006525 316.4627 220.4436  1.70475748 40380
1 37847U 11060B   18107.15228640 -.00000024  00000-0  00000-0 0  9999
2 37847  56.0638  63.2159 0006513 316.6628 142.5805  1.70475734 40278
1 37847U 11060B   18107.85931937 -.00000025  00000-0  00000-0 0  9997
2 37847  56.0643  63.1963 0006504 316.8099 216.3576  1.70475716 40286
1 37847U 11060B   18108.45535523 -.00000026  00000-0  00000-0 0  9996
2 37847  56.0647  63.1798 0006496 316.9335 222.0366  1.70475706 40291
1 37847U 11060B   18109.04698896 -.00000027  00000-0  00000+0 0  9995
2 37847  56.0652  63.1633 0006489 317.0682 225.0029  1.70475696 40426
1 37847U 11060B   18109.62345321 -.00000028  00000-0  00000-0 0  9993
2 37847  56.0656  63.1472 0006483 317.1863 218.6758  1.70475690 40316
1 37847U 11060B   18111.41880684 -.00000031  00000-0  00000+0 0  9992
2 37847  56.0669  63.0973 0006461 317.6194 240.0976  1.70475679 40467
1 37847U 11060B   18113.73799281 -.00000042  00000-0  00000+0 0  9993
2 37847  56.0686  63.0327 0006418 318.1784 222.8828  1.70475690 40504
1 37847U 11060B   18114.32748486 -.00000046  00000-0  00000-0 0  9995
2 37847  56.0690  63.0163 0006404 318.3161 224.5315  1.70475697 40397
1 37847U 11060B   18116.67133330 -.00000061  00000-0  00000+0 0  9997
2 37847  56.0707  62.9510 0006351 318.8174 222.5105  1.70475752 40555
1 37847U 11060B   18118.43313227 -.00000068  00000-0  00000-0 0  9996
2 37847  56.0719  62.9020 0006314 319.1807 223.4087  1.70475809 40462
1 37847U 11060B   18119.01512031 -.00000069  00000-0  00000+0 0  9995
2 37847  56.0723  62.8858 0006299 319.3500 220.4207  1.70475830 40598
1 37847U 11060B   18119.60882553 -.00000069  00000-0  00000-0 0  9990
2 37847  56.0730  62.8693 0006291 319.4404 224.7026  1.70475853 40488
1 37847U 11060B   18120.77156073 -.00000067  00000-0  00000-0 0  9999
2 37847  56.0738  62.8370 0006267 319.7286 218.0152  1.70475893 40505
1 37847U 11060B   18122.69510381 -.00000061  00000-0  00000+0 0  9991
2 37847  56.0751  62.7835 0006224 320.0679 318.2045  1.70475948 40650
1 37847U 11060B   18123.84891535 -.00000057  00000-0  00000-0 0  9998
2 37847  56.0760  62.7514 0006191 320.4339 305.9627  1.70475969 40555
1 37847U 11060B   18124.31022935 -.00000055  00000-0  00000-0 0  9999
2 37847  56.0763  62.7386 0006181 320.5705 228.9467  1.70475974 40565
1 37847U 11060B   18126.64842737 -.00000048  00000-0  00000+0 0  9998
2 37847  56.0779  62.6736 0006124 321.1111 223.4193  1.70475970 40725
1 37847U 11060B   18127.22357729 -.00000046  00000-0  00000-0 0  9994
2 37847  56.0783  62.6576 0006113 321.2520 216.2628  1.70475961 40616
1 37847U 11060B   18128.39211931 -.00000044  00000-0  00000-0 0  9995
2 37847  56.0792  62.6251 0006080 321.6442 213.0352  1.70475935 40638
1 37847U 11060B   18129.57493689 -.00000043  00000-0  00000+0 0  9996
2 37847  56.0800  62.5922 0006053 321.9559 218.6496  1.70475906 40777
1 37847U 11060B   18129.57493689 -.00000043  00000-0  00000-0 0  9997
2 37847  56.0800  62.5922 0006053 321.9559 218.6496  1.70475906 40654
1 37847U 11060B   18130.16109877 -.00000043  00000-0  00000-0 0  9997
2 37847  56.0804  62.5759 0006039 322.1406 218.2077  1.70475887 40664
1 37847U 11060B   18130.86262118 -.00000043  00000-0  00000-0 0  9992
2 37847  56.0808  62.5564 0006022 322.3719 288.5188  1.70475865 40673
1 37847U 11060B   18131.34335816 -.00000043  00000-0  00000-0 0  9992
2 37847  56.0812  62.5430 0006010 322.5007 223.4308  1.70475850 40686
1 37847U 11060B   18131.91578595 -.00000044  00000-0  00000+0 0  9998
2 37847  56.0816  62.5271 0005996 322.6604 214.5850  1.70475834 40819
1 37847U 11060B   18132.51333045 -.00000045  00000-0  00000-0 0  9996
2 37847  56.0820  62.5105 0005979 322.8256 221.1483  1.70475815 40709
1 37847U 11060B   18133.67620775 -.00000046  00000-0  00000-0 0  9994
2 37847  56.0828  62.4781 0005948 323.1250 214.5368  1.70475780 40721
1 37847U 11060B   18134.26212924 -.00000047  00000-0  00000-0 0  9994
2 37847  56.0833  62.4618 0005933 323.2730 213.9840  1.70475763 40857
1 37847U 11060B   18136.51693976 -.00000050  00000-0  00000+0 0  9997
2 37847  56.0848  62.3990 0005875 323.8015 157.2908  1.70475710 40893
1 37847U 11060B   18137.34960243 -.00000050  00000-0  00000-0 0  9994
2 37847  56.0854  62.3758 0005863 323.9503 308.1686  1.70475699 40786
1 37847U 11060B   18138.38448722 -.00000052  00000-0  00000-0 0  9994
2 37847  56.0861  62.3469 0005834 324.1915 223.0628  1.70475691 40807
1 37847U 11060B   18138.97261583 -.00000054  00000-0  00000+0 0  9998
2 37847  56.0866  62.3305 0005819 324.3315 223.8725  1.70475689 40937
1 37847U 11060B   18140.72874281 -.00000061  00000-0  00000-0 0  9998
2 37847  56.0878  62.2816 0005769 324.7680 221.2165  1.70475698 40849
1 37847U 11060B   18141.30904970 -.00000065  00000-0  00000+0 0  9995
2 37847  56.0882  62.2654 0005754 324.8901 217.2438  1.70475707 40978
1 37847U 11060B   18142.38479252 -.00000072  00000-0  00000-0 0  9993
2 37847  56.0889  62.2354 0005720 325.1608 157.1843  1.70475725 40874
1 37847U 11060B   18143.84344903 -.00000081  00000-0  00000-0 0  9999
2 37847  56.0899  62.1948 0005675 325.4360 332.1242  1.70475761 41015
1 37847U 11060B   18145.42464457 -.00000087  00000-0  00000-0 0  9998
2 37847  56.0910  62.1507 0005623 325.7596 222.2213  1.70475813 40921
1 37847U 11060B   18146.00464470 -.00000088  00000-0  00000+0 0  9998
2 37847  56.0915  62.1346 0005606 325.8719 218.0701  1.70475834 41059
1 37847U 11060B   18146.49357089 -.00000088  00000-0  00000-0 0  9999
2 37847  56.0918  62.1210 0005592 325.9765 158.0322  1.70475852 40947
1 37847U 11060B   18148.34839133 -.00000085  00000-0  00000+0 0  9996
2 37847  56.0930  62.0693 0005536 326.3982 215.9620  1.70475917 41092
1 37847U 11060B   18149.64114685 -.00000081  00000-0  00000-0 0  9995
2 37847  56.0939  62.0334 0005492 326.7242 289.0336  1.70475957 40995
1 37847U 11060B   18149.94752262 -.00000080  00000-0  00000-0 0  9996
2 37847  56.0941  62.0249 0005485 326.7786 117.0102  1.70475963 41009
1 37847U 11060B   18150.69218980 -.00000077  00000-0  00000+0 0  9999
2 37847  56.0947  62.0041 0005460 327.0195 213.7910  1.70475981 41131
1 37847U 11060B   18151.28392127 -.00000074  00000-0  00000-0 0  9999
2 37847  56.0951  61.9877 0005439 327.1849 216.7866  1.70475991 41026
1 37847U 11060B   18152.34223014 -.00000070  00000-0  00000-0 0  9991
2 37847  56.0958  61.9583 0005402 327.4109 146.0724  1.70476000 41041
1 37847U 11060B   18153.03597473 -.00000068  00000-0  00000+0 0  9997
2 37847  56.0963  61.9390 0005378 327.6051 211.6474  1.70476001 41179
1 37847U 11060B   18153.69042039 -.00000066  00000-0  00000-0 0  9991
2 37847  56.0968  61.9208 0005355 327.7787 253.1241  1.70475996 41067
1 37847U 11060B   18154.21465917 -.00000064  00000-0  00000-0 0  9992
2 37847  56.0971  61.9062 0005343 327.8840 214.7579  1.70475993 41072
1 37847U 11060B   18155.37979817 -.00000061  00000-0  00000+0 0  9995
2 37847  56.0979  61.8738 0005311 328.1549 209.5632  1.70475973 41210
1 37847U 11060B   18155.67940193 -.00000060  00000-0  00000-0 0  9993
2 37847  56.0981  61.8655 0005299 328.2193  33.3735  1.70475966 41109
1 37847U 11060B   18157.72358247 -.00000058  00000-0  00000-0 0  9991
2 37847  56.0995  61.8085 0005249 328.7649 207.3947  1.70475914 41254
1 37847U 11060B   18162.71577092 -.00000059  00000-0  00000+0 0  9997
2 37847  56.0974  61.6713 0005505 326.5442  33.4526  1.70475897 41340
1 37847U 11060B   18162.88729760 -.00000059  00000-0  00000-0 0  9997
2 37847  56.1033  61.6646 0005087 329.9588 135.3068  1.70475760 41224
1 37847U 11060B   18163.01501618 -.00000059  00000-0  00000-0 0  9993
2 37847  56.1034  61.6610 0005086 329.9638 213.6859  1.70475758 41349
1 37847U 11060B   18165.35870373 -.00000060  00000-0  00000+0 0  9990
2 37847  56.1051  61.5957 0005019 330.4075 211.6237  1.70475718 41387
1 37847U 11060B   18167.11299319 -.00000064  00000-0  00000-0 0  9996
2 37847  56.1063  61.5467 0004964 330.7542 207.9298  1.70475712 41295
1 37847U 11060B   18167.70249390 -.00000066  00000-0  00000+0 0  9996
2 37847  56.1067  61.5303 0004944 330.8757 209.6001  1.70475715 41424
1 37847U 11060B   18168.19732956 -.00000069  00000-0  00000-0 0  9999
2 37847  56.1071  61.5165 0004929 331.0153 153.1538  1.70475718 41310
1 37847U 11060B   18169.02845134 -.00000073  00000-0  00000-0 0  9990
2 37847  56.1077  61.4933 0004901 331.1274 303.1225  1.70475725 41322
1 37847U 11060B   18170.04627045 -.00000079  00000-0  00000+0 0  9998
2 37847  56.1084  61.4649 0004861 331.3393 207.5727  1.70475747 41466
1 37847U 11060B   18170.85205837 -.00000084  00000-0  00000-0 0  9995
2 37847  56.1090  61.4424 0004835 331.4509 341.9939  1.70475763 41359
1 37847U 11060B   18171.16668046 -.00000085  00000-0  00000-0 0  9996
2 37847  56.1093  61.4336 0004821 331.5381 174.9985  1.70475773 41365
1 37847U 11060B   18172.39004319 -.00000090  00000-0  00000+0 0  9994
2 37847  56.1102  61.3995 0004776 331.6997 205.6462  1.70475811 41500
1 37847U 11060B   18172.39004319 -.00000090  00000-0  00000-0 0  9995
2 37847  56.1102  61.3995 0004776 331.6997 205.6462  1.70475811 41386
1 37847U 11060B   18173.14939264 -.00000091  00000-0  00000-0 0  9996
2 37847  56.1107  61.3783 0004748 331.7723 311.6060  1.70475836 41393
1 37847U 11060B   18173.75409644 -.00000091  00000-0  00000-0 0  9997
2 37847  56.1112  61.3614 0004728 331.8655 322.6352  1.70475858 41407
1 37847U 11060B   18174.74870132 -.00000090  00000-0  00000+0 0  9999
2 37847  56.1119  61.3337 0004695 332.0564 212.8591  1.70475893 41540
1 37847U 11060B   18175.33002190 -.00000088  00000-0  00000-0 0  9994
2 37847  56.1123  61.3175 0004675 332.1481 209.5389  1.70475916 41434
1 37847U 11060B   18176.47564951 -.00000084  00000-0  00000-0 0  9994
2 37847  56.1132  61.2856 0004636 332.3916 192.3970  1.70475953 41459
1 37847U 11060B   18176.91545500 -.00000082  00000-0  00000+0 0  9999
2 37847  56.1135  61.2734 0004620 332.4524 102.2561  1.70475962 41586
1 37847U 11060B   18176.91545500 -.00000082  00000-0  00000-0 0  9990
2 37847  56.1135  61.2734 0004620 332.4524 102.2561  1.70475962 41463
1 37847U 11060B   18177.44693021 -.00000080  00000-0  00000-0 0  9999
2 37847  56.1139  61.2586 0004599 332.5585  68.3303  1.70475977 41478
1 37847U 11060B   18178.24931140 -.00000076  00000-0  00000-0 0  9990
2 37847  56.1145  61.2362 0004570 332.7915 200.5396  1.70475997 41480
1 37847U 11060B   18180.02524947 -.00000069  00000-0  00000+0 0  9993
2 37847  56.1158  61.1868 0004500 333.1563 210.1144  1.70476018 41631
1 37847U 11060B   18182.00696675 -.00000061  00000-0  00000-0 0  9994
2 37847  56.1173  61.1318 0004428 333.5576 345.9444  1.70476003 41549
1 37847U 11060B   18183.75594094 -.00000056  00000-0  00000+0 0  9992
2 37847  56.1185  61.0831 0004377 333.9340 338.9590  1.70475969 41697
1 37847U 11060B   18184.06327174 -.00000055  00000-0  00000-0 0  9990
2 37847  56.1188  61.0746 0004372 333.9454 167.5645  1.70475960 41582
1 37847U 11060B   18184.69548612 -.00000054  00000-0  00000-0 0  9990
2 37847  56.1192  61.0570 0004353 334.1001 195.4163  1.70475944 41590
1 37847U 11060B   18187.05661720 -.00000052  00000-0  00000-0 0  9997
2 37847  56.1210  60.9912 0004272 334.5993 204.0046  1.70475871 41757
1 37847U 11060B   18188.23736549 -.00000052  00000-0  00000-0 0  9990
2 37847  56.1219  60.9583 0004230 334.7879 208.4718  1.70475833 41650
1 37847U 11060B   18189.40046105 -.00000051  00000-0  00000+0 0  9990
2 37847  56.1228  60.9259 0004189 334.9261 202.1554  1.70475798 41794
1 37847U 11060B   18190.00327139 -.00000051  00000-0  00000-0 0  9998
2 37847  56.1233  60.9091 0004169 334.9859 212.0559  1.70475782 41681
1 37847U 11060B   18191.06945520 -.00000050  00000-0  00000-0 0  9994
2 37847  56.1241  60.8793 0004135 335.1155 146.2707  1.70475753 41707
1 37847U 11060B   18191.75813149 -.00000050  00000-0  00000+0 0  9990
2 37847  56.1247  60.8601 0004113 335.1519 208.8927  1.70475741 41831
1 37847U 11060B   18192.93382734 -.00000050  00000-0  00000-0 0  9993
2 37847  56.1256  60.8274 0004075 335.2710 210.3284  1.70475724 41732
1 37847U 11060B   18193.80467133 -.00000051  00000-0  00000-0 0  9998
2 37847  56.1230  60.8018 0004405 334.1107  25.9613  1.70476113 41879
1 37847U 11060B   18194.14597771 -.00000052  00000-0  00000+0 0  9998
2 37847  56.1265  60.7935 0004036 335.4017 234.1256  1.70475716 41873
1 37847U 11060B   18199.37926240 -.00000075  00000-0  00000+0 0  9990
2 37847  56.1305  60.6476 0003846 335.9269 205.4021  1.70475798 41960
1 37847U 11060B   18199.92965932 -.00000076  00000-0  00000-0 0  9994
2 37847  56.1310  60.6322 0003819 335.9922 183.1294  1.70475812 41851
1 37847U 11060B   18202.30601269 -.00000074  00000-0  00000+0 0  9998
2 37847  56.1329  60.5660 0003737 336.0699 201.4812  1.70475898 42010
1 37847U 11060B   18202.92275067 -.00000072  00000-0  00000-0 0  9998
2 37847  56.1334  60.5488 0003717 336.1263 219.9328  1.70475919 41907
1 37847U 11060B   18204.06588912 -.00000068  00000-0  00000-0 0  9996
2 37847  56.1343  60.5171 0003679 336.2415 201.3912  1.70475956 41920
1 37847U 11060B   18206.83275017 -.00000055  00000-0  00000-0 0  9998
2 37847  56.1363  60.4401 0003578 336.2373  99.4901  1.70476012 41971
1 37847U 11060B   18209.94344295 -.00000042  00000-0  00000-0 0  9994
2 37847  56.1388  60.3537 0003479 336.3914 208.4489  1.70476001 42140
1 37847U 11060B   18211.70183545 -.00000037  00000-0  00000-0 0  9994
2 37847  56.1402  60.3048 0003425 336.5315 207.4797  1.70475962 42058
1 37847U 11060B   18215.81319337 -.00000032  00000-0  00000+0 0  9994
2 37847  56.1435  60.1904 0003289 336.5727 210.6852  1.70475834 42245
1 37847U 11060B   18216.38945713 -.00000032  00000-0  00000-0 0  9991
2 37847  56.1440  60.1744 0003271 336.5187 204.4070  1.70475815 42134
1 37847U 11060B   18218.47628517 -.00000030  00000-0  00000+0 0  9990
2 37847  56.1457  60.1163 0003218 336.3626  45.3030  1.70475753 42290
1 37847U 11060B   18218.73326699 -.00000030  00000-0  00000-0 0  9996
2 37847  56.1459  60.1092 0003209 336.2586 203.1234  1.70475749 42179
1 37847U 11060B   18219.58742557 -.00000029  00000-0  00000-0 0  9993
2 37847  56.1467  60.0854 0003189 336.1950   7.4059  1.70475730 42185
1 37847U 11060B   18220.77540381 -.00000030  00000-0  00000+0 0  9998
2 37847  56.1476  60.0524 0003157 336.0618  16.6317  1.70475712 42329
1 37847U 11060B   18224.21347226 -.00000043  00000-0  00000-0 0  9999
2 37847  56.1506  59.9566 0003044 335.5116 327.2124  1.70475719 42388
1 37847U 11060B   18225.16295640 -.00000048  00000-0  00000-0 0  9991
2 37847  56.1513  59.9301 0003007 335.3658 190.0810  1.70475736 42287
1 37847U 11060B   18226.06651170 -.00000052  00000-0  00000-0 0  9990
2 37847  56.1521  59.9049 0002983 335.1373  24.8445  1.70475756 42290
1 37847U 11060B   18228.41018830 -.00000057  00000-0  00000+0 0  9995
2 37847  56.1540  59.8397 0002914 334.4964  23.8597  1.70475827 42452
1 37847U 11060B   18228.71211156 -.00000057  00000-0  00000-0 0  9995
2 37847  56.1542  59.8313 0002910 334.4943 209.1599  1.70475835 42343
1 37847U 11060B   18229.28673894 -.00000056  00000-0  00000-0 0  9998
2 37847  56.1547  59.8153 0002894 334.3652 201.9525  1.70475854 42358
1 37847U 11060B   18230.47541559 -.00000052  00000-0  00000+0 0  9998
2 37847  56.1556  59.7822 0002863 334.1199 211.7193  1.70475896 42491
1 37847U 11060B   18230.75389778 -.00000051  00000-0  00000-0 0  9992
2 37847  56.1559  59.7745 0002858 333.9958  22.7550  1.70475907 42379
1 37847U 11060B   18231.05582102 -.00000050  00000-0  00000-0 0  9991
2 37847  56.1561  59.7661 0002848 334.0225 208.0264  1.70475916 42389
1 37847U 11060B   18232.55925382 -.00000043  00000-0  00000+0 0  9999
2 37847  56.1573  59.7244 0002798 333.6347  51.1095  1.70475957 42534
1 37847U 11060B   18234.86586505 -.00000034  00000-0  00000+0 0  9995
2 37847  56.1592  59.6603 0002730 333.0884  27.2825  1.70475991 42576
1 37847U 11060B   18235.74331615 -.00000031  00000-0  00000-0 0  9991
2 37847  56.1599  59.6360 0002713 332.8642 206.0211  1.70475990 42466
1 37847U 11060B   18238.38899272 -.00000023  00000-0  00000+0 0  9992
2 37847  56.1620  59.5626 0002658 332.0507  30.5544  1.70475957 42636
1 37847U 11060B   18240.73279837 -.00000019  00000-0  00000+0 0  9998
2 37847  56.1638  59.4976 0002614 331.5032  29.5555  1.70475891 42672
1 37847U 11060B   18242.10606205 -.00000017  00000-0  00000-0 0  9993
2 37847  56.1649  59.4595 0002583 330.9121 152.9537  1.70475844 42576
1 37847U 11060B   18243.75112731 -.00000016  00000-0  00000+0 0  9999
2 37847  56.1663  59.4138 0002550 330.1647  83.3196  1.70475786 42724
1 37847U 11060B   18245.72218201 -.00000015  00000-0  00000-0 0  9997
2 37847  56.1679  59.3591 0002519 329.0658 214.1048  1.70475725 42630
1 37847U 11060B   18246.30466230 -.00000015  00000-0  00000+0 0  9998
2 37847  56.1683  59.3429 0002510 328.7398 211.9137  1.70475711 42766
1 37847U 11060B   18246.58452159 -.00000015  00000-0  00000-0 0  9994
2 37847  56.1685  59.3351 0002506 328.6628  23.7475  1.70475704 42645
1 37847U 11060B   18247.76410281 -.00000015  00000-0  00000-0 0  9995
2 37847  56.1694  59.3023 0002490 328.0524  28.2968  1.70475681 42665
1 37847U 11060B   18248.37162310 -.00000016  00000-0  00000+0 0  9990
2 37847  56.1701  59.2854 0002488 327.7967  41.4030  1.70475671 42801
1 37847U 11060B   18250.40969535 -.00000024  00000-0  00000+0 0  9990
2 37847  56.1717  59.2287 0002451 326.6255 213.3907  1.70475662 42832
1 37847U 11060B   18252.75345025 -.00000038  00000-0  00000+0 0  9997
2 37847  56.1736  59.1636 0002413 325.1873 213.2506  1.70475689 42875
1 37847U 11060B   18253.80197615 -.00000043  00000-0  00000-0 0  9991
2 37847  56.1745  59.1344 0002400 324.5477 137.3970  1.70475712 42777
1 37847U 11060B   18255.39915353 -.00000047  00000-0  00000+0 0  9997
2 37847  56.1757  59.0900 0002382 323.3652  38.8077  1.70475759 42929
1 37847U 11060B   18255.96053953 -.00000047  00000-0  00000-0 0  9990
2 37847  56.1761  59.0744 0002377 323.0207  23.6890  1.70475777 42809
1 37847U 11060B   18257.74291786 -.00000045  00000-0  00000+0 0  9993
2 37847  56.1776  59.0249 0002360 321.8976  38.7029  1.70475834 42968
1 37847U 11060B   18258.31834597 -.00000043  00000-0  00000-0 0  9999
2 37847  56.1780  59.0089 0002353 321.5459  32.2094  1.70475851 42847
1 37847U 11060B   18259.52484729 -.00000039  00000-0  00000-0 0  9996
2 37847  56.1790  58.9754 0002340 320.7876  53.4282  1.70475886 42870
1 37847U 11060B   18260.08668943 -.00000037  00000-0  00000+0 0  9998
2 37847  56.1794  58.9598 0002334 320.4632  38.5695  1.70475899 42999
1 37847U 11060B   18260.84094729 -.00000034  00000-0  00000-0 0  9995
2 37847  56.1800  58.9389 0002327 319.8804 142.0595  1.70475911 42894
1 37847U 11060B   18261.84424372 -.00000031  00000-0  00000-0 0  9994
2 37847  56.1808  58.9111 0002315 319.2260  38.4624  1.70475925 42900
1 37847U 11060B   18263.64058309 -.00000026  00000-0  00000-0 0  9991
2 37847  56.1822  58.8613 0002311 318.0185  62.1291  1.70475925 42949
1 37847U 11060B   18265.07611736 -.00000023  00000-0  00000-0 0  9996
2 37847  56.1832  58.8215 0002320 317.2813 223.8903  1.70475907 42965
1 37847U 11060B   18267.41986465 -.00000019  00000-0  00000-0 0  9995
2 37847  56.1850  58.7566 0002325 315.8462 223.7425  1.70475850 43126
1 37847U 11060B   18268.34240435 -.00000018  00000-0  00000-0 0  9997
2 37847  56.1857  58.7310 0002323 315.3745  70.4002  1.70475822 43023
1 37847U 11060B   18269.47202235 -.00000018  00000-0  00000-0 0  9998
2 37847  56.1866  58.6997 0002326 314.6998  44.3500  1.70475785 43153
1 37847U 11060B   18269.76351875 -.00000018  00000-0  00000-0 0  9995
2 37847  56.1868  58.6916 0002330 314.4562 223.4923  1.70475773 43040
1 37847U 11060B   18270.63070442 -.00000018  00000-0  00000-0 0  9991
2 37847  56.1875  58.6676 0002333 313.9138  36.2484  1.70475744 43058
1 37847U 11060B   18271.15465069 -.00000018  00000-0  00000-0 0  9992
2 37847  56.1879  58.6530 0002338 313.5750 358.1460  1.70475725 43062
1 37847U 11060B   18272.10725811 -.00000018  00000-0  00000+0 0  9991
2 37847  56.1886  58.6266 0002347 312.7453 223.6148  1.70475691 43204
1 37847U 11060B   18272.40918124 -.00000018  00000-0  00000-0 0  9996
2 37847  56.1889  58.6183 0002350 312.6109  49.0470  1.70475683 43092
1 37847U 11060B   18273.52513679 -.00000018  00000-0  00000-0 0  9996
2 37847  56.1897  58.5873 0002364 311.8462  14.7015  1.70475650 43104
1 37847U 11060B   18275.33514167 -.00000020  00000-0  00000+0 0  9992
2 37847  56.1911  58.5371 0002386 310.5967  46.7963  1.70475612 43255
1 37847U 11060B   18276.51229913 -.00000023  00000-0  00000-0 0  9999
2 37847  56.1920  58.5044 0002402 309.7407  50.1032  1.70475597 43157
1 37847U 11060B   18277.39859594 -.00000028  00000-0  00000+0 0  9994
2 37847  56.1927  58.4798 0002406 309.0461 234.7403  1.70475594 43290
1 37847U 11060B   18277.68868720 -.00000029  00000-0  00000-0 0  9999
2 37847  56.1930  58.4717 0002413 308.9077  52.9150  1.70475595 43182
1 37847U 11060B   18279.44007705 -.00000041  00000-0  00000+0 0  9996
2 37847  56.1943  58.4230 0002431 307.6431  49.0513  1.70475608 43327
1 37847U 11060B   18279.74234002 -.00000043  00000-0  00000-0 0  9994
2 37847  56.1946  58.4146 0002429 307.3583 234.8425  1.70475611 43216
1 37847U 11060B   18280.63082061 -.00000048  00000-0  00000-0 0  9995
2 37847  56.1953  58.3899 0002445 306.7823  60.7013  1.70475629 43236
1 37847U 11060B   18282.48041993 -.00000056  00000-0  00000+0 0  9997
2 37847  56.1967  58.3386 0002475 305.3604 117.2685  1.70475677 43389
1 37847U 11060B   18284.42981542 -.00000056  00000-0  00000-0 0  9997
2 37847  56.1982  58.2844 0002508 304.1596 234.8622  1.70475736 43291
1 37847U 11060B   18285.24863219 -.00000055  00000-0  00000+0 0  9996
2 37847  56.1988  58.2617 0002522 303.6303  17.9198  1.70475764 43425
1 37847U 11060B   18286.47966185 -.00000052  00000-0  00000-0 0  9996
2 37847  56.1997  58.2276 0002543 302.9554  54.1085  1.70475801 43328
1 37847U 11060B   18286.77351483 -.00000051  00000-0  00000-0 0  9997
2 37847  56.1999  58.2194 0002547 302.9130 234.4958  1.70475804 43339
1 37847U 11060B   18287.07542378 -.00000050  00000-0  00000-0 0  9995
2 37847  56.2002  58.2110 0002552 302.6537  60.0443  1.70475814 43341
1 37847U 11060B   18287.66075487 -.00000049  00000-0  00000+0 0  9999
2 37847  56.2006  58.1949 0002562 302.3637  59.5666  1.70475826 43470
1 37847U 11060B   18288.18358587 -.00000047  00000-0  00000-0 0  9991
2 37847  56.2009  58.1804 0002569 302.0931  20.7117  1.70475836 43353
1 37847U 11060B   18289.42380154 -.00000044  00000-0  00000-0 0  9991
2 37847  56.2019  58.1460 0002593 301.3894  62.5670  1.70475851 43387
1 37847U 11060B   18290.74533543 -.00000041  00000-0  00000+0 0  9996
2 37847  56.2028  58.1093 0002631 300.6865 154.3284  1.70475851 43529
1 37847U 11060B   18291.76297514 -.00000040  00000-0  00000-0 0  9994
2 37847  56.2035  58.0811 0002654 300.2290  59.3371  1.70475846 43410
1 37847U 11060B   18294.10671407 -.00000036  00000-0  00000+0 0  9996
2 37847  56.2053  58.0161 0002717 299.4165  58.5611  1.70475802 43575
1 37847U 11060B   18294.69354788 -.00000036  00000-0  00000-0 0  9991
2 37847  56.2057  57.9998 0002730 299.1660  58.9662  1.70475785 43465
1 37847U 11060B   18296.57170000 -.00000035  00000-0  00000-0 0  9992
2 37847  56.2070  57.9478 0002779 298.4436 132.3574  1.70475725 43507
1 37847U 11060B   18297.05099444 -.00000035  00000-0  00000-0 0  9998
2 37847  56.2074  57.9345 0002791 298.3029  66.6531  1.70475710 43512
1 37847U 11060B   18298.80910192 -.00000035  00000-0  00000-0 0  9994
2 37847  56.2086  57.8857 0002845 297.5394  66.4109  1.70475652 43545
1 37847U 11060B   18299.47911034 -.00000035  00000-0  00000+0 0  9993
2 37847  56.2091  57.8671 0002870 297.2978 117.8533  1.70475631 43671
1 37847U 11060B   18301.74163955 -.00000036  00000-0  00000+0 0  9999
2 37847  56.2107  57.8043 0002951 296.5385  67.1829  1.70475572 43710
1 37847U 11060B   18302.52620972 -.00000037  00000-0  00000-0 0  9995
2 37847  56.2113  57.7825 0002979 296.2379 188.9936  1.70475555 43604
1 37847U 11060B   18306.42904837 -.00000057  00000-0  00000+0 0  9994
2 37847  56.2141  57.6741 0003111 295.0291  65.4711  1.70475543 43797
1 37847U 11060B   18307.60402545 -.00000065  00000-0  00000-0 0  9994
2 37847  56.2149  57.6415 0003151 294.6122  67.0005  1.70475561 43698
1 37847U 11060B   18308.77277638 -.00000072  00000-0  00000+0 0  9993
2 37847  56.2158  57.6090 0003190 294.2328  64.6711  1.70475586 43823
1 37847U 11060B   18309.70102979 -.00000075  00000-0  00000-0 0  9996
2 37847  56.2164  57.5832 0003223 293.8949 274.7013  1.70475608 43727
1 37847U 11060B   18309.95670463 -.00000076  00000-0  00000-0 0  9992
2 37847  56.2166  57.5761 0003236 293.8568  71.6533  1.70475619 43735
1 37847U 11060B   18311.11654920 -.00000077  00000-0  00000+0 0  9993
2 37847  56.2174  57.5439 0003278 293.5647  63.7708  1.70475655 43867
1 37847U 11060B   18311.59648927 -.00000076  00000-0  00000-0 0  9995
2 37847  56.2178  57.5305 0003294 293.4405 358.4461  1.70475669 43755
1 37847U 11060B   18313.47193109 -.00000073  00000-0  00000+0 0  9997
2 37847  56.2191  57.4785 0003359 293.1024  69.7895  1.70475730 43917
1 37847U 11060B   18318.28499118 -.00000062  00000-0  00000+0 0  9998
2 37847  56.2225  57.3450 0003525 292.3764 144.4104  1.70475801 43991
1 37847U 11060B   18318.74642722 -.00000061  00000-0  00000-0 0  9990
2 37847  56.2228  57.3322 0003540 292.3316  67.6502  1.70475801 43877
1 37847U 11060B   18321.09529917 -.00000057  00000-0  00000-0 0  9997
2 37847  56.2245  57.2670 0003633 292.2874  69.2557  1.70475768 44042
1 37847U 11060B   18323.44682035 -.00000055  00000-0  00000+0 0  9996
2 37847  56.2261  57.2017 0003719 292.2288  72.5014  1.70475708 44082
1 37847U 11060B   18325.78275537 -.00000054  00000-0  00000+0 0  9999
2 37847  56.2278  57.1368 0003814 292.1216  66.2298  1.70475635 44111
1 37847U 11060B   18328.12646376 -.00000052  00000-0  00000+0 0  9991
2 37847  56.2294  57.0717 0003918 292.0428  64.7003  1.70475567 44150
1 37847U 11060B   18328.73218392 -.00000052  00000-0  00000-0 0  9992
2 37847  56.2298  57.0549 0003945 292.0622  76.4260  1.70475548 44056
1 37847U 11060B   18329.25777787 -.00000053  00000-0  00000-0 0  9999
2 37847  56.2301  57.0402 0003965 292.0279  39.0304  1.70475540 44055
1 37847U 11060B   18330.66892359 -.00000055  00000-0  00000+0 0  9990
2 37847  56.2311  57.0009 0004027 291.9907 185.1223  1.70475518 44200
1 37847U 11060B   18333.41760141 -.00000069  00000-0  00000+0 0  9994
2 37847  56.2330  56.9244 0004137 291.9485  72.0959  1.70475514 44254
1 37847U 11060B   18335.76136396 -.00000083  00000-0  00000+0 0  9999
2 37847  56.2344  56.8592 0004227 291.8202  70.6489  1.70475550 44296
1 37847U 11060B   18336.35921230 -.00000086  00000-0  00000-0 0  9998
2 37847  56.2350  56.8425 0004253 291.7965  77.5870  1.70475567 44188
1 37847U 11060B   18338.23268507 -.00000089  00000-0  00000+0 0  9990
2 37847  56.2365  56.7904 0004332 291.7980 147.3819  1.70475625 44331
1 37847U 11060B   18339.32237708 -.00000087  00000-0  00000-0 0  9999
2 37847  56.2373  56.7601 0004376 291.7972  96.1536  1.70475661 44239
1 37847U 11060B   18340.44877000 -.00000085  00000-0  00000+0 0  9996
2 37847  56.2381  56.7288 0004416 291.8507  67.3954  1.70475700 44361
1 37847U 11060B   18342.79254841 -.00000078  00000-0  00000+0 0  9990
2 37847  56.2397  56.6636 0004512 291.9709  65.7099  1.70475761 44400
1 37847U 11060B   18347.66123642 -.00000065  00000-0  00000+0 0  9991
2 37847  56.2432  56.5283 0004692 292.4662 173.2497  1.70475780 44497
1 37847U 11060B   18348.66207269 -.00000063  00000-0  00000-0 0  9999
2 37847  56.2439  56.5005 0004725 292.6215  67.3326  1.70475763 44382
1 37847U 11060B   18351.51236353 -.00000058  00000-0  00000+0 0  9996
2 37847  56.2460  56.4212 0004830 293.0261  16.2220  1.70475685 44556
1 37847U 11060B   18352.77115653 -.00000056  00000-0  00000-0 0  9993
2 37847  56.2469  56.3861 0004881 293.1265  68.6740  1.70475644 44468
1 37847U 11060B   18355.11491718 -.00000053  00000-0  00000+0 0  9999
2 37847  56.2486  56.3209 0004973 293.3592  66.8648  1.70475574 44627
1 37847U 11060B   18357.45863359 -.00000052  00000-0  00000+0 0  9991
2 37847  56.2503  56.2556 0005073 293.6821  64.9383  1.70475521 44651
1 37847U 11060B   18359.80238358 -.00000060  00000-0  00000+0 0  9996
2 37847  56.2520  56.1902 0005181 294.0281  63.0089  1.70475496 44697
1 37847U 11060B   18360.89873043 -.00000066  00000-0  00000-0 0  9990
2 37847  56.2528  56.1597 0005211 294.0855  15.8065  1.70475503 44593
1 37847U 11060B   18361.20292881 -.00000067  00000-0  00000-0 0  9992
2 37847  56.2531  56.1512 0005217 294.1060 202.4800  1.70475507 44606

