1 38833U 12053A   18001.12983372  .00000008  00000-0  00000+0 0  9998
2 38833  54.0357 270.4053 0064805  26.8905 333.5044  2.00564429 38381
1 38833U 12053A   18002.12699006  .00000008  00000-0  00000+0 0  9997
2 38833  54.0351 270.3641 0064849  26.9202 333.4793  2.00564445 38407
1 38833U 12053A   18002.62556770  .00000006  00000-0  00000+0 0  9990
2 38833  54.0347 270.3435 0064892  26.9461 333.4556  2.00564455 38417
1 38833U 12053A   18002.62556770  .00000006  00000-0  00000-0 0  9991
2 38833  54.0347 270.3435 0064892  26.9461 333.4556  2.00564455 37629
1 38833U 12053A   18003.12414448  .00000003  00000-0  00000+0 0  9998
2 38833  54.0344 270.3229 0064909  26.9573 333.4456  2.00564464 38428
1 38833U 12053A   18003.12414448  .00000003  00000-0  00000-0 0  9999
2 38833  54.0344 270.3229 0064909  26.9573 333.4456  2.00564464 37630
1 38833U 12053A   18005.11844443 -.00000016  00000-0  00000+0 0  9996
2 38833  54.0331 270.2405 0065030  27.0250 333.3787  2.00564522 38464
1 38833U 12053A   18006.11559084 -.00000026  00000-0  00000+0 0  9992
2 38833  54.0325 270.1993 0065079  27.0544 333.3472  2.00564551 38482
1 38833U 12053A   18007.11273634 -.00000035  00000-0  00000+0 0  9997
2 38833  54.0319 270.1580 0065144  27.0880 333.3110  2.00564591 38509
1 38833U 12053A   18007.61130938 -.00000039  00000-0  00000+0 0  9995
2 38833  54.0316 270.1374 0065178  27.1073 333.2906  2.00564611 38515
1 38833U 12053A   18008.10988248 -.00000041  00000-0  00000-0 0  9999
2 38833  54.0313 270.1168 0065199  27.1218 333.2750  2.00564624 37731
1 38833U 12053A   18009.10703006 -.00000041  00000-0  00000+0 0  9996
2 38833  54.0307 270.0756 0065262  27.1566 333.2391  2.00564666 38540
1 38833U 12053A   18009.60560476 -.00000039  00000-0  00000+0 0  9990
2 38833  54.0304 270.0549 0065296  27.1753 333.2206  2.00564687 38551
1 38833U 12053A   18010.10417998 -.00000037  00000-0  00000-0 0  9996
2 38833  54.0301 270.0343 0065322  27.1945 333.2020  2.00564703 37779
1 38833U 12053A   18010.60275587 -.00000033  00000-0  00000+0 0  9992
2 38833  54.0298 270.0137 0065356  27.2123 333.1852  2.00564727 38578
1 38833U 12053A   18011.59990926 -.00000023  00000-0  00000+0 0  9991
2 38833  54.0292 269.9725 0065414  27.2487 333.1520  2.00564763 38594
1 38833U 12053A   18013.09564233 -.00000007  00000-0  00000+0 0  9998
2 38833  54.0283 269.9108 0065492  27.3028 333.1051  2.00564808 38620
1 38833U 12053A   18013.59422040 -.00000002  00000-0  00000-0 0  9998
2 38833  54.0280 269.8902 0065514  27.3179 333.0928  2.00564818 37846
1 38833U 12053A   18014.09279827  .00000003  00000-0  00000+0 0  9996
2 38833  54.0277 269.8696 0065528  27.3258 333.0876  2.00564827 38646
1 38833U 12053A   18015.08995416  .00000011  00000-0  00000+0 0  9994
2 38833  54.0272 269.8284 0065575  27.3524 333.0664  2.00564844 38668
1 38833U 12053A   18016.08710939  .00000016  00000-0  00000+0 0  9995
2 38833  54.0266 269.7872 0065632  27.3861 333.0377  2.00564852 38683
1 38833U 12053A   18017.08426296  .00000019  00000-0  00000+0 0  9999
2 38833  54.0261 269.7460 0065674  27.4245 333.0030  2.00564854 38705
1 38833U 12053A   18018.08141456  .00000020  00000-0  00000+0 0  9994
2 38833  54.0255 269.7048 0065730  27.4659 332.9641  2.00564850 38726
1 38833U 12053A   18019.07856373  .00000019  00000-0  00000+0 0  9993
2 38833  54.0250 269.6637 0065774  27.5042 332.9264  2.00564844 38745
1 38833U 12053A   18020.57428311  .00000017  00000-0  00000-0 0  9996
2 38833  54.0241 269.6018 0065832  27.5494 332.8792  2.00564831 37980
1 38833U 12053A   18021.07285605  .00000017  00000-0  00000+0 0  9998
2 38833  54.0238 269.5812 0065869  27.5806 332.8471  2.00564820 38785
1 38833U 12053A   18022.07000004  .00000017  00000-0  00000+0 0  9997
2 38833  54.0233 269.5400 0065901  27.6084 332.8163  2.00564813 38802
1 38833U 12053A   18022.56857226  .00000017  00000-0  00000+0 0  9997
2 38833  54.0230 269.5194 0065926  27.6297 332.7937  2.00564806 38813
1 38833U 12053A   18022.56857226  .00000017  00000-0  00000-0 0  9998
2 38833  54.0230 269.5194 0065926  27.6297 332.7937  2.00564806 38026
1 38833U 12053A   18023.06714418  .00000018  00000-0  00000+0 0  9999
2 38833  54.0227 269.4988 0065938  27.6339 332.7880  2.00564805 38826
1 38833U 12053A   18023.06714418  .00000018  00000-0  00000-0 0  9990
2 38833  54.0227 269.4988 0065938  27.6339 332.7880  2.00564805 38039
1 38833U 12053A   18025.06143730  .00000025  00000-0  00000-0 0  9993
2 38833  54.0216 269.4163 0066035  27.7049 332.7149  2.00564791 38076
1 38833U 12053A   18025.06143735  .00000025  00000-0  00000+0 0  9997
2 38833  54.0216 269.4163 0066035  27.7067 332.7131  2.00564791 38864
1 38833U 12053A   18025.56001235  .00000028  00000-0  00000+0 0  9993
2 38833  54.0213 269.3957 0066068  27.7342 332.6863  2.00564786 38879
1 38833U 12053A   18026.55716332  .00000034  00000-0  00000+0 0  9991
2 38833  54.0208 269.3544 0066114  27.7662 332.6564  2.00564788 38894
1 38833U 12053A   18026.55716332  .00000034  00000-0  00000-0 0  9992
2 38833  54.0208 269.3544 0066114  27.7662 332.6564  2.00564788 38108
1 38833U 12053A   18027.55431602  .00000039  00000-0  00000+0 0  9991
2 38833  54.0202 269.3132 0066162  27.8028 332.6232  2.00564792 38911
1 38833U 12053A   18027.55431602  .00000039  00000-0  00000-0 0  9992
2 38833  54.0202 269.3132 0066162  27.8028 332.6232  2.00564792 38124
1 38833U 12053A   18028.55146916  .00000041  00000-0  00000+0 0  9996
2 38833  54.0196 269.2719 0066209  27.8416 332.5882  2.00564802 38930
1 38833U 12053A   18028.55146916  .00000041  00000-0  00000-0 0  9997
2 38833  54.0196 269.2719 0066209  27.8416 332.5882  2.00564802 38143
1 38833U 12053A   18029.54862107  .00000040  00000-0  00000+0 0  9992
2 38833  54.0191 269.2306 0066254  27.8772 332.5556  2.00564818 38959
1 38833U 12053A   18031.04434412  .00000031  00000-0  00000+0 0  9994
2 38833  54.0182 269.1688 0066314  27.9156 332.5182  2.00564847 38985
1 38833U 12053A   18031.54291698  .00000026  00000-0  00000-0 0  9991
2 38833  54.0179 269.1481 0066338  27.9306 332.5026  2.00564861 38203
1 38833U 12053A   18032.04148926  .00000020  00000-0  00000+0 0  9995
2 38833  54.0176 269.1275 0066360  27.9499 332.4821  2.00564875 39005
1 38833U 12053A   18033.53720226  .00000003  00000-0  00000-0 0  9991
2 38833  54.0168 269.0656 0066421  27.9894 332.4368  2.00564919 38245
1 38833U 12053A   18034.03577258 -.00000002  00000-0  00000-0 0  9992
2 38833  54.0165 269.0449 0066444  27.9986 332.4252  2.00564938 38253
1 38833U 12053A   18034.53434320 -.00000006  00000-0  00000+0 0  9992
2 38833  54.0162 269.0243 0066466  28.0153 332.4063  2.00564958 39055
1 38833U 12053A   18034.53434320 -.00000006  00000-0  00000-0 0  9993
2 38833  54.0162 269.0243 0066466  28.0153 332.4063  2.00564958 38267
1 38833U 12053A   18035.03291380 -.00000009  00000-0  00000-0 0  9999
2 38833  54.0159 269.0037 0066482  28.0291 332.3903  2.00564971 38273
1 38833U 12053A   18035.53148496 -.00000011  00000-0  00000+0 0  9995
2 38833  54.0157 268.9830 0066511  28.0496 332.3680  2.00564996 39078
1 38833U 12053A   18036.52862821 -.00000011  00000-0  00000-0 0  9991
2 38833  54.0151 268.9417 0066552  28.0788 332.3360  2.00565033 38305
1 38833U 12053A   18036.52862849 -.00000011  00000-0  00000+0 0  9990
2 38833  54.0151 268.9417 0066554  28.0862 332.3287  2.00565035 39097
1 38833U 12053A   18037.52577415 -.00000007  00000-0  00000-0 0  9999
2 38833  54.0146 268.9004 0066594  28.1168 332.2970  2.00565070 38329
1 38833U 12053A   18038.02434783 -.00000003  00000-0  00000+0 0  9990
2 38833  54.0144 268.8798 0066627  28.1219 332.2920  2.00565088 39123
1 38833U 12053A   18039.02149713  .00000006  00000-0  00000+0 0  9999
2 38833  54.0138 268.8385 0066663  28.1562 332.2594  2.00565125 39140
1 38833U 12053A   18040.01864791  .00000017  00000-0  00000+0 0  9992
2 38833  54.0133 268.7973 0066686  28.1922 332.2263  2.00565149 39163
1 38833U 12053A   18041.01579978  .00000026  00000-0  00000+0 0  9993
2 38833  54.0128 268.7560 0066730  28.2195 332.2027  2.00565181 39188
1 38833U 12053A   18041.51437564  .00000031  00000-0  00000-0 0  9999
2 38833  54.0125 268.7354 0066746  28.2319 332.1921  2.00565190 38407
1 38833U 12053A   18042.01295163  .00000034  00000-0  00000+0 0  9994
2 38833  54.0122 268.7148 0066767  28.2488 332.1771  2.00565197 39204
1 38833U 12053A   18042.51152726  .00000037  00000-0  00000-0 0  9990
2 38833  54.0120 268.6942 0066783  28.2653 332.1623  2.00565202 38421
1 38833U 12053A   18043.01010251  .00000039  00000-0  00000+0 0  9993
2 38833  54.0117 268.6736 0066793  28.2802 332.1489  2.00565205 39227
1 38833U 12053A   18043.50867766  .00000041  00000-0  00000-0 0  9992
2 38833  54.0115 268.6529 0066819  28.2948 332.1356  2.00565209 38445
1 38833U 12053A   18044.00725233  .00000042  00000-0  00000+0 0  9990
2 38833  54.0112 268.6323 0066839  28.3109 332.1205  2.00565210 39240
1 38833U 12053A   18044.50582644  .00000042  00000-0  00000+0 0  9992
2 38833  54.0110 268.6117 0066856  28.3287 332.1034  2.00565209 39254
1 38833U 12053A   18045.50297293  .00000041  00000-0  00000-0 0  9996
2 38833  54.0105 268.5705 0066889  28.3617 332.0706  2.00565205 38488
1 38833U 12053A   18046.00154552  .00000041  00000-0  00000+0 0  9991
2 38833  54.0102 268.5499 0066908  28.3814 332.0504  2.00565200 39286
1 38833U 12053A   18046.50011737  .00000040  00000-0  00000-0 0  9993
2 38833  54.0100 268.5293 0066923  28.3977 332.0332  2.00565195 38509
1 38833U 12053A   18046.99868887  .00000039  00000-0  00000+0 0  9999
2 38833  54.0097 268.5087 0066941  28.4142 332.0154  2.00565187 39302
1 38833U 12053A   18047.49725973  .00000038  00000-0  00000+0 0  9992
2 38833  54.0095 268.4881 0066955  28.4302 331.9977  2.00565182 39311
1 38833U 12053A   18047.49725973  .00000038  00000-0  00000-0 0  9993
2 38833  54.0095 268.4881 0066955  28.4302 331.9977  2.00565182 38523
1 38833U 12053A   18048.49440027  .00000036  00000-0  00000+0 0  9995
2 38833  54.0089 268.4469 0066977  28.4498 331.9739  2.00565172 39333
1 38833U 12053A   18048.49440027  .00000036  00000-0  00000-0 0  9996
2 38833  54.0089 268.4469 0066977  28.4498 331.9739  2.00565172 38545
1 38833U 12053A   18049.99011024  .00000036  00000-0  00000+0 0  9992
2 38833  54.0082 268.3850 0067020  28.4903 331.9265  2.00565152 39365
1 38833U 12053A   18050.48868045  .00000036  00000-0  00000-0 0  9992
2 38833  54.0079 268.3644 0067034  28.5027 331.9121  2.00565148 38584
1 38833U 12053A   18050.98725112  .00000038  00000-0  00000+0 0  9995
2 38833  54.0077 268.3437 0067049  28.5199 331.8931  2.00565143 39380
1 38833U 12053A   18051.98439398  .00000041  00000-0  00000+0 0  9998
2 38833  54.0072 268.3025 0067073  28.5539 331.8566  2.00565135 39401
1 38833U 12053A   18052.98153897  .00000046  00000-0  00000+0 0  9991
2 38833  54.0067 268.2612 0067096  28.5784 331.8312  2.00565135 39424
1 38833U 12053A   18053.48011251  .00000048  00000-0  00000-0 0  9997
2 38833  54.0064 268.2406 0067117  28.5999 331.8100  2.00565131 38648
1 38833U 12053A   18053.97868638  .00000050  00000-0  00000+0 0  9992
2 38833  54.0062 268.2200 0067126  28.6052 331.8051  2.00565133 39445
1 38833U 12053A   18054.47726071  .00000053  00000-0  00000-0 0  9996
2 38833  54.0059 268.1993 0067146  28.6240 331.7872  2.00565134 38664
1 38833U 12053A   18054.97583517  .00000054  00000-0  00000+0 0  9997
2 38833  54.0057 268.1787 0067164  28.6325 331.7797  2.00565136 39464
1 38833U 12053A   18055.47440971  .00000055  00000-0  00000-0 0  9991
2 38833  54.0054 268.1581 0067180  28.6440 331.7693  2.00565140 38682
1 38833U 12053A   18055.97298421  .00000055  00000-0  00000+0 0  9996
2 38833  54.0052 268.1374 0067194  28.6591 331.7552  2.00565145 39480
1 38833U 12053A   18056.97013192  .00000053  00000-0  00000+0 0  9995
2 38833  54.0046 268.0962 0067217  28.6833 331.7322  2.00565157 39501
1 38833U 12053A   18057.96727713  .00000046  00000-0  00000+0 0  9998
2 38833  54.0041 268.0550 0067246  28.7091 331.7059  2.00565177 39529
1 38833U 12053A   18058.46584868  .00000041  00000-0  00000+0 0  9991
2 38833  54.0038 268.0343 0067259  28.7275 331.6865  2.00565192 39535
1 38833U 12053A   18059.96155873  .00000022  00000-0  00000+0 0  9996
2 38833  54.0030 267.9724 0067304  28.7473 331.6603  2.00565232 39567
1 38833U 12053A   18060.95869639  .00000010  00000-0  00000+0 0  9996
2 38833  54.0025 267.9311 0067334  28.7691 331.6327  2.00565265 39589
1 38833U 12053A   18062.45440245 -.00000004  00000-0  00000-0 0  9996
2 38833  54.0018 267.8693 0067382  28.7922 331.6007  2.00565317 38822
1 38833U 12053A   18062.95297177 -.00000006  00000-0  00000+0 0  9996
2 38833  54.0015 267.8486 0067394  28.8057 331.5847  2.00565335 39622
1 38833U 12053A   18063.95011185 -.00000007  00000-0  00000+0 0  9991
2 38833  54.0010 267.8074 0067435  28.8115 331.5749  2.00565373 39646
1 38833U 12053A   18064.44868289 -.00000005  00000-0  00000+0 0  9999
2 38833  54.0007 267.7868 0067430  28.8394 331.5459  2.00565377 39659
1 38833U 12053A   18065.44582688  .00000000  00000-0  00000+0 0  9990
2 38833  54.0003 267.7455 0067466  28.8601 331.5243  2.00565431 39671
1 38833U 12053A   18065.44582688  .00000000  00000-0  00000-0 0  9991
2 38833  54.0003 267.7455 0067466  28.8601 331.5243  2.00565431 38883
1 38833U 12053A   18066.44297316  .00000009  00000-0  00000-0 0  9992
2 38833  53.9998 267.7042 0067490  28.8805 331.5046  2.00565466 38901
1 38833U 12053A   18066.94154697  .00000014  00000-0  00000+0 0  9996
2 38833  53.9996 267.6836 0067499  28.8899 331.4960  2.00565480 39700
1 38833U 12053A   18068.43726981  .00000026  00000-0  00000+0 0  9996
2 38833  53.9988 267.6218 0067516  28.9294 331.4603  2.00565514 39730
1 38833U 12053A   18068.43726981  .00000026  00000-0  00000-0 0  9997
2 38833  53.9988 267.6218 0067516  28.9294 331.4603  2.00565514 38942
1 38833U 12053A   18069.43441858  .00000033  00000-0  00000+0 0  9992
2 38833  53.9983 267.5806 0067547  28.9401 331.4524  2.00565536 39759
1 38833U 12053A   18069.43441858  .00000033  00000-0  00000-0 0  9993
2 38833  53.9983 267.5806 0067547  28.9401 331.4524  2.00565536 38961
1 38833U 12053A   18070.43156647  .00000036  00000-0  00000-0 0  9997
2 38833  53.9978 267.5393 0067575  28.9580 331.4367  2.00565546 38983
1 38833U 12053A   18071.42871320  .00000037  00000-0  00000+0 0  9999
2 38833  53.9972 267.4982 0067549  29.0174 331.3786  2.00565546 39796
1 38833U 12053A   18072.92442914  .00000034  00000-0  00000-0 0  9996
2 38833  53.9964 267.4365 0067582  29.0547 331.3405  2.00565543 39035
1 38833U 12053A   18072.92442930  .00000034  00000-0  00000+0 0  9993
2 38833  53.9964 267.4364 0067592  29.0538 331.3415  2.00565539 39828
1 38833U 12053A   18074.42014035  .00000029  00000-0  00000-0 0  9996
2 38833  53.9957 267.3746 0067601  29.0956 331.2954  2.00565527 39068
1 38833U 12053A   18074.91870988  .00000028  00000-0  00000+0 0  9995
2 38833  53.9955 267.3540 0067602  29.1109 331.2781  2.00565521 39860
1 38833U 12053A   18075.41727909  .00000026  00000-0  00000-0 0  9994
2 38833  53.9952 267.3334 0067622  29.1174 331.2694  2.00565510 39087
1 38833U 12053A   18075.91584798  .00000025  00000-0  00000+0 0  9994
2 38833  53.9950 267.3128 0067625  29.1285 331.2558  2.00565507 39885
1 38833U 12053A   18076.91298571  .00000024  00000-0  00000-0 0  9996
2 38833  53.9945 267.2716 0067638  29.1509 331.2284  2.00565497 39114
1 38833U 12053A   18076.91298572  .00000024  00000-0  00000+0 0  9996
2 38833  53.9945 267.2716 0067644  29.1458 331.2335  2.00565494 39905
1 38833U 12053A   18077.91012396  .00000025  00000-0  00000+0 0  9996
2 38833  53.9940 267.2304 0067661  29.1621 331.2126  2.00565479 39927
1 38833U 12053A   18079.40583462  .00000028  00000-0  00000-0 0  9993
2 38833  53.9932 267.1686 0067688  29.1894 331.1809  2.00565468 39162
1 38833U 12053A   18079.40583473  .00000028  00000-0  00000+0 0  9994
2 38833  53.9932 267.1686 0067682  29.1922 331.1780  2.00565471 39957
1 38833U 12053A   18080.40297824  .00000032  00000-0  00000+0 0  9993
2 38833  53.9926 267.1274 0067699  29.2079 331.1616  2.00565465 39978
1 38833U 12053A   18081.89869736  .00000038  00000-0  00000+0 0  9990
2 38833  53.9919 267.0656 0067721  29.2368 331.1344  2.00565466 40005
1 38833U 12053A   18082.89584466  .00000040  00000-0  00000+0 0  9998
2 38833  53.9914 267.0244 0067711  29.2620 331.1112  2.00565468 40020
1 38833U 12053A   18083.39441814  .00000039  00000-0  00000-0 0  9992
2 38833  53.9911 267.0038 0067763  29.2572 331.1170  2.00565478 39248
1 38833U 12053A   18083.89299141  .00000038  00000-0  00000+0 0  9999
2 38833  53.9909 266.9832 0067769  29.2616 331.1132  2.00565477 40047
1 38833U 12053A   18084.39156413  .00000035  00000-0  00000-0 0  9997
2 38833  53.9906 266.9626 0067762  29.2754 331.0998  2.00565479 39264
1 38833U 12053A   18084.89013612  .00000031  00000-0  00000-0 0  9991
2 38833  53.9903 266.9420 0067786  29.2771 331.0979  2.00565487 39277
1 38833U 12053A   18084.89013612  .00000031  00000-0  00000-0 0  9991
2 38833  53.9903 266.9420 0067786  29.2771 331.0979  2.00565487 40066
1 38833U 12053A   18086.38584752  .00000014  00000-0  00000+0 0  9995
2 38833  53.9895 266.8802 0067791  29.3013 331.0701  2.00565516 40094
1 38833U 12053A   18086.88441635  .00000008  00000-0  00000+0 0  9995
2 38833  53.9892 266.8596 0067804  29.3008 331.0683  2.00565543 40101
1 38833U 12053A   18087.88155311 -.00000006  00000-0  00000-0 0  9999
2 38833  53.9887 266.8184 0067811  29.3183 331.0456  2.00565558 39337
1 38833U 12053A   18088.38012088 -.00000013  00000-0  00000-0 0  9996
2 38833  53.9884 266.7978 0067835  29.3150 331.0458  2.00565590 39343
1 38833U 12053A   18088.38012097 -.00000013  00000-0  00000+0 0  9995
2 38833  53.9884 266.7978 0067818  29.3233 331.0376  2.00565574 40136
1 38833U 12053A   18089.37725686 -.00000023  00000-0  00000+0 0  9991
2 38833  53.9879 266.7567 0067852  29.3282 331.0269  2.00565610 40150
1 38833U 12053A   18090.37439394 -.00000029  00000-0  00000+0 0  9997
2 38833  53.9873 266.7155 0067867  29.3409 331.0093  2.00565646 40170
1 38833U 12053A   18090.87296329 -.00000030  00000-0  00000-0 0  9994
2 38833  53.9871 266.6949 0067874  29.3482 331.0001  2.00565665 39399
1 38833U 12053A   18091.37153330 -.00000030  00000-0  00000+0 0  9993
2 38833  53.9868 266.6743 0067894  29.3534 330.9937  2.00565688 40198
1 38833U 12053A   18091.37153331 -.00000030  00000-0  00000-0 0  9995
2 38833  53.9868 266.6743 0067898  29.3520 330.9950  2.00565695 39402
1 38833U 12053A   18092.36867539 -.00000026  00000-0  00000+0 0  9991
2 38833  53.9863 266.6331 0067924  29.3652 330.9807  2.00565723 40210
1 38833U 12053A   18092.86724737 -.00000023  00000-0  00000-0 0  9996
2 38833  53.9860 266.6125 0067915  29.3748 330.9712  2.00565743 39433
1 38833U 12053A   18093.36581995 -.00000019  00000-0  00000+0 0  9993
2 38833  53.9857 266.5919 0067920  29.3823 330.9643  2.00565764 40235
1 38833U 12053A   18093.86439306 -.00000015  00000-0  00000-0 0  9993
2 38833  53.9855 266.5714 0067931  29.3878 330.9598  2.00565778 39454
1 38833U 12053A   18094.36296661 -.00000011  00000-0  00000+0 0  9999
2 38833  53.9852 266.5508 0067939  29.3936 330.9553  2.00565797 40257
1 38833U 12053A   18094.36296676 -.00000011  00000-0  00000-0 0  9996
2 38833  53.9852 266.5508 0067945  29.3878 330.9611  2.00565808 39468
1 38833U 12053A   18095.36011445 -.00000003  00000-0  00000+0 0  9996
2 38833  53.9847 266.5096 0067955  29.4045 330.9477  2.00565828 40275
1 38833U 12053A   18096.35726246  .00000004  00000-0  00000+0 0  9998
2 38833  53.9842 266.4685 0067953  29.4106 330.9449  2.00565850 40295
1 38833U 12053A   18097.35441002  .00000007  00000-0  00000+0 0  9996
2 38833  53.9836 266.4273 0067963  29.4203 330.9385  2.00565868 40311
1 38833U 12053A   18098.35155636  .00000008  00000-0  00000+0 0  9993
2 38833  53.9831 266.3862 0067973  29.4304 330.9307  2.00565877 40338
1 38833U 12053A   18100.34584331  .00000003  00000-0  00000+0 0  9999
2 38833  53.9820 266.3039 0067979  29.4585 330.9034  2.00565879 40372
1 38833U 12053A   18101.34298387 -.00000000  00000-0  00000+0 0  9991
2 38833  53.9814 266.2628 0067989  29.4739 330.8862  2.00565871 40392
1 38833U 12053A   18102.34012261 -.00000004  00000-0  00000-0 0  9992
2 38833  53.9809 266.2216 0067982  29.4838 330.8733  2.00565857 39627
1 38833U 12053A   18102.34012263 -.00000004  00000-0  00000+0 0  9993
2 38833  53.9809 266.2216 0067990  29.4875 330.8696  2.00565862 40410
1 38833U 12053A   18103.33726029 -.00000006  00000-0  00000+0 0  9997
2 38833  53.9803 266.1805 0067966  29.5010 330.8523  2.00565849 40438
1 38833U 12053A   18103.33726029 -.00000006  00000-0  00000-0 0  9998
2 38833  53.9803 266.1805 0067966  29.5010 330.8523  2.00565849 40438
1 38833U 12053A   18104.33439770 -.00000007  00000-0  00000+0 0  9993
2 38833  53.9798 266.1393 0067964  29.5103 330.8391  2.00565839 40458
1 38833U 12053A   18105.33153630 -.00000006  00000-0  00000+0 0  9991
2 38833  53.9793 266.0982 0067981  29.5212 330.8252  2.00565829 40473
1 38833U 12053A   18105.83010635 -.00000005  00000-0  00000-0 0  9993
2 38833  53.9790 266.0776 0067997  29.5256 330.8197  2.00565823 39690
1 38833U 12053A   18106.32867676 -.00000003  00000-0  00000+0 0  9990
2 38833  53.9787 266.0570 0068006  29.5287 330.8159  2.00565819 40497
1 38833U 12053A   18107.32581935  .00000000  00000-0  00000+0 0  9998
2 38833  53.9782 266.0159 0068010  29.5364 330.8082  2.00565814 40519
1 38833U 12053A   18107.82439156  .00000003  00000-0  00000+0 0  9993
2 38833  53.9779 265.9953 0068010  29.5374 330.8077  2.00565811 40528
1 38833U 12053A   18109.32011136  .00000008  00000-0  00000+0 0  9999
2 38833  53.9770 265.9336 0068024  29.5531 330.7961  2.00565812 40559
1 38833U 12053A   18109.81868497  .00000009  00000-0  00000+0 0  9994
2 38833  53.9767 265.9130 0068039  29.5529 330.7981  2.00565818 40569
1 38833U 12053A   18110.81583219  .00000009  00000-0  00000-0 0  9993
2 38833  53.9761 265.8719 0068028  29.5638 330.7904  2.00565822 39797
1 38833U 12053A   18111.31440522  .00000007  00000-0  00000+0 0  9995
2 38833  53.9758 265.8513 0068032  29.5672 330.7883  2.00565828 40590
1 38833U 12053A   18111.81297775  .00000004  00000-0  00000-0 0  9998
2 38833  53.9755 265.8307 0068034  29.5726 330.7839  2.00565834 39811
1 38833U 12053A   18112.31154948  .00000000  00000-0  00000+0 0  9993
2 38833  53.9752 265.8101 0068031  29.5676 330.7891  2.00565844 40610
1 38833U 12053A   18112.31154948  .00000000  00000-0  00000-0 0  9994
2 38833  53.9752 265.8101 0068031  29.5676 330.7891  2.00565844 39821
1 38833U 12053A   18113.30869075 -.00000011  00000-0  00000-0 0  9991
2 38833  53.9746 265.7689 0068036  29.5714 330.7846  2.00565865 39847
1 38833U 12053A   18113.30869089 -.00000011  00000-0  00000+0 0  9995
2 38833  53.9746 265.7690 0068031  29.5770 330.7790  2.00565860 40638
1 38833U 12053A   18114.30582933 -.00000024  00000-0  00000+0 0  9990
2 38833  53.9741 265.7278 0068033  29.5769 330.7763  2.00565884 40653
1 38833U 12053A   18114.80439757 -.00000031  00000-0  00000+0 0  9998
2 38833  53.9738 265.7073 0068029  29.5725 330.7787  2.00565899 40662
1 38833U 12053A   18114.80439757 -.00000031  00000-0  00000-0 0  9999
2 38833  53.9738 265.7073 0068029  29.5725 330.7787  2.00565899 39873
1 38833U 12053A   18115.80153344 -.00000044  00000-0  00000+0 0  9998
2 38833  53.9732 265.6661 0068048  29.5637 330.7829  2.00565943 40680
1 38833U 12053A   18116.79866954 -.00000054  00000-0  00000+0 0  9996
2 38833  53.9726 265.6250 0068057  29.5657 330.7766  2.00565979 40701
1 38833U 12053A   18116.79866978 -.00000054  00000-0  00000-0 0  9993
2 38833  53.9726 265.6250 0068063  29.5759 330.7666  2.00565962 39913
1 38833U 12053A   18118.29437689 -.00000060  00000-0  00000-0 0  9990
2 38833  53.9717 265.5633 0068085  29.5714 330.7669  2.00566038 39943
1 38833U 12053A   18118.29437699 -.00000060  00000-0  00000+0 0  9990
2 38833  53.9717 265.5633 0068082  29.5808 330.7576  2.00566018 40738
1 38833U 12053A   18119.29151836 -.00000057  00000-0  00000+0 0  9993
2 38833  53.9712 265.5222 0068093  29.5866 330.7514  2.00566059 40752
1 38833U 12053A   18119.29151842 -.00000057  00000-0  00000-0 0  9991
2 38833  53.9712 265.5222 0068098  29.5870 330.7511  2.00566066 39968
1 38833U 12053A   18119.79009024 -.00000055  00000-0  00000-0 0  9998
2 38833  53.9709 265.5016 0068113  29.5898 330.7490  2.00566078 39973
1 38833U 12053A   18120.28866257 -.00000051  00000-0  00000+0 0  9998
2 38833  53.9706 265.4811 0068117  29.5918 330.7481  2.00566098 40771
1 38833U 12053A   18120.28866257 -.00000051  00000-0  00000-0 0  9999
2 38833  53.9706 265.4811 0068114  29.5896 330.7503  2.00566105 39988
1 38833U 12053A   18120.78723551 -.00000047  00000-0  00000-0 0  9998
2 38833  53.9703 265.4605 0068115  29.5937 330.7477  2.00566117 39997
1 38833U 12053A   18121.28580889 -.00000043  00000-0  00000-0 0  9995
2 38833  53.9700 265.4400 0068106  29.5902 330.7530  2.00566140 40009
1 38833U 12053A   18121.28580891 -.00000043  00000-0  00000+0 0  9997
2 38833  53.9700 265.4399 0068118  29.5946 330.7488  2.00566137 40791
1 38833U 12053A   18122.28295666 -.00000034  00000-0  00000+0 0  9991
2 38833  53.9694 265.3989 0068108  29.5937 330.7542  2.00566170 40817
1 38833U 12053A   18122.28295671 -.00000034  00000-0  00000-0 0  9998
2 38833  53.9694 265.3989 0068108  29.5925 330.7554  2.00566173 40023
1 38833U 12053A   18122.78153089 -.00000030  00000-0  00000-0 0  9995
2 38833  53.9691 265.3783 0068111  29.5952 330.7552  2.00566184 40037
1 38833U 12053A   18123.28010511 -.00000026  00000-0  00000+0 0  9997
2 38833  53.9688 265.3577 0068113  29.5960 330.7570  2.00566197 40837
1 38833U 12053A   18123.77867933 -.00000024  00000-0  00000-0 0  9998
2 38833  53.9685 265.3372 0068113  29.5975 330.7581  2.00566209 40053
1 38833U 12053A   18123.77867938 -.00000024  00000-0  00000+0 0  9992
2 38833  53.9685 265.3372 0068111  29.5861 330.7693  2.00566219 40847
1 38833U 12053A   18124.77582698 -.00000020  00000-0  00000-0 0  9997
2 38833  53.9680 265.2961 0068115  29.5973 330.7629  2.00566227 40076
1 38833U 12053A   18125.27440035 -.00000020  00000-0  00000+0 0  9990
2 38833  53.9677 265.2755 0068118  29.5981 330.7642  2.00566235 40877
1 38833U 12053A   18125.27440037 -.00000020  00000-0  00000+0 0  9992
2 38833  53.9677 265.2755 0068114  29.5916 330.7705  2.00566236 40872
1 38833U 12053A   18125.27440037 -.00000020  00000-0  00000-0 0  9993
2 38833  53.9677 265.2755 0068114  29.5916 330.7705  2.00566236 40085
1 38833U 12053A   18126.77011777 -.00000021  00000-0  00000+0 0  9994
2 38833  53.9668 265.2139 0068129  29.6036 330.7629  2.00566246 40908
1 38833U 12053A   18126.77011777 -.00000021  00000-0  00000-0 0  9995
2 38833  53.9668 265.2139 0068129  29.6036 330.7629  2.00566246 40111
1 38833U 12053A   18127.76726026 -.00000024  00000-0  00000-0 0  9998
2 38833  53.9662 265.1728 0068142  29.6121 330.7555  2.00566247 40139
1 38833U 12053A   18128.26583072 -.00000026  00000-0  00000+0 0  9997
2 38833  53.9659 265.1522 0068147  29.6165 330.7511  2.00566246 40939
1 38833U 12053A   18128.76440069 -.00000027  00000-0  00000-0 0  9992
2 38833  53.9656 265.1316 0068151  29.6198 330.7475  2.00566244 40159
1 38833U 12053A   18129.26297020 -.00000029  00000-0  00000+0 0  9996
2 38833  53.9653 265.1111 0068150  29.6221 330.7446  2.00566242 40959
1 38833U 12053A   18129.76153942 -.00000030  00000-0  00000-0 0  9998
2 38833  53.9650 265.0905 0068151  29.6248 330.7410  2.00566240 40179
1 38833U 12053A   18130.26010828 -.00000031  00000-0  00000+0 0  9990
2 38833  53.9647 265.0700 0068141  29.6194 330.7452  2.00566233 40973
1 38833U 12053A   18130.75867725 -.00000031  00000-0  00000+0 0  9990
2 38833  53.9644 265.0495 0068142  29.6259 330.7378  2.00566232 40981
1 38833U 12053A   18130.75867725 -.00000031  00000-0  00000-0 0  9991
2 38833  53.9644 265.0495 0068142  29.6259 330.7378  2.00566232 40194
1 38833U 12053A   18131.75581506 -.00000031  00000-0  00000+0 0  9991
2 38833  53.9638 265.0084 0068141  29.6259 330.7356  2.00566225 41009
1 38833U 12053A   18131.75581506 -.00000031  00000-0  00000-0 0  9992
2 38833  53.9638 265.0084 0068141  29.6259 330.7356  2.00566225 40211
1 38833U 12053A   18132.75295392 -.00000029  00000-0  00000-0 0  9995
2 38833  53.9633 264.9672 0068135  29.6227 330.7375  2.00566217 40239
1 38833U 12053A   18133.25152406 -.00000027  00000-0  00000+0 0  9996
2 38833  53.9630 264.9467 0068138  29.6226 330.7375  2.00566214 41036
1 38833U 12053A   18133.75009475 -.00000025  00000-0  00000-0 0  9997
2 38833  53.9627 264.9261 0068135  29.6205 330.7397  2.00566210 40251
1 38833U 12053A   18134.24866603 -.00000022  00000-0  00000+0 0  9992
2 38833  53.9624 264.9055 0068137  29.6187 330.7422  2.00566208 41055
1 38833U 12053A   18134.74723788 -.00000020  00000-0  00000+0 0  9991
2 38833  53.9621 264.8850 0068141  29.6120 330.7500  2.00566206 41062
1 38833U 12053A   18134.74723797 -.00000020  00000-0  00000-0 0  9992
2 38833  53.9621 264.8850 0068138  29.6186 330.7435  2.00566206 40279
1 38833U 12053A   18135.74438354 -.00000014  00000-0  00000-0 0  9998
2 38833  53.9615 264.8438 0068147  29.6181 330.7476  2.00566206 40296
1 38833U 12053A   18136.24295693 -.00000012  00000-0  00000-0 0  9999
2 38833  53.9612 264.8233 0068154  29.6137 330.7542  2.00566207 40302
1 38833U 12053A   18136.24295699 -.00000012  00000-0  00000+0 0  9994
2 38833  53.9612 264.8233 0068146  29.6156 330.7523  2.00566206 41099
1 38833U 12053A   18136.74153066 -.00000010  00000-0  00000+0 0  9998
2 38833  53.9609 264.8027 0068157  29.6122 330.7582  2.00566209 41101
1 38833U 12053A   18137.24010416 -.00000009  00000-0  00000-0 0  9994
2 38833  53.9605 264.7822 0068151  29.6055 330.7673  2.00566216 40320
1 38833U 12053A   18138.23725147 -.00000009  00000-0  00000+0 0  9997
2 38833  53.9600 264.7410 0068162  29.6171 330.7606  2.00566222 41132
1 38833U 12053A   18139.23439655 -.00000013  00000-0  00000+0 0  9999
2 38833  53.9593 264.6999 0068169  29.6115 330.7697  2.00566236 41156
1 38833U 12053A   18139.73296799 -.00000017  00000-0  00000+0 0  9998
2 38833  53.9590 264.6793 0068170  29.6042 330.7779  2.00566247 41160
1 38833U 12053A   18139.73296814 -.00000017  00000-0  00000-0 0  9997
2 38833  53.9590 264.6793 0068170  29.6128 330.7694  2.00566244 40370
1 38833U 12053A   18140.23153851 -.00000021  00000-0  00000-0 0  9992
2 38833  53.9587 264.6588 0068169  29.5962 330.7863  2.00566264 40382
1 38833U 12053A   18140.73010872 -.00000027  00000-0  00000+0 0  9997
2 38833  53.9584 264.6382 0068179  29.6011 330.7814  2.00566270 41180
1 38833U 12053A   18141.72724679 -.00000040  00000-0  00000-0 0  9990
2 38833  53.9578 264.5970 0068189  29.6031 330.7779  2.00566287 40411
1 38833U 12053A   18142.22581483 -.00000046  00000-0  00000+0 0  9995
2 38833  53.9575 264.5765 0068193  29.5984 330.7811  2.00566302 41215
1 38833U 12053A   18142.72438262 -.00000053  00000-0  00000-0 0  9995
2 38833  53.9572 264.5559 0068195  29.5966 330.7814  2.00566317 40437
1 38833U 12053A   18143.22295017 -.00000058  00000-0  00000-0 0  9995
2 38833  53.9568 264.5353 0068201  29.5863 330.7899  2.00566340 40448
1 38833U 12053A   18143.22295032 -.00000058  00000-0  00000+0 0  9991
2 38833  53.9569 264.5353 0068197  29.5947 330.7817  2.00566331 41234
1 38833U 12053A   18143.72151786 -.00000063  00000-0  00000-0 0  9990
2 38833  53.9565 264.5147 0068201  29.5807 330.7939  2.00566359 41248
1 38833U 12053A   18143.72151798 -.00000063  00000-0  00000-0 0  9993
2 38833  53.9566 264.5147 0068201  29.5890 330.7857  2.00566350 40453
1 38833U 12053A   18144.71865444 -.00000069  00000-0  00000-0 0  9999
2 38833  53.9560 264.4736 0068213  29.5840 330.7883  2.00566384 40476
1 38833U 12053A   18145.21722341 -.00000070  00000-0  00000+0 0  9994
2 38833  53.9557 264.4530 0068219  29.5795 330.7921  2.00566403 41273
1 38833U 12053A   18145.71579309 -.00000070  00000-0  00000-0 0  9994
2 38833  53.9554 264.4324 0068227  29.5791 330.7924  2.00566421 40492
1 38833U 12053A   18146.21436335 -.00000069  00000-0  00000+0 0  9998
2 38833  53.9551 264.4119 0068233  29.5759 330.7960  2.00566443 41295
1 38833U 12053A   18146.71293437 -.00000066  00000-0  00000-0 0  9995
2 38833  53.9548 264.3913 0068235  29.5743 330.7984  2.00566462 40518
1 38833U 12053A   18147.21150606 -.00000063  00000-0  00000-0 0  9998
2 38833  53.9545 264.3708 0068237  29.5654 330.8086  2.00566490 40526
1 38833U 12053A   18147.21150611 -.00000063  00000-0  00000+0 0  9993
2 38833  53.9545 264.3708 0068241  29.5728 330.8013  2.00566481 41311
1 38833U 12053A   18147.21150611 -.00000063  00000-0  00000-0 0  9994
2 38833  53.9545 264.3708 0068241  29.5728 330.8013  2.00566481 40523
1 38833U 12053A   18147.71007838 -.00000059  00000-0  00000-0 0  9996
2 38833  53.9542 264.3502 0068243  29.5684 330.8075  2.00566501 40537
1 38833U 12053A   18148.20865120 -.00000054  00000-0  00000+0 0  9991
2 38833  53.9539 264.3297 0068245  29.5635 330.8147  2.00566526 41338
1 38833U 12053A   18148.20865124 -.00000054  00000-0  00000-0 0  9996
2 38833  53.9539 264.3297 0068243  29.5591 330.8190  2.00566529 40540
1 38833U 12053A   18149.20579814 -.00000044  00000-0  00000+0 0  9993
2 38833  53.9534 264.2885 0068253  29.5617 330.8220  2.00566558 41353
1 38833U 12053A   18149.70437201 -.00000039  00000-0  00000-0 0  9996
2 38833  53.9531 264.2680 0068258  29.5600 330.8268  2.00566574 40573
1 38833U 12053A   18150.20294588 -.00000035  00000-0  00000+0 0  9997
2 38833  53.9528 264.2474 0068261  29.5574 330.8325  2.00566590 41375
1 38833U 12053A   18150.70151978 -.00000031  00000-0  00000-0 0  9994
2 38833  53.9525 264.2268 0068264  29.5551 330.8379  2.00566603 40598
1 38833U 12053A   18151.20009350 -.00000028  00000-0  00000-0 0  9992
2 38833  53.9522 264.2063 0068262  29.5426 330.8534  2.00566619 40609
1 38833U 12053A   18151.20009352 -.00000028  00000-0  00000+0 0  9993
2 38833  53.9522 264.2063 0068267  29.5504 330.8457  2.00566615 41398
1 38833U 12053A   18152.19724030 -.00000025  00000-0  00000+0 0  9996
2 38833  53.9516 264.1652 0068278  29.5458 330.8558  2.00566633 41419
1 38833U 12053A   18152.69581293 -.00000024  00000-0  00000-0 0  9993
2 38833  53.9514 264.1446 0068278  29.5426 330.8615  2.00566645 40633
1 38833U 12053A   18153.19438536 -.00000024  00000-0  00000+0 0  9999
2 38833  53.9511 264.1240 0068286  29.5429 330.8633  2.00566649 41437
1 38833U 12053A   18153.19438546 -.00000024  00000-0  00000-0 0  9991
2 38833  53.9511 264.1241 0068286  29.5338 330.8723  2.00566649 40649
1 38833U 12053A   18153.69295725 -.00000024  00000-0  00000-0 0  9996
2 38833  53.9508 264.1035 0068292  29.5417 330.8663  2.00566653 40650
1 38833U 12053A   18154.19152856 -.00000025  00000-0  00000+0 0  9999
2 38833  53.9505 264.0830 0068296  29.5318 330.8774  2.00566657 41459
1 38833U 12053A   18155.18866959 -.00000027  00000-0  00000+0 0  9997
2 38833  53.9499 264.0418 0068304  29.5323 330.8786  2.00566658 41475
1 38833U 12053A   18155.68723943 -.00000028  00000-0  00000-0 0  9999
2 38833  53.9497 264.0213 0068311  29.5398 330.8715  2.00566657 40690
1 38833U 12053A   18156.18580864 -.00000029  00000-0  00000+0 0  9998
2 38833  53.9494 264.0007 0068314  29.5398 330.8715  2.00566660 41494
1 38833U 12053A   18156.68437734 -.00000030  00000-0  00000-0 0  9993
2 38833  53.9491 263.9801 0068313  29.5252 330.8856  2.00566656 40714
1 38833U 12053A   18158.18008255 -.00000030  00000-0  00000-0 0  9992
2 38833  53.9482 263.9184 0068315  29.5202 330.8888  2.00566647 40743
1 38833U 12053A   18158.18008267 -.00000030  00000-0  00000+0 0  9994
2 38833  53.9482 263.9184 0068316  29.5294 330.8796  2.00566650 41535
1 38833U 12053A   18159.17721929 -.00000028  00000-0  00000+0 0  9998
2 38833  53.9477 263.8773 0068316  29.5211 330.8866  2.00566647 41557
1 38833U 12053A   18159.17721929 -.00000028  00000-0  00000-0 0  9999
2 38833  53.9477 263.8773 0068316  29.5211 330.8866  2.00566647 41557
1 38833U 12053A   18159.67578801 -.00000027  00000-0  00000-0 0  9992
2 38833  53.9474 263.8567 0068319  29.5178 330.8896  2.00566645 40774
1 38833U 12053A   18160.17435705 -.00000025  00000-0  00000+0 0  9991
2 38833  53.9471 263.8361 0068323  29.5040 330.9033  2.00566639 41572
1 38833U 12053A   18160.67292685 -.00000022  00000-0  00000-0 0  9992
2 38833  53.9468 263.8155 0068324  29.5090 330.8987  2.00566638 40794
1 38833U 12053A   18161.17149685 -.00000019  00000-0  00000+0 0  9994
2 38833  53.9465 263.7949 0068328  29.4928 330.9155  2.00566634 41597
1 38833U 12053A   18162.16863907 -.00000012  00000-0  00000+0 0  9997
2 38833  53.9460 263.7538 0068339  29.4930 330.9181  2.00566635 41614
1 38833U 12053A   18162.16863913 -.00000012  00000-0  00000-0 0  9995
2 38833  53.9460 263.7538 0068342  29.4877 330.9234  2.00566632 40826
1 38833U 12053A   18163.16578347 -.00000006  00000-0  00000+0 0  9992
2 38833  53.9454 263.7126 0068353  29.4804 330.9350  2.00566632 41633
1 38833U 12053A   18164.16292917 -.00000000  00000-0  00000+0 0  9993
2 38833  53.9448 263.6715 0068369  29.4783 330.9425  2.00566638 41653
1 38833U 12053A   18164.66150218  .00000001  00000-0  00000-0 0  9996
2 38833  53.9445 263.6509 0068375  29.4806 330.9431  2.00566640 40877
1 38833U 12053A   18165.16007494  .00000002  00000-0  00000-0 0  9990
2 38833  53.9442 263.6303 0068384  29.4727 330.9535  2.00566644 40888
1 38833U 12053A   18165.16007500  .00000002  00000-0  00000+0 0  9997
2 38833  53.9443 263.6303 0068378  29.4811 330.9452  2.00566644 41672
1 38833U 12053A   18165.65864731  .00000002  00000-0  00000-0 0  9999
2 38833  53.9440 263.6097 0068385  29.4740 330.9546  2.00566650 40892
1 38833U 12053A   18166.15721906  .00000000  00000-0  00000+0 0  9998
2 38833  53.9437 263.5891 0068387  29.4693 330.9613  2.00566657 41699
1 38833U 12053A   18166.15721908  .00000000  00000-0  00000-0 0  9991
2 38833  53.9437 263.5891 0068393  29.4640 330.9666  2.00566657 40909
1 38833U 12053A   18166.65579031 -.00000002  00000-0  00000-0 0  9997
2 38833  53.9434 263.5685 0068394  29.4672 330.9650  2.00566661 40912
1 38833U 12053A   18167.15436036 -.00000006  00000-0  00000-0 0  9994
2 38833  53.9431 263.5480 0068399  29.4510 330.9820  2.00566676 40924
1 38833U 12053A   18167.15436048 -.00000006  00000-0  00000+0 0  9996
2 38833  53.9431 263.5480 0068398  29.4596 330.9736  2.00566673 41718
1 38833U 12053A   18167.65293006 -.00000010  00000-0  00000-0 0  9992
2 38833  53.9428 263.5274 0068403  29.4551 330.9785  2.00566680 40938
1 38833U 12053A   18168.15149848 -.00000016  00000-0  00000+0 0  9997
2 38833  53.9425 263.5068 0068409  29.4412 330.9921  2.00566698 41738
1 38833U 12053A   18168.15149848 -.00000016  00000-0  00000-0 0  9998
2 38833  53.9425 263.5068 0068409  29.4412 330.9921  2.00566698 40940
1 38833U 12053A   18168.65006653 -.00000021  00000-0  00000-0 0  9995
2 38833  53.9422 263.4862 0068412  29.4422 330.9905  2.00566706 40956
1 38833U 12053A   18169.14863362 -.00000028  00000-0  00000+0 0  9994
2 38833  53.9419 263.4656 0068419  29.4275 331.0040  2.00566726 41759
1 38833U 12053A   18169.64720074 -.00000034  00000-0  00000-0 0  9999
2 38833  53.9416 263.4450 0068423  29.4328 330.9973  2.00566731 40974
1 38833U 12053A   18170.14576682 -.00000039  00000-0  00000-0 0  9995
2 38833  53.9413 263.4244 0068430  29.4066 331.0216  2.00566760 40984
1 38833U 12053A   18170.14576693 -.00000039  00000-0  00000+0 0  9996
2 38833  53.9414 263.4244 0068433  29.4129 331.0155  2.00566757 41774
1 38833U 12053A   18170.64433351 -.00000044  00000-0  00000-0 0  9991
2 38833  53.9411 263.4038 0068437  29.4126 331.0141  2.00566764 40999
1 38833U 12053A   18171.14289992 -.00000049  00000-0  00000-0 0  9992
2 38833  53.9408 263.3832 0068447  29.4006 331.0245  2.00566792 41003
1 38833U 12053A   18172.14003410 -.00000053  00000-0  00000+0 0  9996
2 38833  53.9403 263.3420 0068464  29.3916 331.0312  2.00566827 41812
1 38833U 12053A   18172.63860203 -.00000054  00000-0  00000-0 0  9993
2 38833  53.9400 263.3214 0068474  29.3927 331.0296  2.00566842 41035
1 38833U 12053A   18173.13717054 -.00000053  00000-0  00000-0 0  9993
2 38833  53.9397 263.3008 0068486  29.3844 331.0378  2.00566871 41046
1 38833U 12053A   18173.13717065 -.00000053  00000-0  00000+0 0  9994
2 38833  53.9397 263.3008 0068485  29.3899 331.0323  2.00566861 41831
1 38833U 12053A   18173.63573992 -.00000051  00000-0  00000-0 0  9997
2 38833  53.9395 263.2802 0068495  29.3878 331.0349  2.00566881 41052
1 38833U 12053A   18174.13430980 -.00000047  00000-0  00000+0 0  9996
2 38833  53.9392 263.2596 0068501  29.3817 331.0419  2.00566902 41850
1 38833U 12053A   18175.13145142 -.00000038  00000-0  00000-0 0  9991
2 38833  53.9387 263.2185 0068514  29.3548 331.0720  2.00566961 41088
1 38833U 12053A   18175.13145157 -.00000038  00000-0  00000+0 0  9996
2 38833  53.9387 263.2185 0068517  29.3721 331.0549  2.00566944 41871
1 38833U 12053A   18176.12859524 -.00000028  00000-0  00000+0 0  9995
2 38833  53.9382 263.1773 0068527  29.3605 331.0713  2.00566984 41899
1 38833U 12053A   18177.12574006 -.00000018  00000-0  00000+0 0  9994
2 38833  53.9376 263.1362 0068541  29.3519 331.0857  2.00567021 41911
1 38833U 12053A   18178.12288492 -.00000010  00000-0  00000+0 0  9998
2 38833  53.9371 263.0950 0068553  29.3407 331.1028  2.00567051 41933
1 38833U 12053A   18178.62145711 -.00000007  00000-0  00000-0 0  9996
2 38833  53.9369 263.0744 0068557  29.3358 331.1105  2.00567063 41153
1 38833U 12053A   18179.12002895 -.00000004  00000-0  00000+0 0  9993
2 38833  53.9366 263.0539 0068565  29.3293 331.1195  2.00567076 41950
1 38833U 12053A   18180.11717146 -.00000002  00000-0  00000+0 0  9994
2 38833  53.9361 263.0127 0068579  29.3183 331.1349  2.00567097 41977
1 38833U 12053A   18180.61574200 -.00000002  00000-0  00000-0 0  9992
2 38833  53.9359 262.9921 0068587  29.3141 331.1408  2.00567104 41196
1 38833U 12053A   18181.11431198 -.00000002  00000-0  00000+0 0  9995
2 38833  53.9356 262.9716 0068593  29.2994 331.1567  2.00567113 41991
1 38833U 12053A   18181.61288146 -.00000003  00000-0  00000-0 0  9995
2 38833  53.9354 262.9510 0068602  29.3079 331.1493  2.00567116 41213
1 38833U 12053A   18182.11145036 -.00000004  00000-0  00000-0 0  9992
2 38833  53.9351 262.9304 0068608  29.2956 331.1620  2.00567120 41228
1 38833U 12053A   18182.11145044 -.00000004  00000-0  00000+0 0  9990
2 38833  53.9351 262.9304 0068611  29.3068 331.1510  2.00567120 42013
1 38833U 12053A   18183.10858670 -.00000006  00000-0  00000+0 0  9998
2 38833  53.9346 262.8893 0068626  29.3010 331.1568  2.00567124 42031
1 38833U 12053A   18183.60715409 -.00000006  00000-0  00000+0 0  9995
2 38833  53.9344 262.8687 0068634  29.2908 331.1664  2.00567125 42043
1 38833U 12053A   18183.60715416 -.00000006  00000-0  00000-0 0  9994
2 38833  53.9344 262.8687 0068636  29.2951 331.1622  2.00567125 41259
1 38833U 12053A   18184.60428799 -.00000007  00000-0  00000+0 0  9990
2 38833  53.9338 262.8275 0068646  29.2951 331.1607  2.00567126 42060
1 38833U 12053A   18184.60428799 -.00000007  00000-0  00000-0 0  9991
2 38833  53.9338 262.8275 0068646  29.2951 331.1607  2.00567126 41272
1 38833U 12053A   18185.10285446 -.00000006  00000-0  00000-0 0  9996
2 38833  53.9336 262.8069 0068654  29.2792 331.1754  2.00567125 41286
1 38833U 12053A   18185.60142112 -.00000006  00000-0  00000+0 0  9992
2 38833  53.9333 262.7863 0068660  29.2882 331.1655  2.00567126 42081
1 38833U 12053A   18185.60142112 -.00000006  00000-0  00000-0 0  9993
2 38833  53.9333 262.7863 0068660  29.2882 331.1655  2.00567126 41293
1 38833U 12053A   18186.59855456 -.00000002  00000-0  00000+0 0  9999
2 38833  53.9328 262.7451 0068673  29.2804 331.1715  2.00567124 42104
1 38833U 12053A   18186.59855456 -.00000002  00000-0  00000-0 0  9990
2 38833  53.9328 262.7451 0068673  29.2804 331.1715  2.00567124 41316
1 38833U 12053A   18187.59568909  .00000003  00000-0  00000-0 0  9995
2 38833  53.9324 262.7039 0068693  29.2614 331.1895  2.00567119 41330
1 38833U 12053A   18188.09425713  .00000006  00000-0  00000+0 0  9998
2 38833  53.9321 262.6833 0068705  29.2579 331.1931  2.00567118 42131
1 38833U 12053A   18188.09425713  .00000006  00000-0  00000-0 0  9999
2 38833  53.9321 262.6833 0068705  29.2579 331.1931  2.00567118 41343
1 38833U 12053A   18188.09425714  .00000006  00000-0  00000+0 0  9999
2 38833  53.9321 262.6833 0068704  29.2621 331.1889  2.00567119 42131
1 38833U 12053A   18189.58996462  .00000017  00000-0  00000+0 0  9999
2 38833  53.9314 262.6215 0068736  29.2438 331.2099  2.00567116 42162
1 38833U 12053A   18190.58710550  .00000024  00000-0  00000+0 0  9991
2 38833  53.9309 262.5803 0068758  29.2352 331.2221  2.00567118 42188
1 38833U 12053A   18191.58424747  .00000030  00000-0  00000+0 0  9999
2 38833  53.9304 262.5391 0068773  29.2327 331.2292  2.00567124 42202
1 38833U 12053A   18191.58424747  .00000030  00000-0  00000-0 0  9990
2 38833  53.9304 262.5391 0068773  29.2327 331.2292  2.00567124 41414
1 38833U 12053A   18194.07709749  .00000028  00000-0  00000+0 0  9991
2 38833  53.9291 262.4360 0068825  29.1943 331.2757  2.00567156 42259
1 38833U 12053A   18194.07709775  .00000028  00000-0  00000+0 0  9990
2 38833  53.9291 262.4361 0068825  29.2055 331.2645  2.00567152 42257
1 38833U 12053A   18194.57566566  .00000024  00000-0  00000-0 0  9991
2 38833  53.9288 262.4155 0068832  29.1978 331.2724  2.00567162 41477
1 38833U 12053A   18195.07423270  .00000019  00000-0  00000+0 0  9994
2 38833  53.9286 262.3948 0068847  29.1845 331.2853  2.00567176 42270
1 38833U 12053A   18195.57279917  .00000014  00000-0  00000-0 0  9992
2 38833  53.9283 262.3742 0068853  29.1846 331.2843  2.00567183 41497
1 38833U 12053A   18196.07136466  .00000008  00000-0  00000+0 0  9991
2 38833  53.9281 262.3536 0068870  29.1737 331.2938  2.00567202 42290
1 38833U 12053A   18196.56992968  .00000002  00000-0  00000-0 0  9997
2 38833  53.9278 262.3330 0068876  29.1705 331.2950  2.00567210 41516
1 38833U 12053A   18196.56992993  .00000002  00000-0  00000-0 0  9995
2 38833  53.9278 262.3330 0068873  29.1784 331.2873  2.00567206 41519
1 38833U 12053A   18197.06849426 -.00000004  00000-0  00000+0 0  9995
2 38833  53.9276 262.3124 0068902  29.1717 331.2919  2.00567230 42314
1 38833U 12053A   18200.05988329 -.00000022  00000-0  00000+0 0  9995
2 38833  53.9262 262.1886 0068990  29.1437 331.3085  2.00567340 42371
1 38833U 12053A   18200.05988333 -.00000022  00000-0  00000+0 0  9990
2 38833  53.9261 262.1887 0068987  29.1484 331.3038  2.00567332 42378
1 38833U 12053A   18200.55844991 -.00000020  00000-0  00000-0 0  9995
2 38833  53.9259 262.1680 0069001  29.1461 331.3055  2.00567351 41592
1 38833U 12053A   18201.05701694 -.00000018  00000-0  00000+0 0  9999
2 38833  53.9257 262.1474 0069015  29.1358 331.3157  2.00567373 42397
1 38833U 12053A   18201.55558491 -.00000014  00000-0  00000-0 0  9996
2 38833  53.9255 262.1268 0069029  29.1327 331.3192  2.00567393 41612
1 38833U 12053A   18202.05415343 -.00000010  00000-0  00000+0 0  9995
2 38833  53.9253 262.1062 0069043  29.1187 331.3341  2.00567425 42413
1 38833U 12053A   18203.05129184  .00000000  00000-0  00000+0 0  9999
2 38833  53.9248 262.0650 0069064  29.0912 331.3643  2.00567471 42435
1 38833U 12053A   18203.05129184  .00000000  00000-0  00000-0 0  9990
2 38833  53.9248 262.0650 0069064  29.0912 331.3643  2.00567471 41647
1 38833U 12053A   18204.54700225  .00000015  00000-0  00000-0 0  9992
2 38833  53.9241 262.0032 0069095  29.0927 331.3694  2.00567512 42467
1 38833U 12053A   18205.04557243  .00000019  00000-0  00000-0 0  9992
2 38833  53.9239 261.9826 0069114  29.0710 331.3931  2.00567542 42473
1 38833U 12053A   18205.54414248  .00000023  00000-0  00000-0 0  9999
2 38833  53.9237 261.9620 0069123  29.0749 331.3915  2.00567551 41690
1 38833U 12053A   18206.54128170  .00000027  00000-0  00000-0 0  9990
2 38833  53.9232 261.9208 0069148  29.0737 331.3965  2.00567571 42509
1 38833U 12053A   18207.03985072  .00000028  00000-0  00000-0 0  9998
2 38833  53.9230 261.9002 0069168  29.0652 331.4065  2.00567588 42518
1 38833U 12053A   18208.53555444  .00000027  00000-0  00000-0 0  9999
2 38833  53.9224 261.8384 0069203  29.0608 331.4132  2.00567610 42548
1 38833U 12053A   18209.03412143  .00000026  00000-0  00000-0 0  9992
2 38833  53.9222 261.8178 0069224  29.0551 331.4189  2.00567617 42557
1 38833U 12053A   18210.03125372  .00000024  00000-0  00000-0 0  9997
2 38833  53.9218 261.7766 0069257  29.0508 331.4222  2.00567625 42571
1 38833U 12053A   18211.02838400  .00000022  00000-0  00000+0 0  9997
2 38833  53.9213 261.7354 0069280  29.0485 331.4221  2.00567626 42591
1 38833U 12053A   18211.52694864  .00000022  00000-0  00000-0 0  9997
2 38833  53.9211 261.7149 0069292  29.0479 331.4211  2.00567626 41810
1 38833U 12053A   18212.02551298  .00000022  00000-0  00000+0 0  9995
2 38833  53.9209 261.6943 0069304  29.0445 331.4227  2.00567626 42611
1 38833U 12053A   18212.52407731  .00000022  00000-0  00000+0 0  9992
2 38833  53.9206 261.6737 0069313  29.0495 331.4161  2.00567628 42624
1 38833U 12053A   18213.02264150  .00000023  00000-0  00000+0 0  9995
2 38833  53.9204 261.6530 0069328  29.0459 331.4179  2.00567626 42637
1 38833U 12053A   18213.52120581  .00000025  00000-0  00000-0 0  9992
2 38833  53.9202 261.6324 0069344  29.0360 331.4260  2.00567624 41857
1 38833U 12053A   18214.01977042  .00000027  00000-0  00000+0 0  9990
2 38833  53.9200 261.6118 0069358  29.0334 331.4271  2.00567623 42652
1 38833U 12053A   18214.51833531  .00000029  00000-0  00000-0 0  9992
2 38833  53.9198 261.5912 0069373  29.0261 331.4330  2.00567621 41872
1 38833U 12053A   18215.01690062  .00000032  00000-0  00000+0 0  9991
2 38833  53.9196 261.5706 0069387  29.0232 331.4350  2.00567621 42675
1 38833U 12053A   18215.51546650  .00000035  00000-0  00000+0 0  9992
2 38833  53.9193 261.5500 0069401  29.0300 331.4278  2.00567624 42680
1 38833U 12053A   18216.01403298  .00000039  00000-0  00000+0 0  9992
2 38833  53.9191 261.5294 0069417  29.0275 331.4302  2.00567623 42694
1 38833U 12053A   18216.51260006  .00000043  00000-0  00000+0 0  9990
2 38833  53.9189 261.5087 0069434  29.0253 331.4326  2.00567622 42703
1 38833U 12053A   18216.51260006  .00000043  00000-0  00000-0 0  9991
2 38833  53.9189 261.5087 0069434  29.0253 331.4326  2.00567622 41915
1 38833U 12053A   18217.50973552  .00000050  00000-0  00000-0 0  9996
2 38833  53.9185 261.4675 0069476  29.0066 331.4530  2.00567621 41939
1 38833U 12053A   18218.00830391  .00000053  00000-0  00000+0 0  9997
2 38833  53.9183 261.4469 0069491  29.0080 331.4529  2.00567623 42730
1 38833U 12053A   18218.00830398  .00000053  00000-0  00000+0 0  9994
2 38833  53.9183 261.4469 0069496  29.0064 331.4545  2.00567624 42736
1 38833U 12053A   18218.50687267  .00000056  00000-0  00000-0 0  9998
2 38833  53.9180 261.4263 0069506  29.0122 331.4502  2.00567626 41950
1 38833U 12053A   18219.00544138  .00000058  00000-0  00000+0 0  9994
2 38833  53.9178 261.4057 0069532  29.0025 331.4614  2.00567628 42754
1 38833U 12053A   18219.50401000  .00000059  00000-0  00000+0 0  9990
2 38833  53.9176 261.3851 0069544  29.0094 331.4560  2.00567631 42767
1 38833U 12053A   18220.00257815  .00000060  00000-0  00000+0 0  9992
2 38833  53.9174 261.3644 0069568  28.9976 331.4690  2.00567638 42770
1 38833U 12053A   18220.00257822  .00000060  00000-0  00000+0 0  9990
2 38833  53.9174 261.3644 0069567  29.0013 331.4653  2.00567636 42770
1 38833U 12053A   18220.50114595  .00000059  00000-0  00000+0 0  9992
2 38833  53.9171 261.3438 0069584  28.9988 331.4687  2.00567642 42781
1 38833U 12053A   18220.50114595  .00000059  00000-0  00000-0 0  9993
2 38833  53.9171 261.3438 0069584  28.9988 331.4687  2.00567642 41993
1 38833U 12053A   18221.49827936  .00000054  00000-0  00000+0 0  9996
2 38833  53.9167 261.3026 0069613  28.9991 331.4688  2.00567656 42805
1 38833U 12053A   18221.99684476  .00000050  00000-0  00000+0 0  9997
2 38833  53.9164 261.2820 0069637  28.9906 331.4765  2.00567671 42819
1 38833U 12053A   18222.99397301  .00000039  00000-0  00000-0 0  9994
2 38833  53.9160 261.2407 0069673  28.9777 331.4861  2.00567694 42836
1 38833U 12053A   18223.99109863  .00000026  00000-0  00000-0 0  9995
2 38833  53.9155 261.1995 0069709  28.9787 331.4801  2.00567717 42067
1 38833U 12053A   18223.99109863  .00000026  00000-0  00000-0 0  9995
2 38833  53.9155 261.1995 0069709  28.9787 331.4801  2.00567717 42854
1 38833U 12053A   18225.48678438  .00000009  00000-0  00000-0 0  9991
2 38833  53.9148 261.1376 0069767  28.9643 331.4851  2.00567762 42095
1 38833U 12053A   18226.48390897  .00000002  00000-0  00000-0 0  9995
2 38833  53.9144 261.0964 0069811  28.9509 331.4929  2.00567804 42110
1 38833U 12053A   18226.98247206  .00000001  00000-0  00000+0 0  9993
2 38833  53.9142 261.0757 0069832  28.9522 331.4894  2.00567822 42915
1 38833U 12053A   18227.48103581  .00000001  00000-0  00000-0 0  9997
2 38833  53.9140 261.0551 0069850  28.9561 331.4838  2.00567835 42134
1 38833U 12053A   18227.97960013  .00000002  00000-0  00000+0 0  9992
2 38833  53.9138 261.0345 0069875  28.9450 331.4936  2.00567864 42935
1 38833U 12053A   18228.97673116  .00000008  00000-0  00000+0 0  9994
2 38833  53.9134 260.9932 0069914  28.9482 331.4896  2.00567898 42954
1 38833U 12053A   18229.47529771  .00000012  00000-0  00000-0 0  9993
2 38833  53.9132 260.9726 0069938  28.9424 331.4958  2.00567926 42170
1 38833U 12053A   18229.97386477  .00000017  00000-0  00000+0 0  9996
2 38833  53.9130 260.9520 0069954  28.9480 331.4911  2.00567941 42974
1 38833U 12053A   18230.97100002  .00000026  00000-0  00000+0 0  9996
2 38833  53.9126 260.9108 0069998  28.9330 331.5083  2.00567987 42996
1 38833U 12053A   18230.97100002  .00000026  00000-0  00000-0 0  9997
2 38833  53.9126 260.9108 0069998  28.9330 331.5083  2.00567987 42200
1 38833U 12053A   18231.46956802  .00000031  00000-0  00000-0 0  9995
2 38833  53.9123 260.8902 0070018  28.9272 331.5157  2.00568007 42215
1 38833U 12053A   18231.96813595  .00000035  00000-0  00000+0 0  9994
2 38833  53.9121 260.8696 0070044  28.9148 331.5296  2.00568028 43010
1 38833U 12053A   18232.46670368  .00000038  00000-0  00000+0 0  9992
2 38833  53.9119 260.8490 0070055  28.9182 331.5277  2.00568033 43025
1 38833U 12053A   18232.46670368  .00000038  00000-0  00000-0 0  9993
2 38833  53.9119 260.8490 0070055  28.9182 331.5277  2.00568033 42237
1 38833U 12053A   18234.46097276  .00000044  00000-0  00000+0 0  9992
2 38833  53.9110 260.7666 0070136  28.9195 331.5308  2.00568085 43060
1 38833U 12053A   18234.46097276  .00000044  00000-0  00000-0 0  9993
2 38833  53.9110 260.7666 0070136  28.9195 331.5308  2.00568085 42272
1 38833U 12053A   18235.45810456  .00000042  00000-0  00000+0 0  9993
2 38833  53.9106 260.7254 0070183  28.9176 331.5331  2.00568102 43087
1 38833U 12053A   18235.45810456  .00000042  00000-0  00000-0 0  9994
2 38833  53.9106 260.7254 0070183  28.9176 331.5331  2.00568102 42299
1 38833U 12053A   18236.45523415  .00000039  00000-0  00000-0 0  9997
2 38833  53.9102 260.6842 0070231  28.9175 331.5320  2.00568115 42315
1 38833U 12053A   18236.95379823  .00000037  00000-0  00000-0 0  9992
2 38833  53.9100 260.6636 0070251  28.9222 331.5262  2.00568120 42321
1 38833U 12053A   18237.45236183  .00000035  00000-0  00000-0 0  9997
2 38833  53.9098 260.6430 0070271  28.9266 331.5204  2.00568122 42338
1 38833U 12053A   18237.95092500  .00000034  00000-0  00000+0 0  9993
2 38833  53.9096 260.6224 0070290  28.9305 331.5147  2.00568125 43130
1 38833U 12053A   18238.44948773  .00000033  00000-0  00000+0 0  9999
2 38833  53.9094 260.6018 0070311  28.9299 331.5133  2.00568126 43142
1 38833U 12053A   18238.94805021  .00000032  00000-0  00000+0 0  9991
2 38833  53.9092 260.5812 0070334  28.9295 331.5115  2.00568127 43154
1 38833U 12053A   18239.94517453  .00000032  00000-0  00000+0 0  9991
2 38833  53.9088 260.5401 0070375  28.9209 331.5154  2.00568128 43179
1 38833U 12053A   18240.44373683  .00000033  00000-0  00000-0 0  9995
2 38833  53.9086 260.5195 0070394  28.9218 331.5122  2.00568127 42395
1 38833U 12053A   18240.94229936  .00000034  00000-0  00000+0 0  9991
2 38833  53.9084 260.4989 0070420  28.9164 331.5155  2.00568125 43196
1 38833U 12053A   18241.93942527  .00000038  00000-0  00000+0 0  9993
2 38833  53.9080 260.4577 0070453  28.9203 331.5081  2.00568126 43217
1 38833U 12053A   18242.43798880  .00000041  00000-0  00000+0 0  9994
2 38833  53.9078 260.4371 0070483  28.9153 331.5117  2.00568125 43223
1 38833U 12053A   18242.43798880  .00000041  00000-0  00000-0 0  9995
2 38833  53.9078 260.4371 0070483  28.9153 331.5117  2.00568125 42435
1 38833U 12053A   18243.43511777  .00000047  00000-0  00000-0 0  9990
2 38833  53.9073 260.3959 0070532  28.9136 331.5121  2.00568123 42452
1 38833U 12053A   18243.93368316  .00000050  00000-0  00000+0 0  9997
2 38833  53.9071 260.3753 0070558  28.9169 331.5089  2.00568121 43256
1 38833U 12053A   18244.43224919  .00000054  00000-0  00000-0 0  9998
2 38833  53.9069 260.3547 0070572  28.9210 331.5051  2.00568121 42479
1 38833U 12053A   18245.42938213  .00000059  00000-0  00000+0 0  9991
2 38833  53.9065 260.3134 0070622  28.9258 331.5021  2.00568124 43285
1 38833U 12053A   18245.92794900  .00000062  00000-0  00000+0 0  9993
2 38833  53.9062 260.2928 0070650  28.9256 331.5034  2.00568126 43298
1 38833U 12053A   18246.42651590  .00000063  00000-0  00000+0 0  9997
2 38833  53.9060 260.2722 0070678  28.9272 331.5030  2.00568128 43306
1 38833U 12053A   18246.42651590  .00000063  00000-0  00000-0 0  9998
2 38833  53.9060 260.2722 0070678  28.9272 331.5030  2.00568128 42518
1 38833U 12053A   18247.42364891  .00000063  00000-0  00000-0 0  9994
2 38833  53.9055 260.2310 0070730  28.9278 331.5042  2.00568137 42535
1 38833U 12053A   18247.92221475  .00000062  00000-0  00000+0 0  9997
2 38833  53.9053 260.2104 0070757  28.9285 331.5039  2.00568142 43332
1 38833U 12053A   18249.41790769  .00000050  00000-0  00000-0 0  9998
2 38833  53.9046 260.1486 0070826  28.9327 331.4978  2.00568167 42573
1 38833U 12053A   18249.91647028  .00000044  00000-0  00000+0 0  9994
2 38833  53.9044 260.1280 0070853  28.9283 331.5004  2.00568182 43371
1 38833U 12053A   18250.91359326  .00000031  00000-0  00000+0 0  9993
2 38833  53.9039 260.0868 0070897  28.9321 331.4915  2.00568203 43393
1 38833U 12053A   18251.41215390  .00000024  00000-0  00000-0 0  9994
2 38833  53.9037 260.0662 0070920  28.9334 331.4870  2.00568216 42612
1 38833U 12053A   18251.91071420  .00000017  00000-0  00000+0 0  9994
2 38833  53.9034 260.0456 0070949  28.9321 331.4849  2.00568233 43411
1 38833U 12053A   18252.40927444  .00000011  00000-0  00000-0 0  9990
2 38833  53.9032 260.0250 0070973  28.9351 331.4785  2.00568249 42630
1 38833U 12053A   18252.90783472  .00000006  00000-0  00000+0 0  9999
2 38833  53.9030 260.0044 0071001  28.9354 331.4748  2.00568264 43430
1 38833U 12053A   18253.40639530  .00000002  00000-0  00000-0 0  9997
2 38833  53.9028 259.9837 0071037  28.9336 331.4735  2.00568282 42652
1 38833U 12053A   18253.90495632 -.00000001  00000-0  00000+0 0  9994
2 38833  53.9026 259.9631 0071072  28.9334 331.4710  2.00568304 43456
1 38833U 12053A   18254.40351807 -.00000003  00000-0  00000-0 0  9998
2 38833  53.9023 259.9425 0071108  28.9297 331.4723  2.00568332 42670
1 38833U 12053A   18254.90208038 -.00000003  00000-0  00000+0 0  9999
2 38833  53.9021 259.9219 0071127  28.9387 331.4615  2.00568342 43470
1 38833U 12053A   18255.40064346 -.00000002  00000-0  00000-0 0  9997
2 38833  53.9019 259.9013 0071158  28.9381 331.4609  2.00568361 42694
1 38833U 12053A   18255.89920729  .00000000  00000-0  00000-0 0  9993
2 38833  53.9017 259.8807 0071189  28.9388 331.4596  2.00568386 42707
1 38833U 12053A   18256.39777188  .00000003  00000-0  00000+0 0  9990
2 38833  53.9015 259.8601 0071217  28.9413 331.4569  2.00568403 43507
1 38833U 12053A   18256.89633709  .00000007  00000-0  00000+0 0  9999
2 38833  53.9013 259.8395 0071249  28.9417 331.4569  2.00568426 43510
1 38833U 12053A   18257.39490292  .00000011  00000-0  00000+0 0  9998
2 38833  53.9011 259.8189 0071275  28.9447 331.4547  2.00568447 43521
1 38833U 12053A   18257.39490292  .00000011  00000-0  00000-0 0  9999
2 38833  53.9011 259.8189 0071275  28.9447 331.4547  2.00568447 42733
1 38833U 12053A   18258.39203564  .00000019  00000-0  00000-0 0  9992
2 38833  53.9006 259.7777 0071328  28.9476 331.4543  2.00568488 42753
1 38833U 12053A   18258.39203570  .00000019  00000-0  00000-0 0  9999
2 38833  53.9006 259.7777 0071325  28.9496 331.4522  2.00568486 42757
1 38833U 12053A   18258.89060246  .00000023  00000-0  00000+0 0  9999
2 38833  53.9004 259.7571 0071365  28.9405 331.4628  2.00568516 43551
1 38833U 12053A   18260.38630191  .00000031  00000-0  00000+0 0  9997
2 38833  53.8997 259.6953 0071419  28.9569 331.4508  2.00568554 43587
1 38833U 12053A   18260.38630191  .00000031  00000-0  00000-0 0  9998
2 38833  53.8997 259.6953 0071419  28.9569 331.4508  2.00568554 43587
1 38833U 12053A   18261.38343368  .00000031  00000-0  00000-0 0  9996
2 38833  53.8993 259.6542 0071476  28.9626 331.4471  2.00568584 42811
1 38833U 12053A   18262.38056357  .00000029  00000-0  00000-0 0  9993
2 38833  53.8988 259.6130 0071526  28.9725 331.4381  2.00568603 42838
1 38833U 12053A   18263.37769148  .00000025  00000-0  00000-0 0  9998
2 38833  53.8983 259.5718 0071579  28.9862 331.4238  2.00568617 42852
1 38833U 12053A   18263.37769148  .00000025  00000-0  00000-0 0  9998
2 38833  53.8983 259.5718 0071579  28.9862 331.4238  2.00568617 43640
1 38833U 12053A   18265.37194136  .00000016  00000-0  00000-0 0  9999
2 38833  53.8975 259.4895 0071704  29.0072 331.3977  2.00568636 43685
1 38833U 12053A   18266.36906417  .00000014  00000-0  00000-0 0  9990
2 38833  53.8970 259.4484 0071749  29.0183 331.3826  2.00568639 43705
1 38833U 12053A   18268.36330984  .00000015  00000-0  00000+0 0  9992
2 38833  53.8961 259.3661 0071858  29.0352 331.3577  2.00568639 43747
1 38833U 12053A   18268.36330984  .00000015  00000-0  00000-0 0  9993
2 38833  53.8961 259.3661 0071858  29.0352 331.3577  2.00568639 43747
1 38833U 12053A   18270.35756092  .00000024  00000-0  00000+0 0  9996
2 38833  53.8952 259.2838 0071987  29.0498 331.3392  2.00568634 43780
1 38833U 12053A   18270.35756092  .00000024  00000-0  00000-0 0  9997
2 38833  53.8952 259.2838 0071987  29.0498 331.3392  2.00568634 42992
1 38833U 12053A   18272.35182113  .00000036  00000-0  00000+0 0  9998
2 38833  53.8943 259.2014 0072121  29.0726 331.3192  2.00568632 43822
1 38833U 12053A   18272.35182113  .00000036  00000-0  00000-0 0  9999
2 38833  53.8943 259.2014 0072121  29.0726 331.3192  2.00568632 43035
1 38833U 12053A   18273.34895320  .00000040  00000-0  00000-0 0  9995
2 38833  53.8938 259.1603 0072176  29.0879 331.3069  2.00568637 43051
1 38833U 12053A   18274.34608524  .00000041  00000-0  00000+0 0  9994
2 38833  53.8933 259.1191 0072232  29.1001 331.2977  2.00568644 43863
1 38833U 12053A   18275.34321575  .00000038  00000-0  00000+0 0  9999
2 38833  53.8928 259.0779 0072311  29.1082 331.2915  2.00568654 43880
1 38833U 12053A   18276.83890587  .00000025  00000-0  00000+0 0  9994
2 38833  53.8920 259.0162 0072401  29.1191 331.2796  2.00568683 43901
1 38833U 12053A   18276.83890587  .00000025  00000-0  00000-0 0  9995
2 38833  53.8920 259.0162 0072401  29.1191 331.2796  2.00568683 43912
1 38833U 12053A   18278.33458932  .00000004  00000-0  00000+0 0  9992
2 38833  53.8912 258.9544 0072495  29.1358 331.2571  2.00568707 43933
1 38833U 12053A   18279.33170891 -.00000010  00000-0  00000-0 0  9997
2 38833  53.8907 258.9132 0072599  29.1396 331.2477  2.00568743 43178
1 38833U 12053A   18279.33170897 -.00000010  00000-0  00000+0 0  9992
2 38833  53.8907 258.9133 0072583  29.1397 331.2476  2.00568739 43953
1 38833U 12053A   18280.32882806 -.00000021  00000-0  00000-0 0  9996
2 38833  53.8903 258.8721 0072640  29.1607 331.2210  2.00568782 43199
1 38833U 12053A   18280.82738827 -.00000025  00000-0  00000+0 0  9997
2 38833  53.8900 258.8515 0072671  29.1665 331.2127  2.00568798 43986
1 38833U 12053A   18281.32594888 -.00000028  00000-0  00000-0 0  9994
2 38833  53.8898 258.8309 0072709  29.1679 331.2092  2.00568828 43211
1 38833U 12053A   18282.32307224 -.00000030  00000-0  00000-0 0  9994
2 38833  53.8893 258.7897 0072767  29.1861 331.1884  2.00568860 43230
1 38833U 12053A   18282.32307233 -.00000030  00000-0  00000+0 0  9993
2 38833  53.8893 258.7897 0072760  29.1854 331.1890  2.00568854 44012
1 38833U 12053A   18282.82163507 -.00000029  00000-0  00000+0 0  9990
2 38833  53.8891 258.7691 0072797  29.1930 331.1811  2.00568879 44028
1 38833U 12053A   18283.32019860 -.00000027  00000-0  00000-0 0  9997
2 38833  53.8888 258.7485 0072821  29.1999 331.1742  2.00568903 43253
1 38833U 12053A   18283.81876296 -.00000024  00000-0  00000+0 0  9991
2 38833  53.8886 258.7279 0072850  29.2077 331.1672  2.00568924 44045
1 38833U 12053A   18284.31732796 -.00000020  00000-0  00000+0 0  9999
2 38833  53.8883 258.7073 0072878  29.2144 331.1617  2.00568944 44051
1 38833U 12053A   18284.31732796 -.00000020  00000-0  00000-0 0  9990
2 38833  53.8883 258.7073 0072878  29.2144 331.1617  2.00568944 43274
1 38833U 12053A   18285.31445954 -.00000012  00000-0  00000-0 0  9999
2 38833  53.8879 258.6661 0072939  29.2273 331.1522  2.00568986 43295
1 38833U 12053A   18285.81302588 -.00000008  00000-0  00000+0 0  9993
2 38833  53.8876 258.6456 0072973  29.2281 331.1535  2.00569015 44087
1 38833U 12053A   18286.31159204 -.00000005  00000-0  00000-0 0  9992
2 38833  53.8873 258.6250 0072990  29.2380 331.1458  2.00569025 43315
1 38833U 12053A   18286.81015845 -.00000002  00000-0  00000+0 0  9995
2 38833  53.8871 258.6044 0073023  29.2469 331.1392  2.00569042 44104
1 38833U 12053A   18286.81015845 -.00000002  00000-0  00000-0 0  9996
2 38833  53.8871 258.6044 0073023  29.2469 331.1392  2.00569042 43327
1 38833U 12053A   18288.30585614  .00000001  00000-0  00000+0 0  9995
2 38833  53.8863 258.5427 0073115  29.2617 331.1303  2.00569094 44138
1 38833U 12053A   18288.30585614  .00000001  00000-0  00000-0 0  9996
2 38833  53.8863 258.5427 0073115  29.2617 331.1303  2.00569094 44138
1 38833U 12053A   18289.30298610 -.00000000  00000-0  00000+0 0  9993
2 38833  53.8858 258.5016 0073173  29.2797 331.1151  2.00569117 44158
1 38833U 12053A   18289.30298610 -.00000000  00000-0  00000-0 0  9994
2 38833  53.8858 258.5016 0073173  29.2797 331.1151  2.00569117 43371
1 38833U 12053A   18290.30011395 -.00000004  00000-0  00000-0 0  9993
2 38833  53.8853 258.4605 0073238  29.2960 331.1001  2.00569137 43391
1 38833U 12053A   18290.79867728 -.00000007  00000-0  00000+0 0  9997
2 38833  53.8850 258.4399 0073284  29.3094 331.0871  2.00569145 44189
1 38833U 12053A   18292.29436417 -.00000014  00000-0  00000-0 0  9990
2 38833  53.8843 258.3782 0073391  29.3396 331.0556  2.00569161 43435
1 38833U 12053A   18292.29436427 -.00000014  00000-0  00000+0 0  9990
2 38833  53.8843 258.3782 0073393  29.3425 331.0527  2.00569160 44214
1 38833U 12053A   18293.29148708 -.00000018  00000-0  00000+0 0  9997
2 38833  53.8838 258.3371 0073463  29.3636 331.0297  2.00569168 44238
1 38833U 12053A   18293.79004811 -.00000019  00000-0  00000+0 0  9999
2 38833  53.8835 258.3165 0073488  29.3712 331.0207  2.00569171 44244
1 38833U 12053A   18293.79004811 -.00000019  00000-0  00000-0 0  9990
2 38833  53.8835 258.3165 0073488  29.3712 331.0207  2.00569171 43467
1 38833U 12053A   18294.28860923 -.00000019  00000-0  00000-0 0  9999
2 38833  53.8833 258.2959 0073521  29.3826 331.0082  2.00569174 43474
1 38833U 12053A   18294.78717056 -.00000019  00000-0  00000+0 0  9991
2 38833  53.8830 258.2754 0073572  29.3883 331.0014  2.00569175 44267
1 38833U 12053A   18295.28573170 -.00000018  00000-0  00000+0 0  9993
2 38833  53.8828 258.2548 0073589  29.3980 330.9906  2.00569176 44271
1 38833U 12053A   18295.28573170 -.00000018  00000-0  00000-0 0  9994
2 38833  53.8828 258.2548 0073589  29.3980 330.9906  2.00569176 43494
1 38833U 12053A   18297.77854477 -.00000006  00000-0  00000+0 0  9998
2 38833  53.8815 258.1520 0073747  29.4423 330.9459  2.00569175 44323
1 38833U 12053A   18298.77567403  .00000001  00000-0  00000-0 0  9994
2 38833  53.8810 258.1108 0073815  29.4640 330.9270  2.00569177 43565
1 38833U 12053A   18299.27423933  .00000004  00000-0  00000-0 0  9992
2 38833  53.8807 258.0902 0073851  29.4734 330.9196  2.00569176 43573
1 38833U 12053A   18299.27423937  .00000004  00000-0  00000+0 0  9995
2 38833  53.8807 258.0902 0073840  29.4731 330.9198  2.00569177 44358
1 38833U 12053A   18299.77280523  .00000007  00000-0  00000+0 0  9995
2 38833  53.8804 258.0697 0073891  29.4822 330.9130  2.00569176 44369
1 38833U 12053A   18300.27137111  .00000010  00000-0  00000-0 0  9992
2 38833  53.8801 258.0491 0073917  29.4943 330.9034  2.00569179 43591
1 38833U 12053A   18301.26850330  .00000013  00000-0  00000+0 0  9999
2 38833  53.8796 258.0080 0073972  29.5157 330.8870  2.00569185 44390
1 38833U 12053A   18301.26850330  .00000013  00000-0  00000-0 0  9990
2 38833  53.8796 258.0080 0073972  29.5157 330.8870  2.00569185 43614
1 38833U 12053A   18301.26850337  .00000013  00000-0  00000-0 0  9997
2 38833  53.8796 258.0080 0073986  29.5179 330.8848  2.00569184 43617
1 38833U 12053A   18302.26563445  .00000011  00000-0  00000+0 0  9996
2 38833  53.8790 257.9668 0074044  29.5374 330.8697  2.00569194 44416
1 38833U 12053A   18303.26276343  .00000006  00000-0  00000+0 0  9999
2 38833  53.8785 257.9257 0074141  29.5658 330.8441  2.00569208 44432
1 38833U 12053A   18303.76132667  .00000001  00000-0  00000+0 0  9999
2 38833  53.8782 257.9051 0074190  29.5750 330.8355  2.00569219 44445
1 38833U 12053A   18305.25701086 -.00000017  00000-0  00000-0 0  9991
2 38833  53.8774 257.8434 0074275  29.6007 330.8078  2.00569250 43693
1 38833U 12053A   18306.25413076 -.00000031  00000-0  00000+0 0  9996
2 38833  53.8768 257.8022 0074344  29.6215 330.7835  2.00569276 44494
1 38833U 12053A   18307.25124977 -.00000043  00000-0  00000+0 0  9999
2 38833  53.8762 257.7610 0074417  29.6412 330.7600  2.00569309 44510
1 38833U 12053A   18308.24836973 -.00000051  00000-0  00000+0 0  9994
2 38833  53.8757 257.7199 0074491  29.6627 330.7353  2.00569345 44533
1 38833U 12053A   18308.24836981 -.00000051  00000-0  00000-0 0  9994
2 38833  53.8757 257.7199 0074502  29.6592 330.7388  2.00569354 43758
1 38833U 12053A   18309.24549192 -.00000055  00000-0  00000+0 0  9993
2 38833  53.8752 257.6788 0074564  29.6834 330.7131  2.00569384 44551
1 38833U 12053A   18309.74405386 -.00000054  00000-0  00000+0 0  9993
2 38833  53.8749 257.6582 0074568  29.6894 330.7069  2.00569396 44563
1 38833U 12053A   18309.74405386 -.00000054  00000-0  00000-0 0  9994
2 38833  53.8749 257.6582 0074568  29.6894 330.7069  2.00569396 43786
1 38833U 12053A   18311.23974524 -.00000046  00000-0  00000+0 0  9996
2 38833  53.8741 257.5964 0074686  29.7244 330.6758  2.00569466 44594
1 38833U 12053A   18311.23974524 -.00000046  00000-0  00000-0 0  9997
2 38833  53.8741 257.5964 0074686  29.7244 330.6758  2.00569466 43818
1 38833U 12053A   18312.23687585 -.00000038  00000-0  00000+0 0  9996
2 38833  53.8736 257.5553 0074754  29.7463 330.6589  2.00569510 44616
1 38833U 12053A   18313.23400804 -.00000029  00000-0  00000+0 0  9994
2 38833  53.8731 257.5142 0074821  29.7689 330.6423  2.00569557 44630
1 38833U 12053A   18314.23114043 -.00000023  00000-0  00000-0 0  9997
2 38833  53.8726 257.4730 0074887  29.7933 330.6243  2.00569594 44653
1 38833U 12053A   18315.22827218 -.00000020  00000-0  00000+0 0  9998
2 38833  53.8720 257.4319 0074961  29.8161 330.6075  2.00569630 44673
1 38833U 12053A   18316.22540247 -.00000020  00000-0  00000-0 0  9994
2 38833  53.8715 257.3908 0075035  29.8428 330.5859  2.00569661 43918
1 38833U 12053A   18317.22253053 -.00000023  00000-0  00000+0 0  9993
2 38833  53.8710 257.3497 0075097  29.8655 330.5667  2.00569686 44719
1 38833U 12053A   18317.72109390 -.00000025  00000-0  00000-0 0  9995
2 38833  53.8707 257.3291 0075132  29.8811 330.5524  2.00569694 43946
1 38833U 12053A   18318.21965669 -.00000027  00000-0  00000+0 0  9990
2 38833  53.8704 257.3086 0075170  29.8964 330.5381  2.00569706 44739
1 38833U 12053A   18319.21678072 -.00000031  00000-0  00000+0 0  9995
2 38833  53.8699 257.2674 0075235  29.9241 330.5112  2.00569723 44758
1 38833U 12053A   18320.21390334 -.00000035  00000-0  00000+0 0  9993
2 38833  53.8693 257.2263 0075305  29.9530 330.4823  2.00569736 44779
1 38833U 12053A   18320.21390334 -.00000035  00000-0  00000-0 0  9994
2 38833  53.8693 257.2263 0075305  29.9530 330.4823  2.00569736 43992
1 38833U 12053A   18321.21102496 -.00000036  00000-0  00000+0 0  9995
2 38833  53.8688 257.1852 0075362  29.9795 330.4550  2.00569746 44792
1 38833U 12053A   18321.21102496 -.00000036  00000-0  00000-0 0  9996
2 38833  53.8688 257.1852 0075362  29.9795 330.4550  2.00569746 44017
1 38833U 12053A   18322.20814664 -.00000034  00000-0  00000-0 0  9991
2 38833  53.8682 257.1440 0075424  30.0064 330.4276  2.00569755 44818
1 38833U 12053A   18323.20526920 -.00000030  00000-0  00000+0 0  9992
2 38833  53.8677 257.1029 0075486  30.0299 330.4041  2.00569760 44831
1 38833U 12053A   18324.20239344 -.00000024  00000-0  00000+0 0  9997
2 38833  53.8672 257.0617 0075546  30.0557 330.3796  2.00569765 44855
1 38833U 12053A   18325.19952002 -.00000016  00000-0  00000+0 0  9990
2 38833  53.8666 257.0206 0075613  30.0839 330.3543  2.00569766 44873
1 38833U 12053A   18325.69808412 -.00000012  00000-0  00000-0 0  9997
2 38833  53.8664 257.0000 0075649  30.0980 330.3424  2.00569768 44105
1 38833U 12053A   18326.19664875 -.00000008  00000-0  00000+0 0  9990
2 38833  53.8661 256.9794 0075683  30.1116 330.3313  2.00569770 44896
1 38833U 12053A   18326.19664894 -.00000008  00000-0  00000-0 0  9992
2 38833  53.8661 256.9794 0075696  30.1107 330.3322  2.00569768 44112
1 38833U 12053A   18327.19377930 -.00000001  00000-0  00000+0 0  9997
2 38833  53.8656 256.9383 0075758  30.1394 330.3095  2.00569771 44916
1 38833U 12053A   18327.69234462  .00000002  00000-0  00000-0 0  9995
2 38833  53.8653 256.9177 0075767  30.1491 330.3028  2.00569774 44146
1 38833U 12053A   18328.19091024  .00000005  00000-0  00000+0 0  9998
2 38833  53.8650 256.8971 0075819  30.1638 330.2915  2.00569781 44934
1 38833U 12053A   18328.19091024  .00000005  00000-0  00000-0 0  9999
2 38833  53.8650 256.8971 0075819  30.1638 330.2915  2.00569781 44158
1 38833U 12053A   18329.18804079  .00000007  00000-0  00000+0 0  9992
2 38833  53.8644 256.8560 0075886  30.1915 330.2700  2.00569789 44955
1 38833U 12053A   18329.18804079  .00000007  00000-0  00000-0 0  9993
2 38833  53.8644 256.8560 0075886  30.1915 330.2700  2.00569789 44179
1 38833U 12053A   18330.18516922  .00000004  00000-0  00000+0 0  9998
2 38833  53.8639 256.8148 0075955  30.2187 330.2475  2.00569802 44977
1 38833U 12053A   18330.18516922  .00000004  00000-0  00000-0 0  9999
2 38833  53.8639 256.8148 0075955  30.2187 330.2475  2.00569802 44191
1 38833U 12053A   18331.18229442 -.00000003  00000-0  00000+0 0  9997
2 38833  53.8633 256.7736 0076016  30.2429 330.2257  2.00569820 44991
1 38833U 12053A   18332.17941637 -.00000014  00000-0  00000+0 0  9996
2 38833  53.8627 256.7325 0076088  30.2689 330.1999  2.00569840 45013
1 38833U 12053A   18333.17653525 -.00000026  00000-0  00000+0 0  9996
2 38833  53.8622 256.6913 0076150  30.2912 330.1756  2.00569865 45039
1 38833U 12053A   18334.17365271 -.00000038  00000-0  00000+0 0  9998
2 38833  53.8616 256.6501 0076214  30.3143 330.1496  2.00569893 45057
1 38833U 12053A   18335.17077036 -.00000047  00000-0  00000+0 0  9998
2 38833  53.8611 256.6089 0076284  30.3400 330.1213  2.00569926 45072
1 38833U 12053A   18335.66932991 -.00000050  00000-0  00000+0 0  9996
2 38833  53.8608 256.5884 0076328  30.3560 330.1046  2.00569949 45086
1 38833U 12053A   18337.16501221 -.00000049  00000-0  00000+0 0  9999
2 38833  53.8601 256.5266 0076429  30.3985 330.0624  2.00570005 45116
1 38833U 12053A   18338.16213760 -.00000043  00000-0  00000+0 0  9992
2 38833  53.8595 256.4854 0076495  30.4281 330.0360  2.00570045 45136
1 38833U 12053A   18338.66070130 -.00000039  00000-0  00000-0 0  9995
2 38833  53.8593 256.4648 0076526  30.4418 330.0246  2.00570067 44363
1 38833U 12053A   18339.15926563 -.00000034  00000-0  00000+0 0  9994
2 38833  53.8590 256.4443 0076560  30.4572 330.0120  2.00570088 45154
1 38833U 12053A   18341.65209053 -.00000013  00000-0  00000+0 0  9997
2 38833  53.8577 256.3414 0076717  30.5242 329.9619  2.00570196 45201
1 38833U 12053A   18342.15065483 -.00000011  00000-0  00000+0 0  9998
2 38833  53.8576 256.3204 0076185  30.4617 330.0021  2.00569334 45225
1 38833U 12053A   18343.14792888 -.00000009  00000-0  00000+0 0  9991
2 38833  53.8570 256.2796 0077167  30.7696 329.7303  2.00555573 45245
1 38833U 12053A   18344.14512836 -.00000010  00000-0  00000-0 0  9998
2 38833  53.8564 256.2384 0077247  30.8091 329.6955  2.00555601 44478
1 38833U 12053A   18344.64372750 -.00000011  00000-0  00000+0 0  9992
2 38833  53.8562 256.2179 0077299  30.8269 329.6795  2.00555612 45275
1 38833U 12053A   18345.64092315 -.00000015  00000-0  00000-0 0  9994
2 38833  53.8557 256.1768 0077350  30.8477 329.6607  2.00555624 44501
1 38833U 12053A   18346.13952036 -.00000017  00000-0  00000+0 0  9995
2 38833  53.8555 256.1562 0077374  30.8649 329.6441  2.00555642 45303
1 38833U 12053A   18346.63811714 -.00000018  00000-0  00000-0 0  9999
2 38833  53.8552 256.1357 0077405  30.8814 329.6278  2.00555650 44521
1 38833U 12053A   18347.13671364 -.00000019  00000-0  00000+0 0  9990
2 38833  53.8550 256.1151 0077433  30.9015 329.6078  2.00555662 45326
1 38833U 12053A   18348.63250154 -.00000020  00000-0  00000+0 0  9998
2 38833  53.8542 256.0533 0077525  30.9531 329.5556  2.00555681 45359
1 38833U 12053A   18348.63250154 -.00000020  00000-0  00000-0 0  9999
2 38833  53.8542 256.0533 0077525  30.9531 329.5556  2.00555681 44561
1 38833U 12053A   18349.62969314 -.00000016  00000-0  00000+0 0  9998
2 38833  53.8537 256.0122 0077575  30.9794 329.5288  2.00555692 45379
1 38833U 12053A   18349.62969314 -.00000016  00000-0  00000-0 0  9999
2 38833  53.8537 256.0122 0077575  30.9794 329.5288  2.00555692 44581
1 38833U 12053A   18351.12548287 -.00000007  00000-0  00000+0 0  9998
2 38833  53.8529 255.9504 0077668  31.0208 329.4883  2.00555699 45408
1 38833U 12053A   18352.12267883  .00000002  00000-0  00000+0 0  9993
2 38833  53.8524 255.9092 0077731  31.0607 329.4509  2.00555699 45426
1 38833U 12053A   18352.12267886  .00000002  00000-0  00000+0 0  9996
2 38833  53.8524 255.9092 0077736  31.0602 329.4514  2.00555698 45421
1 38833U 12053A   18352.12267886  .00000002  00000-0  00000-0 0  9997
2 38833  53.8524 255.9092 0077736  31.0602 329.4514  2.00555698 44633
1 38833U 12053A   18353.11987662  .00000011  00000-0  00000+0 0  9997
2 38833  53.8519 255.8680 0077797  31.0935 329.4220  2.00555701 45444
1 38833U 12053A   18353.11987662  .00000011  00000-0  00000-0 0  9998
2 38833  53.8519 255.8680 0077797  31.0935 329.4220  2.00555701 44656
1 38833U 12053A   18355.11427695  .00000028  00000-0  00000+0 0  9992
2 38833  53.8509 255.7856 0077916  31.1584 329.3687  2.00555708 45488
1 38833U 12053A   18356.11147769  .00000032  00000-0  00000+0 0  9999
2 38833  53.8504 255.7444 0077990  31.1973 329.3360  2.00555710 45504
1 38833U 12053A   18356.11147769  .00000032  00000-0  00000-0 0  9990
2 38833  53.8504 255.7444 0077990  31.1973 329.3360  2.00555710 44716
1 38833U 12053A   18357.10867641  .00000033  00000-0  00000+0 0  9998
2 38833  53.8498 255.7032 0078050  31.2295 329.3087  2.00555719 45522
1 38833U 12053A   18357.60727464  .00000031  00000-0  00000-0 0  9990
2 38833  53.8495 255.6826 0078079  31.2434 329.2965  2.00555725 44749
1 38833U 12053A   18358.10587202  .00000028  00000-0  00000+0 0  9995
2 38833  53.8493 255.6620 0078108  31.2570 329.2840  2.00555732 45542
1 38833U 12053A   18358.60446854  .00000024  00000-0  00000-0 0  9994
2 38833  53.8490 255.6414 0078138  31.2706 329.2709  2.00555739 44768
1 38833U 12053A   18359.10306392  .00000020  00000-0  00000+0 0  9997
2 38833  53.8487 255.6207 0078161  31.2786 329.2625  2.00555750 45567
1 38833U 12053A   18360.10025271  .00000008  00000-0  00000+0 0  9999
2 38833  53.8482 255.5795 0078219  31.3034 329.2357  2.00555769 45588
1 38833U 12053A   18361.09743933 -.00000003  00000-0  00000+0 0  9996
2 38833  53.8477 255.5382 0078279  31.3297 329.2060  2.00555794 45603
1 38833U 12053A   18362.09462551 -.00000013  00000-0  00000+0 0  9992
2 38833  53.8472 255.4970 0078343  31.3584 329.1735  2.00555823 45624
1 38833U 12053A   18362.09462551 -.00000013  00000-0  00000-0 0  9993
2 38833  53.8472 255.4970 0078343  31.3584 329.1735  2.00555823 44836
1 38833U 12053A   18362.59321917 -.00000016  00000-0  00000-0 0  9991
2 38833  53.8470 255.4764 0078375  31.3807 329.1497  2.00555838 44840
1 38833U 12053A   18363.09181294 -.00000018  00000-0  00000+0 0  9990
2 38833  53.8467 255.4558 0078397  31.3909 329.1382  2.00555853 45643
1 38833U 12053A   18363.09181294 -.00000018  00000-0  00000-0 0  9991
2 38833  53.8467 255.4558 0078397  31.3909 329.1382  2.00555853 44855
1 38833U 12053A   18364.08900264 -.00000017  00000-0  00000+0 0  9995
2 38833  53.8463 255.4146 0078459  31.4190 329.1091  2.00555890 45664
1 38833U 12053A   18364.08900264 -.00000017  00000-0  00000-0 0  9996
2 38833  53.8463 255.4146 0078459  31.4190 329.1091  2.00555890 44876
1 38833U 12053A   18365.08619543 -.00000012  00000-0  00000+0 0  9998
2 38833  53.8458 255.3733 0078519  31.4486 329.0807  2.00555931 45686
1 38833U 12053A   18365.08619543 -.00000012  00000-0  00000-0 0  9999
2 38833  53.8458 255.3733 0078519  31.4486 329.0807  2.00555931 44898

