1 37753U 11036A   18001.14313449 -.00000037  00000-0  00000-0 0  9996
2 37753  55.5588  92.8828 0070712  34.2162 327.1833  2.00563204 47320
1 37753U 11036A   18001.60715424 -.00000036  00000-0  00000+0 0  9994
2 37753  55.5590  92.8643 0070723  34.2087 302.2359  2.00563205 47324
1 37753U 11036A   18001.81172972 -.00000035  00000-0  00000-0 0  9992
2 37753  55.5592  92.8562 0070729  34.2024  89.9559  2.00563206 47336
1 37753U 11036A   18002.57685387 -.00000033  00000-0  00000+0 0  9992
2 37753  55.5596  92.8256 0070746  34.1915 282.4240  2.00563212 47342
1 37753U 11036A   18002.80874326 -.00000033  00000-0  00000-0 0  9992
2 37753  55.5597  92.8164 0070752  34.1845  89.8666  2.00563214 47354
1 37753U 11036A   18003.64176612 -.00000032  00000-0  00000+0 0  9996
2 37753  55.5602  92.7831 0070770  34.1713 331.3632  2.00563223 47364
1 37753U 11036A   18003.64176612 -.00000032  00000-0  00000-0 0  9997
2 37753  55.5602  92.7831 0070770  34.1713 331.3632  2.00563223 47375
1 37753U 11036A   18003.77159782 -.00000032  00000-0  00000-0 0  9990
2 37753  55.5603  92.7780 0070774  34.1676  65.1119  2.00563228 47378
1 37753U 11036A   18004.24447471 -.00000033  00000-0  00000+0 0  9998
2 37753  55.5605  92.7591 0070785  34.1592  46.5607  2.00563238 47375
1 37753U 11036A   18004.62155708 -.00000033  00000-0  00000-0 0  9990
2 37753  55.5608  92.7441 0070794  34.1541 318.8378  2.00563243 47383
1 37753U 11036A   18005.55428728 -.00000038  00000-0  00000+0 0  9992
2 37753  55.5613  92.7068 0070817  34.1399 272.3292  2.00563262 47404
1 37753U 11036A   18005.79799595 -.00000039  00000-0  00000-0 0  9993
2 37753  55.5614  92.6971 0070825  34.1343  88.3045  2.00563270 47416
1 37753U 11036A   18006.33685633 -.00000043  00000-0  00000+0 0  9995
2 37753  55.5617  92.6756 0070839  34.1273 117.3954  2.00563283 47413
1 37753U 11036A   18006.74620111 -.00000047  00000-0  00000-0 0  9995
2 37753  55.5619  92.6592 0070847  34.1209  52.9689  2.00563294 47434
1 37753U 11036A   18007.04920222 -.00000050  00000-0  00000-0 0  9999
2 37753  55.5621  92.6471 0070853  34.1187 271.7529  2.00563303 47430
1 37753U 11036A   18007.51913714 -.00000054  00000-0  00000+0 0  9992
2 37753  55.5624  92.6284 0070864  34.1122 251.0756  2.00563318 47446
1 37753U 11036A   18007.75062444 -.00000057  00000-0  00000-0 0  9997
2 37753  55.5625  92.6191 0070871  34.1070  58.2261  2.00563324 47450
1 37753U 11036A   18008.56006917 -.00000064  00000-0  00000+0 0  9997
2 37753  55.5630  92.5868 0070887  34.0970 282.6952  2.00563348 47468
1 37753U 11036A   18008.76860588 -.00000066  00000-0  00000-0 0  9994
2 37753  55.5631  92.5785 0070893  34.0939  73.2722  2.00563354 47476
1 37753U 11036A   18009.54678898 -.00000072  00000-0  00000+0 0  9998
2 37753  55.5635  92.5474 0070907  34.0828 275.1700  2.00563378 47484
1 37753U 11036A   18009.78446609 -.00000074  00000-0  00000-0 0  9990
2 37753  55.5637  92.5380 0070914  34.0795  86.7881  2.00563389 47492
1 37753U 11036A   18010.49972529 -.00000077  00000-0  00000+0 0  9997
2 37753  55.5641  92.5094 0070926  34.0678 243.2523  2.00563410 47502
1 37753U 11036A   18010.58634969 -.00000077  00000-0  00000-0 0  9991
2 37753  55.5641  92.5060 0070929  34.0654 305.8018  2.00563413 47509
1 37753U 11036A   18010.79214299 -.00000078  00000-0  00000-0 0  9995
2 37753  55.5643  92.4978 0070935  34.0639  94.3963  2.00563421 47517
1 37753U 11036A   18011.50420307 -.00000078  00000-0  00000+0 0  9993
2 37753  55.5647  92.4694 0070947  34.0498 248.5530  2.00563441 47528
1 37753U 11036A   18011.64149019 -.00000078  00000-0  00000-0 0  9997
2 37753  55.5648  92.4639 0070952  34.0470 347.6840  2.00563447 47536
1 37753U 11036A   18011.79836854 -.00000077  00000-0  00000-0 0  9992
2 37753  55.5649  92.4577 0070955  34.0467 100.9583  2.00563451 47536
1 37753U 11036A   18012.51679890 -.00000075  00000-0  00000+0 0  9995
2 37753  55.5653  92.4290 0070970  34.0308 259.7164  2.00563470 47544
1 37753U 11036A   18012.75617705 -.00000073  00000-0  00000-0 0  9997
2 37753  55.5654  92.4195 0070978  34.0289  72.5614  2.00563477 47554
1 37753U 11036A   18013.53434043 -.00000068  00000-0  00000+0 0  9999
2 37753  55.5658  92.3885 0070996  34.0128 274.4500  2.00563493 47561
1 37753U 11036A   18013.61368149 -.00000067  00000-0  00000-0 0  9991
2 37753  55.5659  92.3853 0070999  34.0114 331.7395  2.00563496 47578
1 37753U 11036A   18013.77053955 -.00000066  00000-0  00000-0 0  9993
2 37753  55.5660  92.3790 0071003  34.0119  84.9984  2.00563501 47570
1 37753U 11036A   18014.54105444 -.00000059  00000-0  00000+0 0  9991
2 37753  55.5664  92.3483 0071023  33.9975 281.3629  2.00563513 47586
1 37753U 11036A   18014.77924872 -.00000056  00000-0  00000-0 0  9998
2 37753  55.5665  92.3388 0071030  33.9971  93.3515  2.00563518 47596
1 37753U 11036A   18015.25633542 -.00000052  00000-0  00000+0 0  9998
2 37753  55.5668  92.3198 0071044  33.9903  77.8387  2.00563522 47597
1 37753U 11036A   18015.72708551 -.00000047  00000-0  00000-0 0  9998
2 37753  55.5671  92.3010 0071058  33.9839  57.7500  2.00563526 47618
1 37753U 11036A   18016.64098615 -.00000038  00000-0  00000+0 0  9992
2 37753  55.5676  92.2646 0071085  33.9710 357.6446  2.00563526 47627
1 37753U 11036A   18016.74272205 -.00000037  00000-0  00000-0 0  9992
2 37753  55.5676  92.2605 0071086  33.9706  71.1034  2.00563528 47632
1 37753U 11036A   18017.51438487 -.00000031  00000-0  00000+0 0  9997
2 37753  55.5681  92.2298 0071108  33.9571 268.2959  2.00563525 47644
1 37753U 11036A   18017.75556503 -.00000029  00000-0  00000-0 0  9991
2 37753  55.5682  92.2202 0071114  33.9563  82.4408  2.00563521 47650
1 37753U 11036A   18018.55247635 -.00000025  00000-0  00000+0 0  9998
2 37753  55.5687  92.1884 0071138  33.9405 297.8662  2.00563513 47667
1 37753U 11036A   18018.59174590 -.00000025  00000-0  00000-0 0  9992
2 37753  55.5687  92.1868 0071140  33.9404 326.2209  2.00563512 47664
1 37753U 11036A   18019.52101177 -.00000021  00000-0  00000+0 0  9992
2 37753  55.5692  92.1498 0071168  33.9235 277.2140  2.00563498 47685
1 37753U 11036A   18019.77838760 -.00000021  00000-0  00000-0 0  9995
2 37753  55.5694  92.1395 0071174  33.9203 103.0555  2.00563494 47698
1 37753U 11036A   18020.48799064 -.00000020  00000-0  00000+0 0  9996
2 37753  55.5698  92.1113 0071199  33.9049 255.4395  2.00563481 47707
1 37753U 11036A   18020.61751017 -.00000020  00000-0  00000-0 0  9998
2 37753  55.5699  92.1061 0071203  33.9040 348.9599  2.00563480 47711
1 37753U 11036A   18020.72945025 -.00000020  00000-0  00000-0 0  9994
2 37753  55.5700  92.1016 0071206  33.9030  69.7873  2.00563476 47714
1 37753U 11036A   18021.27002800 -.00000020  00000-0  00000+0 0  9999
2 37753  55.5703  92.0801 0071224  33.8927 100.1217  2.00563466 47713
1 37753U 11036A   18021.62698266 -.00000021  00000-0  00000-0 0  9997
2 37753  55.5705  92.0658 0071237  33.8863 357.8670  2.00563458 47735
1 37753U 11036A   18021.73127747 -.00000021  00000-0  00000-0 0  9990
2 37753  55.5705  92.0617 0071240  33.8844  73.1750  2.00563456 47738
1 37753U 11036A   18022.08309846 -.00000022  00000-0  00000+0 0  9991
2 37753  55.5707  92.0476 0071253  33.8779 327.2137  2.00563448 47737
1 37753U 11036A   18022.62323983 -.00000023  00000-0  00000-0 0  9991
2 37753  55.5711  92.0260 0071272  33.8692 357.2314  2.00563439 47750
1 37753U 11036A   18022.84852560 -.00000024  00000-0  00000-0 0  9994
2 37753  55.5712  92.0171 0071280  33.8646 159.9035  2.00563430 47758
1 37753U 11036A   18023.52684611 -.00000027  00000-0  00000+0 0  9992
2 37753  55.5716  91.9900 0071304  33.8554 289.6939  2.00563420 47769
1 37753U 11036A   18023.76580748 -.00000027  00000-0  00000-0 0  9995
2 37753  55.5717  91.9804 0071312  33.8512 102.2401  2.00563415 47775
1 37753U 11036A   18024.52497559 -.00000030  00000-0  00000+0 0  9990
2 37753  55.5722  91.9501 0071339  33.8403 290.4082  2.00563404 47787
1 37753U 11036A   18024.77357806 -.00000031  00000-0  00000-0 0  9999
2 37753  55.5724  91.9402 0071347  33.8353 109.9167  2.00563402 47799
1 37753U 11036A   18025.55173347 -.00000033  00000-0  00000+0 0  9993
2 37753  55.5729  91.9092 0071373  33.8256 311.7932  2.00563393 47804
1 37753U 11036A   18025.62713269 -.00000033  00000-0  00000-0 0  9995
2 37753  55.5729  91.9061 0071375  33.8236   6.2372  2.00563392 47814
1 37753U 11036A   18025.72640270 -.00000033  00000-0  00000-0 0  9997
2 37753  55.5730  91.9022 0071379  33.8209  77.9179  2.00563390 47815
1 37753U 11036A   18026.50343558 -.00000033  00000-0  00000+0 0  9992
2 37753  55.5735  91.8712 0071405  33.8115 278.9836  2.00563381 47825
1 37753U 11036A   18026.69064163 -.00000033  00000-0  00000-0 0  9995
2 37753  55.5736  91.8637 0071410  33.8067  54.1606  2.00563383 47836
1 37753U 11036A   18027.50243149 -.00000032  00000-0  00000+0 0  9997
2 37753  55.5741  91.8313 0071436  33.7960 280.3238  2.00563375 47848
1 37753U 11036A   18027.61531453 -.00000032  00000-0  00000-0 0  9998
2 37753  55.5742  91.8268 0071438  33.7928   1.8343  2.00563377 47850
1 37753U 11036A   18027.74891530 -.00000032  00000-0  00000-0 0  9997
2 37753  55.5743  91.8214 0071444  33.7898  98.3038  2.00563377 47857
1 37753U 11036A   18028.16326868 -.00000031  00000-0  00000+0 0  9999
2 37753  55.5745  91.8049 0071456  33.7833  37.4940  2.00563378 47854
1 37753U 11036A   18028.78650549 -.00000029  00000-0  00000-0 0  9991
2 37753  55.5749  91.7800 0071478  33.7727 127.5126  2.00563377 47876
1 37753U 11036A   18029.55346997 -.00000026  00000-0  00000+0 0  9992
2 37753  55.5754  91.7494 0071500  33.7616 321.3102  2.00563383 47880
1 37753U 11036A   18029.76746455 -.00000025  00000-0  00000-0 0  9998
2 37753  55.5755  91.7409 0071509  33.7562 115.8305  2.00563384 47899
1 37753U 11036A   18030.48955069 -.00000023  00000-0  00000+0 0  9999
2 37753  55.5760  91.7121 0071531  33.7466 277.2221  2.00563391 47904
1 37753U 11036A   18030.66205293 -.00000023  00000-0  00000-0 0  9997
2 37753  55.5761  91.7052 0071536  33.7410  41.7829  2.00563397 47917
1 37753U 11036A   18031.49753611 -.00000022  00000-0  00000+0 0  9999
2 37753  55.5766  91.6718 0071564  33.7298 285.0546  2.00563409 47929
1 37753U 11036A   18031.60554772 -.00000023  00000-0  00000-0 0  9991
2 37753  55.5767  91.6675 0071567  33.7264   3.0477  2.00563412 47934
1 37753U 11036A   18031.73374240 -.00000023  00000-0  00000-0 0  9995
2 37753  55.5767  91.6624 0071574  33.7237  95.6135  2.00563414 47936
1 37753U 11036A   18032.52435998 -.00000025  00000-0  00000+0 0  9992
2 37753  55.5772  91.6308 0071598  33.7137 306.4888  2.00563430 47943
1 37753U 11036A   18032.75049361 -.00000026  00000-0  00000-0 0  9994
2 37753  55.5774  91.6218 0071609  33.7082 109.7740  2.00563434 47953
1 37753U 11036A   18033.20531721 -.00000029  00000-0  00000+0 0  9993
2 37753  55.5777  91.6036 0071623  33.7020  78.1856  2.00563447 47953
1 37753U 11036A   18034.55320149 -.00000039  00000-0  00000-0 0  9994
2 37753  55.5785  91.5498 0071666  33.6854 331.4420  2.00563486 47993
1 37753U 11036A   18034.94456784 -.00000042  00000-0  00000-0 0  9996
2 37753  55.5787  91.5342 0071678  33.6819 254.0316  2.00563496 47992
1 37753U 11036A   18035.60817293 -.00000048  00000-0  00000+0 0  9991
2 37753  55.5791  91.5077 0071700  33.6729  13.1967  2.00563519 48003
1 37753U 11036A   18035.79292428 -.00000050  00000-0  00000-0 0  9992
2 37753  55.5792  91.5003 0071707  33.6720 146.5974  2.00563524 48017
1 37753U 11036A   18036.58257806 -.00000056  00000-0  00000+0 0  9996
2 37753  55.5797  91.4688 0071729  33.6623 356.7766  2.00563552 48022
1 37753U 11036A   18036.64478705 -.00000056  00000-0  00000-0 0  9997
2 37753  55.5798  91.4663 0071732  33.6620  41.6949  2.00563554 48033
1 37753U 11036A   18037.58261760 -.00000060  00000-0  00000+0 0  9996
2 37753  55.5804  91.4288 0071760  33.6496 358.8680  2.00563586 48047
1 37753U 11036A   18037.64665917 -.00000061  00000-0  00000-0 0  9997
2 37753  55.5804  91.4263 0071762  33.6490  45.1099  2.00563588 48059
1 37753U 11036A   18038.51919322 -.00000062  00000-0  00000+0 0  9996
2 37753  55.5810  91.3915 0071787  33.6352 315.1370  2.00563616 48068
1 37753U 11036A   18038.60223622 -.00000061  00000-0  00000-0 0  9997
2 37753  55.5811  91.3882 0071791  33.6346  15.0989  2.00563620 48078
1 37753U 11036A   18039.59320545 -.00000058  00000-0  00000+0 0  9993
2 37753  55.5817  91.3486 0071823  33.6195  10.6435  2.00563651 48084
1 37753U 11036A   18039.94312507 -.00000056  00000-0  00000-0 0  9990
2 37753  55.5819  91.3347 0071832  33.6134 263.3091  2.00563660 48091
1 37753U 11036A   18040.45954067 -.00000053  00000-0  00000+0 0  9997
2 37753  55.5823  91.3141 0071850  33.6059 276.1947  2.00563675 48104
1 37753U 11036A   18040.63310712 -.00000051  00000-0  00000-0 0  9999
2 37753  55.5824  91.3072 0071859  33.6058  41.5185  2.00563680 48111
1 37753U 11036A   18040.69138531 -.00000051  00000-0  00000-0 0  9992
2 37753  55.5824  91.3048 0071860  33.6068  83.5973  2.00563682 48110
1 37753U 11036A   18041.47976340 -.00000043  00000-0  00000+0 0  9997
2 37753  55.5829  91.2734 0071887  33.5947 292.8580  2.00563699 48128
1 37753U 11036A   18041.63780209 -.00000042  00000-0  00000-0 0  9992
2 37753  55.5830  91.2671 0071895  33.5952  46.9695  2.00563703 48137
1 37753U 11036A   18041.72922515 -.00000041  00000-0  00000-0 0  9999
2 37753  55.5831  91.2635 0071896  33.5953 112.9814  2.00563705 48139
1 37753U 11036A   18042.55595778 -.00000032  00000-0  00000+0 0  9997
2 37753  55.5836  91.2305 0071929  33.5848 349.9344  2.00563717 48142
1 37753U 11036A   18042.74043160 -.00000030  00000-0  00000-0 0  9990
2 37753  55.5837  91.2231 0071934  33.5854 123.1333  2.00563720 48159
1 37753U 11036A   18043.44875503 -.00000022  00000-0  00000+0 0  9992
2 37753  55.5841  91.1949 0071961  33.5771 274.5868  2.00563724 48166
1 37753U 11036A   18043.74842944 -.00000019  00000-0  00000-0 0  9995
2 37753  55.5843  91.1829 0071971  33.5766 130.9673  2.00563726 48172
1 37753U 11036A   18044.55007182 -.00000012  00000-0  00000+0 0  9994
2 37753  55.5848  91.1510 0072005  33.5685 349.8016  2.00563726 48186
1 37753U 11036A   18044.61407122 -.00000011  00000-0  00000-0 0  9999
2 37753  55.5849  91.1484 0072007  33.5689  36.0120  2.00563726 48195
1 37753U 11036A   18044.94226551 -.00000009  00000-0  00000-0 0  9997
2 37753  55.5851  91.1353 0072018  33.5640 272.9897  2.00563723 48191
1 37753U 11036A   18045.58069965 -.00000004  00000-0  00000+0 0  9996
2 37753  55.5855  91.1099 0072044  33.5591  13.9762  2.00563720 48209
1 37753U 11036A   18046.47501823  .00000000  00000-0  00000+0 0  9994
2 37753  55.5861  91.0742 0072078  33.5464 299.7321  2.00563709 48220
1 37753U 11036A   18046.66572525  .00000001  00000-0  00000-0 0  9994
2 37753  55.5862  91.0666 0072085  33.5453  77.4333  2.00563707 48235
1 37753U 11036A   18047.54065706  .00000003  00000-0  00000+0 0  9991
2 37753  55.5868  91.0318 0072122  33.5333 349.1901  2.00563692 48248
1 37753U 11036A   18047.73357128  .00000003  00000-0  00000+0 0  9994
2 37753  55.5869  91.0241 0072128  33.5304 128.4869  2.00563688 48244
1 37753U 11036A   18047.73357128  .00000003  00000-0  00000-0 0  9995
2 37753  55.5869  91.0241 0072128  33.5304 128.4869  2.00563688 48255
1 37753U 11036A   18048.56628693  .00000004  00000-0  00000-0 0  9996
2 37753  55.5874  90.9909 0072166  33.5197   9.7602  2.00563672 48273
1 37753U 11036A   18049.56859015  .00000002  00000-0  00000+0 0  9998
2 37753  55.5881  90.9509 0072211  33.5082  13.4850  2.00563652 48287
1 37753U 11036A   18049.93828247  .00000002  00000-0  00000-0 0  9993
2 37753  55.5883  90.9362 0072228  33.5040 280.4257  2.00563643 48296
1 37753U 11036A   18050.43662201  .00000000  00000-0  00000+0 0  9993
2 37753  55.5887  90.9163 0072250  33.5002 280.2558  2.00563633 48305
1 37753U 11036A   18050.61466799 -.00000000  00000-0  00000-0 0  9999
2 37753  55.5888  90.9092 0072257  33.4987  48.8155  2.00563631 48315
1 37753U 11036A   18051.44900935 -.00000002  00000-0  00000+0 0  9997
2 37753  55.5893  90.8759 0072294  33.4939 291.2567  2.00563616 48323
1 37753U 11036A   18051.64376272 -.00000003  00000-0  00000-0 0  9992
2 37753  55.5895  90.8682 0072302  33.4918  71.8807  2.00563614 48335
1 37753U 11036A   18052.46933133 -.00000004  00000-0  00000+0 0  9998
2 37753  55.5900  90.8352 0072338  33.4876 307.9869  2.00563601 48346
1 37753U 11036A   18052.73182178 -.00000005  00000-0  00000-0 0  9995
2 37753  55.5902  90.8248 0072350  33.4850 137.5210  2.00563597 48350
1 37753U 11036A   18053.48617153 -.00000005  00000-0  00000+0 0  9993
2 37753  55.5907  90.7947 0072380  33.4808 322.2036  2.00563589 48367
1 37753U 11036A   18053.92367420 -.00000005  00000-0  00000-0 0  9992
2 37753  55.5910  90.7772 0072399  33.4783 278.1051  2.00563584 48371
1 37753U 11036A   18054.46982917 -.00000004  00000-0  00000+0 0  9994
2 37753  55.5914  90.7554 0072420  33.4741 312.4607  2.00563581 48389
1 37753U 11036A   18054.93847657 -.00000003  00000-0  00000-0 0  9997
2 37753  55.5917  90.7367 0072439  33.4708 290.8510  2.00563579 48397
1 37753U 11036A   18055.22996604 -.00000002  00000-0  00000-0 0  9996
2 37753  55.5919  90.7251 0072453  33.4667 141.3252  2.00563577 48404
1 37753U 11036A   18055.43001576 -.00000001  00000-0  00000+0 0  9992
2 37753  55.5921  90.7171 0072459  33.4671 285.7707  2.00563577 48407
1 37753U 11036A   18055.94993973  .00000000  00000-0  00000-0 0  9998
2 37753  55.5925  90.6964 0072479  33.4623 301.1868  2.00563578 48412
1 37753U 11036A   18056.46018524  .00000002  00000-0  00000+0 0  9997
2 37753  55.5928  90.6761 0072500  33.4576 309.6145  2.00563579 48425
1 37753U 11036A   18056.71760595  .00000003  00000-0  00000-0 0  9999
2 37753  55.5930  90.6658 0072513  33.4536 135.4893  2.00563580 48431
1 37753U 11036A   18057.42748329  .00000006  00000-0  00000+0 0  9991
2 37753  55.5935  90.6375 0072539  33.4495 288.0605  2.00563585 48446
1 37753U 11036A   18057.61036053  .00000006  00000-0  00000-0 0  9997
2 37753  55.5936  90.6302 0072547  33.4451  60.1115  2.00563588 48457
1 37753U 11036A   18057.90732291  .00000007  00000-0  00000-0 0  9997
2 37753  55.5938  90.6183 0072559  33.4457 274.5327  2.00563590 48454
1 37753U 11036A   18058.43851174  .00000007  00000-0  00000+0 0  9997
2 37753  55.5942  90.5971 0072581  33.4408 298.0827  2.00563597 48468
1 37753U 11036A   18058.68606411  .00000007  00000-0  00000-0 0  9997
2 37753  55.5943  90.5873 0072593  33.4373 116.8316  2.00563601 48471
1 37753U 11036A   18059.52900223  .00000006  00000-0  00000+0 0  9997
2 37753  55.5949  90.5537 0072628  33.4319   5.4808  2.00563617 48480
1 37753U 11036A   18059.69212858  .00000005  00000-0  00000-0 0  9995
2 37753  55.5950  90.5471 0072637  33.4305 123.2677  2.00563619 48490
1 37753U 11036A   18060.53879521  .00000001  00000-0  00000+0 0  9991
2 37753  55.5956  90.5134 0072671  33.4265  14.6076  2.00563640 48507
1 37753U 11036A   18061.47271698 -.00000006  00000-0  00000+0 0  9992
2 37753  55.5962  90.4761 0072709  33.4241 328.9487  2.00563664 48520
1 37753U 11036A   18061.71235932 -.00000008  00000-0  00000-0 0  9993
2 37753  55.5964  90.4665 0072721  33.4234 141.9834  2.00563670 48538
1 37753U 11036A   18062.19315953 -.00000012  00000-0  00000+0 0  9992
2 37753  55.5967  90.4474 0072741  33.4226 129.1462  2.00563685 48533
1 37753U 11036A   18062.63828626 -.00000016  00000-0  00000-0 0  9992
2 37753  55.5970  90.4296 0072759  33.4207  90.5522  2.00563699 48552
1 37753U 11036A   18063.44552512 -.00000023  00000-0  00000+0 0  9997
2 37753  55.5975  90.3974 0072788  33.4194 313.4207  2.00563725 48564
1 37753U 11036A   18063.69043231 -.00000025  00000-0  00000-0 0  9990
2 37753  55.5977  90.3877 0072799  33.4195 130.2561  2.00563733 48579
1 37753U 11036A   18064.55289228 -.00000030  00000-0  00000+0 0  9999
2 37753  55.5983  90.3533 0072832  33.4162  32.9992  2.00563763 48587
1 37753U 11036A   18064.62973258 -.00000030  00000-0  00000-0 0  9991
2 37753  55.5984  90.3502 0072835  33.4169  88.4811  2.00563766 48594
1 37753U 11036A   18065.14485082 -.00000031  00000-0  00000+0 0  9992
2 37753  55.5987  90.3297 0072855  33.4151 100.4244  2.00563782 48594
1 37753U 11036A   18065.69982663 -.00000032  00000-0  00000-0 0  9991
2 37753  55.5991  90.3076 0072876  33.4129 141.1473  2.00563800 48612
1 37753U 11036A   18066.41337553 -.00000031  00000-0  00000+0 0  9992
2 37753  55.5996  90.2791 0072903  33.4077 296.3710  2.00563822 48625
1 37753U 11036A   18066.58289517 -.00000030  00000-0  00000-0 0  9996
2 37753  55.5997  90.2724 0072911  33.4081  58.7723  2.00563829 48638
1 37753U 11036A   18066.71237939 -.00000030  00000-0  00000-0 0  9992
2 37753  55.5998  90.2672 0072914  33.4087 152.2660  2.00563832 48634
1 37753U 11036A   18067.19114434 -.00000027  00000-0  00000-0 0  9995
2 37753  55.6002  90.2481 0072934  33.4071 137.9602  2.00563847 48647
1 37753U 11036A   18067.54772347 -.00000025  00000-0  00000+0 0  9994
2 37753  55.6004  90.2339 0072951  33.4038  35.4317  2.00563858 48640
1 37753U 11036A   18067.90411580 -.00000022  00000-0  00000-0 0  9991
2 37753  55.6007  90.2197 0072965  33.4012 292.7676  2.00563866 48658
1 37753U 11036A   18068.41517869 -.00000018  00000-0  00000+0 0  9999
2 37753  55.6010  90.1994 0072988  33.4002 301.7821  2.00563879 48668
1 37753U 11036A   18068.63332346 -.00000016  00000-0  00000-0 0  9997
2 37753  55.6012  90.1907 0072997  33.4031  99.2909  2.00563885 48670
1 37753U 11036A   18068.91613691 -.00000013  00000-0  00000-0 0  9990
2 37753  55.6014  90.1794 0073010  33.3998 303.4998  2.00563889 48676
1 37753U 11036A   18069.56552552 -.00000006  00000-0  00000+0 0  9991
2 37753  55.6018  90.1535 0073041  33.4022  52.3890  2.00563902 48684
1 37753U 11036A   18069.63064731 -.00000006  00000-0  00000-0 0  9997
2 37753  55.6019  90.1509 0073042  33.4028  99.4097  2.00563903 48696
1 37753U 11036A   18069.99325385 -.00000002  00000-0  00000+0 0  9996
2 37753  55.6021  90.1365 0073061  33.4016   1.2312  2.00563906 48691
1 37753U 11036A   18070.71621396  .00000006  00000-0  00000-0 0  9993
2 37753  55.6026  90.1077 0073088  33.4050 163.2419  2.00563913 48711
1 37753U 11036A   18071.42677926  .00000012  00000-0  00000+0 0  9998
2 37753  55.6031  90.0794 0073124  33.4058 316.3053  2.00563914 48728
1 37753U 11036A   18071.70949101  .00000015  00000-0  00000-0 0  9990
2 37753  55.6033  90.0681 0073132  33.4082 160.4353  2.00563914 48733
1 37753U 11036A   18072.48459362  .00000020  00000-0  00000+0 0  9996
2 37753  55.6038  90.0373 0073171  33.4097   0.0972  2.00563910 48748
1 37753U 11036A   18072.66036111  .00000021  00000-0  00000-0 0  9991
2 37753  55.6039  90.0303 0073175  33.4105 127.0096  2.00563910 48754
1 37753U 11036A   18073.04892716  .00000024  00000-0  00000+0 0  9997
2 37753  55.6042  90.0148 0073195  33.4114  47.5732  2.00563906 48755
1 37753U 11036A   18073.91356983  .00000027  00000-0  00000-0 0  9998
2 37753  55.6048  89.9804 0073234  33.4103 311.8903  2.00563893 48773
1 37753U 11036A   18074.48987552  .00000029  00000-0  00000+0 0  9994
2 37753  55.6052  89.9574 0073261  33.4109   8.0117  2.00563884 48781
1 37753U 11036A   18074.68261059  .00000029  00000-0  00000-0 0  9994
2 37753  55.6053  89.9498 0073269  33.4092 147.1781  2.00563880 48795
1 37753U 11036A   18075.44176988  .00000029  00000-0  00000+0 0  9994
2 37753  55.6059  89.9195 0073309  33.4087 335.3301  2.00563864 48807
1 37753U 11036A   18075.63698060  .00000029  00000-0  00000-0 0  9996
2 37753  55.6060  89.9118 0073316  33.4086 116.2824  2.00563861 48815
1 37753U 11036A   18076.47996591  .00000028  00000-0  00000+0 0  9997
2 37753  55.6066  89.8782 0073360  33.4095   4.9597  2.00563842 48826
1 37753U 11036A   18076.61062238  .00000028  00000-0  00000-0 0  9996
2 37753  55.6067  89.8730 0073365  33.4094  99.3005  2.00563840 48835
1 37753U 11036A   18076.88743829  .00000028  00000-0  00000-0 0  9997
2 37753  55.6069  89.8620 0073381  33.4095 299.1755  2.00563832 48837
1 37753U 11036A   18077.45784032  .00000026  00000-0  00000+0 0  9999
2 37753  55.6073  89.8393 0073411  33.4109 351.0333  2.00563821 48848
1 37753U 11036A   18077.53685368  .00000026  00000-0  00000-0 0  9991
2 37753  55.6073  89.8361 0073414  33.4112  48.0848  2.00563819 48852
1 37753U 11036A   18077.71885420  .00000026  00000-0  00000-0 0  9992
2 37753  55.6075  89.8289 0073424  33.4109 179.4988  2.00563814 48859
1 37753U 11036A   18078.39243223  .00000024  00000-0  00000+0 0  9993
2 37753  55.6079  89.8021 0073459  33.4146 305.8526  2.00563800 48865
1 37753U 11036A   18078.61140133  .00000023  00000-0  00000-0 0  9994
2 37753  55.6081  89.7934 0073469  33.4151 103.9590  2.00563796 48870
1 37753U 11036A   18078.72844736  .00000023  00000-0  00000-0 0  9996
2 37753  55.6082  89.7887 0073476  33.4158 188.4714  2.00563793 48876
1 37753U 11036A   18079.54729095  .00000021  00000-0  00000+0 0  9994
2 37753  55.6087  89.7561 0073515  33.4212  59.7128  2.00563780 48881
1 37753U 11036A   18080.39291911  .00000020  00000-0  00000+0 0  9999
2 37753  55.6093  89.7224 0073558  33.4265 310.2939  2.00563766 48901
1 37753U 11036A   18080.69512988  .00000019  00000-0  00000-0 0  9991
2 37753  55.6095  89.7104 0073575  33.4269 168.5051  2.00563761 48918
1 37753U 11036A   18081.46746160  .00000020  00000-0  00000+0 0  9999
2 37753  55.6101  89.6797 0073608  33.4312   6.1635  2.00563755 48928
1 37753U 11036A   18081.58816535  .00000020  00000-0  00000-0 0  9997
2 37753  55.6102  89.6748 0073615  33.4307  93.3183  2.00563754 48933
1 37753U 11036A   18082.50269119  .00000022  00000-0  00000+0 0  9991
2 37753  55.6108  89.6384 0073657  33.4352  33.6479  2.00563748 48940
1 37753U 11036A   18082.71377525  .00000022  00000-0  00000-0 0  9996
2 37753  55.6110  89.6300 0073670  33.4368 186.0598  2.00563745 48956
1 37753U 11036A   18083.43447111  .00000024  00000-0  00000+0 0  9996
2 37753  55.6115  89.6013 0073699  33.4398 346.4358  2.00563746 48964
1 37753U 11036A   18083.61231140  .00000025  00000-0  00000-0 0  9991
2 37753  55.6116  89.5943 0073710  33.4390 114.8464  2.00563745 48977
1 37753U 11036A   18084.46696939  .00000027  00000-0  00000+0 0  9997
2 37753  55.6122  89.5602 0073748  33.4430  11.9488  2.00563749 48980
1 37753U 11036A   18084.61905076  .00000028  00000-0  00000-0 0  9991
2 37753  55.6123  89.5542 0073758  33.4431 121.7593  2.00563749 48994
1 37753U 11036A   18085.45849802  .00000029  00000-0  00000-0 0  9999
2 37753  55.6129  89.5207 0073795  33.4473   7.8786  2.00563758 49006
1 37753U 11036A   18085.63549862  .00000029  00000-0  00000-0 0  9992
2 37753  55.6130  89.5137 0073806  33.4476 135.6818  2.00563758 49013
1 37753U 11036A   18086.02977828  .00000028  00000-0  00000+0 0  9991
2 37753  55.6133  89.4980 0073823  33.4497  60.3697  2.00563765 49010
1 37753U 11036A   18087.53003116  .00000022  00000-0  00000+0 0  9992
2 37753  55.6143  89.4383 0073897  33.4605  63.6177  2.00563790 49040
1 37753U 11036A   18087.71302552  .00000021  00000-0  00000-0 0  9998
2 37753  55.6144  89.4310 0073906  33.4643 195.7453  2.00563792 49051
1 37753U 11036A   18088.48520344  .00000015  00000-0  00000+0 0  9996
2 37753  55.6150  89.4002 0073941  33.4704  33.2909  2.00563812 49069
1 37753U 11036A   18088.57686948  .00000014  00000-0  00000-0 0  9999
2 37753  55.6150  89.3966 0073946  33.4716  99.4773  2.00563814 49071
1 37753U 11036A   18088.72574681  .00000013  00000-0  00000-0 0  9995
2 37753  55.6151  89.3907 0073952  33.4750 206.9709  2.00563817 49079
1 37753U 11036A   18089.52772406  .00000005  00000-0  00000+0 0  9999
2 37753  55.6157  89.3587 0073989  33.4824  66.0319  2.00563841 49081
1 37753U 11036A   18089.57385809  .00000004  00000-0  00000-0 0  9991
2 37753  55.6157  89.3569 0073991  33.4833  99.3422  2.00563842 49090
1 37753U 11036A   18090.49066244 -.00000004  00000-0  00000+0 0  9993
2 37753  55.6163  89.3204 0074031  33.4937  41.3113  2.00563870 49101
1 37753U 11036A   18090.57076574 -.00000005  00000-0  00000-0 0  9991
2 37753  55.6164  89.3172 0074035  33.4952  99.1485  2.00563873 49114
1 37753U 11036A   18090.62849505 -.00000006  00000-0  00000-0 0  9990
2 37753  55.6164  89.3149 0074037  33.4965 140.8307  2.00563874 49112
1 37753U 11036A   18091.51149285 -.00000013  00000-0  00000+0 0  9994
2 37753  55.6170  89.2798 0074075  33.5057  58.3910  2.00563904 49121
1 37753U 11036A   18091.69787417 -.00000014  00000-0  00000-0 0  9990
2 37753  55.6171  89.2724 0074081  33.5087 192.9648  2.00563909 49130
1 37753U 11036A   18092.47164867 -.00000017  00000-0  00000+0 0  9997
2 37753  55.6177  89.2416 0074114  33.5153  31.6630  2.00563936 49146
1 37753U 11036A   18092.61221880 -.00000018  00000-0  00000-0 0  9994
2 37753  55.6178  89.2360 0074119  33.5181 133.1591  2.00563940 49151
1 37753U 11036A   18093.51078774 -.00000018  00000-0  00000+0 0  9995
2 37753  55.6184  89.2002 0074158  33.5260  61.9639  2.00563970 49167
1 37753U 11036A   18093.60864365 -.00000018  00000-0  00000+0 0  9994
2 37753  55.6185  89.1964 0074162  33.5279 132.6190  2.00563973 49160
1 37753U 11036A   18093.60864365 -.00000018  00000-0  00000-0 0  9995
2 37753  55.6185  89.1964 0074162  33.5279 132.6190  2.00563973 49171
1 37753U 11036A   18095.50900878 -.00000008  00000-0  00000+0 0  9994
2 37753  55.6198  89.1208 0074250  33.5467  64.7612  2.00564026 49201
1 37753U 11036A   18096.46222418 -.00000000  00000-0  00000+0 0  9999
2 37753  55.6204  89.0829 0074296  33.5583  33.0199  2.00564045 49228
1 37753U 11036A   18096.69577810  .00000002  00000-0  00000-0 0  9995
2 37753  55.6206  89.0736 0074304  33.5613 201.6548  2.00564049 49237
1 37753U 11036A   18097.53431090  .00000009  00000-0  00000+0 0  9994
2 37753  55.6212  89.0402 0074347  33.5758  87.1040  2.00564060 49249
1 37753U 11036A   18097.70899925  .00000011  00000-0  00000-0 0  9992
2 37753  55.6213  89.0333 0074353  33.5764 213.2373  2.00564061 49250
1 37753U 11036A   18098.46960435  .00000017  00000-0  00000+0 0  9996
2 37753  55.6218  89.0030 0074393  33.5904  42.4193  2.00564065 49266
1 37753U 11036A   18098.54491197  .00000018  00000-0  00000-0 0  9991
2 37753  55.6218  89.0000 0074394  33.5921  96.7936  2.00564066 49272
1 37753U 11036A   18098.90163722  .00000021  00000-0  00000-0 0  9995
2 37753  55.6221  88.9859 0074414  33.5964 354.3632  2.00564065 49282
1 37753U 11036A   18099.49396625  .00000025  00000-0  00000+0 0  9993
2 37753  55.6225  88.9623 0074441  33.6070  62.0445  2.00564063 49287
1 37753U 11036A   18099.60958733  .00000025  00000-0  00000-0 0  9991
2 37753  55.6225  88.9577 0074444  33.6079 145.5281  2.00564062 49292
1 37753U 11036A   18099.73222604  .00000026  00000-0  00000-0 0  9997
2 37753  55.6226  88.9528 0074451  33.6079 234.0795  2.00564060 49299
1 37753U 11036A   18100.49229118  .00000029  00000-0  00000+0 0  9992
2 37753  55.6231  88.9226 0074489  33.6213  62.8721  2.00564053 49301
1 37753U 11036A   18100.68097553  .00000030  00000-0  00000-0 0  9992
2 37753  55.6233  88.9151 0074496  33.6215 199.1117  2.00564049 49319
1 37753U 11036A   18101.50410094  .00000032  00000-0  00000+0 0  9994
2 37753  55.6238  88.8824 0074538  33.6340  73.4379  2.00564037 49328
1 37753U 11036A   18101.69569833  .00000032  00000-0  00000-0 0  9991
2 37753  55.6239  88.8748 0074546  33.6342 211.7810  2.00564032 49338
1 37753U 11036A   18102.53583497  .00000032  00000-0  00000+0 0  9996
2 37753  55.6245  88.8414 0074589  33.6463  98.3906  2.00564017 49345
1 37753U 11036A   18102.63126935  .00000032  00000-0  00000-0 0  9998
2 37753  55.6245  88.8376 0074594  33.6463 167.2992  2.00564014 49357
1 37753U 11036A   18102.87044097  .00000032  00000-0  00000-0 0  9992
2 37753  55.6247  88.8280 0074609  33.6503 339.9893  2.00564008 49367
1 37753U 11036A   18103.53381914  .00000031  00000-0  00000+0 0  9996
2 37753  55.6252  88.8017 0074643  33.6592  98.9736  2.00563995 49369
1 37753U 11036A   18103.85146757  .00000030  00000-0  00000-0 0  9995
2 37753  55.6254  88.7890 0074661  33.6635 328.3276  2.00563986 49388
1 37753U 11036A   18104.49962984  .00000028  00000-0  00000+0 0  9990
2 37753  55.6258  88.7633 0074696  33.6734  76.3242  2.00563972 49383
1 37753U 11036A   18104.55020015  .00000028  00000-0  00000-0 0  9998
2 37753  55.6258  88.7612 0074699  33.6738 112.8382  2.00563971 49398
1 37753U 11036A   18105.47691176  .00000025  00000-0  00000+0 0  9998
2 37753  55.6265  88.7244 0074749  33.6895  61.9557  2.00563950 49404
1 37753U 11036A   18105.53958424  .00000025  00000-0  00000-0 0  9998
2 37753  55.6265  88.7219 0074752  33.6902 107.2078  2.00563948 49419
1 37753U 11036A   18106.52588319  .00000021  00000-0  00000+0 0  9995
2 37753  55.6272  88.6827 0074804  33.7079  99.3484  2.00563928 49426
1 37753U 11036A   18106.62795737  .00000021  00000-0  00000-0 0  9991
2 37753  55.6272  88.6786 0074810  33.7099 173.0493  2.00563925 49437
1 37753U 11036A   18107.47147603  .00000019  00000-0  00000+0 0  9994
2 37753  55.6278  88.6451 0074852  33.7259  62.0969  2.00563911 49447
1 37753U 11036A   18107.52448976  .00000019  00000-0  00000-0 0  9998
2 37753  55.6279  88.6430 0074855  33.7267 100.3748  2.00563910 49458
1 37753U 11036A   18107.63928441  .00000019  00000-0  00000-0 0  9990
2 37753  55.6279  88.6384 0074862  33.7295 183.2596  2.00563907 49452
1 37753U 11036A   18108.47299507  .00000018  00000-0  00000+0 0  9995
2 37753  55.6285  88.6053 0074901  33.7446  65.2262  2.00563897 49462
1 37753U 11036A   18108.53975027  .00000018  00000-0  00000-0 0  9991
2 37753  55.6285  88.6026 0074905  33.7457 113.4258  2.00563895 49478
1 37753U 11036A   18108.71019958  .00000018  00000-0  00000-0 0  9993
2 37753  55.6287  88.5959 0074914  33.7507 236.4940  2.00563892 49471
1 37753U 11036A   18109.48555522  .00000018  00000-0  00000+0 0  9999
2 37753  55.6292  88.5650 0074950  33.7627  76.3284  2.00563886 49484
1 37753U 11036A   18109.60228164  .00000018  00000-0  00000-0 0  9993
2 37753  55.6292  88.5604 0074957  33.7655 160.6081  2.00563884 49492
1 37753U 11036A   18109.66517022  .00000019  00000-0  00000-0 0  9994
2 37753  55.6293  88.5579 0074960  33.7676 206.0148  2.00563883 49499
1 37753U 11036A   18110.51489328  .00000020  00000-0  00000+0 0  9998
2 37753  55.6298  88.5241 0074999  33.7806  99.5454  2.00563881 49502
1 37753U 11036A   18110.67502493  .00000020  00000-0  00000-0 0  9995
2 37753  55.6299  88.5177 0075008  33.7855 215.1638  2.00563879 49515
1 37753U 11036A   18111.51095330  .00000022  00000-0  00000+0 0  9997
2 37753  55.6305  88.4844 0075048  33.7978  98.7345  2.00563881 49527
1 37753U 11036A   18111.62592237  .00000022  00000-0  00000-0 0  9998
2 37753  55.6306  88.4799 0075055  33.8014 181.7445  2.00563880 49531
1 37753U 11036A   18112.52412650  .00000023  00000-0  00000+0 0  9998
2 37753  55.6312  88.4441 0075097  33.8158 110.2795  2.00563887 49540
1 37753U 11036A   18112.52412650  .00000023  00000-0  00000-0 0  9999
2 37753  55.6312  88.4441 0075097  33.8158 110.2795  2.00563887 49551
1 37753U 11036A   18112.82554612  .00000022  00000-0  00000-0 0  9996
2 37753  55.6314  88.4322 0075110  33.8235 327.9121  2.00563889 49566
1 37753U 11036A   18113.51454032  .00000021  00000-0  00000+0 0  9996
2 37753  55.6318  88.4048 0075145  33.8345 105.3904  2.00563898 49562
1 37753U 11036A   18113.56438215  .00000021  00000-0  00000-0 0  9997
2 37753  55.6318  88.4028 0075149  33.8363 141.3769  2.00563898 49574
1 37753U 11036A   18113.71136755  .00000020  00000-0  00000-0 0  9997
2 37753  55.6319  88.3969 0075153  33.8404 247.5038  2.00563901 49572
1 37753U 11036A   18114.47040270  .00000016  00000-0  00000+0 0  9991
2 37753  55.6324  88.3667 0075189  33.8534  75.5531  2.00563915 49589
1 37753U 11036A   18114.61845747  .00000015  00000-0  00000-0 0  9999
2 37753  55.6325  88.3609 0075197  33.8583 182.4514  2.00563916 49590
1 37753U 11036A   18114.86516494  .00000013  00000-0  00000-0 0  9998
2 37753  55.6327  88.3510 0075207  33.8633   0.5818  2.00563922 49607
1 37753U 11036A   18115.13802939  .00000011  00000-0  00000+0 0  9998
2 37753  55.6328  88.3402 0075223  33.8704 197.5969  2.00563926 49591
1 37753U 11036A   18115.87761757  .00000004  00000-0  00000-0 0  9994
2 37753  55.6333  88.3108 0075256  33.8866  11.6012  2.00563944 49624
1 37753U 11036A   18116.53216321 -.00000003  00000-0  00000+0 0  9999
2 37753  55.6337  88.2848 0075289  33.9026 124.2009  2.00563961 49629
1 37753U 11036A   18116.90029391 -.00000007  00000-0  00000-0 0  9994
2 37753  55.6339  88.2701 0075304  33.9114  30.0013  2.00563971 49647
1 37753U 11036A   18117.45132257 -.00000013  00000-0  00000+0 0  9997
2 37753  55.6343  88.2482 0075329  33.9250  67.8588  2.00563988 49649
1 37753U 11036A   18118.47152016 -.00000023  00000-0  00000+0 0  9996
2 37753  55.6349  88.2076 0075372  33.9495  84.4695  2.00564019 49665
1 37753U 11036A   18118.56299318 -.00000023  00000-0  00000-0 0  9994
2 37753  55.6350  88.2040 0075376  33.9524 150.5148  2.00564022 49678
1 37753U 11036A   18118.70820615 -.00000025  00000-0  00000-0 0  9992
2 37753  55.6351  88.1982 0075380  33.9553 255.3631  2.00564026 49675
1 37753U 11036A   18119.46338249 -.00000030  00000-0  00000+0 0  9998
2 37753  55.6356  88.1682 0075414  33.9725  80.6222  2.00564053 49682
1 37753U 11036A   18119.56646427 -.00000030  00000-0  00000-0 0  9990
2 37753  55.6356  88.1641 0075417  33.9755 155.0495  2.00564055 49695
1 37753U 11036A   18119.65601674 -.00000031  00000-0  00000-0 0  9996
2 37753  55.6357  88.1606 0075420  33.9770 219.7095  2.00564058 49695
1 37753U 11036A   18120.06084281 -.00000032  00000-0  00000+0 0  9992
2 37753  55.6359  88.1445 0075438  33.9866 152.0052  2.00564072 49691
1 37753U 11036A   18120.19606552 -.00000032  00000-0  00000-0 0  9998
2 37753  55.6360  88.1391 0075442  33.9883 249.6412  2.00564075 49705
1 37753U 11036A   18120.88708507 -.00000033  00000-0  00000-0 0  9998
2 37753  55.6364  88.1116 0075475  34.0034  28.5778  2.00564099 49727
1 37753U 11036A   18121.40408429 -.00000032  00000-0  00000+0 0  9995
2 37753  55.6368  88.0911 0075498  34.0151  41.8663  2.00564115 49728
1 37753U 11036A   18121.51028899 -.00000032  00000-0  00000-0 0  9997
2 37753  55.6368  88.0869 0075502  34.0191 118.5476  2.00564119 49739
1 37753U 11036A   18121.79957355 -.00000031  00000-0  00000-0 0  9994
2 37753  55.6370  88.0754 0075515  34.0227 327.4223  2.00564125 49748
1 37753U 11036A   18122.04516809 -.00000030  00000-0  00000+0 0  9996
2 37753  55.6372  88.0656 0075525  34.0308 144.7462  2.00564134 49736
1 37753U 11036A   18122.53567314 -.00000027  00000-0  00000-0 0  9994
2 37753  55.6375  88.0461 0075548  34.0422 138.9048  2.00564147 49756
1 37753U 11036A   18122.63197052 -.00000026  00000-0  00000-0 0  9992
2 37753  55.6375  88.0423 0075551  34.0432 208.4354  2.00564149 49754
1 37753U 11036A   18123.44609779 -.00000021  00000-0  00000+0 0  9990
2 37753  55.6380  88.0099 0075592  34.0641  76.2565  2.00564168 49763
1 37753U 11036A   18123.58138875 -.00000020  00000-0  00000-0 0  9999
2 37753  55.6381  88.0046 0075596  34.0674 173.9403  2.00564171 49777
1 37753U 11036A   18124.47936778 -.00000012  00000-0  00000+0 0  9996
2 37753  55.6387  87.9689 0075641  34.0927 102.3023  2.00564186 49787
1 37753U 11036A   18124.97228142 -.00000008  00000-0  00000-0 0  9996
2 37753  55.6390  87.9493 0075664  34.1065  98.1975  2.00564191 49800
1 37753U 11036A   18125.49556380 -.00000004  00000-0  00000+0 0  9997
2 37753  55.6393  87.9285 0075689  34.1218 116.0192  2.00564195 49804
1 37753U 11036A   18125.56798917 -.00000004  00000-0  00000-0 0  9990
2 37753  55.6394  87.9256 0075693  34.1237 168.3122  2.00564195 49813
1 37753U 11036A   18126.54943497  .00000002  00000-0  00000+0 0  9990
2 37753  55.6400  87.8867 0075739  34.1509 156.9397  2.00564195 49829
1 37753U 11036A   18126.61565476  .00000003  00000-0  00000-0 0  9997
2 37753  55.6400  87.8840 0075742  34.1516 204.7531  2.00564194 49834
1 37753U 11036A   18127.47822969  .00000007  00000-0  00000+0 0  9998
2 37753  55.6405  87.8497 0075783  34.1763 107.5521  2.00564190 49842
1 37753U 11036A   18127.56528257  .00000007  00000-0  00000-0 0  9992
2 37753  55.6406  87.8463 0075786  34.1772 170.4079  2.00564188 49854
1 37753U 11036A   18127.63144547  .00000007  00000-0  00000-0 0  9996
2 37753  55.6406  87.8437 0075789  34.1779 218.1803  2.00564187 49859
1 37753U 11036A   18128.46996479  .00000009  00000-0  00000+0 0  9998
2 37753  55.6411  87.8103 0075830  34.2016 103.6109  2.00564176 49863
1 37753U 11036A   18128.57650696  .00000009  00000-0  00000-0 0  9999
2 37753  55.6412  87.8061 0075835  34.2026 180.5388  2.00564174 49875
1 37753U 11036A   18128.64282920  .00000009  00000-0  00000-0 0  9998
2 37753  55.6412  87.8035 0075839  34.2036 228.4259  2.00564172 49878
1 37753U 11036A   18129.47099642  .00000009  00000-0  00000+0 0  9996
2 37753  55.6417  87.7705 0075879  34.2254 106.3837  2.00564159 49884
1 37753U 11036A   18129.55649361  .00000009  00000-0  00000-0 0  9995
2 37753  55.6418  87.7671 0075883  34.2264 168.1161  2.00564156 49897
1 37753U 11036A   18129.65655994  .00000009  00000-0  00000-0 0  9995
2 37753  55.6418  87.7632 0075889  34.2283 240.3673  2.00564153 49899
1 37753U 11036A   18130.46546627  .00000008  00000-0  00000+0 0  9996
2 37753  55.6423  87.7310 0075930  34.2495 104.4183  2.00564138 49901
1 37753U 11036A   18130.80823922  .00000007  00000-0  00000-0 0  9990
2 37753  55.6425  87.7174 0075948  34.2584 351.9091  2.00564129 49928
1 37753U 11036A   18131.48518580  .00000005  00000-0  00000+0 0  9993
2 37753  55.6430  87.6905 0075983  34.2755 120.6825  2.00564115 49925
1 37753U 11036A   18131.96847091  .00000003  00000-0  00000-0 0  9997
2 37753  55.6433  87.6713 0076008  34.2889 109.6260  2.00564104 49942
1 37753U 11036A   18132.55239605  .00000001  00000-0  00000+0 0  9996
2 37753  55.6436  87.6480 0076039  34.3050 171.2341  2.00564090 49940
1 37753U 11036A   18132.62890418  .00000000  00000-0  00000-0 0  9999
2 37753  55.6437  87.6450 0076044  34.3075 226.4744  2.00564088 49959
1 37753U 11036A   18133.44806656 -.00000003  00000-0  00000+0 0  9994
2 37753  55.6442  87.6124 0076084  34.3318  97.9277  2.00564072 49963
1 37753U 11036A   18133.57474795 -.00000003  00000-0  00000-0 0  9994
2 37753  55.6443  87.6074 0076091  34.3352 189.3948  2.00564068 49971
1 37753U 11036A   18133.63813406 -.00000003  00000-0  00000-0 0  9997
2 37753  55.6443  87.6049 0076095  34.3375 235.1605  2.00564067 49971
1 37753U 11036A   18134.51378215 -.00000006  00000-0  00000+0 0  9991
2 37753  55.6448  87.5700 0076135  34.3620 147.3993  2.00564052 49986
1 37753U 11036A   18134.97067708 -.00000007  00000-0  00000-0 0  9995
2 37753  55.6451  87.5519 0076157  34.3755 117.2874  2.00564045 50002
1 37753U 11036A   18135.46694170 -.00000007  00000-0  00000+0 0  9998
2 37753  55.6454  87.5322 0076180  34.3900 115.6017  2.00564038 50008
1 37753U 11036A   18135.94472378 -.00000008  00000-0  00000-0 0  9997
2 37753  55.6457  87.5132 0076201  34.4039 100.5711  2.00564032 50028
1 37753U 11036A   18136.50194307 -.00000008  00000-0  00000+0 0  9992
2 37753  55.6461  87.4910 0076228  34.4207 142.8955  2.00564025 50023
1 37753U 11036A   18136.95383537 -.00000007  00000-0  00000-0 0  9996
2 37753  55.6463  87.4730 0076248  34.4334 109.1723  2.00564022 50046
1 37753U 11036A   18137.49072382 -.00000007  00000-0  00000+0 0  9998
2 37753  55.6467  87.4517 0076273  34.4491 136.8177  2.00564018 50040
1 37753U 11036A   18137.55952675 -.00000007  00000-0  00000-0 0  9998
2 37753  55.6467  87.4490 0076277  34.4521 186.4941  2.00564017 50058
1 37753U 11036A   18137.62822470 -.00000007  00000-0  00000-0 0  9995
2 37753  55.6467  87.4462 0076279  34.4546 236.0950  2.00564017 50058
1 37753U 11036A   18138.42684073 -.00000005  00000-0  00000+0 0  9996
2 37753  55.6472  87.4145 0076314  34.4744  92.7172  2.00564017 50066
1 37753U 11036A   18138.94726250 -.00000005  00000-0  00000-0 0  9998
2 37753  55.6475  87.3938 0076338  34.4888 108.4743  2.00564017 50084
1 37753U 11036A   18139.39891472 -.00000005  00000-0  00000+0 0  9996
2 37753  55.6478  87.3758 0076357  34.5011  74.5781  2.00564020 50086
1 37753U 11036A   18139.58519740 -.00000005  00000-0  00000-0 0  9993
2 37753  55.6479  87.3684 0076367  34.5087 209.0764  2.00564020 50096
1 37753U 11036A   18139.86572236 -.00000005  00000-0  00000-0 0  9993
2 37753  55.6481  87.3572 0076377  34.5150  51.6236  2.00564023 50107
1 37753U 11036A   18140.34814799 -.00000006  00000-0  00000+0 0  9991
2 37753  55.6484  87.3381 0076400  34.5299  39.9449  2.00564028 50109
1 37753U 11036A   18140.44741689 -.00000006  00000-0  00000-0 0  9990
2 37753  55.6484  87.3341 0076406  34.5325 111.6195  2.00564029 50119
1 37753U 11036A   18140.94186399 -.00000008  00000-0  00000-0 0  9998
2 37753  55.6487  87.3145 0076428  34.5470 108.6214  2.00564035 50125
1 37753U 11036A   18141.40864170 -.00000010  00000-0  00000+0 0  9992
2 37753  55.6490  87.2959 0076449  34.5613  85.6448  2.00564042 50124
1 37753U 11036A   18141.54392208 -.00000011  00000-0  00000-0 0  9997
2 37753  55.6491  87.2905 0076456  34.5672 183.3184  2.00564043 50134
1 37753U 11036A   18141.84178656 -.00000013  00000-0  00000-0 0  9991
2 37753  55.6492  87.2786 0076467  34.5755  38.3836  2.00564049 50146
1 37753U 11036A   18142.39243552 -.00000017  00000-0  00000+0 0  9993
2 37753  55.6496  87.2567 0076493  34.5931  75.9631  2.00564060 50145
1 37753U 11036A   18142.55744597 -.00000019  00000-0  00000-0 0  9999
2 37753  55.6496  87.2502 0076501  34.6003 195.1020  2.00564062 50155
1 37753U 11036A   18142.62261457 -.00000019  00000-0  00000-0 0  9996
2 37753  55.6497  87.2476 0076502  34.6030 242.1544  2.00564064 50153
1 37753U 11036A   18143.47529689 -.00000028  00000-0  00000+0 0  9993
2 37753  55.6502  87.2137 0076540  34.6297 137.8086  2.00564085 50166
1 37753U 11036A   18143.57132211 -.00000029  00000-0  00000-0 0  9997
2 37753  55.6502  87.2098 0076543  34.6340 207.1394  2.00564087 50170
1 37753U 11036A   18143.83059392 -.00000032  00000-0  00000-0 0  9998
2 37753  55.6504  87.1995 0076553  34.6414  34.3397  2.00564094 50182
1 37753U 11036A   18144.53180926 -.00000040  00000-0  00000-0 0  9993
2 37753  55.6508  87.1716 0076583  34.6664 180.6286  2.00564113 50192
1 37753U 11036A   18144.93034904 -.00000044  00000-0  00000-0 0  9995
2 37753  55.6510  87.1558 0076599  34.6790 108.3824  2.00564126 50207
1 37753U 11036A   18145.46901424 -.00000050  00000-0  00000+0 0  9990
2 37753  55.6514  87.1344 0076620  34.6980 137.3076  2.00564143 50200
1 37753U 11036A   18145.59589373 -.00000051  00000-0  00000-0 0  9991
2 37753  55.6514  87.1293 0076624  34.7026 228.9167  2.00564146 50211
1 37753U 11036A   18146.47801965 -.00000058  00000-0  00000+0 0  9999
2 37753  55.6520  87.0943 0076658  34.7311 145.8288  2.00564176 50228
1 37753U 11036A   18146.60875238 -.00000059  00000-0  00000-0 0  9990
2 37753  55.6520  87.0891 0076662  34.7350 240.2208  2.00564179 50234
1 37753U 11036A   18147.30728344 -.00000062  00000-0  00000-0 0  9997
2 37753  55.6524  87.0613 0076690  34.7563  24.5751  2.00564203 50253
1 37753U 11036A   18147.47695623 -.00000063  00000-0  00000+0 0  9998
2 37753  55.6525  87.0546 0076695  34.7632 147.0809  2.00564210 50243
1 37753U 11036A   18147.55509569 -.00000063  00000-0  00000-0 0  9991
2 37753  55.6526  87.0514 0076697  34.7652 203.4996  2.00564212 50250
1 37753U 11036A   18147.84928844 -.00000063  00000-0  00000-0 0  9994
2 37753  55.6527  87.0398 0076711  34.7738  55.9135  2.00564222 50260
1 37753U 11036A   18148.52514101 -.00000063  00000-0  00000+0 0  9996
2 37753  55.6531  87.0129 0076734  34.7941 183.8939  2.00564245 50266
1 37753U 11036A   18148.56949201 -.00000063  00000-0  00000-0 0  9994
2 37753  55.6532  87.0111 0076736  34.7949 215.9169  2.00564246 50272
1 37753U 11036A   18148.96214876 -.00000062  00000-0  00000-0 0  9990
2 37753  55.6534  86.9955 0076752  34.8081 139.4223  2.00564259 50280
1 37753U 11036A   18149.42106181 -.00000060  00000-0  00000+0 0  9998
2 37753  55.6536  86.9773 0076772  34.8225 110.7670  2.00564273 50286
1 37753U 11036A   18149.76441288 -.00000058  00000-0  00000-0 0  9993
2 37753  55.6538  86.9636 0076787  34.8314 358.6755  2.00564281 50300
1 37753U 11036A   18150.42534086 -.00000054  00000-0  00000+0 0  9992
2 37753  55.6542  86.9374 0076814  34.8557 115.8756  2.00564300 50300
1 37753U 11036A   18150.76801205 -.00000051  00000-0  00000-0 0  9997
2 37753  55.6544  86.9237 0076830  34.8653   3.2924  2.00564306 50320
1 37753U 11036A   18151.39075081 -.00000046  00000-0  00000+0 0  9995
2 37753  55.6548  86.8990 0076856  34.8893  92.9184  2.00564320 50322
1 37753U 11036A   18151.54013090 -.00000045  00000-0  00000-0 0  9994
2 37753  55.6548  86.8931 0076860  34.8932 200.7747  2.00564322 50333
1 37753U 11036A   18151.75853294 -.00000044  00000-0  00000-0 0  9994
2 37753  55.6550  86.8844 0076873  34.9005 358.4651  2.00564324 50343
1 37753U 11036A   18152.55305622 -.00000037  00000-0  00000+0 0  9991
2 37753  55.6554  86.8528 0076904  34.9293 212.1236  2.00564335 50347
1 37753U 11036A   18152.83280519 -.00000035  00000-0  00000-0 0  9998
2 37753  55.6556  86.8417 0076919  34.9412  54.1051  2.00564337 50368
1 37753U 11036A   18153.46039973 -.00000031  00000-0  00000+0 0  9999
2 37753  55.6560  86.8167 0076942  34.9635 147.2389  2.00564341 50361
1 37753U 11036A   18153.56657681 -.00000031  00000-0  00000-0 0  9993
2 37753  55.6560  86.8125 0076947  34.9657 223.9020  2.00564340 50378
1 37753U 11036A   18153.79367355 -.00000029  00000-0  00000-0 0  9991
2 37753  55.6562  86.8035 0076960  34.9757  27.8677  2.00564340 50386
1 37753U 11036A   18154.57984878 -.00000026  00000-0  00000+0 0  9999
2 37753  55.6566  86.7723 0076990  35.0008 235.5022  2.00564337 50396
1 37753U 11036A   18155.38556351 -.00000023  00000-0  00000+0 0  9997
2 37753  55.6571  86.7402 0077023  35.0285  97.2426  2.00564332 50409
1 37753U 11036A   18155.80696068 -.00000023  00000-0  00000-0 0  9995
2 37753  55.6573  86.7235 0077043  35.0425  41.4993  2.00564326 50428
1 37753U 11036A   18156.42948348 -.00000022  00000-0  00000+0 0  9993
2 37753  55.6577  86.6987 0077068  35.0618 130.9740  2.00564317 50420
1 37753U 11036A   18156.79672913 -.00000023  00000-0  00000-0 0  9997
2 37753  55.6579  86.6842 0077086  35.0744  36.1320  2.00564310 50448
1 37753U 11036A   18157.50681389 -.00000023  00000-0  00000-0 0  9994
2 37753  55.6583  86.6559 0077117  35.0956 188.8292  2.00564297 50456
1 37753U 11036A   18157.84598725 -.00000024  00000-0  00000-0 0  9993
2 37753  55.6585  86.6424 0077133  35.1084  73.7172  2.00564291 50464
1 37753U 11036A   18158.42558034 -.00000025  00000-0  00000+0 0  9997
2 37753  55.6588  86.6194 0077159  35.1270 132.1951  2.00564279 50467
1 37753U 11036A   18158.56396206 -.00000026  00000-0  00000-0 0  9995
2 37753  55.6589  86.6139 0077166  35.1310 232.1100  2.00564275 50474
1 37753U 11036A   18158.62835147 -.00000026  00000-0  00000-0 0  9994
2 37753  55.6589  86.6113 0077169  35.1336 278.5999  2.00564273 50475
1 37753U 11036A   18159.42577959 -.00000028  00000-0  00000+0 0  9998
2 37753  55.6594  86.5796 0077205  35.1610 134.3573  2.00564258 50484
1 37753U 11036A   18160.49968596 -.00000032  00000-0  00000+0 0  9993
2 37753  55.6600  86.5369 0077254  35.1997 189.7351  2.00564236 50518
1 37753U 11036A   18160.59202189 -.00000032  00000-0  00000-0 0  9994
2 37753  55.6601  86.5332 0077258  35.2037 256.4025  2.00564234 50517
1 37753U 11036A   18161.53671162 -.00000034  00000-0  00000+0 0  9991
2 37753  55.6607  86.4956 0077299  35.2381 218.4834  2.00564216 50539
1 37753U 11036A   18161.91166929 -.00000035  00000-0  00000-0 0  9995
2 37753  55.6609  86.4807 0077314  35.2511 129.2093  2.00564210 50540
1 37753U 11036A   18162.36558330 -.00000036  00000-0  00000+0 0  9996
2 37753  55.6612  86.4626 0077332  35.2670  96.9430  2.00564204 50547
1 37753U 11036A   18162.88933128 -.00000036  00000-0  00000-0 0  9996
2 37753  55.6615  86.4418 0077353  35.2861 115.0973  2.00564195 50560
1 37753U 11036A   18163.55234785 -.00000036  00000-0  00000+0 0  9993
2 37753  55.6619  86.4154 0077380  35.3111 233.8049  2.00564186 50574
1 37753U 11036A   18163.92039523 -.00000035  00000-0  00000-0 0  9997
2 37753  55.6621  86.4008 0077395  35.3227 139.5427  2.00564183 50589
1 37753U 11036A   18164.41328323 -.00000035  00000-0  00000+0 0  9990
2 37753  55.6624  86.3812 0077414  35.3396 135.4166  2.00564179 50583
1 37753U 11036A   18164.48638564 -.00000035  00000-0  00000-0 0  9999
2 37753  55.6625  86.3782 0077417  35.3431 188.1969  2.00564178 50599
1 37753U 11036A   18164.73922003 -.00000034  00000-0  00000-0 0  9990
2 37753  55.6626  86.3682 0077424  35.3515  10.7481  2.00564177 50600
1 37753U 11036A   18165.33181640 -.00000033  00000-0  00000+0 0  9999
2 37753  55.6629  86.3446 0077447  35.3704  78.6146  2.00564175 50605
1 37753U 11036A   18165.73009468 -.00000032  00000-0  00000-0 0  9990
2 37753  55.6632  86.3288 0077462  35.3851   6.1776  2.00564174 50629
1 37753U 11036A   18166.35441847 -.00000031  00000-0  00000+0 0  9998
2 37753  55.6635  86.3039 0077487  35.4053  96.9518  2.00564176 50621
1 37753U 11036A   18166.53503765 -.00000031  00000-0  00000-0 0  9997
2 37753  55.6637  86.2967 0077495  35.4139 227.3598  2.00564175 50634
1 37753U 11036A   18166.90981948 -.00000031  00000-0  00000-0 0  9991
2 37753  55.6639  86.2818 0077510  35.4246 137.9611  2.00564177 50643
1 37753U 11036A   18167.35174483 -.00000031  00000-0  00000+0 0  9998
2 37753  55.6641  86.2642 0077526  35.4393  97.0396  2.00564181 50642
1 37753U 11036A   18167.54850747 -.00000032  00000-0  00000-0 0  9995
2 37753  55.6642  86.2564 0077533  35.4487 239.1031  2.00564182 50655
1 37753U 11036A   18167.91962274 -.00000032  00000-0  00000-0 0  9995
2 37753  55.6644  86.2416 0077549  35.4599 147.0565  2.00564186 50668
1 37753U 11036A   18168.56035054 -.00000035  00000-0  00000+0 0  9996
2 37753  55.6648  86.2161 0077572  35.4850 249.6704  2.00564195 50670
1 37753U 11036A   18168.56035054 -.00000035  00000-0  00000-0 0  9997
2 37753  55.6648  86.2161 0077572  35.4850 249.6704  2.00564195 50670
1 37753U 11036A   18169.39714479 -.00000040  00000-0  00000+0 0  9999
2 37753  55.6653  86.1828 0077604  35.5122 133.8524  2.00564210 50687
1 37753U 11036A   18169.57449274 -.00000041  00000-0  00000-0 0  9999
2 37753  55.6654  86.1757 0077608  35.5208 261.8982  2.00564213 50692
1 37753U 11036A   18169.96724847 -.00000045  00000-0  00000-0 0  9998
2 37753  55.6656  86.1601 0077625  35.5345 185.4748  2.00564221 50705
1 37753U 11036A   18170.51976294 -.00000050  00000-0  00000+0 0  9991
2 37753  55.6660  86.1381 0077644  35.5564 224.3972  2.00564234 50716
1 37753U 11036A   18170.70653056 -.00000052  00000-0  00000-0 0  9993
2 37753  55.6661  86.1306 0077649  35.5621 359.2475  2.00564239 50725
1 37753U 11036A   18171.53309921 -.00000061  00000-0  00000-0 0  9994
2 37753  55.6665  86.0977 0077679  35.5954 236.0402  2.00564261 50732
1 37753U 11036A   18171.90267159 -.00000065  00000-0  00000-0 0  9995
2 37753  55.6668  86.0830 0077692  35.6079 142.8782  2.00564272 50745
1 37753U 11036A   18172.54727297 -.00000071  00000-0  00000+0 0  9996
2 37753  55.6671  86.0574 0077711  35.6331 248.2890  2.00564290 50759
1 37753U 11036A   18173.44782851 -.00000079  00000-0  00000+0 0  9991
2 37753  55.6677  86.0215 0077740  35.6663 178.5042  2.00564321 50778
1 37753U 11036A   18173.90429510 -.00000082  00000-0  00000-0 0  9997
2 37753  55.6680  86.0034 0077755  35.6832 148.0802  2.00564337 50789
1 37753U 11036A   18174.32589656 -.00000084  00000-0  00000+0 0  9993
2 37753  55.6682  85.9866 0077768  35.6978  92.4839  2.00564351 50796
1 37753U 11036A   18174.57380344 -.00000085  00000-0  00000-0 0  9995
2 37753  55.6684  85.9767 0077773  35.7059 271.4777  2.00564361 50796
1 37753U 11036A   18175.27857976 -.00000085  00000-0  00000+0 0  9992
2 37753  55.6688  85.9487 0077798  35.7314  60.3376  2.00564385 50819
1 37753U 11036A   18175.51798035 -.00000085  00000-0  00000-0 0  9990
2 37753  55.6689  85.9392 0077803  35.7397 233.1891  2.00564392 50813
1 37753U 11036A   18175.90145814 -.00000085  00000-0  00000-0 0  9994
2 37753  55.6692  85.9239 0077816  35.7543 150.0657  2.00564407 50829
1 37753U 11036A   18176.40811708 -.00000083  00000-0  00000+0 0  9999
2 37753  55.6694  85.9038 0077832  35.7701 155.8844  2.00564426 50835
1 37753U 11036A   18176.53256337 -.00000082  00000-0  00000-0 0  9994
2 37753  55.6695  85.8988 0077835  35.7729 245.7383  2.00564427 50830
1 37753U 11036A   18176.94123980 -.00000080  00000-0  00000-0 0  9994
2 37753  55.6697  85.8826 0077849  35.7887 180.8084  2.00564441 50847
1 37753U 11036A   18177.31924522 -.00000078  00000-0  00000+0 0  9993
2 37753  55.6700  85.8676 0077864  35.8022  93.7346  2.00564452 50850
1 37753U 11036A   18177.54383470 -.00000076  00000-0  00000-0 0  9998
2 37753  55.6701  85.8586 0077870  35.8084 255.8939  2.00564456 50859
1 37753U 11036A   18177.88674973 -.00000073  00000-0  00000-0 0  9993
2 37753  55.6703  85.8450 0077882  35.8234 143.4817  2.00564467 50861
1 37753U 11036A   18178.39179037 -.00000069  00000-0  00000+0 0  9995
2 37753  55.6706  85.8249 0077899  35.8422 148.1289  2.00564479 50876
1 37753U 11036A   18178.55778559 -.00000068  00000-0  00000-0 0  9997
2 37753  55.6707  85.8183 0077906  35.8464 267.9820  2.00564481 50873
1 37753U 11036A   18178.87798706 -.00000065  00000-0  00000-0 0  9995
2 37753  55.6709  85.8056 0077917  35.8609 139.1698  2.00564489 50889
1 37753U 11036A   18179.27435650 -.00000062  00000-0  00000+0 0  9992
2 37753  55.6711  85.7898 0077933  35.8760  65.3543  2.00564495 50898
1 37753U 11036A   18180.38352257 -.00000053  00000-0  00000+0 0  9997
2 37753  55.6718  85.7457 0077969  35.9191 146.1876  2.00564507 50918
1 37753U 11036A   18180.51608578 -.00000052  00000-0  00000-0 0  9992
2 37753  55.6718  85.7404 0077974  35.9227 241.9017  2.00564508 50918
1 37753U 11036A   18181.53067887 -.00000046  00000-0  00000+0 0  9999
2 37753  55.6725  85.7001 0078009  35.9606 254.4535  2.00564511 50930
1 37753U 11036A   18182.54288066 -.00000042  00000-0  00000+0 0  9991
2 37753  55.6731  85.6599 0078044  35.9982 265.2790  2.00564504 50951
1 37753U 11036A   18182.76847889 -.00000041  00000-0  00000-0 0  9999
2 37753  55.6732  85.6509 0078052  36.0086  68.1625  2.00564503 50966
1 37753U 11036A   18183.35656185 -.00000040  00000-0  00000+0 0  9990
2 37753  55.6735  85.6275 0078071  36.0248 132.7733  2.00564500 50965
1 37753U 11036A   18183.55537174 -.00000040  00000-0  00000-0 0  9999
2 37753  55.6737  85.6196 0078080  36.0301 276.3192  2.00564496 50978
1 37753U 11036A   18183.78853045 -.00000039  00000-0  00000-0 0  9990
2 37753  55.6738  85.6104 0078087  36.0389  84.6632  2.00564492 50987
1 37753U 11036A   18184.50140374 -.00000039  00000-0  00000+0 0  9994
2 37753  55.6742  85.5820 0078113  36.0602 239.3742  2.00564480 50993
1 37753U 11036A   18184.71365500 -.00000039  00000-0  00000-0 0  9998
2 37753  55.6743  85.5736 0078121  36.0695  32.6214  2.00564477 51008
1 37753U 11036A   18185.50324957 -.00000040  00000-0  00000+0 0  9998
2 37753  55.6748  85.5422 0078151  36.0953 242.7246  2.00564462 51019
1 37753U 11036A   18185.85146139 -.00000041  00000-0  00000-0 0  9992
2 37753  55.6750  85.5283 0078163  36.1081 134.1391  2.00564456 51022
1 37753U 11036A   18186.52728854 -.00000042  00000-0  00000+0 0  9997
2 37753  55.6754  85.5014 0078190  36.1318 262.0983  2.00564440 51033
1 37753U 11036A   18186.60352194 -.00000042  00000-0  00000-0 0  9997
2 37753  55.6755  85.4984 0078193  36.1347 317.1400  2.00564439 51038
1 37753U 11036A   18186.86059824 -.00000043  00000-0  00000-0 0  9990
2 37753  55.6756  85.4881 0078201  36.1434 142.7539  2.00564436 51045
1 37753U 11036A   18187.36321903 -.00000044  00000-0  00000+0 0  9996
2 37753  55.6759  85.4681 0078220  36.1606 145.6555  2.00564427 51048
1 37753U 11036A   18187.54182376 -.00000044  00000-0  00000-0 0  9996
2 37753  55.6760  85.4610 0078227  36.1674 274.6107  2.00564420 51054
1 37753U 11036A   18188.35036753 -.00000045  00000-0  00000+0 0  9993
2 37753  55.6766  85.4288 0078255  36.1972 138.3923  2.00564407 51061
1 37753U 11036A   18188.55404149 -.00000045  00000-0  00000-0 0  9994
2 37753  55.6767  85.4207 0078263  36.2058 285.4470  2.00564402 51075
1 37753U 11036A   18188.79862991 -.00000046  00000-0  00000-0 0  9994
2 37753  55.6769  85.4110 0078270  36.2140 102.0445  2.00564397 51080
1 37753U 11036A   18189.49931308 -.00000046  00000-0  00000+0 0  9990
2 37753  55.6773  85.3831 0078294  36.2406 247.9481  2.00564384 51091
1 37753U 11036A   18189.91901785 -.00000046  00000-0  00000-0 0  9994
2 37753  55.6776  85.3664 0078308  36.2557 190.9821  2.00564377 51100
1 37753U 11036A   18190.51370069 -.00000045  00000-0  00000+0 0  9995
2 37753  55.6780  85.3427 0078326  36.2788 260.3513  2.00564370 51112
1 37753U 11036A   18191.32799238 -.00000044  00000-0  00000+0 0  9997
2 37753  55.6785  85.3103 0078351  36.3064 128.2852  2.00564360 51122
1 37753U 11036A   18191.52580816 -.00000043  00000-0  00000-0 0  9999
2 37753  55.6786  85.3025 0078356  36.3154 271.1095  2.00564356 51134
1 37753U 11036A   18191.86440295 -.00000042  00000-0  00000-0 0  9991
2 37753  55.6789  85.2890 0078367  36.3258 155.5825  2.00564356 51140
1 37753U 11036A   18192.29061899 -.00000041  00000-0  00000+0 0  9996
2 37753  55.6791  85.2720 0078379  36.3395 103.3192  2.00564351 51143
1 37753U 11036A   18192.84915545 -.00000039  00000-0  00000-0 0  9991
2 37753  55.6795  85.2498 0078396  36.3588 146.5927  2.00564347 51164
1 37753U 11036A   18193.33122814 -.00000038  00000-0  00000+0 0  9993
2 37753  55.6798  85.2306 0078411  36.3748 134.6585  2.00564347 51169
1 37753U 11036A   18193.55279139 -.00000038  00000-0  00000-0 0  9991
2 37753  55.6799  85.2218 0078415  36.3846 294.6291  2.00564347 51177
1 37753U 11036A   18193.79091885 -.00000037  00000-0  00000-0 0  9996
2 37753  55.6801  85.2123 0078424  36.3905 106.5637  2.00564347 51188
1 37753U 11036A   18194.49916111 -.00000036  00000-0  00000+0 0  9990
2 37753  55.6805  85.1841 0078444  36.4180 257.9246  2.00564349 51196
1 37753U 11036A   18195.51194640 -.00000038  00000-0  00000+0 0  9991
2 37753  55.6812  85.1437 0078474  36.4542 269.1728  2.00564359 51214
1 37753U 11036A   18195.89914656 -.00000039  00000-0  00000-0 0  9991
2 37753  55.6814  85.1283 0078487  36.4666 188.7393  2.00564363 51226
1 37753U 11036A   18196.52349789 -.00000042  00000-0  00000+0 0  9994
2 37753  55.6818  85.1035 0078503  36.4903 279.5303  2.00564372 51239
1 37753U 11036A   18197.46923123 -.00000049  00000-0  00000+0 0  9995
2 37753  55.6824  85.0658 0078531  36.5258 242.3642  2.00564391 51258
1 37753U 11036A   18197.53879965 -.00000050  00000-0  00000-0 0  9990
2 37753  55.6824  85.0630 0078531  36.5282 292.5939  2.00564392 51252
1 37753U 11036A   18198.32922135 -.00000057  00000-0  00000+0 0  9992
2 37753  55.6829  85.0315 0078555  36.5570 143.2914  2.00564411 51261
1 37753U 11036A   18198.65167303 -.00000060  00000-0  00000-0 0  9991
2 37753  55.6831  85.0187 0078561  36.5687  16.1067  2.00564418 51283
1 37753U 11036A   18199.32804662 -.00000067  00000-0  00000+0 0  9998
2 37753  55.6836  84.9917 0078580  36.5941 144.4589  2.00564437 51286
1 37753U 11036A   18200.29404642 -.00000075  00000-0  00000+0 0  9990
2 37753  55.6842  84.9533 0078602  36.6308 121.9253  2.00564468 51305
1 37753U 11036A   18200.51097140 -.00000077  00000-0  00000-0 0  9999
2 37753  55.6843  84.9446 0078605  36.6389 278.5485  2.00564472 51313
1 37753U 11036A   18201.52318122 -.00000082  00000-0  00000+0 0  9992
2 37753  55.6850  84.9043 0078628  36.6749 289.3816  2.00564506 51337
1 37753U 11036A   18202.46724788 -.00000083  00000-0  00000+0 0  9996
2 37753  55.6856  84.8668 0078649  36.7077 251.0150  2.00564537 51356
1 37753U 11036A   18202.53447962 -.00000083  00000-0  00000-0 0  9991
2 37753  55.6857  84.8641 0078651  36.7092 299.5583  2.00564539 51357
1 37753U 11036A   18202.73380816 -.00000083  00000-0  00000-0 0  9997
2 37753  55.6858  84.8562 0078657  36.7171  83.4762  2.00564547 51363
1 37753U 11036A   18203.62325726 -.00000080  00000-0  00000+0 0  9991
2 37753  55.6864  84.8208 0078678  36.7463   5.6764  2.00564575 51374
1 37753U 11036A   18203.62325726 -.00000080  00000-0  00000-0 0  9992
2 37753  55.6864  84.8208 0078678  36.7463   5.6764  2.00564575 51385
1 37753U 11036A   18203.83858924 -.00000079  00000-0  00000-0 0  9994
2 37753  55.6865  84.8122 0078681  36.7556 161.1482  2.00564584 51383
1 37753U 11036A   18204.80827354 -.00000072  00000-0  00000-0 0  9998
2 37753  55.6872  84.7736 0078705  36.7899 141.2775  2.00564612 51407
1 37753U 11036A   18205.50817692 -.00000066  00000-0  00000-0 0  9993
2 37753  55.6876  84.7458 0078724  36.8129 286.6219  2.00564627 51414
1 37753U 11036A   18206.52130502 -.00000057  00000-0  00000-0 0  9994
2 37753  55.6883  84.7055 0078751  36.8511 298.1161  2.00564649 51430
1 37753U 11036A   18207.46563414 -.00000049  00000-0  00000-0 0  9991
2 37753  55.6889  84.6679 0078775  36.8870 259.9361  2.00564661 51454
1 37753U 11036A   18208.86089115 -.00000039  00000-0  00000-0 0  9996
2 37753  55.6898  84.6124 0078809  36.9389 187.3340  2.00564670 51487
1 37753U 11036A   18209.49347303 -.00000036  00000-0  00000+0 0  9998
2 37753  55.6902  84.5873 0078827  36.9607 284.0700  2.00564666 51497
1 37753U 11036A   18209.80143744 -.00000034  00000-0  00000-0 0  9995
2 37753  55.6904  84.5751 0078833  36.9725 146.4249  2.00564667 51504
1 37753U 11036A   18210.50646860 -.00000032  00000-0  00000-0 0  9999
2 37753  55.6909  84.5470 0078854  36.9944 295.4730  2.00564658 51514
1 37753U 11036A   18211.51944729 -.00000030  00000-0  00000+0 0  9993
2 37753  55.6916  84.5068 0078882  37.0271 306.8649  2.00564645 51535
1 37753U 11036A   18211.63283618 -.00000030  00000-0  00000+0 0  9999
2 37753  55.6916  84.5023 0078885  37.0320  28.7327  2.00564644 51536
1 37753U 11036A   18212.46715031 -.00000030  00000-0  00000+0 0  9990
2 37753  55.6922  84.4691 0078908  37.0567 271.1273  2.00564629 51551
1 37753U 11036A   18212.93620741 -.00000030  00000-0  00000-0 0  9996
2 37753  55.6925  84.4504 0078922  37.0722 249.7960  2.00564620 51562
1 37753U 11036A   18213.47690387 -.00000031  00000-0  00000+0 0  9999
2 37753  55.6928  84.4289 0078938  37.0903 280.1895  2.00564609 51577
1 37753U 11036A   18213.78215559 -.00000031  00000-0  00000-0 0  9998
2 37753  55.6931  84.4168 0078945  37.1011 140.5867  2.00564603 51589
1 37753U 11036A   18214.49004581 -.00000031  00000-0  00000+0 0  9997
2 37753  55.6935  84.3886 0078967  37.1256 291.6966  2.00564588 51595
1 37753U 11036A   18214.78730831 -.00000031  00000-0  00000-0 0  9994
2 37753  55.6937  84.3768 0078974  37.1362 146.3253  2.00564582 51603
1 37753U 11036A   18215.50465674 -.00000032  00000-0  00000+0 0  9995
2 37753  55.6942  84.3482 0078994  37.1618 304.2635  2.00564567 51611
1 37753U 11036A   18215.75189642 -.00000032  00000-0  00000+0 0  9990
2 37753  55.6944  84.3384 0079000  37.1702 122.7753  2.00564563 51617
1 37753U 11036A   18216.44998071 -.00000031  00000-0  00000+0 0  9990
2 37753  55.6949  84.3106 0079018  37.1954 266.8040  2.00564549 51637
1 37753U 11036A   18217.46210476 -.00000030  00000-0  00000+0 0  9998
2 37753  55.6956  84.2703 0079041  37.2309 277.5760  2.00564531 51659
1 37753U 11036A   18217.46210476 -.00000030  00000-0  00000-0 0  9999
2 37753  55.6956  84.2703 0079041  37.2309 277.5760  2.00564531 51659
1 37753U 11036A   18218.47976512 -.00000027  00000-0  00000+0 0  9996
2 37753  55.6963  84.2298 0079062  37.2651 292.3466  2.00564516 51672
1 37753U 11036A   18219.49379078 -.00000024  00000-0  00000+0 0  9990
2 37753  55.6971  84.1895 0079082  37.2974 304.4947  2.00564505 51692
1 37753U 11036A   18219.95427291 -.00000022  00000-0  00000-0 0  9991
2 37753  55.6974  84.1712 0079092  37.3121 276.9725  2.00564502 51705
1 37753U 11036A   18220.50627073 -.00000020  00000-0  00000+0 0  9991
2 37753  55.6978  84.1492 0079103  37.3283 315.5281  2.00564499 51719
1 37753U 11036A   18220.83303024 -.00000019  00000-0  00000-0 0  9993
2 37753  55.6980  84.1362 0079112  37.3378 191.4563  2.00564497 51726
1 37753U 11036A   18221.22333963 -.00000018  00000-0  00000+0 0  9990
2 37753  55.6983  84.1206 0079119  37.3484 113.2698  2.00564498 51723
1 37753U 11036A   18221.68850222 -.00000017  00000-0  00000+0 0  9991
2 37753  55.6986  84.1021 0079128  37.3622  89.1281  2.00564499 51736
1 37753U 11036A   18222.75606348 -.00000018  00000-0  00000-0 0  9990
2 37753  55.6993  84.0596 0079152  37.3966 139.9297  2.00564505 51760
1 37753U 11036A   18223.30023429 -.00000019  00000-0  00000-0 0  9996
2 37753  55.6997  84.0379 0079163  37.4147 172.8319  2.00564510 51764
1 37753U 11036A   18224.41823865 -.00000026  00000-0  00000-0 0  9999
2 37753  55.7005  83.9935 0079182  37.4554 260.0498  2.00564527 51793
1 37753U 11036A   18225.93311819 -.00000039  00000-0  00000-0 0  9992
2 37753  55.7015  83.9331 0079209  37.5064 273.8225  2.00564559 51820
1 37753U 11036A   18226.93000608 -.00000048  00000-0  00000-0 0  9994
2 37753  55.7023  83.8934 0079225  37.5386 273.5965  2.00564585 51841
1 37753U 11036A   18227.46263444 -.00000052  00000-0  00000+0 0  9996
2 37753  55.7026  83.8722 0079232  37.5556 298.1655  2.00564601 51855
1 37753U 11036A   18227.92863737 -.00000055  00000-0  00000-0 0  9992
2 37753  55.7030  83.8537 0079239  37.5707 274.6295  2.00564615 51864
1 37753U 11036A   18228.47345252 -.00000058  00000-0  00000+0 0  9992
2 37753  55.7034  83.8320 0079247  37.5874 307.9984  2.00564633 51878
1 37753U 11036A   18228.94740855 -.00000059  00000-0  00000-0 0  9994
2 37753  55.7037  83.8131 0079253  37.6017 290.2056  2.00564649 51880
1 37753U 11036A   18229.48941542 -.00000060  00000-0  00000+0 0  9991
2 37753  55.7041  83.7916 0079262  37.6168 321.5484  2.00564666 51895
1 37753U 11036A   18229.73449884 -.00000060  00000-0  00000-0 0  9992
2 37753  55.7043  83.7818 0079266  37.6259 138.5026  2.00564676 51904
1 37753U 11036A   18230.28701650 -.00000059  00000-0  00000+0 0  9993
2 37753  55.7047  83.7598 0079274  37.6424 177.4334  2.00564695 51901
1 37753U 11036A   18230.90257025 -.00000056  00000-0  00000-0 0  9992
2 37753  55.7051  83.7353 0079282  37.6588 261.8797  2.00564714 51920
1 37753U 11036A   18231.44564507 -.00000053  00000-0  00000+0 0  9994
2 37753  55.7055  83.7138 0079292  37.6750 293.9925  2.00564731 51936
1 37753U 11036A   18231.44564507 -.00000053  00000-0  00000-0 0  9995
2 37753  55.7055  83.7138 0079292  37.6750 293.9925  2.00564731 51936
1 37753U 11036A   18232.46191109 -.00000045  00000-0  00000+0 0  9992
2 37753  55.7063  83.6734 0079309  37.7080 307.7579  2.00564760 51955
1 37753U 11036A   18234.48818973 -.00000026  00000-0  00000+0 0  9990
2 37753  55.7077  83.5928 0079347  37.7731 330.7745  2.00564801 51990
1 37753U 11036A   18235.42915656 -.00000018  00000-0  00000+0 0  9992
2 37753  55.7083  83.5554 0079361  37.8032 290.1728  2.00564810 52017
1 37753U 11036A   18235.90215825 -.00000015  00000-0  00000-0 0  9994
2 37753  55.7087  83.5366 0079369  37.8176 271.6911  2.00564812 52020
1 37753U 11036A   18236.44823845 -.00000012  00000-0  00000+0 0  9997
2 37753  55.7091  83.5149 0079379  37.8341 305.9738  2.00564812 52038
1 37753U 11036A   18236.91617213 -.00000010  00000-0  00000-0 0  9998
2 37753  55.7094  83.4963 0079386  37.8474 283.8336  2.00564810 52046
1 37753U 11036A   18237.45719619 -.00000008  00000-0  00000-0 0  9998
2 37753  55.7098  83.4748 0079397  37.8617 314.4677  2.00564806 52057
1 37753U 11036A   18237.92339866 -.00000007  00000-0  00000-0 0  9991
2 37753  55.7101  83.4563 0079404  37.8732 291.0793  2.00564802 52060
1 37753U 11036A   18238.47486837 -.00000005  00000-0  00000+0 0  9990
2 37753  55.7105  83.4344 0079414  37.8889 329.2543  2.00564795 52074
1 37753U 11036A   18238.94503494 -.00000005  00000-0  00000-0 0  9992
2 37753  55.7109  83.4157 0079423  37.9001 308.7286  2.00564788 52086
1 37753U 11036A   18239.46517462 -.00000004  00000-0  00000+0 0  9998
2 37753  55.7112  83.3951 0079434  37.9137 324.2837  2.00564779 52099
1 37753U 11036A   18239.73383329 -.00000004  00000-0  00000-0 0  9992
2 37753  55.7114  83.3844 0079437  37.9186 158.2647  2.00564774 52100
1 37753U 11036A   18240.43050436 -.00000004  00000-0  00000+0 0  9990
2 37753  55.7119  83.3567 0079455  37.9352 301.2819  2.00564760 52119
1 37753U 11036A   18240.66353750 -.00000004  00000-0  00000-0 0  9991
2 37753  55.7121  83.3475 0079458  37.9422 109.5373  2.00564755 52120
1 37753U 11036A   18241.44472510 -.00000005  00000-0  00000+0 0  9994
2 37753  55.7126  83.3164 0079477  37.9623 313.5764  2.00564737 52136
1 37753U 11036A   18241.91617345 -.00000005  00000-0  00000-0 0  9994
2 37753  55.7130  83.2977 0079487  37.9750 293.9747  2.00564727 52146
1 37753U 11036A   18242.46183196 -.00000005  00000-0  00000+0 0  9996
2 37753  55.7133  83.2760 0079497  37.9911 327.9533  2.00564715 52158
1 37753U 11036A   18243.45041737 -.00000004  00000-0  00000+0 0  9999
2 37753  55.7141  83.2367 0079514  38.0184 321.7375  2.00564694 52178
1 37753U 11036A   18244.41294594 -.00000003  00000-0  00000+0 0  9996
2 37753  55.7148  83.1984 0079529  38.0446 296.7085  2.00564675 52196
1 37753U 11036A   18244.65089271 -.00000002  00000-0  00000-0 0  9996
2 37753  55.7149  83.1890 0079532  38.0495 108.5139  2.00564671 52209
1 37753U 11036A   18245.23190899 -.00000001  00000-0  00000+0 0  9998
2 37753  55.7154  83.1659 0079539  38.0668 168.0214  2.00564660 52200
1 37753U 11036A   18245.90035994  .00000001  00000-0  00000-0 0  9996
2 37753  55.7159  83.1393 0079547  38.0847 290.6608  2.00564650 52228
1 37753U 11036A   18246.44689616  .00000003  00000-0  00000+0 0  9993
2 37753  55.7163  83.1176 0079553  38.0982 325.2757  2.00564643 52232
1 37753U 11036A   18246.91070872  .00000005  00000-0  00000-0 0  9996
2 37753  55.7166  83.0991 0079558  38.1114 300.1599  2.00564637 52242
1 37753U 11036A   18247.45846441  .00000007  00000-0  00000+0 0  9990
2 37753  55.7170  83.0773 0079564  38.1235 335.6567  2.00564632 52250
1 37753U 11036A   18248.19914791  .00000010  00000-0  00000+0 0  9990
2 37753  55.7176  83.0479 0079576  38.1389 150.4544  2.00564627 52265
1 37753U 11036A   18249.44462998  .00000011  00000-0  00000+0 0  9997
2 37753  55.7185  82.9984 0079590  38.1683 329.7296  2.00564627 52295
1 37753U 11036A   18249.95407685  .00000011  00000-0  00000-0 0  9996
2 37753  55.7188  82.9781 0079596  38.1802 337.5656  2.00564628 52313
1 37753U 11036A   18250.43001216  .00000009  00000-0  00000+0 0  9997
2 37753  55.7192  82.9592 0079603  38.1915 321.2049  2.00564631 52312
1 37753U 11036A   18250.90025778  .00000007  00000-0  00000-0 0  9997
2 37753  55.7195  82.9405 0079609  38.2033 300.7356  2.00564635 52324
1 37753U 11036A   18251.44349705  .00000004  00000-0  00000+0 0  9992
2 37753  55.7199  82.9189 0079614  38.2147 332.9720  2.00564643 52331
1 37753U 11036A   18251.91043042  .00000001  00000-0  00000-0 0  9997
2 37753  55.7202  82.9003 0079620  38.2266 310.1110  2.00564650 52340
1 37753U 11036A   18252.45802564 -.00000004  00000-0  00000+0 0  9992
2 37753  55.7206  82.8785 0079625  38.2398 345.4909  2.00564660 52350
1 37753U 11036A   18252.92740765 -.00000008  00000-0  00000-0 0  9993
2 37753  55.7210  82.8598 0079630  38.2518 324.3978  2.00564669 52370
1 37753U 11036A   18253.39470263 -.00000013  00000-0  00000+0 0  9993
2 37753  55.7213  82.8412 0079632  38.2649 301.7967  2.00564679 52373
1 37753U 11036A   18253.86842942 -.00000017  00000-0  00000-0 0  9997
2 37753  55.7217  82.8224 0079637  38.2762 283.8415  2.00564691 52382
1 37753U 11036A   18254.15287330 -.00000020  00000-0  00000+0 0  9997
2 37753  55.7219  82.8111 0079642  38.2823 129.2192  2.00564699 52386
1 37753U 11036A   18254.95760543 -.00000026  00000-0  00000-0 0  9994
2 37753  55.7224  82.7791 0079644  38.3014 350.2598  2.00564721 52416
1 37753U 11036A   18255.42732278 -.00000029  00000-0  00000+0 0  9993
2 37753  55.7228  82.7604 0079647  38.3115 329.4108  2.00564735 52418
1 37753U 11036A   18255.66766479 -.00000031  00000-0  00000-0 0  9993
2 37753  55.7230  82.7508 0079651  38.3177 142.9444  2.00564742 52427
1 37753U 11036A   18256.44078747 -.00000033  00000-0  00000+0 0  9995
2 37753  55.7235  82.7201 0079653  38.3341 341.1641  2.00564767 52437
1 37753U 11036A   18256.44078747 -.00000033  00000-0  00000-0 0  9996
2 37753  55.7235  82.7201 0079653  38.3341 341.1641  2.00564767 52448
1 37753U 11036A   18256.91007000 -.00000034  00000-0  00000-0 0  9993
2 37753  55.7239  82.7015 0079657  38.3433 320.0021  2.00564782 52446
1 37753U 11036A   18257.38242483 -.00000033  00000-0  00000+0 0  9999
2 37753  55.7242  82.6827 0079661  38.3516 301.0593  2.00564797 52457
1 37753U 11036A   18257.69309351 -.00000032  00000-0  00000-0 0  9991
2 37753  55.7245  82.6703 0079665  38.3591 165.3712  2.00564808 52468
1 37753U 11036A   18258.23284491 -.00000030  00000-0  00000+0 0  9996
2 37753  55.7249  82.6489 0079669  38.3689 195.0909  2.00564825 52462
1 37753U 11036A   18258.94152677 -.00000026  00000-0  00000-0 0  9990
2 37753  55.7254  82.6207 0079679  38.3811 346.7851  2.00564846 52491
1 37753U 11036A   18259.40487528 -.00000023  00000-0  00000+0 0  9994
2 37753  55.7257  82.6023 0079683  38.3904 321.3383  2.00564859 52491
1 37753U 11036A   18259.95076566 -.00000018  00000-0  00000-0 0  9995
2 37753  55.7261  82.5806 0079689  38.4032 355.4877  2.00564873 52518
1 37753U 11036A   18260.14159465 -.00000017  00000-0  00000+0 0  9996
2 37753  55.7263  82.5731 0079689  38.4096 133.2701  2.00564879 52500
1 37753U 11036A   18260.90462590 -.00000010  00000-0  00000-0 0  9990
2 37753  55.7268  82.5428 0079700  38.4235 324.2057  2.00564894 52533
1 37753U 11036A   18261.36690954 -.00000006  00000-0  00000+0 0  9992
2 37753  55.7272  82.5244 0079706  38.4336 297.9892  2.00564902 52535
1 37753U 11036A   18261.90731564 -.00000002  00000-0  00000-0 0  9992
2 37753  55.7275  82.5029 0079713  38.4458 328.1793  2.00564909 52558
1 37753U 11036A   18262.41371650  .00000002  00000-0  00000-0 0  9994
2 37753  55.7279  82.4828 0079719  38.4569 333.8169  2.00564914 52553
1 37753U 11036A   18262.83253252  .00000005  00000-0  00000-0 0  9990
2 37753  55.7282  82.4662 0079722  38.4653 276.2162  2.00564917 52568
1 37753U 11036A   18263.45627753  .00000008  00000-0  00000-0 0  9993
2 37753  55.7287  82.4414 0079729  38.4793   6.5797  2.00564919 52571
1 37753U 11036A   18264.95569598  .00000014  00000-0  00000-0 0  9998
2 37753  55.7297  82.3819 0079744  38.5059   9.2140  2.00564912 52613
1 37753U 11036A   18265.42604000  .00000014  00000-0  00000-0 0  9999
2 37753  55.7301  82.3632 0079749  38.5133 348.8203  2.00564906 52615
1 37753U 11036A   18265.89886118  .00000015  00000-0  00000-0 0  9993
2 37753  55.7304  82.3445 0079755  38.5197 330.2162  2.00564900 52632
1 37753U 11036A   18266.36651583  .00000015  00000-0  00000-0 0  9992
2 37753  55.7308  82.3259 0079761  38.5261 307.8817  2.00564892 52635
1 37753U 11036A   18266.68272315  .00000015  00000-0  00000-0 0  9999
2 37753  55.7310  82.3134 0079763  38.5307 176.1958  2.00564887 52641
1 37753U 11036A   18267.42734264  .00000015  00000-0  00000-0 0  9998
2 37753  55.7315  82.2838 0079776  38.5428 353.8390  2.00564873 52654
1 37753U 11036A   18267.42734264  .00000015  00000-0  00000-0 0  9998
2 37753  55.7315  82.2838 0079776  38.5428 353.8390  2.00564873 52665
1 37753U 11036A   18268.38692163  .00000014  00000-0  00000+0 0  9993
2 37753  55.7322  82.2457 0079789  38.5578 326.6916  2.00564853 52671
1 37753U 11036A   18268.38692163  .00000014  00000-0  00000-0 0  9994
2 37753  55.7322  82.2457 0079789  38.5578 326.6916  2.00564853 52671
1 37753U 11036A   18268.38692163  .00000014  00000-0  00000-0 0  9994
2 37753  55.7322  82.2457 0079789  38.5578 326.6916  2.00564853 52682
1 37753U 11036A   18270.37885365  .00000013  00000-0  00000+0 0  9992
2 37753  55.7336  82.1667 0079817  38.5916 324.9399  2.00564808 52717
1 37753U 11036A   18270.87339483  .00000014  00000-0  00000-0 0  9994
2 37753  55.7340  82.1470 0079822  38.6000 322.0168  2.00564797 52737
1 37753U 11036A   18271.37873046  .00000014  00000-0  00000+0 0  9997
2 37753  55.7343  82.1269 0079827  38.6080 326.8882  2.00564786 52732
1 37753U 11036A   18272.37902497  .00000016  00000-0  00000+0 0  9993
2 37753  55.7351  82.0872 0079841  38.6218 329.1408  2.00564766 52759
1 37753U 11036A   18273.37690463  .00000019  00000-0  00000+0 0  9994
2 37753  55.7358  82.0476 0079847  38.6359 329.6494  2.00564749 52771
1 37753U 11036A   18274.09984663  .00000021  00000-0  00000+0 0  9995
2 37753  55.7363  82.0189 0079847  38.6451 131.6432  2.00564738 52783
1 37753U 11036A   18275.36021485  .00000024  00000-0  00000+0 0  9993
2 37753  55.7372  81.9688 0079852  38.6625 321.6793  2.00564727 52817
1 37753U 11036A   18277.60377462  .00000023  00000-0  00000+0 0  9990
2 37753  55.7388  81.8797 0079867  38.6881 141.6242  2.00564722 52852
1 37753U 11036A   18279.40582785  .00000011  00000-0  00000+0 0  9993
2 37753  55.7401  81.8081 0079871  38.7143   2.7771  2.00564742 52891
1 37753U 11036A   18279.84711027  .00000006  00000-0  00000-0 0  9999
2 37753  55.7404  81.7906 0079874  38.7210 321.4000  2.00564749 52902
1 37753U 11036A   18280.65616910 -.00000002  00000-0  00000-0 0  9992
2 37753  55.7410  81.7584 0079899  38.7284 185.5765  2.00564763 52924
1 37753U 11036A   18281.27669931 -.00000009  00000-0  00000+0 0  9998
2 37753  55.7415  81.7338 0079900  38.7364 273.6246  2.00564778 52938
1 37753U 11036A   18282.14677212 -.00000017  00000-0  00000+0 0  9995
2 37753  55.7421  81.6992 0079904  38.7469 181.8536  2.00564801 52940
1 37753U 11036A   18282.85470944 -.00000022  00000-0  00000-0 0  9993
2 37753  55.7426  81.6711 0079904  38.7537 333.0156  2.00564821 52974
1 37753U 11036A   18283.41591308 -.00000025  00000-0  00000+0 0  9996
2 37753  55.7430  81.6488 0079902  38.7597  18.2288  2.00564838 52970
1 37753U 11036A   18283.87503514 -.00000026  00000-0  00000-0 0  9990
2 37753  55.7433  81.6305 0079902  38.7643 349.7351  2.00564852 52994
1 37753U 11036A   18284.33780163 -.00000027  00000-0  00000+0 0  9999
2 37753  55.7437  81.6122 0079914  38.7672 323.8745  2.00564867 52996
1 37753U 11036A   18285.11839583 -.00000026  00000-0  00000+0 0  9996
2 37753  55.7442  81.5812 0079914  38.7768 167.4960  2.00564891 53004
1 37753U 11036A   18285.65906005 -.00000025  00000-0  00000+0 0  9998
2 37753  55.7446  81.5597 0079919  38.7806 197.8809  2.00564908 53026
1 37753U 11036A   18285.65906005 -.00000025  00000-0  00000-0 0  9999
2 37753  55.7446  81.5597 0079919  38.7806 197.8809  2.00564908 53026
1 37753U 11036A   18286.67418054 -.00000019  00000-0  00000-0 0  9997
2 37753  55.7453  81.5194 0079927  38.7877 210.8455  2.00564938 53042
1 37753U 11036A   18287.14443451 -.00000016  00000-0  00000+0 0  9995
2 37753  55.7457  81.5008 0079927  38.7914 190.3905  2.00564949 53057
1 37753U 11036A   18287.14443451 -.00000016  00000-0  00000-0 0  9996
2 37753  55.7457  81.5008 0079927  38.7914 190.3905  2.00564949 53057
1 37753U 11036A   18288.39700677 -.00000007  00000-0  00000+0 0  9999
2 37753  55.7466  81.4511 0079931  38.8031  14.8036  2.00564975 53077
1 37753U 11036A   18288.82092126 -.00000004  00000-0  00000-0 0  9998
2 37753  55.7469  81.4343 0079938  38.8073 320.8884  2.00564980 53084
1 37753U 11036A   18289.33307977 -.00000000  00000-0  00000+0 0  9993
2 37753  55.7472  81.4139 0079938  38.8121 330.6897  2.00564987 53096
1 37753U 11036A   18291.84342385  .00000010  00000-0  00000+0 0  9994
2 37753  55.7489  81.3143 0079958  38.8331 343.2728  2.00564994 53140
1 37753U 11036A   18293.39101236  .00000011  00000-0  00000+0 0  9995
2 37753  55.7500  81.2529 0079969  38.8391  20.7094  2.00564977 53176
1 37753U 11036A   18294.31801192  .00000010  00000-0  00000+0 0  9995
2 37753  55.7507  81.2161 0079981  38.8410 330.0512  2.00564961 53198
1 37753U 11036A   18294.31801192  .00000010  00000-0  00000-0 0  9996
2 37753  55.7507  81.2161 0079981  38.8410 330.0512  2.00564961 53200
1 37753U 11036A   18294.64321211  .00000009  00000-0  00000-0 0  9999
2 37753  55.7509  81.2032 0079983  38.8412 204.8632  2.00564955 53207
1 37753U 11036A   18295.30560799  .00000008  00000-0  00000+0 0  9997
2 37753  55.7514  81.1770 0079999  38.8458 323.1442  2.00564943 53210
1 37753U 11036A   18295.55133363  .00000008  00000-0  00000-0 0  9998
2 37753  55.7515  81.1672 0080004  38.8477 140.5696  2.00564937 53228
1 37753U 11036A   18296.30325811  .00000007  00000-0  00000+0 0  9991
2 37753  55.7520  81.1374 0080016  38.8515 323.4958  2.00564921 53236
1 37753U 11036A   18297.30956345  .00000006  00000-0  00000+0 0  9993
2 37753  55.7527  81.0974 0080030  38.8579 330.0962  2.00564899 53259
1 37753U 11036A   18298.05332753  .00000006  00000-0  00000+0 0  9997
2 37753  55.7532  81.0679 0080035  38.8605 147.1314  2.00564880 53272
1 37753U 11036A   18299.29080712  .00000006  00000-0  00000+0 0  9999
2 37753  55.7541  81.0188 0080046  38.8654 320.6534  2.00564854 53298
1 37753U 11036A   18299.64312080  .00000007  00000-0  00000-0 0  9996
2 37753  55.7543  81.0048 0080050  38.8662 215.0421  2.00564845 53303
1 37753U 11036A   18300.35659773  .00000008  00000-0  00000+0 0  9990
2 37753  55.7548  80.9765 0080057  38.8695  10.2075  2.00564835 53315
1 37753U 11036A   18301.29237591  .00000010  00000-0  00000+0 0  9997
2 37753  55.7555  80.9394 0080059  38.8690 325.8903  2.00564820 53339
1 37753U 11036A   18301.29237591  .00000010  00000-0  00000-0 0  9998
2 37753  55.7555  80.9394 0080059  38.8690 325.8903  2.00564820 53340
1 37753U 11036A   18301.66955010  .00000011  00000-0  00000-0 0  9993
2 37753  55.7557  80.9244 0080064  38.8693 238.2301  2.00564814 53347
1 37753U 11036A   18302.38433203  .00000012  00000-0  00000+0 0  9998
2 37753  55.7562  80.8960 0080066  38.8678  34.3428  2.00564808 53351
1 37753U 11036A   18303.38015407  .00000013  00000-0  00000+0 0  9992
2 37753  55.7569  80.8565 0080075  38.8682  33.3796  2.00564802 53377
1 37753U 11036A   18304.52490063  .00000011  00000-0  00000+0 0  9992
2 37753  55.7577  80.8110 0080079  38.8638 139.9526  2.00564798 53397
1 37753U 11036A   18305.11759213  .00000008  00000-0  00000+0 0  9999
2 37753  55.7581  80.7875 0080082  38.8646 207.9070  2.00564800 53408
1 37753U 11036A   18306.36022598 -.00000001  00000-0  00000+0 0  9990
2 37753  55.7589  80.7381 0080091  38.8673  25.1529  2.00564813 53434
1 37753U 11036A   18306.76822181 -.00000005  00000-0  00000-0 0  9995
2 37753  55.7592  80.7219 0080092  38.8686 319.7465  2.00564818 53440
1 37753U 11036A   18307.30760080 -.00000011  00000-0  00000+0 0  9991
2 37753  55.7595  80.7005 0080096  38.8694 349.2064  2.00564827 53453
1 37753U 11036A   18307.77340118 -.00000016  00000-0  00000+0 0  9993
2 37753  55.7598  80.6820 0080096  38.8700 325.5389  2.00564835 53465
1 37753U 11036A   18307.77340118 -.00000016  00000-0  00000-0 0  9994
2 37753  55.7598  80.6820 0080096  38.8700 325.5389  2.00564835 53476
1 37753U 11036A   18308.79131376 -.00000028  00000-0  00000-0 0  9994
2 37753  55.7605  80.6416 0080091  38.8691 340.5276  2.00564854 53495
1 37753U 11036A   18309.26950128 -.00000032  00000-0  00000+0 0  9995
2 37753  55.7608  80.6226 0080087  38.8670 325.8068  2.00564866 53497
1 37753U 11036A   18310.34902691 -.00000041  00000-0  00000+0 0  9998
2 37753  55.7616  80.5797 0080095  38.8660  25.2836  2.00564896 53516
1 37753U 11036A   18311.33938708 -.00000046  00000-0  00000+0 0  9991
2 37753  55.7622  80.5404 0080096  38.8631  20.3801  2.00564926 53531
1 37753U 11036A   18311.33938708 -.00000046  00000-0  00000-0 0  9992
2 37753  55.7622  80.5404 0080096  38.8631  20.3801  2.00564926 53542
1 37753U 11036A   18311.59756744 -.00000046  00000-0  00000-0 0  9998
2 37753  55.7624  80.5302 0080098  38.8642 206.7992  2.00564934 53545
1 37753U 11036A   18312.34754488 -.00000046  00000-0  00000+0 0  9994
2 37753  55.7629  80.5004 0080100  38.8592  28.3284  2.00564958 53556
1 37753U 11036A   18312.77865211 -.00000046  00000-0  00000-0 0  9999
2 37753  55.7632  80.4833 0080103  38.8586 339.6117  2.00564972 53576
1 37753U 11036A   18313.62607244 -.00000042  00000-0  00000+0 0  9999
2 37753  55.7637  80.4496 0080107  38.8566 231.4970  2.00564996 53581
1 37753U 11036A   18313.75098627 -.00000042  00000-0  00000+0 0  9992
2 37753  55.7638  80.4447 0080152  39.1397 321.4067  2.00564883 53586
1 37753U 11036A   18314.80807973 -.00000035  00000-0  00000-0 0  9994
2 37753  55.7645  80.4027 0080122  38.8536   4.9734  2.00565028 53616
1 37753U 11036A   18315.33623032 -.00000032  00000-0  00000+0 0  9991
2 37753  55.7649  80.3818 0080127  38.8541  26.3262  2.00565041 53617
1 37753U 11036A   18315.74194560 -.00000029  00000-0  00000-0 0  9992
2 37753  55.7651  80.3657 0080130  38.8527 319.2760  2.00565048 53624
1 37753U 11036A   18316.60076022 -.00000024  00000-0  00000+0 0  9994
2 37753  55.7657  80.3316 0080134  38.8512 219.3882  2.00565061 53631
1 37753U 11036A   18316.60076022 -.00000024  00000-0  00000-0 0  9995
2 37753  55.7657  80.3316 0080134  38.8512 219.3882  2.00565061 53642
1 37753U 11036A   18317.61117701 -.00000019  00000-0  00000-0 0  9991
2 37753  55.7664  80.2915 0080141  38.8486 228.9666  2.00565071 53661
1 37753U 11036A   18318.32728715 -.00000017  00000-0  00000+0 0  9990
2 37753  55.7668  80.2631 0080150  38.8473  26.0383  2.00565075 53674
1 37753U 11036A   18319.33636417 -.00000016  00000-0  00000+0 0  9998
2 37753  55.7675  80.2231 0080161  38.8424  34.6516  2.00565072 53698
1 37753U 11036A   18319.63546081 -.00000016  00000-0  00000-0 0  9999
2 37753  55.7677  80.2112 0080162  38.8380 250.6199  2.00565068 53704
1 37753U 11036A   18320.58478767 -.00000016  00000-0  00000+0 0  9999
2 37753  55.7683  80.1735 0080172  38.8302 216.0933  2.00565059 53719
1 37753U 11036A   18320.58478767 -.00000016  00000-0  00000-0 0  9990
2 37753  55.7683  80.1735 0080172  38.8302 216.0933  2.00565059 53720
1 37753U 11036A   18321.59651781 -.00000018  00000-0  00000+0 0  9992
2 37753  55.7689  80.1334 0080190  38.8242 226.6234  2.00565043 53739
1 37753U 11036A   18321.59651781 -.00000018  00000-0  00000-0 0  9993
2 37753  55.7689  80.1334 0080190  38.8242 226.6234  2.00565043 53740
1 37753U 11036A   18322.60857063 -.00000020  00000-0  00000-0 0  9990
2 37753  55.7696  80.0932 0080211  38.8185 237.3862  2.00565026 53760
1 37753U 11036A   18323.14532927 -.00000020  00000-0  00000+0 0  9998
2 37753  55.7699  80.0719 0080221  38.8163 264.9573  2.00565015 53777
1 37753U 11036A   18324.71564326 -.00000022  00000-0  00000+0 0  9992
2 37753  55.7710  80.0095 0080243  38.8089 318.8166  2.00564984 53804
1 37753U 11036A   18325.72081778 -.00000022  00000-0  00000-0 0  9990
2 37753  55.7716  79.9696 0080256  38.8023 324.6137  2.00564962 53838
1 37753U 11036A   18326.28810715 -.00000022  00000-0  00000+0 0  9992
2 37753  55.7720  79.9471 0080260  38.7977  14.2320  2.00564951 53830
1 37753U 11036A   18326.59217014 -.00000022  00000-0  00000-0 0  9990
2 37753  55.7722  79.9350 0080264  38.7941 233.7855  2.00564942 53845
1 37753U 11036A   18327.60687962 -.00000020  00000-0  00000+0 0  9993
2 37753  55.7729  79.8947 0080278  38.7877 246.4670  2.00564923 53863
1 37753U 11036A   18328.28035012 -.00000018  00000-0  00000-0 0  9999
2 37753  55.7733  79.8680 0080285  38.7841  12.7529  2.00564915 53881
1 37753U 11036A   18328.61826288 -.00000018  00000-0  00000+0 0  9998
2 37753  55.7735  79.8546 0080291  38.7819 256.7464  2.00564908 53886
1 37753U 11036A   18329.56793610 -.00000016  00000-0  00000+0 0  9993
2 37753  55.7741  79.8169 0080302  38.7716 222.4722  2.00564897 53900
1 37753U 11036A   18329.56793610 -.00000016  00000-0  00000-0 0  9994
2 37753  55.7741  79.8169 0080302  38.7716 222.4722  2.00564897 53900
1 37753U 11036A   18330.20761314 -.00000015  00000-0  00000+0 0  9991
2 37753  55.7745  79.7915 0080307  38.7651 324.3602  2.00564894 53912
1 37753U 11036A   18330.20761314 -.00000015  00000-0  00000-0 0  9992
2 37753  55.7745  79.7915 0080307  38.7651 324.3602  2.00564894 53923
1 37753U 11036A   18330.81251049 -.00000015  00000-0  00000-0 0  9998
2 37753  55.7749  79.7674 0080313  38.7582  41.1357  2.00564891 53938
1 37753U 11036A   18331.59275418 -.00000017  00000-0  00000+0 0  9991
2 37753  55.7754  79.7365 0080323  38.7505 244.5216  2.00564889 53948
1 37753U 11036A   18332.45112728 -.00000020  00000-0  00000+0 0  9995
2 37753  55.7760  79.7024 0080333  38.7404 144.3237  2.00564891 53950
1 37753U 11036A   18333.55363667 -.00000029  00000-0  00000+0 0  9996
2 37753  55.7767  79.6585 0080346  38.7312 220.4044  2.00564900 53986
1 37753U 11036A   18333.68934160 -.00000030  00000-0  00000-0 0  9995
2 37753  55.7768  79.6532 0080345  38.7303 318.3915  2.00564904 53986
1 37753U 11036A   18334.32249799 -.00000036  00000-0  00000+0 0  9999
2 37753  55.7772  79.6280 0080352  38.7227  55.5725  2.00564913 53994
1 37753U 11036A   18334.69436609 -.00000040  00000-0  00000-0 0  9993
2 37753  55.7774  79.6132 0080355  38.7209 324.0833  2.00564919 54019
1 37753U 11036A   18335.21247140 -.00000046  00000-0  00000+0 0  9997
2 37753  55.7778  79.5926 0080360  38.7165 338.1878  2.00564930 54018
1 37753U 11036A   18335.57388524 -.00000050  00000-0  00000-0 0  9994
2 37753  55.7780  79.5783 0080365  38.7146 239.1501  2.00564936 54026
1 37753U 11036A   18336.59113809 -.00000061  00000-0  00000+0 0  9990
2 37753  55.7787  79.5378 0080374  38.7073 253.6691  2.00564961 54043
1 37753U 11036A   18337.23221211 -.00000066  00000-0  00000+0 0  9994
2 37753  55.7791  79.5124 0080379  38.6994 356.5674  2.00564981 54050
1 37753U 11036A   18337.60129787 -.00000069  00000-0  00000-0 0  9994
2 37753  55.7793  79.4977 0080383  38.6970 263.0697  2.00564991 54065
1 37753U 11036A   18338.31676795 -.00000073  00000-0  00000+0 0  9993
2 37753  55.7798  79.4693 0080391  38.6869  59.6882  2.00565015 54075
1 37753U 11036A   18338.78625310 -.00000074  00000-0  00000-0 0  9993
2 37753  55.7801  79.4507 0080395  38.6815  38.6874  2.00565030 54096
1 37753U 11036A   18339.56268698 -.00000074  00000-0  00000+0 0  9991
2 37753  55.7806  79.4198 0080400  38.6722 239.3241  2.00565055 54108
1 37753U 11036A   18339.79322986 -.00000074  00000-0  00000-0 0  9998
2 37753  55.7807  79.4107 0080406  38.6707  45.7902  2.00565064 54112
1 37753U 11036A   18340.57100017 -.00000072  00000-0  00000+0 0  9992
2 37753  55.7812  79.3798 0080413  38.6604 247.3929  2.00565087 54122
1 37753U 11036A   18341.20794663 -.00000069  00000-0  00000+0 0  9995
2 37753  55.7816  79.3545 0080424  38.6530 347.3105  2.00565108 54138
1 37753U 11036A   18342.59796731 -.00000060  00000-0  00000+0 0  9997
2 37753  55.7825  79.2993 0080442  38.6363 270.9979  2.00565146 54163
1 37753U 11036A   18343.77700250 -.00000052  00000-0  00000-0 0  9991
2 37753  55.7833  79.2525 0080463  38.6271  42.3350  2.00565172 54190
1 37753U 11036A   18344.55920519 -.00000048  00000-0  00000+0 0  9994
2 37753  55.7838  79.2215 0080473  38.6179 247.1372  2.00565181 54200
1 37753U 11036A   18345.56917373 -.00000045  00000-0  00000+0 0  9997
2 37753  55.7844  79.1814 0080489  38.6055 256.4020  2.00565190 54226
1 37753U 11036A   18346.04478706 -.00000044  00000-0  00000+0 0  9992
2 37753  55.7847  79.1626 0080496  38.5988 239.8276  2.00565191 54232
1 37753U 11036A   18347.53010955 -.00000043  00000-0  00000+0 0  9994
2 37753  55.7857  79.1036 0080522  38.5742 232.3362  2.00565187 54268
1 37753U 11036A   18348.54458006 -.00000044  00000-0  00000+0 0  9990
2 37753  55.7863  79.0633 0080545  38.5616 244.8520  2.00565178 54288
1 37753U 11036A   18348.77839875 -.00000044  00000-0  00000-0 0  9993
2 37753  55.7865  79.0540 0080550  38.5612  53.6824  2.00565177 54292
1 37753U 11036A   18349.55678688 -.00000045  00000-0  00000+0 0  9993
2 37753  55.7870  79.0231 0080568  38.5501 255.7322  2.00565164 54307
1 37753U 11036A   18349.79059510 -.00000045  00000-0  00000-0 0  9997
2 37753  55.7871  79.0138 0080573  38.5482  64.5565  2.00565161 54311
1 37753U 11036A   18350.02608293 -.00000045  00000-0  00000+0 0  9992
2 37753  55.7873  79.0045 0080578  38.5434 234.5964  2.00565156 54318
1 37753U 11036A   18351.09454285 -.00000046  00000-0  00000+0 0  9991
2 37753  55.7880  78.9620 0080606  38.5376 286.0886  2.00565139 54338
1 37753U 11036A   18352.64169819 -.00000045  00000-0  00000-0 0  9999
2 37753  55.7890  78.9005 0080638  38.5201 323.2369  2.00565111 54372
1 37753U 11036A   18353.00670953 -.00000045  00000-0  00000+0 0  9995
2 37753  55.7892  78.8860 0080646  38.5161 226.7991  2.00565101 54373
1 37753U 11036A   18353.61605115 -.00000044  00000-0  00000+0 0  9999
2 37753  55.7896  78.8618 0080658  38.5095 306.7836  2.00565090 54382
1 37753U 11036A   18353.61605115 -.00000044  00000-0  00000-0 0  9990
2 37753  55.7896  78.8618 0080658  38.5095 306.7836  2.00565090 54382
1 37753U 11036A   18356.51640919 -.00000036  00000-0  00000+0 0  9993
2 37753  55.7915  78.7465 0080711  38.4677 241.0424  2.00565045 54449
1 37753U 11036A   18357.52645897 -.00000034  00000-0  00000+0 0  9993
2 37753  55.7922  78.7063 0080731  38.4554 250.3657  2.00565037 54461
1 37753U 11036A   18357.76068580 -.00000033  00000-0  00000-0 0  9997
2 37753  55.7924  78.6970 0080734  38.4493  59.4964  2.00565037 54474
1 37753U 11036A   18358.53799007 -.00000033  00000-0  00000+0 0  9997
2 37753  55.7929  78.6661 0080750  38.4388 260.7631  2.00565035 54484
1 37753U 11036A   18359.54967066 -.00000036  00000-0  00000+0 0  9994
2 37753  55.7935  78.6259 0080770  38.4268 271.2638  2.00565037 54502
1 37753U 11036A   18360.50230269 -.00000041  00000-0  00000+0 0  9996
2 37753  55.7941  78.5880 0080791  38.4154 239.1276  2.00565044 54526
1 37753U 11036A   18361.80354442 -.00000053  00000-0  00000-0 0  9994
2 37753  55.7950  78.5362 0080815  38.3955  98.7153  2.00565063 54553
1 37753U 11036A   18362.52451104 -.00000060  00000-0  00000+0 0  9994
2 37753  55.7954  78.5075 0080828  38.3887 259.2994  2.00565076 54568
1 37753U 11036A   18363.29554689 -.00000068  00000-0  00000+0 0  9999
2 37753  55.7960  78.4769 0080844  38.3868  96.0316  2.00565096 54579
1 37753U 11036A   18363.29554689 -.00000068  00000-0  00000-0 0  9990
2 37753  55.7960  78.4769 0080844  38.3868  96.0316  2.00565096 54580
1 37753U 11036A   18364.78297765 -.00000080  00000-0  00000-0 0  9998
2 37753  55.7970  78.4177 0080872  38.3706  90.0543  2.00565136 54611
1 37753U 11036A   18365.02126218 -.00000081  00000-0  00000+0 0  9990
2 37753  55.7971  78.4082 0080875  38.3687 262.1106  2.00565142 54612
1 37753U 11036A   18365.02126218 -.00000081  00000-0  00000-0 0  9991
2 37753  55.7971  78.4082 0080875  38.3687 262.1106  2.00565142 54612
1 37753U 11036A   18365.72942084 -.00000084  00000-0  00000-0 0  9998
2 37753  55.7976  78.3801 0080889  38.3586  53.4502  2.00565168 54639

