1 39741U 14026A   18001.27089369 -.00000037  00000-0  00000+0 0  9991
2 39741  55.5440  92.4001 0011482 283.1158  76.7730  2.00578499 26562
1 39741U 14026A   18001.27089446 -.00000037  00000-0  00000-0 0  9998
2 39741  55.5440  92.4001 0011473 283.1234  76.7655  2.00578491 26587
1 39741U 14026A   18002.26798592 -.00000034  00000-0  00000+0 0  9993
2 39741  55.5446  92.3604 0011521 283.1563  76.7367  2.00578427 26589
1 39741U 14026A   18002.76653446 -.00000033  00000-0  00000-0 0  9996
2 39741  55.5448  92.3405 0011537 283.1850  76.7101  2.00578324 26612
1 39741U 14026A   18003.26507938 -.00000033  00000-0  00000+0 0  9995
2 39741  55.5451  92.3206 0011562 283.2085  76.6885  2.00578325 26602
1 39741U 14026A   18003.26507938 -.00000033  00000-0  00000-0 0  9996
2 39741  55.5451  92.3206 0011562 283.2085  76.6885  2.00578325 26624
1 39741U 14026A   18003.76362335 -.00000032  00000-0  00000-0 0  9990
2 39741  55.5454  92.3007 0011595 283.2321  76.6664  2.00578333 26630
1 39741U 14026A   18004.26216901 -.00000033  00000-0  00000+0 0  9993
2 39741  55.5457  92.2808 0011610 283.2527  76.6472  2.00578302 26629
1 39741U 14026A   18005.25925860 -.00000037  00000-0  00000+0 0  9998
2 39741  55.5462  92.2410 0011650 283.2967  76.6047  2.00578232 26648
1 39741U 14026A   18005.25925904 -.00000037  00000-0  00000-0 0  9998
2 39741  55.5462  92.2410 0011665 283.3342  76.5670  2.00578192 26660
1 39741U 14026A   18006.25634512 -.00000043  00000-0  00000+0 0  9997
2 39741  55.5468  92.2012 0011699 283.3578  76.5432  2.00578201 26669
1 39741U 14026A   18006.75488769 -.00000048  00000-0  00000-0 0  9999
2 39741  55.5470  92.1813 0011718 283.3693  76.5312  2.00578186 26692
1 39741U 14026A   18007.25343087 -.00000052  00000-0  00000+0 0  9992
2 39741  55.5473  92.1614 0011745 283.3933  76.5062  2.00578139 26680
1 39741U 14026A   18007.75197302 -.00000057  00000-0  00000-0 0  9990
2 39741  55.5476  92.1415 0011764 283.4076  76.4908  2.00578130 26715
1 39741U 14026A   18008.25051679 -.00000062  00000-0  00000-0 0  9998
2 39741  55.5479  92.1216 0011774 283.4181  76.4794  2.00578075 26727
1 39741U 14026A   18008.25051682 -.00000062  00000-0  00000+0 0  9991
2 39741  55.5479  92.1216 0011771 283.4238  76.4736  2.00578081 26708
1 39741U 14026A   18009.24760129 -.00000070  00000-0  00000+0 0  9993
2 39741  55.5484  92.0818 0011824 283.4501  76.4452  2.00578056 26722
1 39741U 14026A   18009.74614440 -.00000074  00000-0  00000+0 0  9996
2 39741  55.5487  92.0619 0011859 283.4834  76.4110  2.00578019 26732
1 39741U 14026A   18010.24468739 -.00000076  00000-0  00000-0 0  9994
2 39741  55.5490  92.0420 0011879 283.5001  76.3937  2.00578027 26763
1 39741U 14026A   18011.24177770 -.00000078  00000-0  00000+0 0  9998
2 39741  55.5496  92.0023 0011931 283.5247  76.3691  2.00577937 26765
1 39741U 14026A   18012.23886720 -.00000076  00000-0  00000+0 0  9998
2 39741  55.5502  91.9625 0011976 283.5629  76.3323  2.00577953 26784
1 39741U 14026A   18012.23886807 -.00000076  00000-0  00000-0 0  9995
2 39741  55.5501  91.9625 0011983 283.5912  76.3039  2.00577916 26802
1 39741U 14026A   18013.23596221 -.00000070  00000-0  00000+0 0  9997
2 39741  55.5507  91.9228 0012011 283.6029  76.2954  2.00577864 26807
1 39741U 14026A   18013.23596263 -.00000070  00000-0  00000-0 0  9994
2 39741  55.5507  91.9228 0012026 283.6412  76.2570  2.00577835 26823
1 39741U 14026A   18014.23305741 -.00000062  00000-0  00000+0 0  9994
2 39741  55.5513  91.8830 0012053 283.6609  76.2415  2.00577824 26822
1 39741U 14026A   18015.23015411 -.00000052  00000-0  00000+0 0  9996
2 39741  55.5518  91.8433 0012084 283.7149  76.1924  2.00577778 26844
1 39741U 14026A   18015.23015550 -.00000052  00000-0  00000-0 0  9991
2 39741  55.5518  91.8433 0012104 283.7565  76.1507  2.00577708 26861
1 39741U 14026A   18016.22725224 -.00000042  00000-0  00000+0 0  9995
2 39741  55.5524  91.8035 0012138 283.8112  76.1013  2.00577673 26865
1 39741U 14026A   18016.72580137 -.00000038  00000-0  00000+0 0  9997
2 39741  55.5526  91.7836 0012150 283.8286  76.0865  2.00577622 26870
1 39741U 14026A   18017.22434970 -.00000033  00000-0  00000-0 0  9992
2 39741  55.5529  91.7638 0012177 283.8664  76.0510  2.00577601 26900
1 39741U 14026A   18018.22144719 -.00000027  00000-0  00000+0 0  9994
2 39741  55.5535  91.7240 0012196 283.8932  76.0285  2.00577537 26902
1 39741U 14026A   18019.21854231 -.00000022  00000-0  00000-0 0  9997
2 39741  55.5541  91.6843 0012273 284.0172  75.9071  2.00577413 26940
1 39741U 14026A   18019.21854288 -.00000022  00000-0  00000+0 0  9998
2 39741  55.5541  91.6843 0012246 283.9698  75.9548  2.00577443 26921
1 39741U 14026A   18020.21563848 -.00000020  00000-0  00000+0 0  9997
2 39741  55.5547  91.6446 0012283 284.0422  75.8838  2.00577304 26943
1 39741U 14026A   18020.71418240 -.00000020  00000-0  00000-0 0  9998
2 39741  55.5549  91.6247 0012312 284.0724  75.8536  2.00577314 26971
1 39741U 14026A   18021.21272826 -.00000021  00000-0  00000-0 0  9993
2 39741  55.5552  91.6048 0012337 284.1704  75.7553  2.00577240 26987
1 39741U 14026A   18021.21272942 -.00000021  00000-0  00000+0 0  9991
2 39741  55.5552  91.6048 0012318 284.1262  75.7997  2.00577250 26966
1 39741U 14026A   18021.71127404 -.00000021  00000-0  00000+0 0  9998
2 39741  55.5555  91.5848 0012351 284.1978  75.7272  2.00577174 26979
1 39741U 14026A   18022.70836353 -.00000024  00000-0  00000-0 0  9992
2 39741  55.5561  91.5451 0012383 284.2443  75.6787  2.00577126 27012
1 39741U 14026A   18023.20690931 -.00000026  00000-0  00000+0 0  9999
2 39741  55.5564  91.5252 0012387 284.2923  75.6295  2.00577074 27006
1 39741U 14026A   18023.20691072 -.00000026  00000-0  00000-0 0  9997
2 39741  55.5564  91.5252 0012410 284.3490  75.5727  2.00576974 27022
1 39741U 14026A   18024.20399801 -.00000029  00000-0  00000+0 0  9995
2 39741  55.5570  91.4854 0012446 284.3962  75.5228  2.00576996 27029
1 39741U 14026A   18024.20399956 -.00000029  00000-0  00000-0 0  9997
2 39741  55.5570  91.4853 0012461 284.4469  75.4719  2.00576896 27043
1 39741U 14026A   18024.20399957 -.00000029  00000-0  00000-0 0  9998
2 39741  55.5570  91.4854 0012461 284.4601  75.4588  2.00576906 27048
1 39741U 14026A   18025.20108919 -.00000032  00000-0  00000+0 0  9998
2 39741  55.5576  91.4456 0012495 284.4973  75.4195  2.00576892 27049
1 39741U 14026A   18025.69963539 -.00000033  00000-0  00000+0 0  9999
2 39741  55.5579  91.4256 0012535 284.5915  75.3245  2.00576805 27052
1 39741U 14026A   18026.19818307 -.00000033  00000-0  00000-0 0  9998
2 39741  55.5582  91.4057 0012540 284.6128  75.3031  2.00576746 27088
1 39741U 14026A   18027.19527802 -.00000033  00000-0  00000-0 0  9996
2 39741  55.5588  91.3660 0012575 284.6692  75.2475  2.00576697 27106
1 39741U 14026A   18027.19527862 -.00000033  00000-0  00000+0 0  9991
2 39741  55.5588  91.3660 0012557 284.6328  75.2841  2.00576724 27087
1 39741U 14026A   18027.69382962 -.00000032  00000-0  00000+0 0  9995
2 39741  55.5591  91.3461 0012603 284.7087  75.2089  2.00576554 27091
1 39741U 14026A   18028.69092503 -.00000029  00000-0  00000-0 0  9992
2 39741  55.5598  91.3063 0012628 284.7430  75.1777  2.00576642 27131
1 39741U 14026A   18029.18947587 -.00000027  00000-0  00000-0 0  9996
2 39741  55.5601  91.2864 0012635 284.7704  75.1522  2.00576576 27141
1 39741U 14026A   18029.18947609 -.00000027  00000-0  00000+0 0  9990
2 39741  55.5601  91.2864 0012630 284.7392  75.1834  2.00576585 27123
1 39741U 14026A   18029.68802631 -.00000025  00000-0  00000-0 0  9999
2 39741  55.5604  91.2665 0012642 284.7797  75.1448  2.00576574 27159
1 39741U 14026A   18030.18657636 -.00000024  00000-0  00000+0 0  9997
2 39741  55.5607  91.2466 0012678 284.8292  75.0967  2.00576527 27143
1 39741U 14026A   18031.18367580 -.00000022  00000-0  00000+0 0  9992
2 39741  55.5613  91.2068 0012714 284.9050  75.0237  2.00576484 27166
1 39741U 14026A   18031.18367666 -.00000022  00000-0  00000-0 0  9998
2 39741  55.5613  91.2068 0012728 284.9438  74.9847  2.00576424 27182
1 39741U 14026A   18032.18077520 -.00000024  00000-0  00000+0 0  9997
2 39741  55.5619  91.1669 0012745 284.9687  74.9612  2.00576367 27185
1 39741U 14026A   18032.18077633 -.00000024  00000-0  00000-0 0  9993
2 39741  55.5619  91.1669 0012748 284.9886  74.9413  2.00576320 27200
1 39741U 14026A   18033.17786916 -.00000029  00000-0  00000+0 0  9998
2 39741  55.5625  91.1271 0012795 285.0719  74.8573  2.00576378 27204
1 39741U 14026A   18033.67641733 -.00000032  00000-0  00000-0 0  9995
2 39741  55.5628  91.1072 0012815 285.1057  74.8226  2.00576324 27234
1 39741U 14026A   18034.17496338 -.00000036  00000-0  00000-0 0  9994
2 39741  55.5631  91.0873 0012844 285.1709  74.7561  2.00576311 27240
1 39741U 14026A   18034.17496372 -.00000036  00000-0  00000-0 0  9992
2 39741  55.5631  91.0873 0012832 285.1378  74.7893  2.00576317 27243
1 39741U 14026A   18034.67351045 -.00000040  00000-0  00000+0 0  9998
2 39741  55.5634  91.0674 0012863 285.2027  74.7228  2.00576270 27230
1 39741U 14026A   18035.67060371 -.00000049  00000-0  00000-0 0  9998
2 39741  55.5640  91.0276 0012882 285.2425  74.6800  2.00576247 27271
1 39741U 14026A   18035.67060409 -.00000049  00000-0  00000+0 0  9999
2 39741  55.5640  91.0276 0012895 285.2594  74.6629  2.00576206 27254
1 39741U 14026A   18036.66769723 -.00000056  00000-0  00000-0 0  9993
2 39741  55.5646  90.9878 0012923 285.2905  74.6289  2.00576191 27293
1 39741U 14026A   18037.16624441 -.00000059  00000-0  00000+0 0  9998
2 39741  55.5650  90.9679 0012935 285.3203  74.5979  2.00576183 27287
1 39741U 14026A   18037.16624489 -.00000059  00000-0  00000-0 0  9991
2 39741  55.5650  90.9679 0012952 285.3434  74.5746  2.00576141 27301
1 39741U 14026A   18038.16333988 -.00000062  00000-0  00000+0 0  9996
2 39741  55.5656  90.9281 0012989 285.3951  74.5214  2.00576142 27301
1 39741U 14026A   18039.16043759 -.00000060  00000-0  00000+0 0  9999
2 39741  55.5663  90.8883 0013016 285.4276  74.4889  2.00576120 27324
1 39741U 14026A   18040.15753880 -.00000055  00000-0  00000-0 0  9998
2 39741  55.5669  90.8485 0013072 285.5499  74.3678  2.00576035 27362
1 39741U 14026A   18040.15753922 -.00000055  00000-0  00000+0 0  9994
2 39741  55.5669  90.8485 0013058 285.5025  74.4153  2.00576035 27348
1 39741U 14026A   18041.15464031 -.00000046  00000-0  00000+0 0  9995
2 39741  55.5675  90.8088 0013103 285.6002  74.3200  2.00576032 27362
1 39741U 14026A   18042.15174614 -.00000036  00000-0  00000+0 0  9990
2 39741  55.5681  90.7690 0013127 285.6630  74.2608  2.00575927 27385
1 39741U 14026A   18042.15174640 -.00000036  00000-0  00000-0 0  9990
2 39741  55.5681  90.7690 0013140 285.7108  74.2129  2.00575899 27400
1 39741U 14026A   18043.14884862 -.00000025  00000-0  00000+0 0  9991
2 39741  55.5687  90.7292 0013169 285.7602  74.1675  2.00575940 27406
1 39741U 14026A   18043.14884945 -.00000025  00000-0  00000-0 0  9994
2 39741  55.5688  90.7292 0013173 285.8018  74.1258  2.00575902 27421
1 39741U 14026A   18044.14595555 -.00000015  00000-0  00000+0 0  9999
2 39741  55.5694  90.6895 0013182 285.8285  74.1030  2.00575830 27420
1 39741U 14026A   18044.14595638 -.00000015  00000-0  00000-0 0  9992
2 39741  55.5694  90.6895 0013185 285.8051  74.1264  2.00575789 27448
1 39741U 14026A   18045.14306052 -.00000007  00000-0  00000+0 0  9993
2 39741  55.5700  90.6497 0013211 285.9003  74.0344  2.00575739 27445
1 39741U 14026A   18046.14016346 -.00000001  00000-0  00000+0 0  9992
2 39741  55.5707  90.6100 0013260 286.0248  73.9116  2.00575627 27463
1 39741U 14026A   18047.13726478  .00000002  00000-0  00000+0 0  9996
2 39741  55.5713  90.5703 0013296 286.0927  73.8442  2.00575565 27485
1 39741U 14026A   18047.63581404  .00000003  00000-0  00000+0 0  9990
2 39741  55.5716  90.5504 0013328 286.2273  73.7091  2.00575527 27497
1 39741U 14026A   18049.13146107  .00000003  00000-0  00000+0 0  9994
2 39741  55.5726  90.4907 0013373 286.3705  73.5627  2.00575450 27527
1 39741U 14026A   18050.12855909  .00000001  00000-0  00000+0 0  9990
2 39741  55.5732  90.4510 0013417 286.5324  73.3970  2.00575287 27541
1 39741U 14026A   18051.12565707 -.00000002  00000-0  00000+0 0  9997
2 39741  55.5739  90.4112 0013457 286.6257  73.2995  2.00575169 27563
1 39741U 14026A   18051.62420706 -.00000003  00000-0  00000-0 0  9993
2 39741  55.5742  90.3913 0013447 286.6414  73.2821  2.00575112 27598
1 39741U 14026A   18052.12275548 -.00000004  00000-0  00000+0 0  9991
2 39741  55.5746  90.3714 0013466 286.6971  73.2245  2.00575080 27583
1 39741U 14026A   18052.62130263 -.00000005  00000-0  00000-0 0  9992
2 39741  55.5749  90.3516 0013491 286.7643  73.1556  2.00575085 27614
1 39741U 14026A   18053.11985398 -.00000005  00000-0  00000+0 0  9993
2 39741  55.5752  90.3317 0013479 286.7419  73.1770  2.00575032 27603
1 39741U 14026A   18055.11405776 -.00000002  00000-0  00000+0 0  9999
2 39741  55.5766  90.2522 0013537 286.9161  73.0019  2.00574950 27643
1 39741U 14026A   18055.11405776 -.00000002  00000-0  00000-0 0  9990
2 39741  55.5766  90.2522 0013537 286.9161  73.0019  2.00574950 27665
1 39741U 14026A   18055.61261193 -.00000001  00000-0  00000-0 0  9997
2 39741  55.5769  90.2323 0013566 286.9749  72.9435  2.00574849 27679
1 39741U 14026A   18056.11116704  .00000001  00000-0  00000+0 0  9998
2 39741  55.5773  90.2124 0013573 286.9895  72.9299  2.00574766 27668
1 39741U 14026A   18057.10827342  .00000005  00000-0  00000+0 0  9999
2 39741  55.5780  90.1726 0013607 287.0875  72.8337  2.00574721 27686
1 39741U 14026A   18057.60682698  .00000006  00000-0  00000-0 0  9999
2 39741  55.5783  90.1528 0013621 287.1255  72.7965  2.00574694 27717
1 39741U 14026A   18058.10538056  .00000007  00000-0  00000+0 0  9993
2 39741  55.5787  90.1329 0013625 287.1609  72.7618  2.00574678 27703
1 39741U 14026A   18059.10248506  .00000007  00000-0  00000+0 0  9992
2 39741  55.5793  90.0931 0013656 287.2652  72.6576  2.00574653 27728
1 39741U 14026A   18060.09958999  .00000003  00000-0  00000+0 0  9992
2 39741  55.5800  90.0533 0013692 287.3893  72.5318  2.00574520 27741
1 39741U 14026A   18061.09669078 -.00000003  00000-0  00000+0 0  9991
2 39741  55.5806  90.0136 0013715 287.4418  72.4761  2.00574508 27765
1 39741U 14026A   18061.59524092 -.00000007  00000-0  00000-0 0  9997
2 39741  55.5810  89.9937 0013726 287.4820  72.4338  2.00574486 27793
1 39741U 14026A   18062.09379185 -.00000012  00000-0  00000+0 0  9999
2 39741  55.5813  89.9738 0013737 287.5159  72.3975  2.00574437 27784
1 39741U 14026A   18063.09089117 -.00000020  00000-0  00000+0 0  9992
2 39741  55.5819  89.9341 0013757 287.5784  72.3302  2.00574418 27802
1 39741U 14026A   18063.58944126 -.00000024  00000-0  00000-0 0  9991
2 39741  55.5823  89.9142 0013771 287.6111  72.2951  2.00574395 27833
1 39741U 14026A   18064.08799018 -.00000027  00000-0  00000+0 0  9997
2 39741  55.5826  89.8943 0013781 287.6324  72.2716  2.00574423 27821
1 39741U 14026A   18064.58654192 -.00000030  00000-0  00000-0 0  9990
2 39741  55.5829  89.8744 0013798 287.6828  72.2193  2.00574371 27854
1 39741U 14026A   18065.08509373 -.00000032  00000-0  00000+0 0  9997
2 39741  55.5833  89.8546 0013803 287.6812  72.2193  2.00574340 27844
1 39741U 14026A   18066.08219815 -.00000032  00000-0  00000+0 0  9997
2 39741  55.5840  89.8148 0013833 287.7633  72.1349  2.00574295 27868
1 39741U 14026A   18066.58075108 -.00000030  00000-0  00000-0 0  9996
2 39741  55.5843  89.7950 0013840 287.7948  72.1030  2.00574288 27890
1 39741U 14026A   18067.07930435 -.00000028  00000-0  00000+0 0  9990
2 39741  55.5846  89.7751 0013850 287.8478  72.0498  2.00574290 27881
1 39741U 14026A   18067.07930435 -.00000028  00000-0  00000-0 0  9991
2 39741  55.5846  89.7751 0013850 287.8478  72.0498  2.00574290 27904
1 39741U 14026A   18067.57785943 -.00000025  00000-0  00000-0 0  9995
2 39741  55.5850  89.7552 0013868 287.8710  72.0268  2.00574228 27913
1 39741U 14026A   18068.07641586 -.00000021  00000-0  00000+0 0  9990
2 39741  55.5854  89.7354 0013872 287.8973  72.0011  2.00574156 27908
1 39741U 14026A   18068.57496986 -.00000016  00000-0  00000-0 0  9992
2 39741  55.5857  89.7155 0013885 287.9248  71.9743  2.00574167 27935
1 39741U 14026A   18069.07352527 -.00000011  00000-0  00000+0 0  9994
2 39741  55.5860  89.6957 0013888 287.9811  71.9191  2.00574162 27928
1 39741U 14026A   18070.07063695 -.00000001  00000-0  00000+0 0  9990
2 39741  55.5867  89.6560 0013908 288.1027  71.7998  2.00574116 27944
1 39741U 14026A   18071.06774938  .00000009  00000-0  00000+0 0  9996
2 39741  55.5874  89.6163 0013938 288.2170  71.6878  2.00574026 27962
1 39741U 14026A   18072.06486228  .00000017  00000-0  00000+0 0  9998
2 39741  55.5881  89.5766 0013953 288.3040  71.6028  2.00573925 27988
1 39741U 14026A   18072.56341744  .00000020  00000-0  00000-0 0  9991
2 39741  55.5884  89.5567 0013961 288.3375  71.5699  2.00573903 28014
1 39741U 14026A   18073.06197263  .00000023  00000-0  00000+0 0  9994
2 39741  55.5887  89.5369 0013961 288.3990  71.5088  2.00573890 28006
1 39741U 14026A   18073.56052779  .00000025  00000-0  00000-0 0  9994
2 39741  55.5891  89.5170 0013981 288.4317  71.4759  2.00573815 28031
1 39741U 14026A   18074.05908223  .00000027  00000-0  00000+0 0  9994
2 39741  55.5894  89.4971 0013981 288.5019  71.4055  2.00573804 28028
1 39741U 14026A   18074.55763585  .00000028  00000-0  00000+0 0  9990
2 39741  55.5898  89.4773 0014000 288.6034  71.3032  2.00573732 28038
1 39741U 14026A   18074.55763609  .00000028  00000-0  00000-0 0  9998
2 39741  55.5898  89.4773 0014001 288.5505  71.3560  2.00573741 28059
1 39741U 14026A   18075.55474377  .00000029  00000-0  00000-0 0  9991
2 39741  55.5905  89.4376 0014019 288.6453  71.2586  2.00573625 28079
1 39741U 14026A   18076.05329698  .00000029  00000-0  00000+0 0  9991
2 39741  55.5908  89.4178 0014024 288.6846  71.2175  2.00573578 28064
1 39741U 14026A   18076.55184971  .00000028  00000-0  00000-0 0  9999
2 39741  55.5912  89.3979 0014035 288.7516  71.1484  2.00573524 28090
1 39741U 14026A   18077.05040213  .00000027  00000-0  00000+0 0  9993
2 39741  55.5915  89.3781 0014039 288.7958  71.1018  2.00573488 28089
1 39741U 14026A   18078.04750613  .00000024  00000-0  00000+0 0  9992
2 39741  55.5922  89.3384 0014049 288.9331  70.9596  2.00573433 28105
1 39741U 14026A   18078.54605865  .00000023  00000-0  00000-0 0  9995
2 39741  55.5925  89.3185 0014067 289.0173  70.8726  2.00573346 28133
1 39741U 14026A   18079.04461110  .00000022  00000-0  00000+0 0  9992
2 39741  55.5929  89.2987 0014064 289.0458  70.8418  2.00573343 28123
1 39741U 14026A   18079.54316475  .00000020  00000-0  00000-0 0  9999
2 39741  55.5932  89.2788 0014079 289.0983  70.7869  2.00573253 28157
1 39741U 14026A   18080.04171889  .00000020  00000-0  00000+0 0  9993
2 39741  55.5936  89.2590 0014086 289.1538  70.7295  2.00573185 28143
1 39741U 14026A   18081.03882690  .00000019  00000-0  00000+0 0  9990
2 39741  55.5943  89.2193 0014099 289.2530  70.6274  2.00573129 28163
1 39741U 14026A   18081.53738265  .00000019  00000-0  00000-0 0  9994
2 39741  55.5946  89.1994 0014097 289.2714  70.6082  2.00573100 28195
1 39741U 14026A   18082.03593868  .00000020  00000-0  00000+0 0  9999
2 39741  55.5950  89.1795 0014114 289.3615  70.5177  2.00573036 28181
1 39741U 14026A   18082.53449582  .00000021  00000-0  00000-0 0  9999
2 39741  55.5953  89.1597 0014121 289.3989  70.4802  2.00572983 28214
1 39741U 14026A   18083.03305350  .00000023  00000-0  00000+0 0  9990
2 39741  55.5956  89.1399 0014126 289.4188  70.4606  2.00572936 28203
1 39741U 14026A   18083.53160954  .00000024  00000-0  00000-0 0  9996
2 39741  55.5960  89.1200 0014134 289.4709  70.4088  2.00572934 28232
1 39741U 14026A   18084.03016669  .00000026  00000-0  00000+0 0  9996
2 39741  55.5963  89.1002 0014133 289.4958  70.3844  2.00572948 28223
1 39741U 14026A   18084.52872570  .00000027  00000-0  00000-0 0  9993
2 39741  55.5967  89.0803 0014151 289.5629  70.3178  2.00572844 28259
1 39741U 14026A   18085.02728361  .00000028  00000-0  00000-0 0  9998
2 39741  55.5971  89.0605 0014158 289.5918  70.2891  2.00572808 28242
1 39741U 14026A   18085.52584029  .00000028  00000-0  00000-0 0  9994
2 39741  55.5974  89.0406 0014165 289.6373  70.2437  2.00572796 28273
1 39741U 14026A   18086.02439700  .00000028  00000-0  00000+0 0  9994
2 39741  55.5977  89.0208 0014163 289.6742  70.2066  2.00572798 28263
1 39741U 14026A   18086.52295346  .00000026  00000-0  00000-0 0  9994
2 39741  55.5981  89.0009 0014176 289.7522  70.1278  2.00572744 28296
1 39741U 14026A   18087.02150925  .00000024  00000-0  00000+0 0  9990
2 39741  55.5984  88.9810 0014174 289.7798  70.0992  2.00572748 28285
1 39741U 14026A   18087.52006621  .00000021  00000-0  00000-0 0  9996
2 39741  55.5988  88.9612 0014186 289.8237  70.0536  2.00572654 28315
1 39741U 14026A   18088.01862082  .00000018  00000-0  00000+0 0  9997
2 39741  55.5991  88.9413 0014189 289.8657  70.0097  2.00572637 28309
1 39741U 14026A   18089.01572964  .00000009  00000-0  00000+0 0  9995
2 39741  55.5998  88.9016 0014196 289.9405  69.9301  2.00572601 28323
1 39741U 14026A   18090.01283801 -.00000001  00000-0  00000+0 0  9999
2 39741  55.6004  88.8620 0014204 289.9934  69.8716  2.00572546 28348
1 39741U 14026A   18090.51139246 -.00000005  00000-0  00000-0 0  9992
2 39741  55.6008  88.8421 0014206 290.0323  69.8299  2.00572516 28374
1 39741U 14026A   18091.00994710 -.00000010  00000-0  00000+0 0  9997
2 39741  55.6011  88.8223 0014212 290.0381  69.8215  2.00572493 28360
1 39741U 14026A   18092.00705670 -.00000016  00000-0  00000+0 0  9999
2 39741  55.6018  88.7826 0014219 290.0967  69.7583  2.00572482 28389
1 39741U 14026A   18092.50561283 -.00000018  00000-0  00000-0 0  9997
2 39741  55.6021  88.7627 0014223 290.1226  69.7307  2.00572456 28415
1 39741U 14026A   18093.00416967 -.00000019  00000-0  00000+0 0  9991
2 39741  55.6024  88.7429 0014224 290.1524  69.6996  2.00572431 28405
1 39741U 14026A   18093.50272657 -.00000019  00000-0  00000-0 0  9993
2 39741  55.6028  88.7231 0014234 290.2000  69.6509  2.00572408 28438
1 39741U 14026A   18094.00128430 -.00000018  00000-0  00000+0 0  9996
2 39741  55.6031  88.7033 0014238 290.2380  69.6123  2.00572391 28429
1 39741U 14026A   18094.99840156 -.00000013  00000-0  00000+0 0  9995
2 39741  55.6038  88.6636 0014240 290.3053  69.5451  2.00572364 28440
1 39741U 14026A   18095.99552137 -.00000005  00000-0  00000+0 0  9996
2 39741  55.6044  88.6240 0014252 290.3814  69.4700  2.00572290 28462
1 39741U 14026A   18096.49408170 -.00000001  00000-0  00000-0 0  9996
2 39741  55.6048  88.6041 0014249 290.4223  69.4301  2.00572267 28490
1 39741U 14026A   18096.99264113  .00000004  00000-0  00000+0 0  9999
2 39741  55.6051  88.5843 0014257 290.4416  69.4118  2.00572266 28480
1 39741U 14026A   18097.49120323  .00000009  00000-0  00000-0 0  9995
2 39741  55.6054  88.5645 0014257 290.5125  69.3420  2.00572188 28513
1 39741U 14026A   18097.98976381  .00000013  00000-0  00000+0 0  9996
2 39741  55.6058  88.5447 0014255 290.5510  69.3046  2.00572166 28502
1 39741U 14026A   18098.98688533  .00000021  00000-0  00000+0 0  9995
2 39741  55.6064  88.5050 0014255 290.6303  69.2273  2.00572094 28523
1 39741U 14026A   18099.48544620  .00000024  00000-0  00000-0 0  9993
2 39741  55.6067  88.4852 0014257 290.6848  69.1736  2.00572037 28554
1 39741U 14026A   18099.98400650  .00000026  00000-0  00000+0 0  9993
2 39741  55.6070  88.4654 0014256 290.7049  69.1540  2.00572002 28545
1 39741U 14026A   18100.48256674  .00000029  00000-0  00000+0 0  9999
2 39741  55.6074  88.4455 0014253 290.7366  69.1224  2.00571959 28557
1 39741U 14026A   18100.48256674  .00000029  00000-0  00000-0 0  9990
2 39741  55.6074  88.4455 0014253 290.7366  69.1224  2.00571959 28579
1 39741U 14026A   18101.47968536  .00000031  00000-0  00000-0 0  9990
2 39741  55.6080  88.4059 0014259 290.8377  69.0207  2.00571865 28593
1 39741U 14026A   18101.97824355  .00000031  00000-0  00000+0 0  9994
2 39741  55.6083  88.3861 0014261 290.8891  68.9685  2.00571837 28586
1 39741U 14026A   18102.97536028  .00000031  00000-0  00000+0 0  9992
2 39741  55.6090  88.3464 0014256 290.9563  68.8987  2.00571765 28601
1 39741U 14026A   18102.97536028  .00000031  00000-0  00000-0 0  9993
2 39741  55.6090  88.3464 0014256 290.9563  68.8987  2.00571765 28601
1 39741U 14026A   18103.47391864  .00000030  00000-0  00000-0 0  9995
2 39741  55.6093  88.3266 0014264 291.0462  68.8069  2.00571667 28638
1 39741U 14026A   18103.97247579  .00000029  00000-0  00000+0 0  9990
2 39741  55.6097  88.3068 0014263 291.1059  68.7451  2.00571629 28625
1 39741U 14026A   18104.96959127  .00000026  00000-0  00000+0 0  9996
2 39741  55.6103  88.2671 0014262 291.1687  68.6777  2.00571515 28644
1 39741U 14026A   18105.96670581  .00000022  00000-0  00000+0 0  9997
2 39741  55.6110  88.2275 0014248 291.3105  68.5314  2.00571419 28664
1 39741U 14026A   18106.46526345  .00000021  00000-0  00000-0 0  9991
2 39741  55.6113  88.2077 0014254 291.2982  68.5414  2.00571408 28698
1 39741U 14026A   18106.96382198  .00000019  00000-0  00000+0 0  9998
2 39741  55.6116  88.1878 0014252 291.3347  68.5029  2.00571356 28686
1 39741U 14026A   18107.46238049  .00000018  00000-0  00000-0 0  9999
2 39741  55.6120  88.1680 0014252 291.4044  68.4316  2.00571311 28710
1 39741U 14026A   18107.96094037  .00000017  00000-0  00000+0 0  9999
2 39741  55.6123  88.1482 0014250 291.4523  68.3825  2.00571249 28706
1 39741U 14026A   18108.45950064  .00000017  00000-0  00000-0 0  9996
2 39741  55.6126  88.1284 0014248 291.4566  68.3773  2.00571214 28730
1 39741U 14026A   18108.95806064  .00000017  00000-0  00000+0 0  9990
2 39741  55.6130  88.1086 0014245 291.5102  68.3233  2.00571201 28725
1 39741U 14026A   18109.45662236  .00000018  00000-0  00000-0 0  9999
2 39741  55.6133  88.0887 0014247 291.5444  68.2890  2.00571145 28755
1 39741U 14026A   18109.45662282  .00000018  00000-0  00000-0 0  9990
2 39741  55.6133  88.0887 0014242 291.6026  68.2309  2.00571118 28752
1 39741U 14026A   18109.95518501  .00000018  00000-0  00000+0 0  9998
2 39741  55.6136  88.0689 0014237 291.5987  68.2352  2.00571101 28743
1 39741U 14026A   18110.45374719  .00000019  00000-0  00000-0 0  9998
2 39741  55.6139  88.0491 0014239 291.6841  68.1504  2.00571043 28775
1 39741U 14026A   18110.95231017  .00000020  00000-0  00000+0 0  9997
2 39741  55.6142  88.0293 0014241 291.7084  68.1268  2.00571004 28765
1 39741U 14026A   18111.45087253  .00000021  00000-0  00000-0 0  9996
2 39741  55.6146  88.0094 0014240 291.7524  68.0836  2.00570985 28796
1 39741U 14026A   18111.94943534  .00000022  00000-0  00000+0 0  9993
2 39741  55.6149  87.9896 0014239 291.7909  68.0458  2.00570952 28785
1 39741U 14026A   18111.94943534  .00000022  00000-0  00000-0 0  9994
2 39741  55.6149  87.9896 0014239 291.7909  68.0458  2.00570952 28808
1 39741U 14026A   18112.44799852  .00000022  00000-0  00000+0 0  9991
2 39741  55.6152  87.9698 0014240 291.8244  68.0128  2.00570906 28798
1 39741U 14026A   18112.44799852  .00000022  00000-0  00000-0 0  9992
2 39741  55.6152  87.9698 0014240 291.8244  68.0128  2.00570906 28811
1 39741U 14026A   18113.44512373  .00000020  00000-0  00000-0 0  9992
2 39741  55.6158  87.9301 0014230 291.9043  67.9332  2.00570818 28834
1 39741U 14026A   18113.94368526  .00000018  00000-0  00000+0 0  9992
2 39741  55.6161  87.9103 0014238 291.9056  67.9313  2.00570807 28826
1 39741U 14026A   18114.44224641  .00000015  00000-0  00000-0 0  9995
2 39741  55.6165  87.8905 0014236 291.9512  67.8849  2.00570776 28855
1 39741U 14026A   18114.94080689  .00000012  00000-0  00000+0 0  9998
2 39741  55.6168  87.8707 0014223 291.9852  67.8497  2.00570746 28846
1 39741U 14026A   18115.43936733  .00000007  00000-0  00000-0 0  9998
2 39741  55.6171  87.8508 0014223 292.0215  67.8117  2.00570717 28874
1 39741U 14026A   18115.93792726  .00000002  00000-0  00000+0 0  9999
2 39741  55.6174  87.8310 0014219 292.0211  67.8101  2.00570709 28862
1 39741U 14026A   18116.43648617 -.00000003  00000-0  00000+0 0  9996
2 39741  55.6177  87.8112 0014216 292.0768  67.7522  2.00570698 28873
1 39741U 14026A   18116.43648617 -.00000003  00000-0  00000-0 0  9997
2 39741  55.6177  87.8112 0014216 292.0768  67.7522  2.00570698 28895
1 39741U 14026A   18117.43360531 -.00000014  00000-0  00000-0 0  9996
2 39741  55.6183  87.7715 0014208 292.1300  67.6944  2.00570652 28914
1 39741U 14026A   18117.93216522 -.00000019  00000-0  00000+0 0  9995
2 39741  55.6186  87.7517 0014198 292.1654  67.6568  2.00570631 28905
1 39741U 14026A   18118.92928552 -.00000027  00000-0  00000+0 0  9997
2 39741  55.6192  87.7121 0014191 292.2288  67.5895  2.00570591 28929
1 39741U 14026A   18118.92928656 -.00000027  00000-0  00000-0 0  9993
2 39741  55.6192  87.7120 0014187 292.2271  67.5912  2.00570574 28948
1 39741U 14026A   18119.92640866 -.00000033  00000-0  00000+0 0  9994
2 39741  55.6198  87.6724 0014186 292.2553  67.5603  2.00570549 28944
1 39741U 14026A   18119.92640866 -.00000033  00000-0  00000-0 0  9995
2 39741  55.6198  87.6724 0014186 292.2553  67.5603  2.00570549 28966
1 39741U 14026A   18119.92640924 -.00000033  00000-0  00000-0 0  9990
2 39741  55.6198  87.6724 0014185 292.2758  67.5398  2.00570519 28960
1 39741U 14026A   18120.92353425 -.00000034  00000-0  00000+0 0  9999
2 39741  55.6204  87.6328 0014181 292.3104  67.5041  2.00570487 28969
1 39741U 14026A   18120.92353447 -.00000034  00000-0  00000-0 0  9994
2 39741  55.6204  87.6328 0014178 292.3152  67.4993  2.00570490 28989
1 39741U 14026A   18121.92066252 -.00000031  00000-0  00000+0 0  9996
2 39741  55.6210  87.5932 0014167 292.3642  67.4510  2.00570433 28980
1 39741U 14026A   18121.92066257 -.00000031  00000-0  00000-0 0  9992
2 39741  55.6210  87.5932 0014167 292.3673  67.4479  2.00570441 29001
1 39741U 14026A   18122.91779151 -.00000025  00000-0  00000-0 0  9999
2 39741  55.6217  87.5535 0014156 292.4408  67.3764  2.00570431 29029
1 39741U 14026A   18122.91779165 -.00000025  00000-0  00000+0 0  9993
2 39741  55.6217  87.5536 0014154 292.4636  67.3537  2.00570414 29008
1 39741U 14026A   18123.91492381 -.00000018  00000-0  00000-0 0  9999
2 39741  55.6223  87.5139 0014141 292.5160  67.3044  2.00570359 29048
1 39741U 14026A   18123.91492408 -.00000018  00000-0  00000+0 0  9998
2 39741  55.6223  87.5139 0014141 292.5260  67.2943  2.00570336 29029
1 39741U 14026A   18124.91205656 -.00000010  00000-0  00000-0 0  9999
2 39741  55.6229  87.4743 0014125 292.5894  67.2344  2.00570300 29060
1 39741U 14026A   18124.91205658 -.00000010  00000-0  00000+0 0  9990
2 39741  55.6229  87.4743 0014125 292.6015  67.2224  2.00570282 29040
1 39741U 14026A   18125.90918941 -.00000002  00000-0  00000-0 0  9998
2 39741  55.6235  87.4347 0014112 292.6490  67.1782  2.00570235 29080
1 39741U 14026A   18126.40775587  .00000001  00000-0  00000+0 0  9998
2 39741  55.6238  87.4149 0014105 292.6608  67.1679  2.00570185 29074
1 39741U 14026A   18126.90632234  .00000003  00000-0  00000-0 0  9997
2 39741  55.6241  87.3951 0014097 292.7154  67.1147  2.00570146 29106
1 39741U 14026A   18126.90632238  .00000003  00000-0  00000+0 0  9990
2 39741  55.6241  87.3951 0014102 292.7196  67.1104  2.00570122 29083
1 39741U 14026A   18127.40488731  .00000005  00000-0  00000-0 0  9996
2 39741  55.6244  87.3753 0014094 292.7524  67.0787  2.00570116 29114
1 39741U 14026A   18127.40488777  .00000005  00000-0  00000-0 0  9996
2 39741  55.6244  87.3753 0014090 292.7344  67.0967  2.00570111 29115
1 39741U 14026A   18127.90345342  .00000007  00000-0  00000+0 0  9992
2 39741  55.6247  87.3554 0014089 292.7740  67.0579  2.00570057 29102
1 39741U 14026A   18128.40201932  .00000008  00000-0  00000-0 0  9996
2 39741  55.6250  87.3356 0014084 292.8280  67.0044  2.00569985 29139
1 39741U 14026A   18128.90058420  .00000008  00000-0  00000+0 0  9992
2 39741  55.6253  87.3158 0014078 292.8771  66.9554  2.00569935 29128
1 39741U 14026A   18129.89771245  .00000007  00000-0  00000-0 0  9998
2 39741  55.6259  87.2762 0014063 292.9341  66.8976  2.00569887 29169
1 39741U 14026A   18129.89771263  .00000007  00000-0  00000+0 0  9997
2 39741  55.6259  87.2762 0014075 292.9316  66.9000  2.00569848 29148
1 39741U 14026A   18130.39627667  .00000007  00000-0  00000-0 0  9993
2 39741  55.6262  87.2564 0014062 293.0041  66.8268  2.00569788 29176
1 39741U 14026A   18130.89484017  .00000005  00000-0  00000+0 0  9995
2 39741  55.6265  87.2366 0014055 293.0489  66.7809  2.00569745 29169
1 39741U 14026A   18131.89196587  .00000002  00000-0  00000-0 0  9996
2 39741  55.6271  87.1969 0014041 293.0972  66.7298  2.00569715 29200
1 39741U 14026A   18131.89196604  .00000002  00000-0  00000+0 0  9995
2 39741  55.6271  87.1970 0014041 293.1334  66.6936  2.00569671 29181
1 39741U 14026A   18132.88909277 -.00000002  00000-0  00000+0 0  9994
2 39741  55.6277  87.1573 0014021 293.2032  66.6207  2.00569562 29203
1 39741U 14026A   18132.88909290 -.00000002  00000-0  00000-0 0  9990
2 39741  55.6277  87.1573 0014027 293.1748  66.6491  2.00569603 29225
1 39741U 14026A   18133.38765683 -.00000003  00000-0  00000-0 0  9993
2 39741  55.6280  87.1375 0014019 293.2308  66.5916  2.00569496 29235
1 39741U 14026A   18133.88622065 -.00000005  00000-0  00000+0 0  9995
2 39741  55.6283  87.1177 0014018 293.2668  66.5543  2.00569462 29224
1 39741U 14026A   18134.38478548 -.00000006  00000-0  00000-0 0  9998
2 39741  55.6286  87.0979 0014008 293.3008  66.5194  2.00569399 29258
1 39741U 14026A   18134.88334976 -.00000007  00000-0  00000+0 0  9999
2 39741  55.6289  87.0781 0013995 293.3459  66.4737  2.00569383 29240
1 39741U 14026A   18135.38191567 -.00000008  00000-0  00000-0 0  9994
2 39741  55.6292  87.0582 0013986 293.3791  66.4402  2.00569331 29277
1 39741U 14026A   18135.88048152 -.00000009  00000-0  00000+0 0  9990
2 39741  55.6295  87.0384 0013977 293.4084  66.4110  2.00569299 29264
1 39741U 14026A   18136.37904847 -.00000009  00000-0  00000-0 0  9998
2 39741  55.6298  87.0186 0013971 293.4354  66.3845  2.00569256 29291
1 39741U 14026A   18136.87761640 -.00000008  00000-0  00000+0 0  9993
2 39741  55.6301  86.9988 0013962 293.4645  66.3563  2.00569199 29289
1 39741U 14026A   18137.87475264 -.00000007  00000-0  00000+0 0  9997
2 39741  55.6307  86.9591 0013957 293.4969  66.3265  2.00569142 29308
1 39741U 14026A   18138.87188984 -.00000006  00000-0  00000-0 0  9998
2 39741  55.6313  86.9194 0013942 293.5401  66.2865  2.00569102 29345
1 39741U 14026A   18138.87189001 -.00000006  00000-0  00000+0 0  9998
2 39741  55.6313  86.9195 0013946 293.5504  66.2762  2.00569075 29327
1 39741U 14026A   18139.37046009 -.00000005  00000-0  00000-0 0  9994
2 39741  55.6316  86.8996 0013933 293.5969  66.2313  2.00568987 29355
1 39741U 14026A   18139.86902769 -.00000006  00000-0  00000+0 0  9992
2 39741  55.6319  86.8798 0013930 293.6250  66.2045  2.00568997 29341
1 39741U 14026A   18140.36759615 -.00000007  00000-0  00000-0 0  9991
2 39741  55.6322  86.8600 0013925 293.6278  66.2027  2.00568970 29375
1 39741U 14026A   18140.86616410 -.00000008  00000-0  00000+0 0  9991
2 39741  55.6324  86.8401 0013910 293.6852  66.1461  2.00568925 29368
1 39741U 14026A   18141.36473194 -.00000011  00000-0  00000-0 0  9992
2 39741  55.6327  86.8203 0013903 293.7133  66.1183  2.00568883 29393
1 39741U 14026A   18141.86329952 -.00000014  00000-0  00000+0 0  9991
2 39741  55.6330  86.8005 0013894 293.7231  66.1083  2.00568825 29389
1 39741U 14026A   18142.36186415 -.00000018  00000-0  00000+0 0  9996
2 39741  55.6333  86.7807 0013876 293.7736  66.0574  2.00568873 29399
1 39741U 14026A   18142.36186415 -.00000018  00000-0  00000-0 0  9997
2 39741  55.6333  86.7807 0013876 293.7736  66.0574  2.00568873 29412
1 39741U 14026A   18143.85756348 -.00000033  00000-0  00000-0 0  9997
2 39741  55.6342  86.7212 0013847 293.8222  66.0052  2.00568748 29446
1 39741U 14026A   18144.35612730 -.00000039  00000-0  00000-0 0  9995
2 39741  55.6344  86.7014 0013835 293.8549  65.9710  2.00568763 29454
1 39741U 14026A   18144.35612834 -.00000039  00000-0  00000-0 0  9990
2 39741  55.6345  86.7014 0013837 293.8474  65.9785  2.00568734 29454
1 39741U 14026A   18144.85469315 -.00000044  00000-0  00000+0 0  9994
2 39741  55.6347  86.6815 0013822 293.8730  65.9515  2.00568730 29449
1 39741U 14026A   18145.35325852 -.00000050  00000-0  00000-0 0  9995
2 39741  55.6350  86.6617 0013814 293.8821  65.9410  2.00568728 29479
1 39741U 14026A   18145.85182534 -.00000054  00000-0  00000-0 0  9992
2 39741  55.6353  86.6419 0013803 293.8961  65.9259  2.00568696 29481
1 39741U 14026A   18145.85182558 -.00000054  00000-0  00000+0 0  9997
2 39741  55.6353  86.6419 0013803 293.8989  65.9230  2.00568669 29468
1 39741U 14026A   18146.35039155 -.00000058  00000-0  00000-0 0  9992
2 39741  55.6356  86.6221 0013795 293.9047  65.9163  2.00568678 29496
1 39741U 14026A   18146.84895898 -.00000061  00000-0  00000-0 0  9994
2 39741  55.6359  86.6023 0013786 293.9225  65.8980  2.00568659 29504
1 39741U 14026A   18146.84895913 -.00000061  00000-0  00000+0 0  9991
2 39741  55.6359  86.6023 0013788 293.9208  65.8997  2.00568640 29482
1 39741U 14026A   18146.84895913 -.00000061  00000-0  00000-0 0  9992
2 39741  55.6359  86.6023 0013788 293.9208  65.8997  2.00568640 29505
1 39741U 14026A   18147.34752721 -.00000063  00000-0  00000+0 0  9998
2 39741  55.6362  86.5825 0013771 293.9448  65.8756  2.00568610 29494
1 39741U 14026A   18147.34752721 -.00000063  00000-0  00000-0 0  9999
2 39741  55.6362  86.5825 0013771 293.9448  65.8756  2.00568610 29517
1 39741U 14026A   18148.34466632 -.00000064  00000-0  00000-0 0  9994
2 39741  55.6367  86.5429 0013746 293.9887  65.8329  2.00568521 29530
1 39741U 14026A   18148.34466867 -.00000064  00000-0  00000-0 0  9994
2 39741  55.6367  86.5428 0013779 293.9349  65.8862  2.00568434 29533
1 39741U 14026A   18148.84323586 -.00000063  00000-0  00000+0 0  9997
2 39741  55.6370  86.5231 0013739 294.0040  65.8186  2.00568510 29528
1 39741U 14026A   18149.84037541 -.00000058  00000-0  00000+0 0  9995
2 39741  55.6375  86.4834 0013721 294.0433  65.7826  2.00568524 29545
1 39741U 14026A   18149.84037546 -.00000058  00000-0  00000-0 0  9991
2 39741  55.6376  86.4834 0013725 294.0346  65.7912  2.00568534 29562
1 39741U 14026A   18150.33894733 -.00000055  00000-0  00000-0 0  9993
2 39741  55.6378  86.4636 0013711 294.0632  65.7648  2.00568480 29574
1 39741U 14026A   18150.83751838 -.00000051  00000-0  00000+0 0  9991
2 39741  55.6381  86.4438 0013714 294.0682  65.7620  2.00568465 29568
1 39741U 14026A   18151.33609428 -.00000048  00000-0  00000-0 0  9991
2 39741  55.6384  86.4240 0013729 294.0483  65.7841  2.00568300 29593
1 39741U 14026A   18151.83466453 -.00000044  00000-0  00000-0 0  9991
2 39741  55.6387  86.4042 0013719 294.0768  65.7581  2.00568354 29603
1 39741U 14026A   18152.33323644 -.00000040  00000-0  00000+0 0  9996
2 39741  55.6390  86.3844 0013708 294.0718  65.7658  2.00568333 29599
1 39741U 14026A   18152.33323662 -.00000040  00000-0  00000-0 0  9997
2 39741  55.6389  86.3844 0013660 294.1467  65.6914  2.00568327 29616
1 39741U 14026A   18152.83180864 -.00000036  00000-0  00000+0 0  9991
2 39741  55.6392  86.3646 0013663 294.1257  65.7148  2.00568315 29606
1 39741U 14026A   18153.33038097 -.00000033  00000-0  00000-0 0  9995
2 39741  55.6395  86.3447 0013643 294.1608  65.6822  2.00568281 29639
1 39741U 14026A   18153.82895221 -.00000030  00000-0  00000-0 0  9996
2 39741  55.6398  86.3249 0013635 294.1863  65.6590  2.00568290 29649
1 39741U 14026A   18153.82895223 -.00000030  00000-0  00000+0 0  9997
2 39741  55.6398  86.3249 0013632 294.1622  65.6831  2.00568282 29626
1 39741U 14026A   18154.32752473 -.00000028  00000-0  00000-0 0  9990
2 39741  55.6401  86.3051 0013624 294.1935  65.6538  2.00568215 29653
1 39741U 14026A   18154.82609502 -.00000026  00000-0  00000+0 0  9996
2 39741  55.6404  86.2853 0013616 294.1994  65.6496  2.00568229 29648
1 39741U 14026A   18154.82609530 -.00000026  00000-0  00000-0 0  9998
2 39741  55.6404  86.2853 0013616 294.2229  65.6262  2.00568227 29661
1 39741U 14026A   18155.32466678 -.00000024  00000-0  00000-0 0  9996
2 39741  55.6406  86.2655 0013613 294.2271  65.6234  2.00568157 29679
1 39741U 14026A   18155.32466894 -.00000024  00000-0  00000-0 0  9996
2 39741  55.6406  86.2655 0013601 294.2675  65.5831  2.00568079 29679
1 39741U 14026A   18155.82324065 -.00000024  00000-0  00000+0 0  9993
2 39741  55.6409  86.2457 0013596 294.2811  65.5706  2.00568012 29664
1 39741U 14026A   18156.82037906 -.00000024  00000-0  00000-0 0  9990
2 39741  55.6415  86.2061 0013585 294.3093  65.5436  2.00568034 29702
1 39741U 14026A   18157.31894825 -.00000024  00000-0  00000-0 0  9996
2 39741  55.6417  86.1863 0013574 294.3312  65.5220  2.00567990 29717
1 39741U 14026A   18157.31894997 -.00000024  00000-0  00000-0 0  9996
2 39741  55.6417  86.1863 0013557 294.3650  65.4883  2.00567916 29715
1 39741U 14026A   18157.81751950 -.00000025  00000-0  00000+0 0  9992
2 39741  55.6420  86.1664 0013552 294.3984  65.4548  2.00567878 29707
1 39741U 14026A   18158.81465760 -.00000027  00000-0  00000+0 0  9996
2 39741  55.6426  86.1268 0013529 294.4296  65.4227  2.00567813 29729
1 39741U 14026A   18158.81465760 -.00000027  00000-0  00000-0 0  9997
2 39741  55.6426  86.1268 0013529 294.4296  65.4227  2.00567813 29729
1 39741U 14026A   18158.81465821 -.00000027  00000-0  00000-0 0  9995
2 39741  55.6426  86.1268 0013534 294.4289  65.4233  2.00567815 29748
1 39741U 14026A   18159.81179409 -.00000030  00000-0  00000-0 0  9994
2 39741  55.6432  86.0871 0013498 294.4929  65.3581  2.00567803 29768
1 39741U 14026A   18159.81179555 -.00000030  00000-0  00000+0 0  9995
2 39741  55.6432  86.0871 0013503 294.5125  65.3385  2.00567717 29748
1 39741U 14026A   18160.80893551 -.00000033  00000-0  00000-0 0  9999
2 39741  55.6438  86.0474 0013484 294.5361  65.3136  2.00567620 29784
1 39741U 14026A   18161.30750371 -.00000034  00000-0  00000-0 0  9998
2 39741  55.6440  86.0276 0013461 294.5814  65.2681  2.00567597 29793
1 39741U 14026A   18161.30750448 -.00000034  00000-0  00000+0 0  9992
2 39741  55.6441  86.0276 0013469 294.5562  65.2931  2.00567586 29776
1 39741U 14026A   18161.80607478 -.00000035  00000-0  00000+0 0  9992
2 39741  55.6444  86.0078 0013452 294.5996  65.2498  2.00567529 29788
1 39741U 14026A   18162.30464592 -.00000036  00000-0  00000-0 0  9998
2 39741  55.6447  85.9879 0013449 294.5993  65.2502  2.00567486 29813
1 39741U 14026A   18163.30179109 -.00000036  00000-0  00000-0 0  9996
2 39741  55.6452  85.9482 0013422 294.6472  65.2039  2.00567343 29832
1 39741U 14026A   18163.30179237 -.00000036  00000-0  00000+0 0  9997
2 39741  55.6453  85.9482 0013431 294.6262  65.2249  2.00567309 29813
1 39741U 14026A   18163.80036287 -.00000036  00000-0  00000+0 0  9999
2 39741  55.6455  85.9284 0013412 294.6543  65.1983  2.00567334 29829
1 39741U 14026A   18164.29893569 -.00000035  00000-0  00000-0 0  9997
2 39741  55.6458  85.9085 0013410 294.6516  65.2026  2.00567328 29854
1 39741U 14026A   18165.29608327 -.00000034  00000-0  00000+0 0  9992
2 39741  55.6464  85.8689 0013381 294.6811  65.1774  2.00567276 29856
1 39741U 14026A   18165.29608384 -.00000034  00000-0  00000-0 0  9996
2 39741  55.6464  85.8689 0013369 294.6984  65.1603  2.00567247 29874
1 39741U 14026A   18166.29323379 -.00000032  00000-0  00000+0 0  9992
2 39741  55.6470  85.8292 0013363 294.7065  65.1566  2.00567153 29870
1 39741U 14026A   18166.79180885 -.00000032  00000-0  00000-0 0  9991
2 39741  55.6473  85.8094 0013348 294.7203  65.1450  2.00567120 29900
1 39741U 14026A   18167.29038275 -.00000032  00000-0  00000+0 0  9991
2 39741  55.6475  85.7895 0013336 294.7374  65.1299  2.00567079 29898
1 39741U 14026A   18167.29038282 -.00000032  00000-0  00000-0 0  9990
2 39741  55.6475  85.7895 0013328 294.7529  65.1144  2.00567069 29912
1 39741U 14026A   18168.28752896 -.00000034  00000-0  00000+0 0  9995
2 39741  55.6481  85.7498 0013313 294.7645  65.1055  2.00567052 29914
1 39741U 14026A   18168.28752896 -.00000034  00000-0  00000-0 0  9996
2 39741  55.6481  85.7498 0013313 294.7645  65.1055  2.00567052 29936
1 39741U 14026A   18168.28752989 -.00000034  00000-0  00000-0 0  9999
2 39741  55.6481  85.7498 0013306 294.7681  65.1021  2.00567006 29930
1 39741U 14026A   18168.78610282 -.00000037  00000-0  00000+0 0  9995
2 39741  55.6484  85.7299 0013302 294.7866  65.0842  2.00566979 29920
1 39741U 14026A   18169.28467460 -.00000040  00000-0  00000-0 0  9994
2 39741  55.6487  85.7101 0013288 294.7940  65.0772  2.00566970 29957
1 39741U 14026A   18170.28181782 -.00000049  00000-0  00000+0 0  9994
2 39741  55.6493  85.6704 0013268 294.7921  65.0785  2.00566937 29956
1 39741U 14026A   18170.28181786 -.00000049  00000-0  00000-0 0  9999
2 39741  55.6492  85.6704 0013251 294.8040  65.0668  2.00566924 29978
1 39741U 14026A   18171.27896036 -.00000059  00000-0  00000-0 0  9991
2 39741  55.6498  85.6307 0013235 294.8130  65.0561  2.00566874 29993
1 39741U 14026A   18171.77753129 -.00000064  00000-0  00000-0 0  9997
2 39741  55.6501  85.6108 0013224 294.8166  65.0516  2.00566863 30006
1 39741U 14026A   18172.27610243 -.00000069  00000-0  00000+0 0  9996
2 39741  55.6504  85.5910 0013212 294.8218  65.0455  2.00566827 29992
1 39741U 14026A   18172.27610305 -.00000069  00000-0  00000-0 0  9996
2 39741  55.6504  85.5910 0013208 294.8291  65.0382  2.00566797 30018
1 39741U 14026A   18172.77467466 -.00000074  00000-0  00000+0 0  9994
2 39741  55.6507  85.5712 0013197 294.8292  65.0373  2.00566770 30009
1 39741U 14026A   18173.27324529 -.00000078  00000-0  00000-0 0  9997
2 39741  55.6510  85.5513 0013187 294.8183  65.0475  2.00566794 30032
1 39741U 14026A   18173.27324619 -.00000078  00000-0  00000-0 0  9997
2 39741  55.6510  85.5513 0013175 294.8248  65.0412  2.00566760 30035
1 39741U 14026A   18173.77181819 -.00000082  00000-0  00000+0 0  9999
2 39741  55.6513  85.5315 0013165 294.8218  65.0440  2.00566749 30021
1 39741U 14026A   18174.76896294 -.00000085  00000-0  00000-0 0  9993
2 39741  55.6519  85.4918 0013145 294.8163  65.0499  2.00566773 30067
1 39741U 14026A   18174.76896384 -.00000085  00000-0  00000+0 0  9992
2 39741  55.6519  85.4918 0013145 294.8126  65.0537  2.00566730 30040
1 39741U 14026A   18175.76611366 -.00000085  00000-0  00000-0 0  9999
2 39741  55.6525  85.4522 0013130 294.8155  65.0529  2.00566667 30088
1 39741U 14026A   18176.26468830 -.00000084  00000-0  00000+0 0  9999
2 39741  55.6528  85.4324 0013130 294.8154  65.0547  2.00566667 30079
1 39741U 14026A   18176.26468850 -.00000084  00000-0  00000-0 0  9992
2 39741  55.6527  85.4324 0013109 294.8107  65.0596  2.00566653 30093
1 39741U 14026A   18176.76326456 -.00000081  00000-0  00000+0 0  9998
2 39741  55.6530  85.4125 0013100 294.8169  65.0554  2.00566628 30080
1 39741U 14026A   18177.26184098 -.00000078  00000-0  00000-0 0  9995
2 39741  55.6533  85.3927 0013095 294.8013  65.0733  2.00566611 30118
1 39741U 14026A   18177.26184117 -.00000078  00000-0  00000-0 0  9997
2 39741  55.6533  85.3927 0013087 294.8217  65.0530  2.00566597 30113
1 39741U 14026A   18177.76041790 -.00000075  00000-0  00000+0 0  9997
2 39741  55.6536  85.3729 0013082 294.8255  65.0518  2.00566579 30108
1 39741U 14026A   18179.75472763 -.00000058  00000-0  00000-0 0  9998
2 39741  55.6548  85.2936 0013033 294.8503  65.0386  2.00566483 30165
1 39741U 14026A   18180.25330569 -.00000054  00000-0  00000+0 0  9997
2 39741  55.6551  85.2738 0013018 294.8237  65.0681  2.00566425 30159
1 39741U 14026A   18180.25330619 -.00000054  00000-0  00000-0 0  9994
2 39741  55.6550  85.2738 0013013 294.8483  65.0436  2.00566401 30170
1 39741U 14026A   18181.25045995 -.00000048  00000-0  00000+0 0  9997
2 39741  55.6557  85.2341 0012996 294.8279  65.0692  2.00566369 30176
1 39741U 14026A   18181.25046149 -.00000048  00000-0  00000-0 0  9990
2 39741  55.6556  85.2341 0012989 294.8569  65.0403  2.00566307 30193
1 39741U 14026A   18182.24761433 -.00000043  00000-0  00000+0 0  9994
2 39741  55.6563  85.1945 0012975 294.8664  65.0349  2.00566286 30196
1 39741U 14026A   18182.24761454 -.00000043  00000-0  00000-0 0  9998
2 39741  55.6562  85.1945 0012970 294.8675  65.0339  2.00566250 30215
1 39741U 14026A   18182.74619056 -.00000042  00000-0  00000+0 0  9991
2 39741  55.6565  85.1747 0012960 294.8703  65.0327  2.00566223 30205
1 39741U 14026A   18183.24476596 -.00000041  00000-0  00000-0 0  9997
2 39741  55.6568  85.1549 0012946 294.8805  65.0239  2.00566198 30231
1 39741U 14026A   18184.24191672 -.00000040  00000-0  00000+0 0  9995
2 39741  55.6574  85.1152 0012936 294.8748  65.0312  2.00566123 30233
1 39741U 14026A   18184.24191761 -.00000040  00000-0  00000-0 0  9995
2 39741  55.6574  85.1152 0012935 294.9019  65.0040  2.00566081 30257
1 39741U 14026A   18184.74049262 -.00000040  00000-0  00000+0 0  9997
2 39741  55.6577  85.0954 0012917 294.9178  64.9886  2.00566030 30244
1 39741U 14026A   18185.23906646 -.00000041  00000-0  00000-0 0  9992
2 39741  55.6580  85.0756 0012911 294.9297  64.9767  2.00566012 30275
1 39741U 14026A   18185.73764211 -.00000041  00000-0  00000+0 0  9996
2 39741  55.6583  85.0557 0012884 294.9384  64.9681  2.00565923 30267
1 39741U 14026A   18186.23621631 -.00000042  00000-0  00000-0 0  9992
2 39741  55.6586  85.0359 0012873 294.9496  64.9565  2.00565881 30299
1 39741U 14026A   18186.73479110 -.00000043  00000-0  00000+0 0  9990
2 39741  55.6589  85.0160 0012866 294.9612  64.9444  2.00565814 30285
1 39741U 14026A   18187.23336358 -.00000044  00000-0  00000-0 0  9994
2 39741  55.6592  84.9962 0012854 294.9679  64.9373  2.00565824 30313
1 39741U 14026A   18188.23051512 -.00000045  00000-0  00000+0 0  9991
2 39741  55.6598  84.9565 0012856 294.9659  64.9382  2.00565654 30319
1 39741U 14026A   18189.22766195 -.00000046  00000-0  00000+0 0  9992
2 39741  55.6605  84.9168 0012827 294.9648  64.9395  2.00565699 30338
1 39741U 14026A   18189.22766322 -.00000046  00000-0  00000-0 0  9995
2 39741  55.6604  84.9168 0012816 294.9815  64.9230  2.00565644 30351
1 39741U 14026A   18190.22481699 -.00000046  00000-0  00000+0 0  9997
2 39741  55.6611  84.8771 0012801 294.9573  64.9485  2.00565536 30355
1 39741U 14026A   18190.22481830 -.00000046  00000-0  00000-0 0  9995
2 39741  55.6611  84.8771 0012790 294.9735  64.9324  2.00565478 30371
1 39741U 14026A   18190.72339558 -.00000045  00000-0  00000+0 0  9997
2 39741  55.6614  84.8573 0012782 294.9708  64.9363  2.00565439 30364
1 39741U 14026A   18191.72055113 -.00000043  00000-0  00000+0 0  9998
2 39741  55.6620  84.8176 0012750 294.9460  64.9648  2.00565390 30384
1 39741U 14026A   18191.72055185 -.00000043  00000-0  00000-0 0  9998
2 39741  55.6621  84.8176 0012761 294.9390  64.9715  2.00565396 30403
1 39741U 14026A   18192.71770956 -.00000040  00000-0  00000+0 0  9994
2 39741  55.6627  84.7779 0012724 294.9265  64.9886  2.00565299 30408
1 39741U 14026A   18193.21628918 -.00000038  00000-0  00000-0 0  9998
2 39741  55.6630  84.7580 0012716 294.9234  64.9941  2.00565254 30435
1 39741U 14026A   18193.71486836 -.00000037  00000-0  00000+0 0  9992
2 39741  55.6633  84.7382 0012704 294.9115  65.0083  2.00565220 30424
1 39741U 14026A   18194.71202609 -.00000037  00000-0  00000-0 0  9998
2 39741  55.6639  84.6985 0012688 294.8908  65.0327  2.00565196 30465
1 39741U 14026A   18194.71202629 -.00000037  00000-0  00000+0 0  9999
2 39741  55.6639  84.6984 0012678 294.8871  65.0366  2.00565157 30440
1 39741U 14026A   18195.70918283 -.00000039  00000-0  00000-0 0  9992
2 39741  55.6645  84.6588 0012665 294.8780  65.0481  2.00565121 30485
1 39741U 14026A   18196.20776057 -.00000041  00000-0  00000-0 0  9992
2 39741  55.6648  84.6389 0012641 294.8647  65.0621  2.00565053 30494
1 39741U 14026A   18196.20776060 -.00000041  00000-0  00000+0 0  9995
2 39741  55.6648  84.6389 0012652 294.8556  65.0710  2.00565070 30471
1 39741U 14026A   18196.70633800 -.00000044  00000-0  00000+0 0  9997
2 39741  55.6651  84.6190 0012632 294.8616  65.0653  2.00565007 30487
1 39741U 14026A   18197.20491365 -.00000048  00000-0  00000+0 0  9995
2 39741  55.6654  84.5991 0012620 294.8404  65.0862  2.00565002 30498
1 39741U 14026A   18197.20491365 -.00000048  00000-0  00000-0 0  9996
2 39741  55.6654  84.5991 0012620 294.8404  65.0862  2.00565002 30511
1 39741U 14026A   18198.70064178 -.00000061  00000-0  00000-0 0  9995
2 39741  55.6664  84.5396 0012593 294.8114  65.1125  2.00564926 30548
1 39741U 14026A   18199.19921642 -.00000066  00000-0  00000+0 0  9991
2 39741  55.6667  84.5197 0012572 294.7764  65.1464  2.00564922 30538
1 39741U 14026A   18199.69779239 -.00000071  00000-0  00000+0 0  9995
2 39741  55.6671  84.4999 0012560 294.7642  65.1575  2.00564901 30545
1 39741U 14026A   18199.69779239 -.00000071  00000-0  00000-0 0  9996
2 39741  55.6671  84.4999 0012560 294.7642  65.1575  2.00564901 30567
1 39741U 14026A   18200.19636991 -.00000075  00000-0  00000-0 0  9995
2 39741  55.6674  84.4800 0012537 294.7257  65.1952  2.00564808 30573
1 39741U 14026A   18201.19352186 -.00000081  00000-0  00000+0 0  9993
2 39741  55.6680  84.4403 0012506 294.6741  65.2458  2.00564832 30571
1 39741U 14026A   18201.69209910 -.00000083  00000-0  00000+0 0  9996
2 39741  55.6683  84.4205 0012507 294.6495  65.2703  2.00564819 30580
1 39741U 14026A   18201.69209951 -.00000083  00000-0  00000-0 0  9992
2 39741  55.6683  84.4205 0012506 294.6597  65.2601  2.00564811 30604
1 39741U 14026A   18202.68925724 -.00000083  00000-0  00000-0 0  9995
2 39741  55.6690  84.3808 0012495 294.6388  65.2821  2.00564744 30626
1 39741U 14026A   18202.68925762 -.00000083  00000-0  00000+0 0  9996
2 39741  55.6690  84.3808 0012487 294.6186  65.3023  2.00564716 30605
1 39741U 14026A   18202.68925762 -.00000083  00000-0  00000-0 0  9997
2 39741  55.6690  84.3808 0012487 294.6186  65.3023  2.00564716 30627
1 39741U 14026A   18203.68641679 -.00000080  00000-0  00000-0 0  9997
2 39741  55.6696  84.3412 0012474 294.5982  65.3255  2.00564702 30647
1 39741U 14026A   18204.68357806 -.00000073  00000-0  00000-0 0  9996
2 39741  55.6703  84.3015 0012451 294.5552  65.3725  2.00564670 30649
1 39741U 14026A   18205.18215880 -.00000069  00000-0  00000-0 0  9992
2 39741  55.6706  84.2817 0012434 294.5325  65.3977  2.00564655 30653
1 39741U 14026A   18205.18215926 -.00000069  00000-0  00000-0 0  9993
2 39741  55.6706  84.2817 0012437 294.5155  65.4146  2.00564648 30658
1 39741U 14026A   18206.67790603 -.00000055  00000-0  00000-0 0  9993
2 39741  55.6716  84.2221 0012408 294.5094  65.4285  2.00564532 30687
1 39741U 14026A   18207.67506939 -.00000047  00000-0  00000-0 0  9992
2 39741  55.6722  84.1825 0012376 294.4698  65.4732  2.00564491 30700
1 39741U 14026A   18208.17365118 -.00000043  00000-0  00000-0 0  9996
2 39741  55.6726  84.1627 0012350 294.4239  65.5215  2.00564435 30713
1 39741U 14026A   18209.17081371 -.00000037  00000-0  00000+0 0  9995
2 39741  55.6732  84.1230 0012334 294.3639  65.5851  2.00564377 30738
1 39741U 14026A   18209.17081428 -.00000037  00000-0  00000-0 0  9999
2 39741  55.6732  84.1230 0012335 294.4005  65.5486  2.00564337 30759
1 39741U 14026A   18210.16797475 -.00000033  00000-0  00000+0 0  9991
2 39741  55.6739  84.0834 0012329 294.3569  65.5945  2.00564302 30754
1 39741U 14026A   18210.16797560 -.00000033  00000-0  00000-0 0  9997
2 39741  55.6738  84.0834 0012318 294.3730  65.5786  2.00564260 30779
1 39741U 14026A   18211.16513611 -.00000031  00000-0  00000+0 0  9998
2 39741  55.6745  84.0438 0012305 294.3284  65.6243  2.00564168 30773
1 39741U 14026A   18211.66371497 -.00000031  00000-0  00000+0 0  9997
2 39741  55.6748  84.0240 0012290 294.3333  65.6195  2.00564167 30781
1 39741U 14026A   18211.66371688 -.00000031  00000-0  00000+0 0  9999
2 39741  55.6748  84.0240 0012282 294.3295  65.6235  2.00564064 30780
1 39741U 14026A   18212.16229506 -.00000030  00000-0  00000+0 0  9995
2 39741  55.6751  84.0042 0012274 294.3236  65.6291  2.00564055 30793
1 39741U 14026A   18212.66087365 -.00000030  00000-0  00000-0 0  9996
2 39741  55.6754  83.9844 0012269 294.2884  65.6637  2.00564033 30820
1 39741U 14026A   18213.15945292 -.00000031  00000-0  00000+0 0  9993
2 39741  55.6757  83.9646 0012259 294.2756  65.6759  2.00563967 30819
1 39741U 14026A   18213.65803094 -.00000031  00000-0  00000+0 0  9991
2 39741  55.6761  83.9447 0012246 294.3004  65.6503  2.00563917 30829
1 39741U 14026A   18213.65803126 -.00000031  00000-0  00000-0 0  9998
2 39741  55.6761  83.9447 0012253 294.3083  65.6423  2.00563945 30848
1 39741U 14026A   18214.65518802 -.00000032  00000-0  00000-0 0  9994
2 39741  55.6767  83.9051 0012231 294.2818  65.6670  2.00563863 30861
1 39741U 14026A   18215.15376603 -.00000032  00000-0  00000+0 0  9990
2 39741  55.6771  83.8852 0012218 294.2280  65.7199  2.00563823 30854
1 39741U 14026A   18215.65234454 -.00000032  00000-0  00000+0 0  9992
2 39741  55.6774  83.8654 0012196 294.2247  65.7227  2.00563771 30860
1 39741U 14026A   18215.65234518 -.00000032  00000-0  00000+0 0  9993
2 39741  55.6774  83.8654 0012205 294.2420  65.7053  2.00563791 30863
1 39741U 14026A   18216.64950529 -.00000031  00000-0  00000-0 0  9990
2 39741  55.6781  83.8257 0012188 294.2066  65.7399  2.00563673 30903
1 39741U 14026A   18217.14808578 -.00000031  00000-0  00000+0 0  9991
2 39741  55.6785  83.8059 0012171 294.1645  65.7821  2.00563584 30890
1 39741U 14026A   18217.14808578 -.00000031  00000-0  00000-0 0  9992
2 39741  55.6785  83.8059 0012171 294.1645  65.7821  2.00563584 30913
1 39741U 14026A   18217.64666708 -.00000030  00000-0  00000-0 0  9993
2 39741  55.6788  83.7860 0012167 294.1515  65.7955  2.00563576 30926
1 39741U 14026A   18218.14524766 -.00000028  00000-0  00000+0 0  9992
2 39741  55.6792  83.7662 0012159 294.1035  65.8443  2.00563543 30915
1 39741U 14026A   18218.14524822 -.00000028  00000-0  00000+0 0  9995
2 39741  55.6792  83.7662 0012145 294.0884  65.8594  2.00563505 30916
1 39741U 14026A   18219.14241272 -.00000025  00000-0  00000+0 0  9998
2 39741  55.6799  83.7265 0012140 294.0342  65.9160  2.00563459 30936
1 39741U 14026A   18219.64099579 -.00000023  00000-0  00000+0 0  9992
2 39741  55.6802  83.7067 0012129 294.0352  65.9166  2.00563434 30949
1 39741U 14026A   18220.13957974 -.00000021  00000-0  00000+0 0  9998
2 39741  55.6806  83.6868 0012117 293.9925  65.9611  2.00563334 30957
1 39741U 14026A   18220.63816324 -.00000020  00000-0  00000+0 0  9995
2 39741  55.6809  83.6670 0012115 293.9812  65.9740  2.00563329 30962
1 39741U 14026A   18221.63533045 -.00000017  00000-0  00000+0 0  9998
2 39741  55.6816  83.6273 0012107 293.9155  66.0424  2.00563206 30987
1 39741U 14026A   18221.63533045 -.00000017  00000-0  00000-0 0  9999
2 39741  55.6816  83.6273 0012107 293.9155  66.0424  2.00563206 31001
1 39741U 14026A   18221.63533103 -.00000017  00000-0  00000+0 0  9993
2 39741  55.6816  83.6273 0012106 293.9349  66.0231  2.00563209 30980
1 39741U 14026A   18222.63249542 -.00000018  00000-0  00000+0 0  9996
2 39741  55.6822  83.5877 0012088 293.8701  66.0895  2.00563164 31006
1 39741U 14026A   18222.63249542 -.00000018  00000-0  00000-0 0  9997
2 39741  55.6822  83.5877 0012088 293.8701  66.0895  2.00563164 31006
1 39741U 14026A   18223.62965770 -.00000021  00000-0  00000-0 0  9999
2 39741  55.6829  83.5480 0012074 293.7958  66.1636  2.00563108 31047
1 39741U 14026A   18224.12823805 -.00000024  00000-0  00000-0 0  9990
2 39741  55.6832  83.5281 0012055 293.7471  66.2117  2.00563074 31035
1 39741U 14026A   18224.12823944 -.00000024  00000-0  00000-0 0  9994
2 39741  55.6832  83.5281 0012063 293.7559  66.2028  2.00563050 31058
1 39741U 14026A   18225.12539840 -.00000032  00000-0  00000-0 0  9993
2 39741  55.6839  83.4884 0012035 293.6804  66.2758  2.00563025 31056
1 39741U 14026A   18226.12255866 -.00000041  00000-0  00000-0 0  9997
2 39741  55.6846  83.4487 0012013 293.5920  66.3606  2.00562921 31098
1 39741U 14026A   18227.11971820 -.00000049  00000-0  00000+0 0  9999
2 39741  55.6853  83.4091 0012007 293.5262  66.4226  2.00562874 31095
1 39741U 14026A   18227.61829618 -.00000053  00000-0  00000+0 0  9996
2 39741  55.6856  83.3892 0012003 293.4918  66.4552  2.00562908 31101
1 39741U 14026A   18228.61545807 -.00000058  00000-0  00000-0 0  9998
2 39741  55.6863  83.3495 0011985 293.4068  66.5379  2.00562872 31144
1 39741U 14026A   18229.11404031 -.00000060  00000-0  00000+0 0  9999
2 39741  55.6867  83.3297 0011977 293.3274  66.6166  2.00562820 31134
1 39741U 14026A   18229.61262264 -.00000060  00000-0  00000-0 0  9995
2 39741  55.6870  83.3099 0011968 293.3045  66.6392  2.00562804 31160
1 39741U 14026A   18229.61262371 -.00000060  00000-0  00000+0 0  9993
2 39741  55.6870  83.3099 0011963 293.2665  66.6771  2.00562749 31149
1 39741U 14026A   18230.60979008 -.00000057  00000-0  00000-0 0  9993
2 39741  55.6877  83.2702 0011962 293.2468  66.6974  2.00562727 31181
1 39741U 14026A   18231.60695722 -.00000052  00000-0  00000+0 0  9996
2 39741  55.6885  83.2306 0011950 293.1722  66.7740  2.00562735 31180
1 39741U 14026A   18231.60695722 -.00000052  00000-0  00000-0 0  9997
2 39741  55.6885  83.2306 0011950 293.1722  66.7740  2.00562735 31203
1 39741U 14026A   18232.10554382 -.00000048  00000-0  00000+0 0  9993
2 39741  55.6888  83.2108 0011947 293.1074  66.8402  2.00562651 31193
1 39741U 14026A   18232.60412930 -.00000043  00000-0  00000+0 0  9995
2 39741  55.6892  83.1910 0011939 293.1127  66.8365  2.00562634 31209
1 39741U 14026A   18232.60412930 -.00000043  00000-0  00000-0 0  9996
2 39741  55.6892  83.1910 0011939 293.1127  66.8365  2.00562634 31221
1 39741U 14026A   18234.59847166 -.00000025  00000-0  00000-0 0  9999
2 39741  55.6906  83.1117 0011903 292.9457  67.0106  2.00562543 31269
1 39741U 14026A   18235.09705747 -.00000021  00000-0  00000+0 0  9998
2 39741  55.6909  83.0919 0011900 292.8767  67.0810  2.00562495 31258
1 39741U 14026A   18235.59564243 -.00000017  00000-0  00000+0 0  9992
2 39741  55.6912  83.0720 0011891 292.8879  67.0711  2.00562490 31261
1 39741U 14026A   18235.59564243 -.00000017  00000-0  00000-0 0  9993
2 39741  55.6912  83.0720 0011891 292.8879  67.0711  2.00562490 31283
1 39741U 14026A   18236.09422859 -.00000014  00000-0  00000-0 0  9992
2 39741  55.6916  83.0523 0011885 292.8232  67.1369  2.00562388 31291
1 39741U 14026A   18236.09422870 -.00000014  00000-0  00000+0 0  9994
2 39741  55.6916  83.0523 0011892 292.8093  67.1506  2.00562400 31270
1 39741U 14026A   18237.09139791 -.00000009  00000-0  00000-0 0  9997
2 39741  55.6923  83.0126 0011878 292.7172  67.2440  2.00562330 31313
1 39741U 14026A   18237.58998198 -.00000008  00000-0  00000+0 0  9993
2 39741  55.6926  82.9928 0011870 292.7333  67.2281  2.00562312 31307
1 39741U 14026A   18237.58998198 -.00000008  00000-0  00000-0 0  9994
2 39741  55.6926  82.9928 0011870 292.7333  67.2281  2.00562312 31329
1 39741U 14026A   18238.58714963 -.00000006  00000-0  00000+0 0  9998
2 39741  55.6933  82.9533 0011870 292.6428  67.3177  2.00562190 31322
1 39741U 14026A   18238.58714963 -.00000006  00000-0  00000-0 0  9999
2 39741  55.6933  82.9533 0011870 292.6428  67.3177  2.00562190 31344
1 39741U 14026A   18239.58431590 -.00000005  00000-0  00000-0 0  9991
2 39741  55.6940  82.9137 0011863 292.5850  67.3734  2.00562091 31363
1 39741U 14026A   18240.08289687 -.00000005  00000-0  00000+0 0  9995
2 39741  55.6944  82.8939 0011847 292.5578  67.3994  2.00562083 31353
1 39741U 14026A   18241.57864635 -.00000005  00000-0  00000+0 0  9992
2 39741  55.6954  82.8344 0011838 292.5053  67.4469  2.00561906 31386
1 39741U 14026A   18242.57580920 -.00000005  00000-0  00000+0 0  9995
2 39741  55.6961  82.7948 0011831 292.4624  67.4864  2.00561892 31405
1 39741U 14026A   18243.07439441 -.00000005  00000-0  00000+0 0  9992
2 39741  55.6965  82.7750 0011817 292.3713  67.5761  2.00561730 31411
1 39741U 14026A   18243.57297807 -.00000004  00000-0  00000-0 0  9995
2 39741  55.6968  82.7552 0011816 292.3668  67.5793  2.00561726 31445
1 39741U 14026A   18244.07156186 -.00000004  00000-0  00000-0 0  9995
2 39741  55.6972  82.7354 0011811 292.2984  67.6467  2.00561635 31454
1 39741U 14026A   18244.07156230 -.00000004  00000-0  00000+0 0  9994
2 39741  55.6972  82.7354 0011819 292.2999  67.6451  2.00561643 31438
1 39741U 14026A   18245.06873227 -.00000001  00000-0  00000+0 0  9993
2 39741  55.6979  82.6957 0011818 292.2444  67.6997  2.00561537 31456
1 39741U 14026A   18246.56448983  .00000004  00000-0  00000+0 0  9998
2 39741  55.6990  82.6363 0011802 292.1086  67.8365  2.00561468 31481
1 39741U 14026A   18247.06307707  .00000006  00000-0  00000+0 0  9994
2 39741  55.6994  82.6165 0011801 292.0314  67.9144  2.00561373 31499
1 39741U 14026A   18248.06025131  .00000009  00000-0  00000+0 0  9996
2 39741  55.7001  82.5768 0011807 291.9592  67.9881  2.00561315 31516
1 39741U 14026A   18249.05743223  .00000011  00000-0  00000+0 0  9998
2 39741  55.7007  82.5372 0011810 291.9277  68.0207  2.00561007 31531
1 39741U 14026A   18250.05459921  .00000010  00000-0  00000+0 0  9998
2 39741  55.7015  82.4975 0011803 291.7993  68.1487  2.00561125 31557
1 39741U 14026A   18250.55318337  .00000008  00000-0  00000+0 0  9995
2 39741  55.7019  82.4777 0011795 291.7231  68.2241  2.00561122 31563
1 39741U 14026A   18251.55035331  .00000003  00000-0  00000-0 0  9992
2 39741  55.7026  82.4381 0011793 291.6656  68.2787  2.00561080 31603
1 39741U 14026A   18252.04893797 -.00000001  00000-0  00000+0 0  9993
2 39741  55.7030  82.4182 0011790 291.5806  68.3615  2.00560994 31592
1 39741U 14026A   18252.54752148 -.00000005  00000-0  00000-0 0  9997
2 39741  55.7033  82.3984 0011793 291.5461  68.3936  2.00560986 31625
1 39741U 14026A   18253.04610587 -.00000010  00000-0  00000+0 0  9998
2 39741  55.7037  82.3785 0011792 291.4921  68.4450  2.00560930 31617
1 39741U 14026A   18254.04327127 -.00000019  00000-0  00000+0 0  9993
2 39741  55.7044  82.3389 0011782 291.3322  68.5994  2.00560919 31631
1 39741U 14026A   18254.54185532 -.00000024  00000-0  00000-0 0  9997
2 39741  55.7048  82.3191 0011782 291.3358  68.5933  2.00560911 31663
1 39741U 14026A   18255.04044008 -.00000027  00000-0  00000+0 0  9997
2 39741  55.7052  82.2992 0011784 291.2328  68.6938  2.00560838 31657
1 39741U 14026A   18255.53902448 -.00000030  00000-0  00000-0 0  9997
2 39741  55.7055  82.2794 0011784 291.2299  68.6946  2.00560846 31688
1 39741U 14026A   18256.03760906 -.00000033  00000-0  00000+0 0  9996
2 39741  55.7059  82.2596 0011790 291.1475  68.7752  2.00560832 31674
1 39741U 14026A   18256.03760906 -.00000033  00000-0  00000-0 0  9997
2 39741  55.7059  82.2596 0011790 291.1475  68.7752  2.00560832 31696
1 39741U 14026A   18257.53336917 -.00000033  00000-0  00000-0 0  9994
2 39741  55.7070  82.2002 0011795 290.9882  68.9316  2.00560742 31727
1 39741U 14026A   18257.53336973 -.00000033  00000-0  00000+0 0  9995
2 39741  55.7070  82.2002 0011790 291.0266  68.8934  2.00560735 31705
1 39741U 14026A   18258.53054528 -.00000029  00000-0  00000+0 0  9994
2 39741  55.7077  82.1606 0011794 290.9179  69.0021  2.00560705 31725
1 39741U 14026A   18259.02913446 -.00000026  00000-0  00000+0 0  9999
2 39741  55.7081  82.1408 0011798 290.8439  69.0765  2.00560653 31730
1 39741U 14026A   18259.52772356 -.00000022  00000-0  00000-0 0  9994
2 39741  55.7085  82.1210 0011797 290.8430  69.0782  2.00560654 31768
1 39741U 14026A   18260.52490263 -.00000014  00000-0  00000+0 0  9990
2 39741  55.7092  82.0814 0011797 290.7479  69.1753  2.00560611 31769
1 39741U 14026A   18260.52490263 -.00000014  00000-0  00000-0 0  9991
2 39741  55.7092  82.0814 0011797 290.7479  69.1753  2.00560611 31769
1 39741U 14026A   18261.02349321 -.00000009  00000-0  00000+0 0  9998
2 39741  55.7096  82.0616 0011801 290.6796  69.2446  2.00560543 31775
1 39741U 14026A   18261.52208274 -.00000005  00000-0  00000-0 0  9991
2 39741  55.7099  82.0418 0011797 290.6576  69.2677  2.00560547 31802
1 39741U 14026A   18262.51926272  .00000002  00000-0  00000-0 0  9992
2 39741  55.7106  82.0022 0011799 290.5857  69.3412  2.00560475 31803
1 39741U 14026A   18263.51644168  .00000008  00000-0  00000-0 0  9990
2 39741  55.7113  81.9626 0011800 290.4720  69.4557  2.00560393 31822
1 39741U 14026A   18264.51361949  .00000012  00000-0  00000-0 0  9999
2 39741  55.7121  81.9230 0011816 290.4140  69.5132  2.00560278 31861
1 39741U 14026A   18265.51079473  .00000014  00000-0  00000-0 0  9990
2 39741  55.7128  81.8835 0011815 290.3249  69.6008  2.00560255 31864
1 39741U 14026A   18266.50797038  .00000014  00000-0  00000-0 0  9994
2 39741  55.7135  81.8439 0011824 290.2801  69.6428  2.00560146 31882
1 39741U 14026A   18266.50797070  .00000014  00000-0  00000-0 0  9990
2 39741  55.7135  81.8439 0011834 290.2388  69.6839  2.00560109 31901
1 39741U 14026A   18267.50514421  .00000014  00000-0  00000-0 0  9998
2 39741  55.7142  81.8043 0011843 290.1579  69.7610  2.00560030 31924
1 39741U 14026A   18267.50514428  .00000014  00000-0  00000-0 0  9995
2 39741  55.7142  81.8043 0011834 290.1927  69.7263  2.00560056 31923
1 39741U 14026A   18268.50231891  .00000013  00000-0  00000-0 0  9995
2 39741  55.7149  81.7648 0011840 290.1365  69.7783  2.00559929 31927
1 39741U 14026A   18269.00090544  .00000013  00000-0  00000+0 0  9998
2 39741  55.7153  81.7450 0011854 290.0994  69.8130  2.00559857 31933
1 39741U 14026A   18269.00090544  .00000013  00000-0  00000-0 0  9999
2 39741  55.7153  81.7450 0011854 290.0994  69.8130  2.00559857 31933
1 39741U 14026A   18270.49666724  .00000013  00000-0  00000+0 0  9992
2 39741  55.7163  81.6856 0011855 289.9796  69.9267  2.00559751 31969
1 39741U 14026A   18270.49666794  .00000013  00000-0  00000-0 0  9990
2 39741  55.7163  81.6856 0011864 289.9752  69.9310  2.00559699 31983
1 39741U 14026A   18271.49384532  .00000014  00000-0  00000+0 0  9998
2 39741  55.7170  81.6460 0011862 289.9290  69.9745  2.00559625 31988
1 39741U 14026A   18272.49102403  .00000016  00000-0  00000+0 0  9996
2 39741  55.7178  81.6065 0011873 289.8795  70.0224  2.00559545 32008
1 39741U 14026A   18272.98961346  .00000017  00000-0  00000+0 0  9990
2 39741  55.7182  81.5867 0011885 289.7931  70.1084  2.00559480 32010
1 39741U 14026A   18273.98679650  .00000020  00000-0  00000+0 0  9999
2 39741  55.7189  81.5471 0011900 289.6998  70.2019  2.00559363 32039
1 39741U 14026A   18274.48538857  .00000021  00000-0  00000-0 0  9990
2 39741  55.7192  81.5273 0011903 289.6849  70.2171  2.00559352 32061
1 39741U 14026A   18275.48257201  .00000024  00000-0  00000-0 0  9995
2 39741  55.7199  81.4877 0011931 289.5390  70.3636  2.00559250 32084
1 39741U 14026A   18275.48257327  .00000024  00000-0  00000+0 0  9993
2 39741  55.7199  81.4877 0011918 289.5865  70.3164  2.00559240 32069
1 39741U 14026A   18275.98116368  .00000024  00000-0  00000+0 0  9997
2 39741  55.7203  81.4679 0011934 289.4693  70.4335  2.00559190 32077
1 39741U 14026A   18277.47693690  .00000022  00000-0  00000+0 0  9999
2 39741  55.7213  81.4085 0011951 289.3839  70.5177  2.00559119 32109
1 39741U 14026A   18277.47693690  .00000022  00000-0  00000-0 0  9990
2 39741  55.7213  81.4085 0011951 289.3839  70.5177  2.00559119 32109
1 39741U 14026A   18278.47411635  .00000017  00000-0  00000+0 0  9991
2 39741  55.7220  81.3689 0011965 289.2909  70.6077  2.00559059 32123
1 39741U 14026A   18278.47411679  .00000017  00000-0  00000-0 0  9990
2 39741  55.7220  81.3689 0011966 289.2930  70.6057  2.00559040 32148
1 39741U 14026A   18278.97270576  .00000013  00000-0  00000+0 0  9999
2 39741  55.7224  81.3491 0011978 289.2190  70.6774  2.00558977 32137
1 39741U 14026A   18279.47129454  .00000009  00000-0  00000-0 0  9999
2 39741  55.7227  81.3293 0011980 289.2097  70.6843  2.00558975 32167
1 39741U 14026A   18280.46847106 -.00000001  00000-0  00000-0 0  9994
2 39741  55.7234  81.2896 0011995 289.1107  70.7776  2.00558917 32184
1 39741U 14026A   18281.46564791 -.00000011  00000-0  00000+0 0  9991
2 39741  55.7241  81.2500 0012009 289.0232  70.8592  2.00558862 32185
1 39741U 14026A   18282.46282634 -.00000020  00000-0  00000+0 0  9995
2 39741  55.7248  81.2104 0012027 288.9171  70.9599  2.00558791 32204
1 39741U 14026A   18283.46000489 -.00000026  00000-0  00000+0 0  9998
2 39741  55.7255  81.1708 0012052 288.7807  71.0921  2.00558779 32222
1 39741U 14026A   18283.46000514 -.00000026  00000-0  00000-0 0  9998
2 39741  55.7255  81.1708 0012060 288.7698  71.1030  2.00558758 32240
1 39741U 14026A   18284.45718805 -.00000028  00000-0  00000-0 0  9999
2 39741  55.7262  81.1312 0012081 288.6754  71.1950  2.00558704 32268
1 39741U 14026A   18284.45718848 -.00000028  00000-0  00000+0 0  9995
2 39741  55.7262  81.1312 0012071 288.7143  71.1562  2.00558706 32249
1 39741U 14026A   18285.45437308 -.00000026  00000-0  00000+0 0  9993
2 39741  55.7269  81.0916 0012095 288.6094  71.2604  2.00558676 32261
1 39741U 14026A   18285.45437390 -.00000026  00000-0  00000-0 0  9995
2 39741  55.7269  81.0916 0012103 288.6033  71.2664  2.00558636 32288
1 39741U 14026A   18286.45156103 -.00000021  00000-0  00000+0 0  9990
2 39741  55.7276  81.0520 0012113 288.5613  71.3092  2.00558621 32281
1 39741U 14026A   18286.45156104 -.00000021  00000-0  00000-0 0  9992
2 39741  55.7276  81.0520 0012123 288.5291  71.3413  2.00558603 32304
1 39741U 14026A   18287.44874998 -.00000014  00000-0  00000+0 0  9991
2 39741  55.7283  81.0125 0012132 288.4858  71.3863  2.00558578 32301
1 39741U 14026A   18287.44874998 -.00000014  00000-0  00000-0 0  9992
2 39741  55.7283  81.0125 0012132 288.4858  71.3863  2.00558578 32323
1 39741U 14026A   18287.94734546 -.00000011  00000-0  00000+0 0  9997
2 39741  55.7286  80.9927 0012148 288.4151  71.4579  2.00558507 32313
1 39741U 14026A   18288.44593961 -.00000007  00000-0  00000-0 0  9993
2 39741  55.7290  80.9729 0012162 288.3371  71.5368  2.00558504 32344
1 39741U 14026A   18288.94453453 -.00000003  00000-0  00000+0 0  9994
2 39741  55.7293  80.9531 0012173 288.2950  71.5799  2.00558487 32339
1 39741U 14026A   18289.44312972 -.00000000  00000-0  00000-0 0  9998
2 39741  55.7296  80.9334 0012181 288.2756  71.6001  2.00558445 32360
1 39741U 14026A   18290.44032034  .00000005  00000-0  00000+0 0  9991
2 39741  55.7303  80.8938 0012183 288.2669  71.6102  2.00558364 32365
1 39741U 14026A   18291.43750761  .00000008  00000-0  00000-0 0  9999
2 39741  55.7310  80.8542 0012223 288.1387  71.7382  2.00558297 32406
1 39741U 14026A   18291.43750843  .00000008  00000-0  00000+0 0  9999
2 39741  55.7310  80.8542 0012207 288.1792  71.6979  2.00558296 32385
1 39741U 14026A   18291.93610189  .00000009  00000-0  00000+0 0  9993
2 39741  55.7314  80.8345 0012234 288.0971  71.7794  2.00558219 32390
1 39741U 14026A   18292.43469546  .00000009  00000-0  00000-0 0  9999
2 39741  55.7317  80.8146 0012251 288.0739  71.8019  2.00558184 32429
1 39741U 14026A   18292.93328865  .00000010  00000-0  00000+0 0  9993
2 39741  55.7320  80.7949 0012260 288.0521  71.8227  2.00558122 32414
1 39741U 14026A   18293.43188288  .00000009  00000-0  00000-0 0  9991
2 39741  55.7324  80.7751 0012272 288.0597  71.8139  2.00558038 32446
1 39741U 14026A   18294.42906639  .00000008  00000-0  00000-0 0  9998
2 39741  55.7330  80.7355 0012296 288.0299  71.8405  2.00558002 32467
1 39741U 14026A   18294.42906696  .00000008  00000-0  00000+0 0  9990
2 39741  55.7330  80.7355 0012278 288.0486  71.8221  2.00558022 32441
1 39741U 14026A   18294.42906696  .00000008  00000-0  00000-0 0  9991
2 39741  55.7330  80.7355 0012278 288.0486  71.8221  2.00558022 32463
1 39741U 14026A   18294.92765903  .00000008  00000-0  00000+0 0  9999
2 39741  55.7334  80.7158 0012307 287.9880  71.8806  2.00557926 32457
1 39741U 14026A   18296.42343532  .00000006  00000-0  00000-0 0  9995
2 39741  55.7344  80.6564 0012346 287.9330  71.9296  2.00557823 32507
1 39741U 14026A   18296.42343606  .00000006  00000-0  00000+0 0  9996
2 39741  55.7344  80.6564 0012334 287.9271  71.9356  2.00557826 32485
1 39741U 14026A   18297.42062224  .00000005  00000-0  00000+0 0  9990
2 39741  55.7350  80.6168 0012357 287.8962  71.9630  2.00557722 32506
1 39741U 14026A   18297.91921503  .00000005  00000-0  00000+0 0  9998
2 39741  55.7354  80.5971 0012385 287.8241  72.0334  2.00557634 32518
1 39741U 14026A   18298.91640361  .00000005  00000-0  00000+0 0  9999
2 39741  55.7361  80.5575 0012404 287.7961  72.0594  2.00557537 32538
1 39741U 14026A   18298.91640447  .00000005  00000-0  00000-0 0  9995
2 39741  55.7361  80.5575 0012396 287.8069  72.0487  2.00557562 32559
1 39741U 14026A   18300.41219089  .00000007  00000-0  00000+0 0  9999
2 39741  55.7371  80.4981 0012439 287.7135  72.1415  2.00557430 32568
1 39741U 14026A   18301.40938415  .00000010  00000-0  00000+0 0  9994
2 39741  55.7377  80.4585 0012471 287.6649  72.1911  2.00557364 32588
1 39741U 14026A   18301.40938415  .00000010  00000-0  00000-0 0  9995
2 39741  55.7377  80.4585 0012471 287.6649  72.1911  2.00557364 32601
1 39741U 14026A   18301.40938499  .00000010  00000-0  00000-0 0  9997
2 39741  55.7377  80.4585 0012491 287.6471  72.2087  2.00557292 32601
1 39741U 14026A   18302.40657972  .00000011  00000-0  00000+0 0  9992
2 39741  55.7384  80.4190 0012508 287.5953  72.2621  2.00557239 32609
1 39741U 14026A   18302.40658030  .00000011  00000-0  00000-0 0  9999
2 39741  55.7384  80.4190 0012514 287.5950  72.2623  2.00557179 32620
1 39741U 14026A   18303.40377428  .00000012  00000-0  00000+0 0  9999
2 39741  55.7391  80.3794 0012533 287.5703  72.2884  2.00557181 32626
1 39741U 14026A   18304.40096864  .00000010  00000-0  00000+0 0  9990
2 39741  55.7397  80.3398 0012565 287.5201  72.3387  2.00557082 32641
1 39741U 14026A   18304.89956485  .00000008  00000-0  00000-0 0  9995
2 39741  55.7400  80.3200 0012584 287.4815  72.3767  2.00557037 32674
1 39741U 14026A   18305.39816004  .00000005  00000-0  00000-0 0  9990
2 39741  55.7404  80.3002 0012612 287.4609  72.3962  2.00556988 32683
1 39741U 14026A   18305.39816042  .00000005  00000-0  00000+0 0  9991
2 39741  55.7404  80.3002 0012598 287.4628  72.3945  2.00557010 32663
1 39741U 14026A   18306.39534965 -.00000003  00000-0  00000+0 0  9992
2 39741  55.7410  80.2606 0012634 287.3907  72.4633  2.00556953 32681
1 39741U 14026A   18306.89394340 -.00000008  00000-0  00000+0 0  9993
2 39741  55.7414  80.2408 0012657 287.3450  72.5067  2.00556908 32696
1 39741U 14026A   18307.89113262 -.00000019  00000-0  00000-0 0  9999
2 39741  55.7420  80.2012 0012673 287.3196  72.5275  2.00556854 32735
1 39741U 14026A   18308.38972672 -.00000024  00000-0  00000+0 0  9997
2 39741  55.7423  80.1814 0012694 287.2753  72.5692  2.00556814 32726
1 39741U 14026A   18309.38691509 -.00000035  00000-0  00000+0 0  9997
2 39741  55.7430  80.1418 0012730 287.2054  72.6343  2.00556777 32743
1 39741U 14026A   18309.38691583 -.00000035  00000-0  00000-0 0  9990
2 39741  55.7430  80.1418 0012735 287.2148  72.6248  2.00556738 32765
1 39741U 14026A   18310.38410629 -.00000043  00000-0  00000+0 0  9990
2 39741  55.7437  80.1023 0012763 287.1452  72.6910  2.00556718 32766
1 39741U 14026A   18310.38410669 -.00000043  00000-0  00000-0 0  9995
2 39741  55.7437  80.1023 0012778 287.1385  72.6975  2.00556688 32786
1 39741U 14026A   18311.38130022 -.00000047  00000-0  00000+0 0  9991
2 39741  55.7443  80.0627 0012804 287.0836  72.7507  2.00556655 32788
1 39741U 14026A   18311.38130022 -.00000047  00000-0  00000-0 0  9992
2 39741  55.7443  80.0627 0012804 287.0836  72.7507  2.00556655 32801
1 39741U 14026A   18312.37849543 -.00000047  00000-0  00000-0 0  9997
2 39741  55.7450  80.0231 0012849 287.0261  72.8079  2.00556632 32823
1 39741U 14026A   18312.37849587 -.00000047  00000-0  00000+0 0  9994
2 39741  55.7450  80.0231 0012843 287.0310  72.8030  2.00556627 32801
1 39741U 14026A   18313.37569458 -.00000044  00000-0  00000+0 0  9998
2 39741  55.7457  79.9836 0012874 286.9980  72.8376  2.00556581 32825
1 39741U 14026A   18314.87149575 -.00000036  00000-0  00000-0 0  9990
2 39741  55.7466  79.9242 0012927 286.9552  72.8844  2.00556518 32864
1 39741U 14026A   18315.37009596 -.00000032  00000-0  00000+0 0  9999
2 39741  55.7470  79.9044 0012940 286.9278  72.9135  2.00556511 32866
1 39741U 14026A   18315.37009683 -.00000032  00000-0  00000-0 0  9997
2 39741  55.7470  79.9045 0012954 286.9240  72.9171  2.00556467 32883
1 39741U 14026A   18316.36729928 -.00000026  00000-0  00000-0 0  9991
2 39741  55.7476  79.8649 0012978 286.8765  72.9679  2.00556405 32903
1 39741U 14026A   18317.36450085 -.00000021  00000-0  00000-0 0  9992
2 39741  55.7483  79.8254 0013031 286.8427  73.0040  2.00556323 32924
1 39741U 14026A   18317.36450123 -.00000021  00000-0  00000+0 0  9994
2 39741  55.7483  79.8253 0013018 286.8302  73.0166  2.00556327 32901
1 39741U 14026A   18318.36170217 -.00000018  00000-0  00000+0 0  9994
2 39741  55.7489  79.7858 0013053 286.8081  73.0405  2.00556256 32929
1 39741U 14026A   18318.36170227 -.00000018  00000-0  00000-0 0  9996
2 39741  55.7489  79.7858 0013073 286.8096  73.0388  2.00556222 32942
1 39741U 14026A   18319.35890135 -.00000017  00000-0  00000+0 0  9991
2 39741  55.7495  79.7463 0013096 286.7732  73.0760  2.00556186 32945
1 39741U 14026A   18319.85750075 -.00000017  00000-0  00000-0 0  9995
2 39741  55.7499  79.7265 0013106 286.7965  73.0527  2.00556158 32972
1 39741U 14026A   18320.35609956 -.00000017  00000-0  00000+0 0  9992
2 39741  55.7502  79.7067 0013132 286.7666  73.0822  2.00556112 32961
1 39741U 14026A   18320.35609956 -.00000017  00000-0  00000-0 0  9993
2 39741  55.7502  79.7067 0013132 286.7666  73.0822  2.00556112 32983
1 39741U 14026A   18321.35329667 -.00000018  00000-0  00000-0 0  9993
2 39741  55.7508  79.6671 0013180 286.7697  73.0775  2.00556016 33000
1 39741U 14026A   18321.35329700 -.00000018  00000-0  00000+0 0  9990
2 39741  55.7508  79.6671 0013163 286.7890  73.0584  2.00556035 32981
1 39741U 14026A   18321.35329700 -.00000018  00000-0  00000-0 0  9991
2 39741  55.7508  79.6671 0013163 286.7890  73.0584  2.00556035 33005
1 39741U 14026A   18322.35049434 -.00000020  00000-0  00000-0 0  9998
2 39741  55.7514  79.6276 0013229 286.7892  73.0557  2.00555878 33024
1 39741U 14026A   18323.34769047 -.00000022  00000-0  00000+0 0  9998
2 39741  55.7521  79.5880 0013303 286.7119  73.1300  2.00555822 33023
1 39741U 14026A   18323.84629325 -.00000022  00000-0  00000-0 0  9998
2 39741  55.7524  79.5682 0013332 286.6923  73.1484  2.00555631 33054
1 39741U 14026A   18324.34488832 -.00000023  00000-0  00000+0 0  9990
2 39741  55.7527  79.5484 0013307 286.7789  73.0613  2.00555706 33045
1 39741U 14026A   18325.34208820 -.00000023  00000-0  00000+0 0  9998
2 39741  55.7534  79.5088 0013333 286.7412  73.0976  2.00555611 33064
1 39741U 14026A   18325.84068821 -.00000023  00000-0  00000-0 0  9999
2 39741  55.7537  79.4891 0013349 286.7404  73.0981  2.00555579 33098
1 39741U 14026A   18326.33928868 -.00000023  00000-0  00000-0 0  9990
2 39741  55.7540  79.4693 0013377 286.7617  73.0768  2.00555512 33101
1 39741U 14026A   18326.33928877 -.00000023  00000-0  00000+0 0  9999
2 39741  55.7540  79.4693 0013362 286.7405  73.0981  2.00555545 33080
1 39741U 14026A   18327.33648595 -.00000021  00000-0  00000+0 0  9994
2 39741  55.7546  79.4297 0013438 286.8628  72.9765  2.00555644 33109
1 39741U 14026A   18327.83510055 -.00000020  00000-0  00000-0 0  9998
2 39741  55.7549  79.4100 0013459 286.8531  72.9872  2.00555188 33136
1 39741U 14026A   18328.33370238 -.00000019  00000-0  00000+0 0  9998
2 39741  55.7552  79.3902 0013481 286.8458  72.9958  2.00555174 33121
1 39741U 14026A   18328.33370238 -.00000019  00000-0  00000-0 0  9999
2 39741  55.7552  79.3902 0013481 286.8458  72.9958  2.00555174 33143
1 39741U 14026A   18329.33089936 -.00000017  00000-0  00000+0 0  9999
2 39741  55.7559  79.3506 0013460 286.8939  72.9514  2.00555451 33147
1 39741U 14026A   18329.33089936 -.00000017  00000-0  00000-0 0  9990
2 39741  55.7559  79.3506 0013460 286.8939  72.9514  2.00555451 33169
1 39741U 14026A   18329.33090241 -.00000017  00000-0  00000-0 0  9991
2 39741  55.7558  79.3506 0013475 286.9093  72.9358  2.00555308 33163
1 39741U 14026A   18330.32810982 -.00000016  00000-0  00000+0 0  9992
2 39741  55.7565  79.3110 0013574 286.9126  72.9348  2.00555208 33167
1 39741U 14026A   18330.32810982 -.00000016  00000-0  00000-0 0  9993
2 39741  55.7565  79.3110 0013574 286.9126  72.9348  2.00555208 33189
1 39741U 14026A   18330.82671732 -.00000016  00000-0  00000-0 0  9996
2 39741  55.7568  79.2912 0013576 286.9182  72.9306  2.00555068 33194
1 39741U 14026A   18331.32531660 -.00000017  00000-0  00000+0 0  9997
2 39741  55.7571  79.2714 0013625 286.9237  72.9257  2.00555115 33181
1 39741U 14026A   18332.32251711 -.00000021  00000-0  00000+0 0  9999
2 39741  55.7577  79.2318 0013608 286.9402  72.9104  2.00555231 33205
1 39741U 14026A   18332.32252105 -.00000021  00000-0  00000-0 0  9998
2 39741  55.7577  79.2318 0013612 286.9521  72.8985  2.00555065 33225
1 39741U 14026A   18333.31972204 -.00000028  00000-0  00000+0 0  9993
2 39741  55.7584  79.1922 0013640 286.9550  72.8946  2.00555092 33223
1 39741U 14026A   18333.81832618 -.00000032  00000-0  00000-0 0  9998
2 39741  55.7587  79.1724 0013656 286.9696  72.8789  2.00554953 33257
1 39741U 14026A   18334.31693119 -.00000037  00000-0  00000+0 0  9999
2 39741  55.7590  79.1526 0013697 286.9456  72.9012  2.00554745 33248
1 39741U 14026A   18335.31412694 -.00000048  00000-0  00000-0 0  9990
2 39741  55.7597  79.1129 0013755 286.6755  73.1675  2.00554812 33285
1 39741U 14026A   18335.31412747 -.00000048  00000-0  00000+0 0  9998
2 39741  55.7597  79.1129 0013738 286.6742  73.1690  2.00554828 33264
1 39741U 14026A   18335.81272738 -.00000054  00000-0  00000+0 0  9994
2 39741  55.7600  79.0931 0013777 286.6703  73.1709  2.00554777 33274
1 39741U 14026A   18336.31132742 -.00000059  00000-0  00000-0 0  9996
2 39741  55.7603  79.0733 0013799 286.6538  73.1857  2.00554762 33309
1 39741U 14026A   18337.30853020 -.00000068  00000-0  00000+0 0  9994
2 39741  55.7610  79.0337 0013825 286.6401  73.1969  2.00554723 33307
1 39741U 14026A   18338.30573433 -.00000073  00000-0  00000+0 0  9998
2 39741  55.7616  78.9941 0013877 286.6197  73.2163  2.00554678 33329
1 39741U 14026A   18339.30294127 -.00000075  00000-0  00000+0 0  9991
2 39741  55.7623  78.9545 0013930 286.6124  73.2241  2.00554637 33341
1 39741U 14026A   18339.80154601 -.00000075  00000-0  00000+0 0  9998
2 39741  55.7626  78.9347 0013964 286.6267  73.2107  2.00554602 33353
1 39741U 14026A   18341.79596980 -.00000065  00000-0  00000-0 0  9999
2 39741  55.7638  78.8556 0014035 286.6340  73.2106  2.00554523 33417
1 39741U 14026A   18342.29457650 -.00000062  00000-0  00000+0 0  9991
2 39741  55.7641  78.8358 0014056 286.6368  73.2101  2.00554498 33409
1 39741U 14026A   18342.79318358 -.00000059  00000-0  00000-0 0  9994
2 39741  55.7645  78.8160 0014068 286.6596  73.1896  2.00554478 33431
1 39741U 14026A   18343.29179094 -.00000056  00000-0  00000-0 0  9999
2 39741  55.7648  78.7962 0014109 286.6577  73.1936  2.00554408 33447
1 39741U 14026A   18343.29179104 -.00000056  00000-0  00000+0 0  9990
2 39741  55.7648  78.7962 0014097 286.6406  73.2108  2.00554419 33426
1 39741U 14026A   18344.28900408 -.00000050  00000-0  00000+0 0  9993
2 39741  55.7654  78.7567 0014136 286.6463  73.2091  2.00554376 33446
1 39741U 14026A   18345.28621703 -.00000046  00000-0  00000+0 0  9997
2 39741  55.7660  78.7171 0014175 286.6617  73.1970  2.00554310 33463
1 39741U 14026A   18346.28342854 -.00000044  00000-0  00000+0 0  9993
2 39741  55.7667  78.6775 0014221 286.6764  73.1846  2.00554239 33488
1 39741U 14026A   18347.28063880 -.00000044  00000-0  00000-0 0  9994
2 39741  55.7673  78.6380 0014284 286.7356  73.1263  2.00554143 33526
1 39741U 14026A   18347.28063909 -.00000044  00000-0  00000+0 0  9995
2 39741  55.7673  78.6380 0014262 286.7248  73.1373  2.00554172 33504
1 39741U 14026A   18347.77924380 -.00000044  00000-0  00000+0 0  9998
2 39741  55.7675  78.6182 0014304 286.7529  73.1091  2.00554084 33515
1 39741U 14026A   18348.27784841 -.00000044  00000-0  00000-0 0  9991
2 39741  55.7679  78.5984 0014327 286.7769  73.0850  2.00554046 33542
1 39741U 14026A   18349.27505660 -.00000045  00000-0  00000+0 0  9992
2 39741  55.7685  78.5588 0014355 286.7844  73.0768  2.00553997 33546
1 39741U 14026A   18350.27226520 -.00000046  00000-0  00000-0 0  9991
2 39741  55.7691  78.5191 0014412 286.8560  73.0039  2.00553858 33584
1 39741U 14026A   18350.27226542 -.00000046  00000-0  00000+0 0  9994
2 39741  55.7691  78.5191 0014392 286.8409  73.0193  2.00553905 33565
1 39741U 14026A   18350.77086953 -.00000046  00000-0  00000+0 0  9999
2 39741  55.7694  78.4993 0014432 286.8788  72.9806  2.00553814 33571
1 39741U 14026A   18351.76807903 -.00000047  00000-0  00000+0 0  9996
2 39741  55.7701  78.4597 0014471 286.9114  72.9471  2.00553714 33596
1 39741U 14026A   18351.76807919 -.00000047  00000-0  00000-0 0  9994
2 39741  55.7701  78.4597 0014452 286.8962  72.9624  2.00553762 33611
1 39741U 14026A   18352.26668441 -.00000046  00000-0  00000-0 0  9994
2 39741  55.7704  78.4399 0014493 286.9289  72.9294  2.00553665 33628
1 39741U 14026A   18353.26389576 -.00000045  00000-0  00000-0 0  9993
2 39741  55.7711  78.4002 0014535 286.9555  72.9031  2.00553584 33641
1 39741U 14026A   18353.26389613 -.00000045  00000-0  00000+0 0  9994
2 39741  55.7711  78.4003 0014525 286.9211  72.9376  2.00553599 33626
1 39741U 14026A   18354.26110971 -.00000043  00000-0  00000+0 0  9992
2 39741  55.7717  78.3606 0014569 286.9461  72.9142  2.00553516 33647
1 39741U 14026A   18354.75971705 -.00000041  00000-0  00000+0 0  9994
2 39741  55.7721  78.3408 0014594 286.9621  72.8994  2.00553477 33659
1 39741U 14026A   18355.25832564 -.00000040  00000-0  00000-0 0  9999
2 39741  55.7724  78.3210 0014624 287.0089  72.8541  2.00553399 33681
1 39741U 14026A   18356.25554357 -.00000037  00000-0  00000-0 0  9997
2 39741  55.7730  78.2814 0014670 287.0407  72.8260  2.00553295 33708
1 39741U 14026A   18356.25554358 -.00000037  00000-0  00000+0 0  9997
2 39741  55.7730  78.2814 0014650 287.0130  72.8538  2.00553339 33683
1 39741U 14026A   18356.25554358 -.00000037  00000-0  00000-0 0  9998
2 39741  55.7730  78.2814 0014650 287.0130  72.8538  2.00553339 33706
1 39741U 14026A   18357.25276156 -.00000034  00000-0  00000+0 0  9992
2 39741  55.7737  78.2417 0014698 287.0510  72.8197  2.00553261 33701
1 39741U 14026A   18357.25276167 -.00000034  00000-0  00000-0 0  9995
2 39741  55.7736  78.2417 0014720 287.0765  72.7940  2.00553210 33729
1 39741U 14026A   18358.24997968 -.00000034  00000-0  00000+0 0  9993
2 39741  55.7743  78.2021 0014747 287.0826  72.7912  2.00553162 33720
1 39741U 14026A   18358.74858751 -.00000034  00000-0  00000-0 0  9995
2 39741  55.7746  78.1823 0014780 287.0991  72.7758  2.00553119 33755
1 39741U 14026A   18359.24719477 -.00000035  00000-0  00000-0 0  9993
2 39741  55.7749  78.1624 0014817 287.1497  72.7258  2.00553080 33763
1 39741U 14026A   18359.24719511 -.00000035  00000-0  00000+0 0  9991
2 39741  55.7749  78.1624 0014798 287.1229  72.7528  2.00553109 33744
1 39741U 14026A   18360.24440960 -.00000040  00000-0  00000+0 0  9998
2 39741  55.7756  78.1228 0014843 287.1582  72.7176  2.00553026 33764
1 39741U 14026A   18360.74301579 -.00000044  00000-0  00000-0 0  9990
2 39741  55.7759  78.1030 0014864 287.1745  72.7007  2.00552997 33794
1 39741U 14026A   18361.24162093 -.00000048  00000-0  00000+0 0  9995
2 39741  55.7762  78.0831 0014896 287.1865  72.6876  2.00552966 33782
1 39741U 14026A   18361.24162097 -.00000048  00000-0  00000-0 0  9990
2 39741  55.7762  78.0831 0014902 287.2078  72.6663  2.00552947 33803
1 39741U 14026A   18361.74022648 -.00000053  00000-0  00000+0 0  9997
2 39741  55.7765  78.0633 0014923 287.2220  72.6509  2.00552918 33793
1 39741U 14026A   18361.74022648 -.00000053  00000-0  00000-0 0  9998
2 39741  55.7765  78.0633 0014923 287.2220  72.6509  2.00552918 33816
1 39741U 14026A   18363.23604268 -.00000068  00000-0  00000+0 0  9993
2 39741  55.7775  78.0038 0014970 287.2288  72.6397  2.00552849 33821
1 39741U 14026A   18363.23604268 -.00000068  00000-0  00000-0 0  9994
2 39741  55.7775  78.0038 0014970 287.2288  72.6397  2.00552849 33843
1 39741U 14026A   18364.23325456 -.00000077  00000-0  00000+0 0  9993
2 39741  55.7782  77.9641 0015012 287.2508  72.6152  2.00552795 33841
1 39741U 14026A   18364.23325456 -.00000077  00000-0  00000-0 0  9994
2 39741  55.7782  77.9641 0015012 287.2508  72.6152  2.00552795 33863
1 39741U 14026A   18365.23046781 -.00000083  00000-0  00000-0 0  9993
2 39741  55.7788  77.9244 0015069 287.2957  72.5689  2.00552752 33887
1 39741U 14026A   18365.23046786 -.00000083  00000-0  00000+0 0  9997
2 39741  55.7788  77.9245 0015058 287.2774  72.5872  2.00552762 33866
1 39741U 14026A   18365.23046786 -.00000083  00000-0  00000-0 0  9998
2 39741  55.7788  77.9245 0015058 287.2774  72.5872  2.00552762 33888

