1 41019U 15062A   18001.07821445  .00000038  00000-0  00000-0 0  9991
2 41019  55.0423 152.4231 0031850 199.3366 160.5089  2.00563930 15876
1 41019U 15062A   18001.57678835  .00000034  00000-0  00000+0 0  9994
2 41019  55.0425 152.4033 0031867 199.3508 160.4921  2.00563927 15885
1 41019U 15062A   18001.57678908  .00000034  00000-0  00000-0 0  9996
2 41019  55.0425 152.4033 0031876 199.3542 160.4886  2.00563900 15884
1 41019U 15062A   18002.07536327  .00000031  00000-0  00000+0 0  9996
2 41019  55.0426 152.3835 0031892 199.3707 160.4699  2.00563914 15893
1 41019U 15062A   18002.57393830  .00000028  00000-0  00000-0 0  9998
2 41019  55.0427 152.3637 0031910 199.3810 160.4581  2.00563931 15901
1 41019U 15062A   18003.07251476  .00000028  00000-0  00000+0 0  9992
2 41019  55.0428 152.3438 0031935 199.4067 160.4313  2.00563922 15917
1 41019U 15062A   18003.07251476  .00000028  00000-0  00000-0 0  9993
2 41019  55.0428 152.3438 0031935 199.4067 160.4313  2.00563922 15917
1 41019U 15062A   18003.57109231  .00000028  00000-0  00000-0 0  9999
2 41019  55.0429 152.3240 0031938 199.4205 160.4173  2.00563915 15923
1 41019U 15062A   18004.06967016  .00000029  00000-0  00000+0 0  9997
2 41019  55.0430 152.3042 0031973 199.4460 160.3920  2.00563921 15934
1 41019U 15062A   18004.56824806  .00000031  00000-0  00000-0 0  9995
2 41019  55.0431 152.2844 0031974 199.4619 160.3769  2.00563952 15947
1 41019U 15062A   18005.06682709  .00000034  00000-0  00000+0 0  9997
2 41019  55.0432 152.2646 0032012 199.5029 160.3368  2.00563962 15955
1 41019U 15062A   18005.56540733  .00000037  00000-0  00000+0 0  9995
2 41019  55.0433 152.2447 0032023 199.5128 160.3283  2.00563948 15968
1 41019U 15062A   18005.56540733  .00000037  00000-0  00000-0 0  9996
2 41019  55.0433 152.2447 0032023 199.5128 160.3283  2.00563948 15968
1 41019U 15062A   18006.56256663  .00000042  00000-0  00000+0 0  9998
2 41019  55.0435 152.2051 0032062 199.5627 160.2814  2.00563967 15980
1 41019U 15062A   18006.56256663  .00000042  00000-0  00000-0 0  9999
2 41019  55.0435 152.2051 0032062 199.5627 160.2814  2.00563967 15980
1 41019U 15062A   18007.55972555  .00000045  00000-0  00000-0 0  9997
2 41019  55.0437 152.1655 0032102 199.6193 160.2272  2.00563971 16002
1 41019U 15062A   18008.05830341  .00000045  00000-0  00000+0 0  9998
2 41019  55.0437 152.1457 0032124 199.6501 160.1971  2.00564007 16016
1 41019U 15062A   18008.55688174  .00000044  00000-0  00000-0 0  9998
2 41019  55.0438 152.1258 0032125 199.6644 160.1833  2.00564003 16029
1 41019U 15062A   18008.55688176  .00000044  00000-0  00000-0 0  9990
2 41019  55.0438 152.1258 0032127 199.6664 160.1814  2.00564002 16021
1 41019U 15062A   18009.05545949  .00000041  00000-0  00000+0 0  9992
2 41019  55.0439 152.1060 0032146 199.6849 160.1628  2.00564006 16037
1 41019U 15062A   18009.55403632  .00000038  00000-0  00000-0 0  9996
2 41019  55.0439 152.0862 0032174 199.7085 160.1388  2.00564024 16044
1 41019U 15062A   18010.05261280  .00000034  00000-0  00000+0 0  9999
2 41019  55.0440 152.0664 0032180 199.7247 160.1219  2.00564025 16058
1 41019U 15062A   18010.55118861  .00000029  00000-0  00000-0 0  9995
2 41019  55.0441 152.0466 0032200 199.7457 160.0997  2.00564036 16060
1 41019U 15062A   18011.04976400  .00000023  00000-0  00000+0 0  9994
2 41019  55.0442 152.0268 0032222 199.7692 160.0748  2.00564046 16072
1 41019U 15062A   18011.54833936  .00000017  00000-0  00000-0 0  9999
2 41019  55.0443 152.0070 0032240 199.7889 160.0534  2.00564047 16087
1 41019U 15062A   18012.54548905  .00000007  00000-0  00000+0 0  9997
2 41019  55.0444 151.9673 0032281 199.8361 160.0025  2.00564063 16102
1 41019U 15062A   18013.04406430  .00000002  00000-0  00000+0 0  9994
2 41019  55.0445 151.9475 0032302 199.8573 159.9795  2.00564058 16118
1 41019U 15062A   18013.54263867 -.00000001  00000-0  00000-0 0  9995
2 41019  55.0446 151.9278 0032339 199.8873 159.9476  2.00564090 16126
1 41019U 15062A   18014.53979018 -.00000006  00000-0  00000-0 0  9992
2 41019  55.0448 151.8882 0032383 199.9393 159.8926  2.00564077 16141
1 41019U 15062A   18014.53979032 -.00000006  00000-0  00000+0 0  9997
2 41019  55.0448 151.8881 0032367 199.9310 159.9011  2.00564068 16147
1 41019U 15062A   18015.03836588 -.00000006  00000-0  00000+0 0  9991
2 41019  55.0449 151.8683 0032392 199.9628 159.8682  2.00564085 16151
1 41019U 15062A   18015.53694223 -.00000005  00000-0  00000-0 0  9994
2 41019  55.0449 151.8486 0032427 200.0043 159.8258  2.00564094 16166
1 41019U 15062A   18016.53409729 -.00000001  00000-0  00000+0 0  9995
2 41019  55.0450 151.8089 0032450 200.0401 159.7900  2.00564076 16186
1 41019U 15062A   18017.03267501  .00000003  00000-0  00000+0 0  9992
2 41019  55.0451 151.7891 0032473 200.0671 159.7634  2.00564088 16199
1 41019U 15062A   18017.53125381  .00000007  00000-0  00000+0 0  9990
2 41019  55.0452 151.7694 0032506 200.1087 159.7225  2.00564077 16206
1 41019U 15062A   18017.53125391  .00000007  00000-0  00000-0 0  9992
2 41019  55.0452 151.7694 0032492 200.0957 159.7356  2.00564078 16201
1 41019U 15062A   18019.52557260  .00000026  00000-0  00000-0 0  9998
2 41019  55.0455 151.6901 0032566 200.2029 159.6353  2.00564075 16245
1 41019U 15062A   18020.02415324  .00000031  00000-0  00000+0 0  9994
2 41019  55.0456 151.6703 0032583 200.2254 159.6151  2.00564068 16254
1 41019U 15062A   18020.52273405  .00000035  00000-0  00000-0 0  9996
2 41019  55.0456 151.6505 0032601 200.2450 159.5978  2.00564057 16268
1 41019U 15062A   18020.52273413  .00000035  00000-0  00000-0 0  9995
2 41019  55.0456 151.6505 0032604 200.2488 159.5940  2.00564052 16266
1 41019U 15062A   18021.02131480  .00000038  00000-0  00000+0 0  9990
2 41019  55.0457 151.6307 0032627 200.2860 159.5590  2.00564037 16271
1 41019U 15062A   18021.51989537  .00000041  00000-0  00000+0 0  9992
2 41019  55.0458 151.6110 0032658 200.3374 159.5095  2.00564015 16286
1 41019U 15062A   18021.51989537  .00000041  00000-0  00000-0 0  9993
2 41019  55.0458 151.6110 0032658 200.3374 159.5095  2.00564015 16286
1 41019U 15062A   18022.51705395  .00000044  00000-0  00000-0 0  9995
2 41019  55.0459 151.5713 0032691 200.3834 159.4668  2.00564033 16301
1 41019U 15062A   18022.51705458  .00000044  00000-0  00000-0 0  9995
2 41019  55.0459 151.5713 0032682 200.3842 159.4661  2.00564014 16302
1 41019U 15062A   18023.01563272  .00000044  00000-0  00000+0 0  9996
2 41019  55.0460 151.5515 0032698 200.4033 159.4480  2.00564033 16315
1 41019U 15062A   18023.51421179  .00000043  00000-0  00000-0 0  9990
2 41019  55.0460 151.5317 0032730 200.4623 159.3893  2.00563982 16327
1 41019U 15062A   18024.01278931  .00000041  00000-0  00000+0 0  9999
2 41019  55.0461 151.5119 0032739 200.4812 159.3705  2.00563976 16333
1 41019U 15062A   18024.51136516  .00000037  00000-0  00000-0 0  9992
2 41019  55.0462 151.4921 0032763 200.5174 159.3336  2.00563991 16341
1 41019U 15062A   18025.00994177  .00000033  00000-0  00000+0 0  9997
2 41019  55.0462 151.4723 0032781 200.5553 159.2945  2.00563957 16350
1 41019U 15062A   18025.50851631  .00000028  00000-0  00000-0 0  9994
2 41019  55.0463 151.4524 0032791 200.5842 159.2640  2.00563978 16368
1 41019U 15062A   18026.00709057  .00000022  00000-0  00000+0 0  9997
2 41019  55.0464 151.4326 0032819 200.6302 159.2158  2.00563974 16373
1 41019U 15062A   18026.50566612  .00000016  00000-0  00000-0 0  9994
2 41019  55.0464 151.4128 0032827 200.6482 159.1955  2.00563931 16389
1 41019U 15062A   18027.00423940  .00000010  00000-0  00000+0 0  9999
2 41019  55.0465 151.3930 0032842 200.6682 159.1732  2.00563953 16397
1 41019U 15062A   18027.50281378  .00000004  00000-0  00000+0 0  9994
2 41019  55.0466 151.3731 0032864 200.7016 159.1372  2.00563935 16405
1 41019U 15062A   18027.50281378  .00000004  00000-0  00000-0 0  9995
2 41019  55.0466 151.3731 0032864 200.7016 159.1372  2.00563935 16405
1 41019U 15062A   18028.49996350 -.00000007  00000-0  00000-0 0  9991
2 41019  55.0467 151.3335 0032891 200.7525 159.0820  2.00563910 16423
1 41019U 15062A   18028.99853772 -.00000011  00000-0  00000+0 0  9990
2 41019  55.0468 151.3137 0032918 200.7989 159.0339  2.00563939 16435
1 41019U 15062A   18029.49711341 -.00000014  00000-0  00000-0 0  9995
2 41019  55.0469 151.2938 0032938 200.8304 159.0012  2.00563951 16441
1 41019U 15062A   18030.49426818 -.00000016  00000-0  00000+0 0  9990
2 41019  55.0471 151.2542 0032962 200.8778 158.9538  2.00563955 16464
1 41019U 15062A   18030.49426873 -.00000016  00000-0  00000-0 0  9992
2 41019  55.0471 151.2542 0032966 200.8817 158.9498  2.00563933 16463
1 41019U 15062A   18030.99284641 -.00000015  00000-0  00000+0 0  9990
2 41019  55.0471 151.2344 0032994 200.9121 158.9201  2.00563970 16477
1 41019U 15062A   18031.49142589 -.00000013  00000-0  00000-0 0  9999
2 41019  55.0472 151.2146 0033010 200.9412 158.8924  2.00563972 16485
1 41019U 15062A   18032.48858668 -.00000008  00000-0  00000-0 0  9995
2 41019  55.0474 151.1749 0033040 201.0003 158.8373  2.00563972 16507
1 41019U 15062A   18032.48858689 -.00000008  00000-0  00000+0 0  9997
2 41019  55.0474 151.1749 0033037 200.9975 158.8401  2.00563966 16504
1 41019U 15062A   18032.98716715 -.00000005  00000-0  00000+0 0  9992
2 41019  55.0475 151.1551 0033055 201.0283 158.8116  2.00563990 16511
1 41019U 15062A   18034.48290874  .00000003  00000-0  00000-0 0  9990
2 41019  55.0477 151.0957 0033114 201.1353 158.7116  2.00564030 16545
1 41019U 15062A   18034.48290928  .00000003  00000-0  00000-0 0  9990
2 41019  55.0477 151.0957 0033127 201.1554 158.6913  2.00564015 16549
1 41019U 15062A   18034.98148902  .00000003  00000-0  00000+0 0  9998
2 41019  55.0477 151.0758 0033147 201.1911 158.6575  2.00564038 16557
1 41019U 15062A   18035.48006861  .00000003  00000-0  00000-0 0  9992
2 41019  55.0478 151.0560 0033153 201.2143 158.6359  2.00564042 16560
1 41019U 15062A   18036.47722666 -.00000001  00000-0  00000+0 0  9998
2 41019  55.0479 151.0164 0033185 201.2641 158.5881  2.00564047 16585
1 41019U 15062A   18036.47722686 -.00000001  00000-0  00000-0 0  9991
2 41019  55.0479 151.0164 0033191 201.2752 158.5769  2.00564038 16580
1 41019U 15062A   18036.97580506 -.00000004  00000-0  00000+0 0  9991
2 41019  55.0480 150.9966 0033209 201.3061 158.5464  2.00564035 16594
1 41019U 15062A   18037.47438186 -.00000009  00000-0  00000-0 0  9999
2 41019  55.0480 150.9768 0033239 201.3351 158.5173  2.00564068 16604
1 41019U 15062A   18038.47153486 -.00000019  00000-0  00000+0 0  9997
2 41019  55.0481 150.9371 0033263 201.3762 158.4753  2.00564090 16628
1 41019U 15062A   18039.46868594 -.00000029  00000-0  00000+0 0  9991
2 41019  55.0483 150.8975 0033305 201.4332 158.4164  2.00564137 16640
1 41019U 15062A   18039.96726293 -.00000034  00000-0  00000+0 0  9991
2 41019  55.0483 150.8777 0033342 201.4812 158.3671  2.00564106 16653
1 41019U 15062A   18040.46583876 -.00000038  00000-0  00000-0 0  9991
2 41019  55.0484 150.8579 0033358 201.5032 158.3443  2.00564120 16660
1 41019U 15062A   18041.46298898 -.00000043  00000-0  00000+0 0  9994
2 41019  55.0485 150.8182 0033383 201.5524 158.2936  2.00564202 16684
1 41019U 15062A   18041.46298927 -.00000043  00000-0  00000-0 0  9998
2 41019  55.0485 150.8182 0033400 201.5695 158.2764  2.00564197 16685
1 41019U 15062A   18041.96156788 -.00000043  00000-0  00000+0 0  9990
2 41019  55.0486 150.7984 0033423 201.6064 158.2390  2.00564135 16699
1 41019U 15062A   18043.45730021 -.00000039  00000-0  00000-0 0  9990
2 41019  55.0488 150.7390 0033470 201.6925 158.1538  2.00564162 16727
1 41019U 15062A   18043.45730026 -.00000039  00000-0  00000-0 0  9995
2 41019  55.0487 150.7390 0033481 201.7036 158.1426  2.00564164 16720
1 41019U 15062A   18043.95587840 -.00000035  00000-0  00000+0 0  9999
2 41019  55.0488 150.7192 0033503 201.7461 158.1011  2.00564180 16737
1 41019U 15062A   18045.45161870 -.00000021  00000-0  00000-0 0  9993
2 41019  55.0489 150.6597 0033555 201.8375 158.0152  2.00564141 16763
1 41019U 15062A   18045.95019845 -.00000015  00000-0  00000+0 0  9994
2 41019  55.0490 150.6399 0033574 201.8751 157.9800  2.00564166 16770
1 41019U 15062A   18046.94736107 -.00000004  00000-0  00000+0 0  9999
2 41019  55.0491 150.6002 0033600 201.9264 157.9344  2.00564144 16793
1 41019U 15062A   18047.44594224  .00000001  00000-0  00000+0 0  9993
2 41019  55.0492 150.5804 0033619 201.9469 157.9169  2.00564147 16800
1 41019U 15062A   18047.44594224  .00000001  00000-0  00000-0 0  9994
2 41019  55.0492 150.5804 0033619 201.9469 157.9169  2.00564147 16800
1 41019U 15062A   18048.44310584  .00000010  00000-0  00000+0 0  9999
2 41019  55.0493 150.5408 0033663 202.0014 157.8684  2.00564098 16826
1 41019U 15062A   18049.44026583  .00000015  00000-0  00000+0 0  9998
2 41019  55.0494 150.5011 0033699 202.0703 157.8044  2.00564132 16842
1 41019U 15062A   18049.44026583  .00000015  00000-0  00000-0 0  9999
2 41019  55.0494 150.5011 0033699 202.0703 157.8044  2.00564132 16842
1 41019U 15062A   18050.93600517  .00000016  00000-0  00000+0 0  9990
2 41019  55.0496 150.4416 0033736 202.1523 157.7271  2.00564072 16872
1 41019U 15062A   18050.93600517  .00000016  00000-0  00000-0 0  9991
2 41019  55.0496 150.4416 0033736 202.1523 157.7271  2.00564072 16872
1 41019U 15062A   18051.43458199  .00000015  00000-0  00000-0 0  9993
2 41019  55.0496 150.4218 0033763 202.2060 157.6737  2.00564087 16882
1 41019U 15062A   18051.93316027  .00000012  00000-0  00000+0 0  9997
2 41019  55.0497 150.4020 0033773 202.2295 157.6501  2.00564041 16895
1 41019U 15062A   18052.43173613  .00000008  00000-0  00000+0 0  9990
2 41019  55.0498 150.3821 0033788 202.2637 157.6152  2.00564049 16902
1 41019U 15062A   18052.43173613  .00000008  00000-0  00000-0 0  9991
2 41019  55.0498 150.3821 0033788 202.2637 157.6152  2.00564049 16902
1 41019U 15062A   18053.42888634 -.00000001  00000-0  00000-0 0  9991
2 41019  55.0499 150.3424 0033819 202.3181 157.5581  2.00564055 16926
1 41019U 15062A   18053.42888669 -.00000001  00000-0  00000+0 0  9998
2 41019  55.0499 150.3424 0033825 202.3428 157.5332  2.00564034 16928
1 41019U 15062A   18053.42888669 -.00000001  00000-0  00000-0 0  9999
2 41019  55.0499 150.3424 0033825 202.3428 157.5332  2.00564034 16928
1 41019U 15062A   18054.42603506 -.00000012  00000-0  00000-0 0  9997
2 41019  55.0500 150.3028 0033851 202.4038 157.4685  2.00564057 16945
1 41019U 15062A   18054.42603595 -.00000012  00000-0  00000-0 0  9995
2 41019  55.0500 150.3028 0033856 202.4123 157.4598  2.00564023 16941
1 41019U 15062A   18055.42318413 -.00000021  00000-0  00000-0 0  9998
2 41019  55.0502 150.2631 0033887 202.4676 157.4009  2.00564062 16961
1 41019U 15062A   18055.42318454 -.00000021  00000-0  00000+0 0  9992
2 41019  55.0502 150.2631 0033880 202.4672 157.4013  2.00564049 16960
1 41019U 15062A   18056.42033615 -.00000028  00000-0  00000+0 0  9993
2 41019  55.0503 150.2234 0033922 202.5368 157.3293  2.00564029 16989
1 41019U 15062A   18056.42033615 -.00000028  00000-0  00000-0 0  9994
2 41019  55.0503 150.2234 0033922 202.5368 157.3293  2.00564029 16989
1 41019U 15062A   18056.42033616 -.00000028  00000-0  00000+0 0  9994
2 41019  55.0503 150.2234 0033913 202.5302 157.3359  2.00564032 16984
1 41019U 15062A   18057.41749016 -.00000030  00000-0  00000-0 0  9996
2 41019  55.0505 150.1837 0033943 202.5754 157.2905  2.00564043 17000
1 41019U 15062A   18057.41749033 -.00000030  00000-0  00000-0 0  9995
2 41019  55.0505 150.1838 0033952 202.5765 157.2894  2.00564037 17003
1 41019U 15062A   18057.91606866 -.00000030  00000-0  00000+0 0  9995
2 41019  55.0506 150.1639 0033968 202.6001 157.2666  2.00564042 17018
1 41019U 15062A   18059.41180752 -.00000022  00000-0  00000-0 0  9995
2 41019  55.0508 150.1044 0034020 202.6960 157.1760  2.00564072 17044
1 41019U 15062A   18059.41180806 -.00000022  00000-0  00000-0 0  9995
2 41019  55.0508 150.1044 0034010 202.6825 157.1897  2.00564055 17045
1 41019U 15062A   18060.40896971 -.00000014  00000-0  00000+0 0  9993
2 41019  55.0510 150.0648 0034044 202.7518 157.1256  2.00564070 17062
1 41019U 15062A   18060.90755071 -.00000011  00000-0  00000+0 0  9990
2 41019  55.0510 150.0450 0034071 202.7901 157.0899  2.00564084 17077
1 41019U 15062A   18061.40613155 -.00000008  00000-0  00000-0 0  9999
2 41019  55.0511 150.0251 0034077 202.8077 157.0750  2.00564091 17083
1 41019U 15062A   18061.90471153 -.00000006  00000-0  00000+0 0  9991
2 41019  55.0512 150.0053 0034105 202.8540 157.0310  2.00564122 17099
1 41019U 15062A   18062.40329162 -.00000004  00000-0  00000-0 0  9998
2 41019  55.0513 149.9855 0034112 202.8819 157.0051  2.00564125 17101
1 41019U 15062A   18062.90187140 -.00000004  00000-0  00000+0 0  9990
2 41019  55.0513 149.9656 0034138 202.9111 156.9776  2.00564134 17117
1 41019U 15062A   18063.40045072 -.00000005  00000-0  00000-0 0  9995
2 41019  55.0514 149.9458 0034154 202.9407 156.9492  2.00564128 17123
1 41019U 15062A   18063.89902857 -.00000008  00000-0  00000+0 0  9993
2 41019  55.0515 149.9260 0034161 202.9661 156.9247  2.00564146 17134
1 41019U 15062A   18064.39760575 -.00000011  00000-0  00000-0 0  9993
2 41019  55.0515 149.9061 0034189 202.9980 156.8930  2.00564178 17141
1 41019U 15062A   18065.39475917 -.00000019  00000-0  00000+0 0  9994
2 41019  55.0516 149.8665 0034212 203.0454 156.8452  2.00564199 17160
1 41019U 15062A   18066.39191125 -.00000028  00000-0  00000-0 0  9992
2 41019  55.0518 149.8268 0034248 203.0920 156.7971  2.00564219 17188
1 41019U 15062A   18066.39191241 -.00000028  00000-0  00000-0 0  9991
2 41019  55.0518 149.8268 0034258 203.1103 156.7787  2.00564181 17186
1 41019U 15062A   18066.89048780 -.00000033  00000-0  00000+0 0  9990
2 41019  55.0518 149.8070 0034278 203.1455 156.7425  2.00564200 17191
1 41019U 15062A   18067.38906342 -.00000036  00000-0  00000-0 0  9996
2 41019  55.0519 149.7872 0034285 203.1556 156.7316  2.00564210 17203
1 41019U 15062A   18068.38621389 -.00000041  00000-0  00000+0 0  9997
2 41019  55.0521 149.7475 0034321 203.2143 156.6712  2.00564267 17222
1 41019U 15062A   18068.88479159 -.00000042  00000-0  00000+0 0  9999
2 41019  55.0522 149.7277 0034352 203.2599 156.6249  2.00564227 17234
1 41019U 15062A   18069.88194368 -.00000041  00000-0  00000-0 0  9996
2 41019  55.0524 149.6881 0034378 203.3536 156.5307  2.00564276 17256
1 41019U 15062A   18070.38052203 -.00000038  00000-0  00000+0 0  9999
2 41019  55.0524 149.6683 0034397 203.3914 156.4932  2.00564253 17266
1 41019U 15062A   18070.87909937 -.00000034  00000-0  00000+0 0  9994
2 41019  55.0525 149.6484 0034415 203.4288 156.4566  2.00564278 17273
1 41019U 15062A   18071.37767758 -.00000029  00000-0  00000-0 0  9998
2 41019  55.0526 149.6286 0034438 203.4650 156.4214  2.00564291 17288
1 41019U 15062A   18071.87625730 -.00000024  00000-0  00000+0 0  9990
2 41019  55.0527 149.6088 0034462 203.5081 156.3798  2.00564274 17293
1 41019U 15062A   18073.37199737 -.00000005  00000-0  00000+0 0  9999
2 41019  55.0529 149.5494 0034509 203.5978 156.2966  2.00564264 17321
1 41019U 15062A   18073.37199737 -.00000005  00000-0  00000-0 0  9990
2 41019  55.0529 149.5494 0034509 203.5978 156.2966  2.00564264 17321
1 41019U 15062A   18075.36631982  .00000018  00000-0  00000+0 0  9996
2 41019  55.0532 149.4701 0034558 203.6685 156.2372  2.00564278 17365
1 41019U 15062A   18075.36632114  .00000018  00000-0  00000-0 0  9995
2 41019  55.0532 149.4701 0034570 203.6860 156.2196  2.00564225 17360
1 41019U 15062A   18075.86490170  .00000023  00000-0  00000+0 0  9999
2 41019  55.0533 149.4502 0034587 203.7235 156.1847  2.00564215 17377
1 41019U 15062A   18077.36063978  .00000031  00000-0  00000-0 0  9998
2 41019  55.0536 149.3907 0034629 203.8135 156.1006  2.00564228 17400
1 41019U 15062A   18077.36063998  .00000031  00000-0  00000-0 0  9990
2 41019  55.0536 149.3908 0034637 203.8271 156.0869  2.00564213 17401
1 41019U 15062A   18077.36064040  .00000031  00000-0  00000+0 0  9998
2 41019  55.0536 149.3907 0034624 203.8159 156.0981  2.00564212 17405
1 41019U 15062A   18078.35779632  .00000032  00000-0  00000-0 0  9990
2 41019  55.0538 149.3511 0034658 203.8843 156.0313  2.00564197 17428
1 41019U 15062A   18078.35779641  .00000032  00000-0  00000+0 0  9999
2 41019  55.0538 149.3511 0034654 203.8788 156.0368  2.00564200 17427
1 41019U 15062A   18078.85637353  .00000031  00000-0  00000-0 0  9997
2 41019  55.0539 149.3312 0034668 203.9113 156.0043  2.00564185 17438
1 41019U 15062A   18079.35494980  .00000029  00000-0  00000+0 0  9996
2 41019  55.0539 149.3114 0034683 203.9437 155.9713  2.00564172 17443
1 41019U 15062A   18080.35209917  .00000022  00000-0  00000+0 0  9995
2 41019  55.0541 149.2718 0034719 204.0220 155.8900  2.00564169 17462
1 41019U 15062A   18080.35209917  .00000022  00000-0  00000-0 0  9996
2 41019  55.0541 149.2718 0034719 204.0220 155.8900  2.00564169 17462
1 41019U 15062A   18080.35209960  .00000022  00000-0  00000+0 0  9993
2 41019  55.0541 149.2718 0034711 204.0112 155.9009  2.00564166 17462
1 41019U 15062A   18081.34924780  .00000013  00000-0  00000-0 0  9998
2 41019  55.0543 149.2321 0034746 204.0844 155.8233  2.00564137 17482
1 41019U 15062A   18081.84782077  .00000009  00000-0  00000+0 0  9998
2 41019  55.0544 149.2123 0034761 204.1076 155.7978  2.00564160 17490
1 41019U 15062A   18082.84497042  .00000001  00000-0  00000+0 0  9996
2 41019  55.0546 149.1726 0034777 204.1446 155.7564  2.00564110 17517
1 41019U 15062A   18082.84497042  .00000001  00000-0  00000-0 0  9997
2 41019  55.0546 149.1726 0034777 204.1446 155.7564  2.00564110 17517
1 41019U 15062A   18083.34354426 -.00000002  00000-0  00000+0 0  9992
2 41019  55.0548 149.1528 0034798 204.1817 155.7175  2.00564124 17528
1 41019U 15062A   18083.34354426 -.00000002  00000-0  00000-0 0  9993
2 41019  55.0548 149.1528 0034798 204.1817 155.7175  2.00564124 17528
1 41019U 15062A   18083.34354440 -.00000002  00000-0  00000-0 0  9999
2 41019  55.0548 149.1528 0034793 204.1764 155.7229  2.00564122 17522
1 41019U 15062A   18084.34069425 -.00000005  00000-0  00000-0 0  9999
2 41019  55.0550 149.1131 0034832 204.2443 155.6528  2.00564160 17549
1 41019U 15062A   18084.34069476 -.00000005  00000-0  00000-0 0  9995
2 41019  55.0550 149.1131 0034821 204.2361 155.6611  2.00564148 17545
1 41019U 15062A   18084.83927091 -.00000004  00000-0  00000-0 0  9994
2 41019  55.0551 149.0933 0034843 204.2706 155.6263  2.00564168 17558
1 41019U 15062A   18086.33500789  .00000003  00000-0  00000+0 0  9999
2 41019  55.0555 149.0337 0034877 204.3318 155.5680  2.00564116 17585
1 41019U 15062A   18086.83358585  .00000007  00000-0  00000+0 0  9993
2 41019  55.0556 149.0139 0034902 204.3471 155.5545  2.00564177 17593
1 41019U 15062A   18087.33216588  .00000012  00000-0  00000-0 0  9992
2 41019  55.0557 148.9941 0034914 204.4028 155.5007  2.00564166 17608
1 41019U 15062A   18087.33216614  .00000012  00000-0  00000-0 0  9992
2 41019  55.0557 148.9941 0034911 204.3880 155.5155  2.00564160 17608
1 41019U 15062A   18088.32932537  .00000020  00000-0  00000-0 0  9990
2 41019  55.0559 148.9544 0034950 204.4520 155.4557  2.00564198 17622
1 41019U 15062A   18088.32932598  .00000020  00000-0  00000+0 0  9996
2 41019  55.0559 148.9544 0034941 204.4467 155.4610  2.00564174 17626
1 41019U 15062A   18089.32648408  .00000025  00000-0  00000+0 0  9996
2 41019  55.0562 148.9147 0034971 204.5004 155.4108  2.00564217 17642
1 41019U 15062A   18090.32364128  .00000026  00000-0  00000+0 0  9993
2 41019  55.0564 148.8750 0034998 204.5435 155.3699  2.00564228 17668
1 41019U 15062A   18090.32364137  .00000026  00000-0  00000-0 0  9994
2 41019  55.0564 148.8750 0035002 204.5431 155.3702  2.00564226 17664
1 41019U 15062A   18091.32079559  .00000023  00000-0  00000+0 0  9992
2 41019  55.0566 148.8353 0035033 204.5953 155.3183  2.00564249 17688
1 41019U 15062A   18091.81937198  .00000020  00000-0  00000+0 0  9995
2 41019  55.0567 148.8155 0035057 204.6245 155.2884  2.00564260 17691
1 41019U 15062A   18093.31509665  .00000008  00000-0  00000+0 0  9992
2 41019  55.0571 148.7560 0035090 204.6782 155.2313  2.00564321 17727
1 41019U 15062A   18094.31224568 -.00000001  00000-0  00000+0 0  9993
2 41019  55.0573 148.7164 0035119 204.6961 155.2102  2.00564346 17745
1 41019U 15062A   18094.81082145 -.00000004  00000-0  00000-0 0  9995
2 41019  55.0574 148.6966 0035136 204.7313 155.1731  2.00564309 17753
1 41019U 15062A   18095.30939618 -.00000006  00000-0  00000+0 0  9997
2 41019  55.0575 148.6767 0035158 204.7533 155.1495  2.00564314 17765
1 41019U 15062A   18095.80797172 -.00000008  00000-0  00000+0 0  9991
2 41019  55.0576 148.6569 0035172 204.7787 155.1226  2.00564295 17774
1 41019U 15062A   18095.80797172 -.00000008  00000-0  00000-0 0  9992
2 41019  55.0576 148.6569 0035172 204.7787 155.1226  2.00564295 17774
1 41019U 15062A   18097.30369642 -.00000005  00000-0  00000+0 0  9992
2 41019  55.0580 148.5974 0035221 204.8532 155.0453  2.00564377 17808
1 41019U 15062A   18098.30084927  .00000003  00000-0  00000+0 0  9990
2 41019  55.0583 148.5578 0035259 204.8862 155.0122  2.00564409 17829
1 41019U 15062A   18098.30085029  .00000003  00000-0  00000-0 0  9995
2 41019  55.0583 148.5578 0035264 204.8937 155.0047  2.00564376 17827
1 41019U 15062A   18099.29800502  .00000014  00000-0  00000+0 0  9996
2 41019  55.0585 148.5181 0035283 204.9318 154.9680  2.00564400 17845
1 41019U 15062A   18099.79658444  .00000020  00000-0  00000-0 0  9995
2 41019  55.0586 148.4983 0035299 204.9519 154.9491  2.00564368 17859
1 41019U 15062A   18100.29516320  .00000027  00000-0  00000+0 0  9995
2 41019  55.0588 148.4785 0035311 204.9825 154.9199  2.00564366 17860
1 41019U 15062A   18100.29516349  .00000027  00000-0  00000-0 0  9997
2 41019  55.0588 148.4785 0035314 204.9859 154.9165  2.00564356 17862
1 41019U 15062A   18101.29232092  .00000040  00000-0  00000+0 0  9992
2 41019  55.0590 148.4388 0035339 205.0319 154.8741  2.00564384 17886
1 41019U 15062A   18101.79090067  .00000047  00000-0  00000-0 0  9999
2 41019  55.0591 148.4190 0035353 205.0533 154.8547  2.00564371 17893
1 41019U 15062A   18102.28948024  .00000053  00000-0  00000-0 0  9996
2 41019  55.0593 148.3992 0035371 205.0817 154.8282  2.00564358 17902
1 41019U 15062A   18102.28948051  .00000053  00000-0  00000+0 0  9995
2 41019  55.0593 148.3992 0035366 205.0750 154.8349  2.00564353 17901
1 41019U 15062A   18102.78805962  .00000058  00000-0  00000+0 0  9998
2 41019  55.0594 148.3794 0035386 205.0981 154.8136  2.00564350 17912
1 41019U 15062A   18103.28663816  .00000062  00000-0  00000-0 0  9990
2 41019  55.0595 148.3595 0035398 205.1174 154.7961  2.00564364 17921
1 41019U 15062A   18103.78521763  .00000066  00000-0  00000+0 0  9992
2 41019  55.0596 148.3397 0035414 205.1313 154.7836  2.00564326 17936
1 41019U 15062A   18104.78237285  .00000071  00000-0  00000-0 0  9993
2 41019  55.0599 148.3000 0035434 205.1725 154.7441  2.00564332 17950
1 41019U 15062A   18105.28095016  .00000072  00000-0  00000+0 0  9993
2 41019  55.0600 148.2802 0035442 205.1903 154.7264  2.00564312 17961
1 41019U 15062A   18105.28095020  .00000072  00000-0  00000-0 0  9999
2 41019  55.0600 148.2802 0035447 205.1977 154.7189  2.00564305 17965
1 41019U 15062A   18105.77952635  .00000071  00000-0  00000-0 0  9996
2 41019  55.0601 148.2604 0035454 205.2156 154.7005  2.00564298 17973
1 41019U 15062A   18106.27810151  .00000070  00000-0  00000+0 0  9996
2 41019  55.0603 148.2406 0035469 205.2410 154.6740  2.00564289 17980
1 41019U 15062A   18107.27524949  .00000065  00000-0  00000+0 0  9998
2 41019  55.0605 148.2009 0035491 205.2770 154.6342  2.00564286 18004
1 41019U 15062A   18107.27525025  .00000065  00000-0  00000-0 0  9995
2 41019  55.0605 148.2009 0035496 205.2860 154.6251  2.00564250 18009
1 41019U 15062A   18108.27239670  .00000057  00000-0  00000+0 0  9994
2 41019  55.0608 148.1613 0035513 205.3353 154.5702  2.00564222 18021
1 41019U 15062A   18109.26954068  .00000049  00000-0  00000+0 0  9990
2 41019  55.0611 148.1216 0035534 205.3765 154.5227  2.00564239 18046
1 41019U 15062A   18109.76811239  .00000045  00000-0  00000+0 0  9993
2 41019  55.0613 148.1018 0035551 205.3967 154.4993  2.00564256 18050
1 41019U 15062A   18110.26668664  .00000041  00000-0  00000-0 0  9999
2 41019  55.0614 148.0820 0035562 205.4126 154.4806  2.00564205 18069
1 41019U 15062A   18111.26383314  .00000037  00000-0  00000+0 0  9990
2 41019  55.0617 148.0423 0035577 205.4423 154.4464  2.00564242 18080
1 41019U 15062A   18111.76240841  .00000037  00000-0  00000-0 0  9993
2 41019  55.0619 148.0225 0035586 205.4522 154.4351  2.00564230 18095
1 41019U 15062A   18112.26098382  .00000038  00000-0  00000+0 0  9990
2 41019  55.0620 148.0026 0035599 205.4833 154.4029  2.00564231 18100
1 41019U 15062A   18112.26098382  .00000038  00000-0  00000-0 0  9991
2 41019  55.0620 148.0026 0035599 205.4833 154.4029  2.00564231 18100
1 41019U 15062A   18113.25813747  .00000042  00000-0  00000-0 0  9996
2 41019  55.0624 147.9630 0035629 205.5095 154.3766  2.00564237 18123
1 41019U 15062A   18113.25813791  .00000042  00000-0  00000+0 0  9994
2 41019  55.0623 147.9630 0035622 205.5160 154.3701  2.00564219 18127
1 41019U 15062A   18114.25529389  .00000049  00000-0  00000+0 0  9999
2 41019  55.0626 147.9234 0035649 205.5436 154.3442  2.00564230 18142
1 41019U 15062A   18114.75387317  .00000053  00000-0  00000+0 0  9992
2 41019  55.0628 147.9036 0035660 205.5596 154.3294  2.00564212 18150
1 41019U 15062A   18114.75387317  .00000053  00000-0  00000-0 0  9993
2 41019  55.0628 147.9036 0035660 205.5596 154.3294  2.00564212 18150
1 41019U 15062A   18115.75102762  .00000061  00000-0  00000-0 0  9992
2 41019  55.0631 147.8639 0035685 205.5949 154.2965  2.00564308 18173
1 41019U 15062A   18116.24960607  .00000063  00000-0  00000+0 0  9998
2 41019  55.0632 147.8441 0035699 205.6140 154.2783  2.00564305 18180
1 41019U 15062A   18116.24960674  .00000063  00000-0  00000+0 0  9992
2 41019  55.0632 147.8441 0035707 205.6323 154.2598  2.00564286 18185
1 41019U 15062A   18116.24960674  .00000063  00000-0  00000-0 0  9993
2 41019  55.0632 147.8441 0035707 205.6323 154.2598  2.00564286 18185
1 41019U 15062A   18118.24391432  .00000063  00000-0  00000+0 0  9994
2 41019  55.0638 147.7648 0035744 205.6975 154.1946  2.00564309 18220
1 41019U 15062A   18118.24391477  .00000063  00000-0  00000-0 0  9994
2 41019  55.0638 147.7649 0035748 205.6987 154.1934  2.00564298 18222
1 41019U 15062A   18118.74249080  .00000061  00000-0  00000-0 0  9999
2 41019  55.0639 147.7450 0035756 205.7094 154.1816  2.00564281 18234
1 41019U 15062A   18119.24106420  .00000057  00000-0  00000-0 0  9990
2 41019  55.0641 147.7253 0035780 205.7205 154.1689  2.00564344 18248
1 41019U 15062A   18119.24106460  .00000057  00000-0  00000+0 0  9993
2 41019  55.0641 147.7252 0035772 205.7195 154.1700  2.00564326 18240
1 41019U 15062A   18120.23821307  .00000048  00000-0  00000+0 0  9998
2 41019  55.0643 147.6856 0035794 205.7395 154.1459  2.00564326 18260
1 41019U 15062A   18121.23535864  .00000038  00000-0  00000+0 0  9998
2 41019  55.0646 147.6460 0035824 205.7571 154.1233  2.00564387 18283
1 41019U 15062A   18121.73393280  .00000034  00000-0  00000+0 0  9993
2 41019  55.0648 147.6262 0035836 205.7634 154.1145  2.00564364 18296
1 41019U 15062A   18121.73393280  .00000034  00000-0  00000-0 0  9994
2 41019  55.0648 147.6262 0035836 205.7634 154.1145  2.00564364 18296
1 41019U 15062A   18122.73107889  .00000028  00000-0  00000-0 0  9996
2 41019  55.0650 147.5866 0035869 205.7837 154.0893  2.00564407 18319
1 41019U 15062A   18123.22965282  .00000027  00000-0  00000+0 0  9998
2 41019  55.0652 147.5668 0035877 205.8044 154.0664  2.00564403 18324
1 41019U 15062A   18124.22680138  .00000027  00000-0  00000+0 0  9993
2 41019  55.0655 147.5272 0035912 205.8319 154.0354  2.00564426 18346
1 41019U 15062A   18125.22395115  .00000033  00000-0  00000+0 0  9999
2 41019  55.0658 147.4876 0035936 205.8547 154.0105  2.00564461 18362
1 41019U 15062A   18125.72252756  .00000037  00000-0  00000-0 0  9992
2 41019  55.0659 147.4678 0035943 205.8690 153.9958  2.00564447 18379
1 41019U 15062A   18126.22110392  .00000042  00000-0  00000+0 0  9992
2 41019  55.0661 147.4480 0035963 205.8781 153.9865  2.00564461 18380
1 41019U 15062A   18127.21825958  .00000054  00000-0  00000+0 0  9996
2 41019  55.0664 147.4084 0035984 205.9015 153.9640  2.00564426 18402
1 41019U 15062A   18128.21541477  .00000067  00000-0  00000+0 0  9992
2 41019  55.0667 147.3688 0036004 205.9235 153.9439  2.00564451 18428
1 41019U 15062A   18130.20972919  .00000089  00000-0  00000+0 0  9997
2 41019  55.0673 147.2895 0036052 205.9392 153.9334  2.00564409 18462
1 41019U 15062A   18130.70830700  .00000092  00000-0  00000-0 0  9998
2 41019  55.0674 147.2698 0036056 205.9493 153.9243  2.00564407 18478
1 41019U 15062A   18130.70830703  .00000092  00000-0  00000+0 0  9990
2 41019  55.0674 147.2698 0036063 205.9497 153.9238  2.00564404 18471
1 41019U 15062A   18131.70546152  .00000097  00000-0  00000-0 0  9999
2 41019  55.0677 147.2302 0036083 205.9691 153.9054  2.00564391 18497
1 41019U 15062A   18132.20403805  .00000099  00000-0  00000+0 0  9993
2 41019  55.0678 147.2104 0036093 205.9803 153.8939  2.00564377 18501
1 41019U 15062A   18133.20118835  .00000098  00000-0  00000+0 0  9999
2 41019  55.0681 147.1707 0036108 206.0124 153.8598  2.00564366 18529
1 41019U 15062A   18134.19833686  .00000093  00000-0  00000+0 0  9991
2 41019  55.0683 147.1311 0036127 206.0404 153.8276  2.00564314 18542
1 41019U 15062A   18134.69690988  .00000089  00000-0  00000-0 0  9998
2 41019  55.0685 147.1113 0036135 206.0504 153.8147  2.00564298 18553
1 41019U 15062A   18135.19548207  .00000085  00000-0  00000+0 0  9995
2 41019  55.0686 147.0915 0036142 206.0613 153.8006  2.00564293 18562
1 41019U 15062A   18136.19262506  .00000076  00000-0  00000+0 0  9991
2 41019  55.0690 147.0518 0036158 206.0751 153.7797  2.00564298 18589
1 41019U 15062A   18137.18976799  .00000067  00000-0  00000+0 0  9997
2 41019  55.0693 147.0122 0036174 206.0808 153.7669  2.00564310 18600
1 41019U 15062A   18138.18691476  .00000061  00000-0  00000+0 0  9998
2 41019  55.0696 146.9726 0036188 206.0933 153.7483  2.00564252 18626
1 41019U 15062A   18138.68548757  .00000059  00000-0  00000-0 0  9994
2 41019  55.0698 146.9528 0036198 206.0946 153.7447  2.00564277 18631
1 41019U 15062A   18139.18406156  .00000059  00000-0  00000+0 0  9995
2 41019  55.0699 146.9330 0036208 206.0969 153.7407  2.00564290 18642
1 41019U 15062A   18139.68263661  .00000059  00000-0  00000-0 0  9993
2 41019  55.0701 146.9132 0036218 206.1010 153.7354  2.00564295 18652
1 41019U 15062A   18140.18121254  .00000060  00000-0  00000+0 0  9992
2 41019  55.0703 146.8934 0036227 206.1039 153.7319  2.00564299 18660
1 41019U 15062A   18141.17836754  .00000065  00000-0  00000+0 0  9995
2 41019  55.0705 146.8538 0036245 206.1157 153.7204  2.00564274 18681
1 41019U 15062A   18142.17552347  .00000072  00000-0  00000-0 0  9998
2 41019  55.0709 146.8141 0036264 206.1275 153.7101  2.00564278 18700
1 41019U 15062A   18142.17552353  .00000072  00000-0  00000+0 0  9994
2 41019  55.0709 146.8141 0036262 206.1301 153.7075  2.00564275 18705
1 41019U 15062A   18143.17267937  .00000078  00000-0  00000+0 0  9992
2 41019  55.0712 146.7745 0036284 206.1458 153.6934  2.00564286 18722
1 41019U 15062A   18143.67125702  .00000079  00000-0  00000-0 0  9992
2 41019  55.0713 146.7547 0036293 206.1481 153.6916  2.00564293 18738
1 41019U 15062A   18144.16983396  .00000080  00000-0  00000-0 0  9990
2 41019  55.0714 146.7349 0036300 206.1588 153.6811  2.00564302 18742
1 41019U 15062A   18144.66840991  .00000079  00000-0  00000-0 0  9996
2 41019  55.0716 146.7151 0036312 206.1575 153.6822  2.00564333 18751
1 41019U 15062A   18145.16698550  .00000078  00000-0  00000+0 0  9992
2 41019  55.0717 146.6953 0036323 206.1586 153.6805  2.00564354 18760
1 41019U 15062A   18145.66556141  .00000075  00000-0  00000-0 0  9994
2 41019  55.0719 146.6755 0036328 206.1605 153.6774  2.00564343 18773
1 41019U 15062A   18146.16413616  .00000071  00000-0  00000+0 0  9994
2 41019  55.0720 146.6556 0036336 206.1666 153.6698  2.00564344 18787
1 41019U 15062A   18146.66271009  .00000066  00000-0  00000-0 0  9992
2 41019  55.0722 146.6359 0036352 206.1567 153.6778  2.00564367 18793
1 41019U 15062A   18147.16128361  .00000061  00000-0  00000+0 0  9994
2 41019  55.0723 146.6161 0036363 206.1556 153.6767  2.00564380 18800
1 41019U 15062A   18147.65985681  .00000056  00000-0  00000-0 0  9999
2 41019  55.0724 146.5963 0036375 206.1525 153.6772  2.00564392 18819
1 41019U 15062A   18148.15842974  .00000050  00000-0  00000+0 0  9995
2 41019  55.0726 146.5765 0036389 206.1487 153.6783  2.00564407 18823
1 41019U 15062A   18148.15843001  .00000050  00000-0  00000-0 0  9998
2 41019  55.0726 146.5765 0036391 206.1430 153.6841  2.00564403 18825
1 41019U 15062A   18149.15557613  .00000040  00000-0  00000+0 0  9998
2 41019  55.0728 146.5369 0036411 206.1447 153.6769  2.00564410 18847
1 41019U 15062A   18149.65414932  .00000036  00000-0  00000-0 0  9995
2 41019  55.0730 146.5171 0036424 206.1439 153.6751  2.00564417 18855
1 41019U 15062A   18149.65414935  .00000036  00000-0  00000+0 0  9997
2 41019  55.0730 146.5171 0036428 206.1408 153.6781  2.00564419 18850
1 41019U 15062A   18150.15272403  .00000033  00000-0  00000-0 0  9994
2 41019  55.0731 146.4973 0036434 206.1459 153.6706  2.00564382 18860
1 41019U 15062A   18151.14987037  .00000030  00000-0  00000-0 0  9997
2 41019  55.0734 146.4577 0036455 206.1520 153.6604  2.00564449 18888
1 41019U 15062A   18151.14987067  .00000030  00000-0  00000+0 0  9999
2 41019  55.0734 146.4577 0036451 206.1517 153.6607  2.00564437 18880
1 41019U 15062A   18151.64844517  .00000031  00000-0  00000-0 0  9998
2 41019  55.0735 146.4379 0036457 206.1610 153.6499  2.00564438 18892
1 41019U 15062A   18152.14701949  .00000033  00000-0  00000+0 0  9996
2 41019  55.0736 146.4181 0036478 206.1574 153.6523  2.00564478 18900
1 41019U 15062A   18153.14417161  .00000039  00000-0  00000+0 0  9993
2 41019  55.0738 146.3785 0036493 206.1703 153.6384  2.00564469 18929
1 41019U 15062A   18154.14132605  .00000049  00000-0  00000+0 0  9992
2 41019  55.0741 146.3390 0036517 206.1583 153.6509  2.00564468 18948
1 41019U 15062A   18154.63990365  .00000055  00000-0  00000+0 0  9998
2 41019  55.0743 146.3192 0036526 206.1573 153.6526  2.00564470 18952
1 41019U 15062A   18154.63990365  .00000055  00000-0  00000-0 0  9999
2 41019  55.0743 146.3192 0036526 206.1573 153.6526  2.00564470 18952
1 41019U 15062A   18155.63706009  .00000066  00000-0  00000+0 0  9991
2 41019  55.0745 146.2796 0036546 206.1507 153.6615  2.00564464 18976
1 41019U 15062A   18155.63706009  .00000066  00000-0  00000-0 0  9992
2 41019  55.0745 146.2796 0036546 206.1507 153.6615  2.00564464 18976
1 41019U 15062A   18156.63421760  .00000077  00000-0  00000-0 0  9993
2 41019  55.0748 146.2399 0036556 206.1473 153.6677  2.00564441 18996
1 41019U 15062A   18157.13279597  .00000081  00000-0  00000-0 0  9993
2 41019  55.0749 146.2202 0036575 206.1380 153.6784  2.00564443 19002
1 41019U 15062A   18158.12995260  .00000088  00000-0  00000+0 0  9991
2 41019  55.0752 146.1806 0036592 206.1307 153.6879  2.00564421 19026
1 41019U 15062A   18158.12995264  .00000088  00000-0  00000-0 0  9996
2 41019  55.0752 146.1806 0036594 206.1274 153.6913  2.00564415 19023
1 41019U 15062A   18158.62853032  .00000090  00000-0  00000+0 0  9999
2 41019  55.0753 146.1608 0036602 206.1333 153.6860  2.00564407 19033
1 41019U 15062A   18158.62853032  .00000090  00000-0  00000-0 0  9990
2 41019  55.0753 146.1608 0036602 206.1333 153.6860  2.00564407 19033
1 41019U 15062A   18159.62568272  .00000091  00000-0  00000-0 0  9991
2 41019  55.0755 146.1212 0036616 206.1304 153.6890  2.00564425 19054
1 41019U 15062A   18160.12425928  .00000090  00000-0  00000+0 0  9996
2 41019  55.0756 146.1013 0036626 206.1323 153.6865  2.00564386 19065
1 41019U 15062A   18160.62283485  .00000089  00000-0  00000-0 0  9990
2 41019  55.0757 146.0815 0036634 206.1306 153.6870  2.00564356 19079
1 41019U 15062A   18161.12140929  .00000086  00000-0  00000+0 0  9997
2 41019  55.0759 146.0617 0036640 206.1323 153.6836  2.00564345 19088
1 41019U 15062A   18161.61998276  .00000082  00000-0  00000-0 0  9994
2 41019  55.0759 146.0419 0036645 206.1295 153.6841  2.00564341 19094
1 41019U 15062A   18162.11855561  .00000078  00000-0  00000+0 0  9993
2 41019  55.0761 146.0221 0036652 206.1248 153.6862  2.00564337 19104
1 41019U 15062A   18162.61712858  .00000074  00000-0  00000-0 0  9996
2 41019  55.0762 146.0023 0036659 206.1223 153.6857  2.00564314 19115
1 41019U 15062A   18163.11570087  .00000069  00000-0  00000+0 0  9991
2 41019  55.0763 145.9824 0036666 206.1145 153.6904  2.00564306 19129
1 41019U 15062A   18163.61427221  .00000063  00000-0  00000-0 0  9992
2 41019  55.0764 145.9626 0036677 206.1092 153.6923  2.00564323 19134
1 41019U 15062A   18164.11284489  .00000059  00000-0  00000+0 0  9999
2 41019  55.0766 145.9428 0036684 206.1012 153.6971  2.00564301 19146
1 41019U 15062A   18164.61141778  .00000054  00000-0  00000-0 0  9993
2 41019  55.0767 145.9230 0036691 206.0996 153.6955  2.00564283 19158
1 41019U 15062A   18165.10999115  .00000050  00000-0  00000-0 0  9990
2 41019  55.0769 145.9032 0036696 206.0763 153.7162  2.00564266 19160
1 41019U 15062A   18165.10999120  .00000050  00000-0  00000+0 0  9995
2 41019  55.0768 145.9032 0036694 206.0911 153.7013  2.00564267 19168
1 41019U 15062A   18165.60856464  .00000047  00000-0  00000-0 0  9990
2 41019  55.0770 145.8834 0036700 206.0786 153.7116  2.00564271 19178
1 41019U 15062A   18166.10713887  .00000045  00000-0  00000-0 0  9995
2 41019  55.0771 145.8636 0036710 206.0612 153.7273  2.00564272 19184
1 41019U 15062A   18166.10713906  .00000045  00000-0  00000+0 0  9996
2 41019  55.0771 145.8636 0036708 206.0651 153.7233  2.00564267 19184
1 41019U 15062A   18166.60571316  .00000044  00000-0  00000+0 0  9997
2 41019  55.0773 145.8438 0036718 206.0485 153.7389  2.00564303 19196
1 41019U 15062A   18166.60571322  .00000044  00000-0  00000-0 0  9995
2 41019  55.0772 145.8438 0036717 206.0561 153.7312  2.00564301 19193
1 41019U 15062A   18167.60286696  .00000045  00000-0  00000-0 0  9994
2 41019  55.0775 145.8042 0036731 206.0387 153.7481  2.00564273 19217
1 41019U 15062A   18168.10144474  .00000047  00000-0  00000+0 0  9998
2 41019  55.0776 145.7843 0036741 206.0264 153.7609  2.00564267 19227
1 41019U 15062A   18168.10144474  .00000047  00000-0  00000-0 0  9999
2 41019  55.0776 145.7843 0036741 206.0264 153.7609  2.00564267 19227
1 41019U 15062A   18168.60002176  .00000049  00000-0  00000-0 0  9998
2 41019  55.0778 145.7645 0036747 206.0208 153.7674  2.00564308 19232
1 41019U 15062A   18169.09860079  .00000052  00000-0  00000+0 0  9999
2 41019  55.0779 145.7447 0036758 206.0140 153.7754  2.00564292 19242
1 41019U 15062A   18170.09575854  .00000057  00000-0  00000+0 0  9990
2 41019  55.0781 145.7051 0036778 206.0159 153.7761  2.00564284 19269
1 41019U 15062A   18170.59433660  .00000058  00000-0  00000-0 0  9995
2 41019  55.0782 145.6853 0036788 206.0040 153.7892  2.00564307 19271
1 41019U 15062A   18171.09291411  .00000059  00000-0  00000-0 0  9998
2 41019  55.0783 145.6655 0036792 205.9958 153.7984  2.00564336 19288
1 41019U 15062A   18171.59149270  .00000059  00000-0  00000-0 0  9998
2 41019  55.0784 145.6457 0036802 205.9924 153.8023  2.00564309 19290
1 41019U 15062A   18172.09007027  .00000057  00000-0  00000+0 0  9994
2 41019  55.0785 145.6259 0036810 205.9817 153.8132  2.00564302 19307
1 41019U 15062A   18172.58864634  .00000054  00000-0  00000-0 0  9991
2 41019  55.0786 145.6061 0036821 205.9681 153.8266  2.00564325 19314
1 41019U 15062A   18173.08722178  .00000051  00000-0  00000+0 0  9999
2 41019  55.0787 145.5863 0036829 205.9586 153.8354  2.00564347 19329
1 41019U 15062A   18173.58579682  .00000046  00000-0  00000-0 0  9999
2 41019  55.0788 145.5665 0036833 205.9515 153.8414  2.00564361 19331
1 41019U 15062A   18174.08437131  .00000040  00000-0  00000+0 0  9990
2 41019  55.0789 145.5467 0036845 205.9300 153.8614  2.00564382 19343
1 41019U 15062A   18174.08437162  .00000040  00000-0  00000-0 0  9995
2 41019  55.0789 145.5467 0036846 205.9189 153.8726  2.00564377 19358
1 41019U 15062A   18174.58294672  .00000034  00000-0  00000-0 0  9990
2 41019  55.0791 145.5268 0036852 205.9256 153.8641  2.00564350 19359
1 41019U 15062A   18175.08152022  .00000028  00000-0  00000+0 0  9990
2 41019  55.0792 145.5070 0036867 205.9065 153.8812  2.00564379 19367
1 41019U 15062A   18175.58009287  .00000022  00000-0  00000-0 0  9994
2 41019  55.0793 145.4873 0036877 205.8963 153.8893  2.00564429 19371
1 41019U 15062A   18176.07866773  .00000016  00000-0  00000+0 0  9992
2 41019  55.0794 145.4675 0036885 205.8788 153.9047  2.00564404 19382
1 41019U 15062A   18176.57724130  .00000011  00000-0  00000-0 0  9993
2 41019  55.0795 145.4477 0036895 205.8695 153.9119  2.00564422 19392
1 41019U 15062A   18177.07581613  .00000006  00000-0  00000+0 0  9999
2 41019  55.0796 145.4279 0036910 205.8583 153.9212  2.00564406 19405
1 41019U 15062A   18177.57438975  .00000003  00000-0  00000-0 0  9994
2 41019  55.0797 145.4081 0036919 205.8455 153.9323  2.00564443 19419
1 41019U 15062A   18178.07296430  .00000001  00000-0  00000+0 0  9995
2 41019  55.0798 145.3883 0036934 205.8360 153.9403  2.00564459 19428
1 41019U 15062A   18179.07011621  .00000001  00000-0  00000+0 0  9993
2 41019  55.0800 145.3487 0036952 205.8285 153.9461  2.00564437 19440
1 41019U 15062A   18179.56869163  .00000002  00000-0  00000-0 0  9991
2 41019  55.0801 145.3289 0036963 205.8155 153.9589  2.00564478 19456
1 41019U 15062A   18180.06726791  .00000005  00000-0  00000+0 0  9999
2 41019  55.0802 145.3091 0036973 205.8053 153.9693  2.00564505 19464
1 41019U 15062A   18180.56584676  .00000009  00000-0  00000-0 0  9993
2 41019  55.0803 145.2893 0036981 205.7881 153.9872  2.00564465 19476
1 41019U 15062A   18181.06442471  .00000013  00000-0  00000+0 0  9999
2 41019  55.0803 145.2696 0036990 205.7763 153.9999  2.00564470 19483
1 41019U 15062A   18181.56300332  .00000018  00000-0  00000+0 0  9998
2 41019  55.0804 145.2498 0036998 205.7636 154.0140  2.00564468 19499
1 41019U 15062A   18181.56300332  .00000018  00000-0  00000-0 0  9999
2 41019  55.0804 145.2498 0036998 205.7636 154.0140  2.00564468 19499
1 41019U 15062A   18182.56016171  .00000029  00000-0  00000-0 0  9997
2 41019  55.0807 145.2102 0037014 205.7344 154.0468  2.00564460 19518
1 41019U 15062A   18183.05874091  .00000034  00000-0  00000-0 0  9991
2 41019  55.0808 145.1904 0037023 205.7142 154.0692  2.00564469 19523
1 41019U 15062A   18183.05874103  .00000034  00000-0  00000+0 0  9994
2 41019  55.0808 145.1903 0037017 205.7316 154.0517  2.00564460 19525
1 41019U 15062A   18183.55732069  .00000039  00000-0  00000+0 0  9998
2 41019  55.0809 145.1706 0037032 205.7076 154.0779  2.00564460 19538
1 41019U 15062A   18183.55732069  .00000039  00000-0  00000-0 0  9999
2 41019  55.0809 145.1706 0037032 205.7076 154.0779  2.00564460 19538
1 41019U 15062A   18184.55448000  .00000048  00000-0  00000+0 0  9998
2 41019  55.0811 145.1310 0037049 205.6829 154.1070  2.00564449 19559
1 41019U 15062A   18184.55448000  .00000048  00000-0  00000-0 0  9999
2 41019  55.0811 145.1310 0037049 205.6829 154.1070  2.00564449 19559
1 41019U 15062A   18185.55163857  .00000053  00000-0  00000+0 0  9999
2 41019  55.0813 145.0914 0037067 205.6642 154.1294  2.00564429 19571
1 41019U 15062A   18185.55163857  .00000053  00000-0  00000-0 0  9990
2 41019  55.0813 145.0914 0037067 205.6642 154.1294  2.00564429 19571
1 41019U 15062A   18188.04452640  .00000052  00000-0  00000+0 0  9996
2 41019  55.0817 144.9923 0037104 205.6170 154.1792  2.00564350 19623
1 41019U 15062A   18189.54024829  .00000040  00000-0  00000+0 0  9993
2 41019  55.0820 144.9329 0037120 205.5629 154.2293  2.00564402 19651
1 41019U 15062A   18189.54024829  .00000040  00000-0  00000-0 0  9994
2 41019  55.0820 144.9329 0037120 205.5629 154.2293  2.00564402 19651
1 41019U 15062A   18192.03311939  .00000016  00000-0  00000+0 0  9995
2 41019  55.0825 144.8338 0037153 205.4529 154.3285  2.00564272 19702
1 41019U 15062A   18192.03311939  .00000016  00000-0  00000-0 0  9996
2 41019  55.0825 144.8338 0037153 205.4529 154.3285  2.00564272 19702
1 41019U 15062A   18194.52599951  .00000007  00000-0  00000+0 0  9993
2 41019  55.0830 144.7347 0037187 205.3760 154.4024  2.00564255 19758
1 41019U 15062A   18195.52315522  .00000010  00000-0  00000+0 0  9998
2 41019  55.0832 144.6951 0037204 205.3536 154.4274  2.00564307 19778
1 41019U 15062A   18195.52315522  .00000010  00000-0  00000-0 0  9999
2 41019  55.0832 144.6951 0037204 205.3536 154.4274  2.00564307 19778
1 41019U 15062A   18198.01605479  .00000020  00000-0  00000+0 0  9999
2 41019  55.0837 144.5961 0037255 205.2830 154.5087  2.00564304 19821
1 41019U 15062A   18199.01321270  .00000019  00000-0  00000+0 0  9992
2 41019  55.0838 144.5565 0037271 205.2445 154.5505  2.00564325 19842
1 41019U 15062A   18199.01321274  .00000019  00000-0  00000-0 0  9997
2 41019  55.0838 144.5565 0037271 205.2441 154.5508  2.00564325 19841
1 41019U 15062A   18200.01036842  .00000014  00000-0  00000+0 0  9998
2 41019  55.0840 144.5168 0037292 205.2103 154.5862  2.00564338 19860
1 41019U 15062A   18200.50894534  .00000010  00000-0  00000+0 0  9998
2 41019  55.0840 144.4970 0037302 205.1884 154.6082  2.00564346 19872
1 41019U 15062A   18201.00752161  .00000005  00000-0  00000-0 0  9998
2 41019  55.0841 144.4772 0037313 205.1541 154.6423  2.00564362 19883
1 41019U 15062A   18201.50609692 -.00000001  00000-0  00000-0 0  9990
2 41019  55.0842 144.4573 0037319 205.1280 154.6678  2.00564391 19894
1 41019U 15062A   18202.00467355 -.00000007  00000-0  00000+0 0  9999
2 41019  55.0843 144.4375 0037335 205.1275 154.6672  2.00564349 19906
1 41019U 15062A   18202.50324783 -.00000014  00000-0  00000-0 0  9990
2 41019  55.0844 144.4177 0037345 205.1023 154.6914  2.00564392 19917
1 41019U 15062A   18203.00182247 -.00000020  00000-0  00000+0 0  9999
2 41019  55.0845 144.3979 0037359 205.0808 154.7116  2.00564415 19924
1 41019U 15062A   18203.00182247 -.00000020  00000-0  00000-0 0  9990
2 41019  55.0845 144.3979 0037359 205.0808 154.7116  2.00564415 19924
1 41019U 15062A   18203.50039591 -.00000026  00000-0  00000-0 0  9994
2 41019  55.0845 144.3781 0037364 205.0606 154.7307  2.00564481 19933
1 41019U 15062A   18204.49754927 -.00000035  00000-0  00000-0 0  9990
2 41019  55.0847 144.3385 0037388 205.0316 154.7576  2.00564400 19950
1 41019U 15062A   18204.99612390 -.00000038  00000-0  00000-0 0  9995
2 41019  55.0848 144.3187 0037400 205.0229 154.7657  2.00564447 19961
1 41019U 15062A   18205.49470029 -.00000039  00000-0  00000-0 0  9993
2 41019  55.0849 144.2989 0037409 205.0003 154.7880  2.00564452 19975
1 41019U 15062A   18206.49185318 -.00000039  00000-0  00000-0 0  9998
2 41019  55.0850 144.2593 0037435 204.9656 154.8232  2.00564505 19992
1 41019U 15062A   18207.48901062 -.00000034  00000-0  00000-0 0  9995
2 41019  55.0851 144.2197 0037457 204.9398 154.8512  2.00564471 20018
1 41019U 15062A   18208.48616872 -.00000025  00000-0  00000-0 0  9998
2 41019  55.0853 144.1801 0037475 204.8951 154.8997  2.00564491 20036
1 41019U 15062A   18208.98474783 -.00000019  00000-0  00000-0 0  9999
2 41019  55.0854 144.1602 0037481 204.8747 154.9225  2.00564520 20045
1 41019U 15062A   18209.98191022 -.00000008  00000-0  00000+0 0  9999
2 41019  55.0855 144.1206 0037497 204.8080 154.9951  2.00564474 20069
1 41019U 15062A   18210.48049151 -.00000003  00000-0  00000-0 0  9997
2 41019  55.0856 144.1008 0037506 204.8244 154.9816  2.00564446 20073
1 41019U 15062A   18210.97907081  .00000002  00000-0  00000+0 0  9993
2 41019  55.0857 144.0810 0037520 204.7749 155.0344  2.00564507 20086
1 41019U 15062A   18211.47765175  .00000007  00000-0  00000-0 0  9991
2 41019  55.0858 144.0612 0037531 204.7607 155.0517  2.00564498 20094
1 41019U 15062A   18211.97623303  .00000011  00000-0  00000+0 0  9996
2 41019  55.0858 144.0414 0037537 204.7273 155.0882  2.00564478 20104
1 41019U 15062A   18212.47481364  .00000014  00000-0  00000+0 0  9994
2 41019  55.0859 144.0216 0037546 204.7131 155.1052  2.00564467 20117
1 41019U 15062A   18212.47481420  .00000014  00000-0  00000-0 0  9998
2 41019  55.0859 144.0216 0037545 204.6989 155.1195  2.00564449 20114
1 41019U 15062A   18212.97339345  .00000017  00000-0  00000+0 0  9993
2 41019  55.0860 144.0018 0037554 204.6813 155.1396  2.00564470 20120
1 41019U 15062A   18213.47197395  .00000018  00000-0  00000-0 0  9998
2 41019  55.0861 143.9820 0037559 204.6391 155.1842  2.00564437 20136
1 41019U 15062A   18213.97055258  .00000019  00000-0  00000+0 0  9994
2 41019  55.0862 143.9621 0037568 204.6235 155.2016  2.00564442 20144
1 41019U 15062A   18214.46913026  .00000018  00000-0  00000-0 0  9995
2 41019  55.0862 143.9423 0037577 204.6026 155.2238  2.00564454 20152
1 41019U 15062A   18214.96770985  .00000017  00000-0  00000+0 0  9993
2 41019  55.0863 143.9225 0037585 204.5927 155.2344  2.00564375 20162
1 41019U 15062A   18215.46628674  .00000015  00000-0  00000+0 0  9994
2 41019  55.0864 143.9027 0037594 204.5841 155.2433  2.00564367 20179
1 41019U 15062A   18215.96486174  .00000012  00000-0  00000+0 0  9993
2 41019  55.0865 143.8828 0037606 204.5767 155.2503  2.00564397 20181
1 41019U 15062A   18216.46343757  .00000009  00000-0  00000-0 0  9995
2 41019  55.0865 143.8630 0037613 204.5619 155.2645  2.00564382 20198
1 41019U 15062A   18216.96201296  .00000005  00000-0  00000+0 0  9996
2 41019  55.0866 143.8432 0037620 204.5458 155.2795  2.00564366 20208
1 41019U 15062A   18216.96201296  .00000005  00000-0  00000-0 0  9997
2 41019  55.0866 143.8432 0037620 204.5458 155.2795  2.00564366 20208
1 41019U 15062A   18217.46058779  .00000000  00000-0  00000-0 0  9994
2 41019  55.0867 143.8233 0037629 204.5203 155.3037  2.00564356 20215
1 41019U 15062A   18217.95916256 -.00000004  00000-0  00000+0 0  9995
2 41019  55.0868 143.8035 0037634 204.4920 155.3307  2.00564346 20227
1 41019U 15062A   18218.45773772 -.00000009  00000-0  00000-0 0  9991
2 41019  55.0869 143.7837 0037643 204.4618 155.3594  2.00564321 20233
1 41019U 15062A   18218.95631223 -.00000013  00000-0  00000+0 0  9994
2 41019  55.0870 143.7638 0037650 204.4386 155.3814  2.00564327 20246
1 41019U 15062A   18219.45488723 -.00000016  00000-0  00000-0 0  9999
2 41019  55.0871 143.7440 0037658 204.4150 155.4039  2.00564328 20257
1 41019U 15062A   18219.95346336 -.00000019  00000-0  00000+0 0  9999
2 41019  55.0872 143.7241 0037668 204.3863 155.4319  2.00564308 20268
1 41019U 15062A   18220.45203911 -.00000022  00000-0  00000+0 0  9991
2 41019  55.0873 143.7043 0037676 204.3596 155.4584  2.00564328 20278
1 41019U 15062A   18220.45203911 -.00000022  00000-0  00000-0 0  9992
2 41019  55.0873 143.7043 0037676 204.3596 155.4584  2.00564328 20278
1 41019U 15062A   18221.44919291 -.00000023  00000-0  00000+0 0  9997
2 41019  55.0875 143.6646 0037694 204.3375 155.4816  2.00564362 20291
1 41019U 15062A   18222.44635223 -.00000020  00000-0  00000+0 0  9995
2 41019  55.0877 143.6250 0037715 204.2972 155.5253  2.00564319 20311
1 41019U 15062A   18222.44635223 -.00000020  00000-0  00000-0 0  9996
2 41019  55.0877 143.6250 0037715 204.2972 155.5253  2.00564319 20311
1 41019U 15062A   18223.94209301 -.00000012  00000-0  00000-0 0  9997
2 41019  55.0880 143.5655 0037752 204.2330 155.5976  2.00564340 20341
1 41019U 15062A   18224.44067423 -.00000010  00000-0  00000-0 0  9998
2 41019  55.0881 143.5457 0037765 204.2098 155.6238  2.00564333 20352
1 41019U 15062A   18225.43783549 -.00000006  00000-0  00000-0 0  9997
2 41019  55.0882 143.5060 0037788 204.1710 155.6681  2.00564337 20376
1 41019U 15062A   18225.93641277 -.00000006  00000-0  00000-0 0  9993
2 41019  55.0883 143.4862 0037798 204.1530 155.6884  2.00564434 20381
1 41019U 15062A   18226.93357329 -.00000008  00000-0  00000+0 0  9997
2 41019  55.0885 143.4465 0037818 204.1078 155.7370  2.00564362 20406
1 41019U 15062A   18227.43215097 -.00000011  00000-0  00000-0 0  9993
2 41019  55.0885 143.4267 0037830 204.0833 155.7625  2.00564383 20415
1 41019U 15062A   18227.93072824 -.00000015  00000-0  00000+0 0  9990
2 41019  55.0886 143.4068 0037841 204.0632 155.7831  2.00564395 20427
1 41019U 15062A   18228.42930540 -.00000020  00000-0  00000+0 0  9999
2 41019  55.0887 143.3870 0037852 204.0415 155.8049  2.00564391 20438
1 41019U 15062A   18228.42930540 -.00000020  00000-0  00000-0 0  9990
2 41019  55.0887 143.3870 0037852 204.0415 155.8049  2.00564391 20438
1 41019U 15062A   18229.42645651 -.00000032  00000-0  00000+0 0  9999
2 41019  55.0889 143.3473 0037877 203.9972 155.8485  2.00564446 20459
1 41019U 15062A   18229.42645651 -.00000032  00000-0  00000-0 0  9990
2 41019  55.0889 143.3473 0037877 203.9972 155.8485  2.00564446 20459
1 41019U 15062A   18230.42360830 -.00000043  00000-0  00000-0 0  9997
2 41019  55.0890 143.3077 0037900 203.9263 155.9182  2.00564455 20478
1 41019U 15062A   18230.92218346 -.00000049  00000-0  00000+0 0  9991
2 41019  55.0891 143.2878 0037913 203.9075 155.9364  2.00564478 20480
1 41019U 15062A   18230.92218346 -.00000049  00000-0  00000-0 0  9992
2 41019  55.0891 143.2878 0037913 203.9075 155.9364  2.00564478 20480
1 41019U 15062A   18231.42075882 -.00000053  00000-0  00000-0 0  9999
2 41019  55.0892 143.2680 0037922 203.8983 155.9449  2.00564494 20492
1 41019U 15062A   18231.91933540 -.00000056  00000-0  00000+0 0  9999
2 41019  55.0893 143.2482 0037936 203.8829 155.9599  2.00564482 20502
1 41019U 15062A   18232.41791124 -.00000058  00000-0  00000+0 0  9997
2 41019  55.0894 143.2284 0037951 203.8721 155.9707  2.00564509 20513
1 41019U 15062A   18232.41791124 -.00000058  00000-0  00000-0 0  9998
2 41019  55.0894 143.2284 0037951 203.8721 155.9707  2.00564509 20513
1 41019U 15062A   18234.41222250 -.00000053  00000-0  00000-0 0  9994
2 41019  55.0898 143.1491 0038002 203.7833 156.0630  2.00564526 20557
1 41019U 15062A   18234.91080196 -.00000049  00000-0  00000+0 0  9994
2 41019  55.0899 143.1293 0038013 203.7564 156.0918  2.00564521 20566
1 41019U 15062A   18235.40938088 -.00000044  00000-0  00000-0 0  9997
2 41019  55.0900 143.1094 0038025 203.7373 156.1132  2.00564547 20577
1 41019U 15062A   18235.90796100 -.00000039  00000-0  00000+0 0  9992
2 41019  55.0901 143.0896 0038036 203.7186 156.1344  2.00564546 20586
1 41019U 15062A   18236.40654220 -.00000033  00000-0  00000-0 0  9999
2 41019  55.0902 143.0698 0038045 203.7018 156.1541  2.00564522 20595
1 41019U 15062A   18237.40370242 -.00000020  00000-0  00000-0 0  9995
2 41019  55.0903 143.0302 0038074 203.6478 156.2147  2.00564579 20617
1 41019U 15062A   18237.90228488 -.00000014  00000-0  00000+0 0  9996
2 41019  55.0904 143.0104 0038091 203.6055 156.2606  2.00564537 20623
1 41019U 15062A   18237.90228488 -.00000014  00000-0  00000-0 0  9997
2 41019  55.0904 143.0104 0038091 203.6055 156.2606  2.00564537 20623
1 41019U 15062A   18238.40086666 -.00000008  00000-0  00000+0 0  9995
2 41019  55.0905 142.9906 0038104 203.5914 156.2781  2.00564509 20634
1 41019U 15062A   18238.40086666 -.00000008  00000-0  00000-0 0  9996
2 41019  55.0905 142.9906 0038104 203.5914 156.2781  2.00564509 20634
1 41019U 15062A   18239.39802854  .00000001  00000-0  00000-0 0  9992
2 41019  55.0907 142.9509 0038126 203.5296 156.3466  2.00564506 20652
1 41019U 15062A   18239.89660912  .00000005  00000-0  00000+0 0  9997
2 41019  55.0908 142.9311 0038138 203.5164 156.3628  2.00564496 20660
1 41019U 15062A   18240.39518838  .00000008  00000-0  00000-0 0  9997
2 41019  55.0909 142.9112 0038148 203.4821 156.3998  2.00564519 20677
1 41019U 15062A   18240.89376863  .00000010  00000-0  00000+0 0  9994
2 41019  55.0910 142.8914 0038157 203.4656 156.4186  2.00564485 20687
1 41019U 15062A   18241.39234803  .00000011  00000-0  00000-0 0  9999
2 41019  55.0911 142.8716 0038167 203.4507 156.4353  2.00564460 20694
1 41019U 15062A   18241.89092491  .00000011  00000-0  00000+0 0  9998
2 41019  55.0912 142.8517 0038179 203.4315 156.4558  2.00564497 20703
1 41019U 15062A   18242.38950238  .00000010  00000-0  00000+0 0  9994
2 41019  55.0913 142.8319 0038187 203.4219 156.4661  2.00564495 20710
1 41019U 15062A   18243.38665649  .00000006  00000-0  00000-0 0  9990
2 41019  55.0915 142.7922 0038210 203.3680 156.5203  2.00564435 20738
1 41019U 15062A   18243.88523257  .00000004  00000-0  00000+0 0  9990
2 41019  55.0916 142.7724 0038219 203.3529 156.5347  2.00564409 20741
1 41019U 15062A   18244.38380683  .00000000  00000-0  00000-0 0  9997
2 41019  55.0917 142.7526 0038231 203.3347 156.5520  2.00564427 20758
1 41019U 15062A   18245.38095681 -.00000007  00000-0  00000+0 0  9996
2 41019  55.0919 142.7129 0038247 203.3133 156.5707  2.00564395 20772
1 41019U 15062A   18245.38095704 -.00000007  00000-0  00000-0 0  9993
2 41019  55.0919 142.7129 0038250 203.2910 156.5932  2.00564387 20779
1 41019U 15062A   18245.87953102 -.00000010  00000-0  00000+0 0  9995
2 41019  55.0920 142.6931 0038262 203.2659 156.6169  2.00564401 20785
1 41019U 15062A   18246.37810590 -.00000014  00000-0  00000-0 0  9999
2 41019  55.0922 142.6733 0038273 203.2454 156.6362  2.00564394 20799
1 41019U 15062A   18246.87668101 -.00000016  00000-0  00000+0 0  9994
2 41019  55.0923 142.6534 0038285 203.2120 156.6688  2.00564394 20805
1 41019U 15062A   18247.37525711 -.00000018  00000-0  00000+0 0  9991
2 41019  55.0924 142.6336 0038297 203.1978 156.6824  2.00564376 20812
1 41019U 15062A   18247.37525711 -.00000018  00000-0  00000-0 0  9992
2 41019  55.0924 142.6336 0038297 203.1978 156.6824  2.00564376 20812
1 41019U 15062A   18248.37241020 -.00000019  00000-0  00000+0 0  9991
2 41019  55.0927 142.5939 0038316 203.1648 156.7157  2.00564390 20837
1 41019U 15062A   18249.36956696 -.00000016  00000-0  00000-0 0  9991
2 41019  55.0929 142.5542 0038349 203.1094 156.7737  2.00564380 20855
1 41019U 15062A   18249.86814633 -.00000014  00000-0  00000+0 0  9997
2 41019  55.0930 142.5344 0038362 203.0900 156.7952  2.00564380 20867
1 41019U 15062A   18250.36672581 -.00000011  00000-0  00000-0 0  9996
2 41019  55.0932 142.5146 0038374 203.0720 156.8155  2.00564396 20876
1 41019U 15062A   18250.86530615 -.00000007  00000-0  00000+0 0  9996
2 41019  55.0933 142.4947 0038390 203.0510 156.8392  2.00564395 20883
1 41019U 15062A   18251.36388738 -.00000004  00000-0  00000-0 0  9997
2 41019  55.0934 142.4749 0038402 203.0340 156.8590  2.00564371 20894
1 41019U 15062A   18251.86246703 -.00000001  00000-0  00000+0 0  9993
2 41019  55.0935 142.4551 0038415 203.0124 156.8834  2.00564405 20901
1 41019U 15062A   18252.36104764  .00000002  00000-0  00000-0 0  9990
2 41019  55.0936 142.4352 0038430 202.9885 156.9100  2.00564397 20918
1 41019U 15062A   18252.85962714  .00000003  00000-0  00000+0 0  9991
2 41019  55.0938 142.4154 0038442 202.9686 156.9322  2.00564416 20921
1 41019U 15062A   18253.35820669  .00000004  00000-0  00000-0 0  9991
2 41019  55.0939 142.3956 0038457 202.9500 156.9528  2.00564413 20938
1 41019U 15062A   18254.35536268  .00000002  00000-0  00000-0 0  9999
2 41019  55.0941 142.3560 0038483 202.9194 156.9859  2.00564452 20952
1 41019U 15062A   18254.35536275  .00000002  00000-0  00000+0 0  9996
2 41019  55.0941 142.3560 0038475 202.9358 156.9694  2.00564443 20952
1 41019U 15062A   18254.85393984 -.00000001  00000-0  00000+0 0  9999
2 41019  55.0942 142.3361 0038497 202.8709 157.0351  2.00564475 20963
1 41019U 15062A   18255.35251713 -.00000004  00000-0  00000-0 0  9992
2 41019  55.0943 142.3163 0038511 202.8504 157.0557  2.00564461 20978
1 41019U 15062A   18255.85109322 -.00000009  00000-0  00000+0 0  9999
2 41019  55.0944 142.2964 0038526 202.8243 157.0815  2.00564470 20981
1 41019U 15062A   18255.85109322 -.00000009  00000-0  00000-0 0  9990
2 41019  55.0944 142.2964 0038526 202.8243 157.0815  2.00564470 20981
1 41019U 15062A   18256.34966846 -.00000014  00000-0  00000-0 0  9993
2 41019  55.0945 142.2765 0038540 202.7945 157.1108  2.00564493 20997
1 41019U 15062A   18256.84824488 -.00000019  00000-0  00000+0 0  9997
2 41019  55.0946 142.2567 0038556 202.7806 157.1237  2.00564460 21001
1 41019U 15062A   18257.34681823 -.00000025  00000-0  00000-0 0  9995
2 41019  55.0947 142.2369 0038572 202.7590 157.1442  2.00564526 21012
1 41019U 15062A   18257.84539386 -.00000030  00000-0  00000+0 0  9991
2 41019  55.0949 142.2170 0038588 202.7430 157.1591  2.00564508 21020
1 41019U 15062A   18258.34396862 -.00000034  00000-0  00000-0 0  9992
2 41019  55.0950 142.1972 0038602 202.7245 157.1765  2.00564526 21036
1 41019U 15062A   18258.84254440 -.00000037  00000-0  00000+0 0  9994
2 41019  55.0951 142.1773 0038612 202.7148 157.1853  2.00564511 21042
1 41019U 15062A   18259.34111882 -.00000040  00000-0  00000-0 0  9997
2 41019  55.0953 142.1575 0038638 202.6863 157.2131  2.00564561 21051
1 41019U 15062A   18259.83969450 -.00000041  00000-0  00000+0 0  9993
2 41019  55.0954 142.1377 0038656 202.6683 157.2308  2.00564577 21066
1 41019U 15062A   18260.33827030 -.00000041  00000-0  00000-0 0  9998
2 41019  55.0955 142.1178 0038672 202.6471 157.2520  2.00564606 21079
1 41019U 15062A   18260.83684766 -.00000039  00000-0  00000+0 0  9996
2 41019  55.0957 142.0980 0038687 202.6273 157.2721  2.00564598 21081
1 41019U 15062A   18261.33542591 -.00000036  00000-0  00000-0 0  9999
2 41019  55.0958 142.0782 0038704 202.6022 157.2980  2.00564580 21093
1 41019U 15062A   18261.83400346 -.00000032  00000-0  00000-0 0  9991
2 41019  55.0959 142.0584 0038718 202.5737 157.3278  2.00564605 21102
1 41019U 15062A   18262.33258145 -.00000027  00000-0  00000-0 0  9999
2 41019  55.0960 142.0385 0038734 202.5531 157.3499  2.00564629 21115
1 41019U 15062A   18262.83116105 -.00000021  00000-0  00000-0 0  9997
2 41019  55.0962 142.0187 0038747 202.5512 157.3536  2.00564606 21128
1 41019U 15062A   18264.32690012 -.00000001  00000-0  00000-0 0  9995
2 41019  55.0965 141.9593 0038790 202.4872 157.4251  2.00564615 21154
1 41019U 15062A   18264.82547999  .00000005  00000-0  00000-0 0  9998
2 41019  55.0967 141.9394 0038806 202.4623 157.4529  2.00564625 21167
1 41019U 15062A   18265.32405971  .00000012  00000-0  00000-0 0  9995
2 41019  55.0968 141.9196 0038820 202.4517 157.4662  2.00564638 21179
1 41019U 15062A   18265.82264037  .00000018  00000-0  00000-0 0  9992
2 41019  55.0969 141.8998 0038834 202.4335 157.4872  2.00564617 21183
1 41019U 15062A   18266.32122162  .00000023  00000-0  00000-0 0  9996
2 41019  55.0971 141.8799 0038850 202.4045 157.5190  2.00564570 21194
1 41019U 15062A   18267.31838021  .00000032  00000-0  00000-0 0  9994
2 41019  55.0973 141.8403 0038879 202.3753 157.5530  2.00564577 21212
1 41019U 15062A   18267.31838096  .00000032  00000-0  00000-0 0  9996
2 41019  55.0973 141.8403 0038877 202.3820 157.5462  2.00564554 21214
1 41019U 15062A   18268.31553730  .00000038  00000-0  00000-0 0  9992
2 41019  55.0976 141.8007 0038910 202.3378 157.5938  2.00564564 21234
1 41019U 15062A   18268.81411360  .00000039  00000-0  00000+0 0  9999
2 41019  55.0977 141.7808 0038925 202.3301 157.6024  2.00564594 21246
1 41019U 15062A   18268.81411360  .00000039  00000-0  00000-0 0  9990
2 41019  55.0977 141.7808 0038925 202.3301 157.6024  2.00564594 21246
1 41019U 15062A   18269.31269247  .00000040  00000-0  00000-0 0  9993
2 41019  55.0979 141.7610 0038937 202.3212 157.6118  2.00564518 21254
1 41019U 15062A   18269.81126908  .00000039  00000-0  00000+0 0  9991
2 41019  55.0980 141.7412 0038954 202.2859 157.6472  2.00564499 21263
1 41019U 15062A   18271.30699264  .00000034  00000-0  00000-0 0  9994
2 41019  55.0984 141.6817 0038992 202.2470 157.6830  2.00564511 21292
1 41019U 15062A   18271.80556690  .00000031  00000-0  00000+0 0  9990
2 41019  55.0986 141.6618 0039004 202.2498 157.6783  2.00564484 21306
1 41019U 15062A   18273.30128783  .00000023  00000-0  00000+0 0  9996
2 41019  55.0990 141.6024 0039043 202.1993 157.7226  2.00564448 21330
1 41019U 15062A   18273.30128783  .00000023  00000-0  00000-0 0  9997
2 41019  55.0990 141.6024 0039043 202.1993 157.7226  2.00564448 21330
1 41019U 15062A   18274.29843511  .00000019  00000-0  00000-0 0  9994
2 41019  55.0993 141.5627 0039073 202.1613 157.7570  2.00564457 21357
1 41019U 15062A   18274.79700958  .00000018  00000-0  00000+0 0  9994
2 41019  55.0995 141.5428 0039087 202.1515 157.7656  2.00564459 21362
1 41019U 15062A   18276.29273817  .00000020  00000-0  00000-0 0  9994
2 41019  55.1000 141.4833 0039129 202.1065 157.8099  2.00564446 21397
1 41019U 15062A   18277.28989410  .00000025  00000-0  00000+0 0  9991
2 41019  55.1003 141.4436 0039160 202.0803 157.8381  2.00564437 21410
1 41019U 15062A   18278.28705223  .00000032  00000-0  00000+0 0  9998
2 41019  55.1006 141.4040 0039194 202.0419 157.8800  2.00564426 21430
1 41019U 15062A   18279.28420938  .00000039  00000-0  00000-0 0  9994
2 41019  55.1009 141.3643 0039236 202.0033 157.9223  2.00564463 21453
1 41019U 15062A   18280.28136629  .00000044  00000-0  00000-0 0  9993
2 41019  55.1012 141.3247 0039263 201.9930 157.9354  2.00564471 21477
1 41019U 15062A   18280.77994449  .00000044  00000-0  00000+0 0  9998
2 41019  55.1014 141.3048 0039272 201.9976 157.9316  2.00564455 21489
1 41019U 15062A   18281.27852087  .00000044  00000-0  00000+0 0  9995
2 41019  55.1015 141.2850 0039297 201.9743 157.9553  2.00564486 21497
1 41019U 15062A   18281.27852087  .00000044  00000-0  00000-0 0  9996
2 41019  55.1015 141.2850 0039297 201.9743 157.9553  2.00564486 21497
1 41019U 15062A   18282.27567227  .00000039  00000-0  00000-0 0  9990
2 41019  55.1018 141.2453 0039331 201.9458 157.9831  2.00564520 21512
1 41019U 15062A   18282.77424797  .00000035  00000-0  00000+0 0  9994
2 41019  55.1020 141.2255 0039355 201.9117 158.0162  2.00564509 21520
1 41019U 15062A   18283.27282200  .00000031  00000-0  00000-0 0  9998
2 41019  55.1021 141.2056 0039373 201.8962 158.0302  2.00564531 21539
1 41019U 15062A   18283.77139550  .00000026  00000-0  00000+0 0  9995
2 41019  55.1022 141.1858 0039391 201.8762 158.0484  2.00564557 21547
1 41019U 15062A   18284.26996887  .00000020  00000-0  00000-0 0  9999
2 41019  55.1024 141.1660 0039411 201.8571 158.0656  2.00564577 21555
1 41019U 15062A   18285.26711614  .00000010  00000-0  00000+0 0  9991
2 41019  55.1027 141.1263 0039439 201.8470 158.0713  2.00564576 21570
1 41019U 15062A   18285.26711739  .00000010  00000-0  00000-0 0  9990
2 41019  55.1027 141.1263 0039446 201.8384 158.0799  2.00564534 21570
1 41019U 15062A   18285.76568998  .00000006  00000-0  00000+0 0  9996
2 41019  55.1029 141.1064 0039466 201.8314 158.0848  2.00564574 21586
1 41019U 15062A   18286.26426362  .00000003  00000-0  00000+0 0  9997
2 41019  55.1030 141.0866 0039485 201.8193 158.0950  2.00564587 21592
1 41019U 15062A   18286.26426362  .00000003  00000-0  00000-0 0  9998
2 41019  55.1030 141.0866 0039485 201.8193 158.0950  2.00564587 21592
1 41019U 15062A   18287.75998649  .00000001  00000-0  00000+0 0  9992
2 41019  55.1035 141.0271 0039545 201.7770 158.1335  2.00564644 21620
1 41019U 15062A   18289.25571495  .00000011  00000-0  00000-0 0  9997
2 41019  55.1040 140.9676 0039599 201.7560 158.1540  2.00564657 21654
1 41019U 15062A   18289.25571573  .00000011  00000-0  00000+0 0  9993
2 41019  55.1040 140.9676 0039594 201.7600 158.1500  2.00564629 21659
1 41019U 15062A   18289.75429178  .00000017  00000-0  00000+0 0  9997
2 41019  55.1042 140.9478 0039612 201.7478 158.1628  2.00564672 21665
1 41019U 15062A   18290.25286922  .00000023  00000-0  00000-0 0  9990
2 41019  55.1044 140.9280 0039635 201.7347 158.1769  2.00564683 21677
1 41019U 15062A   18290.75144742  .00000029  00000-0  00000+0 0  9993
2 41019  55.1046 140.9082 0039651 201.7269 158.1859  2.00564677 21684
1 41019U 15062A   18291.25002508  .00000036  00000-0  00000-0 0  9991
2 41019  55.1047 140.8884 0039668 201.7117 158.2027  2.00564702 21692
1 41019U 15062A   18292.24718238  .00000050  00000-0  00000+0 0  9990
2 41019  55.1050 140.8487 0039689 201.7033 158.2145  2.00564686 21710
1 41019U 15062A   18292.24718300  .00000050  00000-0  00000-0 0  9991
2 41019  55.1050 140.8487 0039705 201.6795 158.2384  2.00564676 21717
1 41019U 15062A   18292.74576176  .00000056  00000-0  00000+0 0  9994
2 41019  55.1052 140.8289 0039722 201.6704 158.2492  2.00564670 21723
1 41019U 15062A   18293.24434053  .00000062  00000-0  00000-0 0  9995
2 41019  55.1054 140.8090 0039741 201.6554 158.2660  2.00564658 21733
1 41019U 15062A   18294.24149665  .00000072  00000-0  00000+0 0  9998
2 41019  55.1057 140.7694 0039775 201.6452 158.2791  2.00564654 21752
1 41019U 15062A   18294.24149665  .00000072  00000-0  00000-0 0  9999
2 41019  55.1057 140.7694 0039775 201.6452 158.2791  2.00564654 21752
1 41019U 15062A   18294.24149695  .00000072  00000-0  00000+0 0  9991
2 41019  55.1057 140.7694 0039772 201.6506 158.2737  2.00564647 21751
1 41019U 15062A   18294.24149695  .00000072  00000-0  00000-0 0  9992
2 41019  55.1057 140.7694 0039772 201.6506 158.2737  2.00564647 21751
1 41019U 15062A   18295.73722824  .00000080  00000-0  00000-0 0  9997
2 41019  55.1062 140.7099 0039811 201.6416 158.2845  2.00564616 21789
1 41019U 15062A   18295.73722851  .00000080  00000-0  00000+0 0  9996
2 41019  55.1062 140.7099 0039827 201.6244 158.3018  2.00564602 21783
1 41019U 15062A   18296.23580379  .00000081  00000-0  00000-0 0  9991
2 41019  55.1063 140.6901 0039845 201.6167 158.3092  2.00564612 21805
1 41019U 15062A   18296.73437977  .00000082  00000-0  00000+0 0  9991
2 41019  55.1065 140.6703 0039863 201.6071 158.3180  2.00564573 21805
1 41019U 15062A   18297.23295366  .00000081  00000-0  00000+0 0  9990
2 41019  55.1067 140.6504 0039879 201.6028 158.3210  2.00564584 21812
1 41019U 15062A   18298.23010070  .00000078  00000-0  00000-0 0  9995
2 41019  55.1070 140.6108 0039913 201.5898 158.3301  2.00564560 21836
1 41019U 15062A   18298.72867352  .00000075  00000-0  00000+0 0  9998
2 41019  55.1072 140.5909 0039921 201.6017 158.3155  2.00564551 21847
1 41019U 15062A   18299.72581784  .00000070  00000-0  00000+0 0  9996
2 41019  55.1076 140.5513 0039962 201.5687 158.3426  2.00564527 21865
1 41019U 15062A   18299.72581803  .00000070  00000-0  00000-0 0  9999
2 41019  55.1075 140.5513 0039947 201.5902 158.3211  2.00564529 21861
1 41019U 15062A   18300.22439011  .00000067  00000-0  00000-0 0  9996
2 41019  55.1077 140.5314 0039976 201.5621 158.3461  2.00564509 21878
1 41019U 15062A   18300.72296220  .00000064  00000-0  00000+0 0  9990
2 41019  55.1079 140.5116 0039995 201.5534 158.3518  2.00564499 21886
1 41019U 15062A   18300.72296220  .00000064  00000-0  00000-0 0  9991
2 41019  55.1079 140.5116 0039995 201.5534 158.3518  2.00564499 21886
1 41019U 15062A   18301.22153384  .00000062  00000-0  00000-0 0  9998
2 41019  55.1081 140.4918 0040009 201.5474 158.3549  2.00564520 21899
1 41019U 15062A   18301.72010726  .00000060  00000-0  00000+0 0  9992
2 41019  55.1083 140.4719 0040026 201.5392 158.3607  2.00564493 21904
1 41019U 15062A   18303.21582950  .00000060  00000-0  00000+0 0  9991
2 41019  55.1088 140.4124 0040072 201.5277 158.3673  2.00564490 21935
1 41019U 15062A   18304.21297091  .00000064  00000-0  00000+0 0  9995
2 41019  55.1085 140.3729 0039905 201.8383 158.0517  2.00564611 21957
1 41019U 15062A   18304.21297490  .00000064  00000-0  00000-0 0  9999
2 41019  55.1086 140.3725 0039483 202.1787 157.7163  2.00564663 21957
1 41019U 15062A   18304.21298273  .00000064  00000-0  00000+0 0  9998
2 41019  55.1085 140.3729 0039905 201.8383 158.0602  2.00564611 21952
1 41019U 15062A   18304.21298277  .00000064  00000-0  00000+0 0  9992
2 41019  55.1092 140.3728 0040112 201.5142 158.3802  2.00564442 21958
1 41019U 15062A   18304.46160507  .00000065  00000-0  00000+0 0  9994
2 41019  55.1087 140.3630 0039948 201.7676 337.6493  2.00564557 21958
1 41019U 15062A   18305.21013582  .00000070  00000-0  00000+0 0  9994
2 41019  55.1096 140.3331 0040159 201.5057 158.3896  2.00564474 21978
1 41019U 15062A   18305.21013582  .00000070  00000-0  00000-0 0  9995
2 41019  55.1096 140.3331 0040159 201.5057 158.3896  2.00564474 21978
1 41019U 15062A   18306.20729082  .00000076  00000-0  00000+0 0  9999
2 41019  55.1100 140.2935 0040202 201.4951 158.4019  2.00564486 21997
1 41019U 15062A   18306.20729082  .00000076  00000-0  00000-0 0  9990
2 41019  55.1100 140.2935 0040202 201.4951 158.4019  2.00564486 21997
1 41019U 15062A   18307.20444524  .00000081  00000-0  00000-0 0  9992
2 41019  55.1103 140.2538 0040238 201.4950 158.4032  2.00564500 22013
1 41019U 15062A   18307.70302220  .00000082  00000-0  00000+0 0  9993
2 41019  55.1105 140.2340 0040250 201.5031 158.3953  2.00564492 22023
1 41019U 15062A   18309.69732229  .00000074  00000-0  00000+0 0  9990
2 41019  55.1111 140.1547 0040311 201.5073 158.3870  2.00564516 22061
1 41019U 15062A   18309.69732229  .00000074  00000-0  00000-0 0  9991
2 41019  55.1111 140.1547 0040311 201.5073 158.3870  2.00564516 22061
1 41019U 15062A   18310.69446820  .00000064  00000-0  00000+0 0  9990
2 41019  55.1115 140.1150 0040351 201.4977 158.3919  2.00564545 22089
1 41019U 15062A   18310.69446820  .00000064  00000-0  00000-0 0  9991
2 41019  55.1115 140.1150 0040351 201.4977 158.3919  2.00564545 22089
1 41019U 15062A   18311.69161285  .00000052  00000-0  00000-0 0  9998
2 41019  55.1118 140.0754 0040391 201.4910 158.3928  2.00564565 22107
1 41019U 15062A   18312.19018509  .00000047  00000-0  00000+0 0  9997
2 41019  55.1120 140.0556 0040421 201.4777 158.4030  2.00564583 22111
1 41019U 15062A   18312.68875679  .00000041  00000-0  00000-0 0  9995
2 41019  55.1121 140.0357 0040433 201.4855 158.3921  2.00564596 22124
1 41019U 15062A   18312.68875717  .00000041  00000-0  00000+0 0  9997
2 41019  55.1122 140.0357 0040452 201.4720 158.4056  2.00564597 22128
1 41019U 15062A   18314.68304849  .00000031  00000-0  00000-0 0  9992
2 41019  55.1128 139.9564 0040521 201.4916 158.3760  2.00564630 22168
1 41019U 15062A   18315.18162223  .00000031  00000-0  00000+0 0  9995
2 41019  55.1130 139.9366 0040541 201.4964 158.3695  2.00564648 22173
1 41019U 15062A   18315.18162228  .00000031  00000-0  00000-0 0  9991
2 41019  55.1130 139.9366 0040562 201.4871 158.3788  2.00564661 22171
1 41019U 15062A   18316.67734725  .00000040  00000-0  00000+0 0  9992
2 41019  55.1136 139.8772 0040621 201.4974 158.3660  2.00564700 22204
1 41019U 15062A   18316.67734735  .00000040  00000-0  00000-0 0  9994
2 41019  55.1135 139.8771 0040604 201.5073 158.3562  2.00564683 22205
1 41019U 15062A   18317.67450031  .00000051  00000-0  00000-0 0  9991
2 41019  55.1139 139.8375 0040644 201.5097 158.3541  2.00564694 22220
1 41019U 15062A   18318.17307791  .00000057  00000-0  00000+0 0  9996
2 41019  55.1141 139.8177 0040660 201.5134 158.3510  2.00564681 22236
1 41019U 15062A   18318.17307794  .00000057  00000-0  00000-0 0  9990
2 41019  55.1141 139.8177 0040679 201.5007 158.3638  2.00564691 22237
1 41019U 15062A   18319.17023315  .00000069  00000-0  00000+0 0  9997
2 41019  55.1144 139.7780 0040701 201.5105 158.3558  2.00564679 22253
1 41019U 15062A   18319.66881078  .00000075  00000-0  00000-0 0  9997
2 41019  55.1146 139.7582 0040723 201.5060 158.3615  2.00564683 22269
1 41019U 15062A   18320.16738816  .00000081  00000-0  00000+0 0  9991
2 41019  55.1148 139.7384 0040739 201.5083 158.3603  2.00564692 22271
1 41019U 15062A   18320.16738816  .00000081  00000-0  00000-0 0  9992
2 41019  55.1148 139.7384 0040739 201.5083 158.3603  2.00564692 22271
1 41019U 15062A   18320.66596621  .00000086  00000-0  00000-0 0  9998
2 41019  55.1149 139.7186 0040756 201.5114 158.3581  2.00564674 22282
1 41019U 15062A   18321.16454328  .00000090  00000-0  00000+0 0  9995
2 41019  55.1151 139.6988 0040785 201.5120 158.3583  2.00564682 22295
1 41019U 15062A   18321.16454328  .00000090  00000-0  00000-0 0  9996
2 41019  55.1151 139.6988 0040785 201.5120 158.3583  2.00564682 22295
1 41019U 15062A   18321.66312056  .00000094  00000-0  00000-0 0  9996
2 41019  55.1153 139.6790 0040791 201.5171 158.3539  2.00564664 22304
1 41019U 15062A   18322.66027324  .00000098  00000-0  00000-0 0  9992
2 41019  55.1156 139.6393 0040833 201.5227 158.3485  2.00564647 22328
1 41019U 15062A   18323.15884854  .00000099  00000-0  00000+0 0  9996
2 41019  55.1158 139.6195 0040852 201.5310 158.3397  2.00564644 22334
1 41019U 15062A   18323.15884870  .00000099  00000-0  00000-0 0  9995
2 41019  55.1158 139.6195 0040869 201.5256 158.3450  2.00564629 22334
1 41019U 15062A   18324.15599790  .00000099  00000-0  00000+0 0  9999
2 41019  55.1161 139.5798 0040905 201.5423 158.3258  2.00564598 22356
1 41019U 15062A   18325.65171705  .00000093  00000-0  00000-0 0  9992
2 41019  55.1166 139.5204 0040949 201.5707 158.2902  2.00564560 22383
1 41019U 15062A   18325.65171707  .00000093  00000-0  00000+0 0  9993
2 41019  55.1153 139.5199 0040498 201.7953 158.0655  2.00564577 22387
1 41019U 15062A   18326.15028877  .00000090  00000-0  00000+0 0  9995
2 41019  55.1168 139.5005 0040969 201.5756 158.2821  2.00564554 22394
1 41019U 15062A   18326.64886029  .00000086  00000-0  00000-0 0  9996
2 41019  55.1170 139.4807 0040990 201.5819 158.2724  2.00564546 22405
1 41019U 15062A   18327.14743180  .00000083  00000-0  00000+0 0  9998
2 41019  55.1172 139.4609 0041007 201.5843 158.2666  2.00564534 22417
1 41019U 15062A   18327.64600320  .00000079  00000-0  00000-0 0  9997
2 41019  55.1174 139.4411 0041023 201.5897 158.2577  2.00564528 22422
1 41019U 15062A   18328.14457515  .00000076  00000-0  00000+0 0  9995
2 41019  55.1176 139.4213 0041040 201.5920 158.2520  2.00564508 22437
1 41019U 15062A   18328.14457515  .00000076  00000-0  00000-0 0  9996
2 41019  55.1176 139.4213 0041040 201.5920 158.2520  2.00564508 22437
1 41019U 15062A   18328.64314714  .00000073  00000-0  00000-0 0  9991
2 41019  55.1177 139.4014 0041048 201.6020 158.2389  2.00564508 22441
1 41019U 15062A   18329.14171945  .00000071  00000-0  00000+0 0  9991
2 41019  55.1179 139.3816 0041065 201.6065 158.2317  2.00564508 22452
1 41019U 15062A   18329.14171945  .00000071  00000-0  00000-0 0  9992
2 41019  55.1179 139.3816 0041065 201.6065 158.2317  2.00564508 22452
1 41019U 15062A   18330.13886695  .00000069  00000-0  00000+0 0  9994
2 41019  55.1183 139.3420 0041113 201.6165 158.2175  2.00564478 22473
1 41019U 15062A   18330.13886695  .00000069  00000-0  00000-0 0  9995
2 41019  55.1183 139.3420 0041113 201.6165 158.2175  2.00564478 22473
1 41019U 15062A   18331.13601672  .00000071  00000-0  00000+0 0  9998
2 41019  55.1187 139.3024 0041158 201.6248 158.2072  2.00564476 22494
1 41019U 15062A   18331.63459337  .00000072  00000-0  00000+0 0  9993
2 41019  55.1188 139.2825 0041172 201.6390 158.1928  2.00564458 22508
1 41019U 15062A   18332.63174682  .00000077  00000-0  00000-0 0  9997
2 41019  55.1192 139.2429 0041213 201.6593 158.1730  2.00564465 22525
1 41019U 15062A   18333.13032382  .00000080  00000-0  00000+0 0  9996
2 41019  55.1194 139.2231 0041235 201.6680 158.1649  2.00564475 22530
1 41019U 15062A   18333.62890109  .00000082  00000-0  00000-0 0  9992
2 41019  55.1196 139.2032 0041244 201.6828 158.1507  2.00564477 22541
1 41019U 15062A   18334.12747843  .00000083  00000-0  00000+0 0  9994
2 41019  55.1197 139.1834 0041273 201.6921 158.1418  2.00564473 22555
1 41019U 15062A   18334.62605514  .00000084  00000-0  00000-0 0  9999
2 41019  55.1199 139.1636 0041286 201.7071 158.1270  2.00564475 22567
1 41019U 15062A   18335.12463169  .00000084  00000-0  00000+0 0  9992
2 41019  55.1201 139.1437 0041312 201.7148 158.1193  2.00564473 22578
1 41019U 15062A   18335.62320720  .00000082  00000-0  00000-0 0  9991
2 41019  55.1202 139.1239 0041323 201.7241 158.1094  2.00564485 22589
1 41019U 15062A   18336.12178217  .00000080  00000-0  00000+0 0  9996
2 41019  55.1204 139.1041 0041346 201.7327 158.0997  2.00564492 22592
1 41019U 15062A   18337.11893011  .00000071  00000-0  00000+0 0  9992
2 41019  55.1207 139.0644 0041374 201.7552 158.0737  2.00564503 22612
1 41019U 15062A   18337.61750260  .00000065  00000-0  00000-0 0  9999
2 41019  55.1208 139.0446 0041395 201.7628 158.0637  2.00564532 22622
1 41019U 15062A   18338.11607572  .00000059  00000-0  00000+0 0  9994
2 41019  55.1210 139.0248 0041424 201.7678 158.0559  2.00564530 22635
1 41019U 15062A   18338.61464799  .00000052  00000-0  00000-0 0  9995
2 41019  55.1212 139.0050 0041449 201.7769 158.0437  2.00564541 22644
1 41019U 15062A   18339.11322003  .00000046  00000-0  00000+0 0  9994
2 41019  55.1213 138.9852 0041469 201.7853 158.0323  2.00564554 22658
1 41019U 15062A   18339.61179189  .00000039  00000-0  00000-0 0  9997
2 41019  55.1215 138.9654 0041479 201.7995 158.0150  2.00564564 22668
1 41019U 15062A   18340.11036392  .00000033  00000-0  00000+0 0  9995
2 41019  55.1217 138.9456 0041516 201.8084 158.0030  2.00564589 22677
1 41019U 15062A   18342.60323080  .00000020  00000-0  00000+0 0  9990
2 41019  55.1224 138.8465 0041612 201.8792 157.9214  2.00564631 22723
1 41019U 15062A   18343.10180655  .00000022  00000-0  00000+0 0  9997
2 41019  55.1226 138.8267 0041649 201.8955 157.9040  2.00564625 22737
1 41019U 15062A   18343.60038231  .00000024  00000-0  00000-0 0  9997
2 41019  55.1228 138.8069 0041667 201.9117 157.8874  2.00564627 22747
1 41019U 15062A   18344.59753477  .00000032  00000-0  00000+0 0  9990
2 41019  55.1231 138.7672 0041698 201.9443 157.8551  2.00564651 22767
1 41019U 15062A   18345.09611137  .00000037  00000-0  00000+0 0  9997
2 41019  55.1233 138.7474 0041731 201.9576 157.8424  2.00564685 22771
1 41019U 15062A   18345.59468916  .00000043  00000-0  00000+0 0  9994
2 41019  55.1234 138.7277 0041752 201.9681 157.8328  2.00564681 22783
1 41019U 15062A   18348.08757976  .00000068  00000-0  00000+0 0  9995
2 41019  55.1243 138.6286 0041854 202.0405 157.7668  2.00564660 22830
1 41019U 15062A   18349.08473494  .00000073  00000-0  00000+0 0  9992
2 41019  55.1246 138.5890 0041888 202.0698 157.7395  2.00564650 22852
1 41019U 15062A   18349.08473509  .00000073  00000-0  00000-0 0  9990
2 41019  55.1246 138.5890 0041890 202.0703 157.7390  2.00564642 22858
1 41019U 15062A   18350.08188882  .00000076  00000-0  00000+0 0  9991
2 41019  55.1249 138.5494 0041932 202.1059 157.7039  2.00564609 22878
1 41019U 15062A   18350.58046456  .00000076  00000-0  00000+0 0  9996
2 41019  55.1250 138.5296 0041951 202.1255 157.6841  2.00564603 22884
1 41019U 15062A   18351.57761451  .00000074  00000-0  00000+0 0  9993
2 41019  55.1253 138.4899 0041970 202.1597 157.6481  2.00564594 22907
1 41019U 15062A   18351.57761451  .00000074  00000-0  00000-0 0  9994
2 41019  55.1253 138.4899 0041970 202.1597 157.6481  2.00564594 22907
1 41019U 15062A   18352.57476244  .00000069  00000-0  00000+0 0  9991
2 41019  55.1256 138.4502 0042016 202.2066 157.5973  2.00564548 22921
1 41019U 15062A   18352.57476244  .00000069  00000-0  00000-0 0  9992
2 41019  55.1256 138.4502 0042016 202.2066 157.5973  2.00564548 22921
1 41019U 15062A   18353.57190804  .00000062  00000-0  00000+0 0  9990
2 41019  55.1260 138.4106 0042052 202.2452 157.5535  2.00564526 22947
1 41019U 15062A   18353.57190804  .00000062  00000-0  00000-0 0  9991
2 41019  55.1260 138.4106 0042052 202.2452 157.5535  2.00564526 22947
1 41019U 15062A   18354.56905233  .00000054  00000-0  00000+0 0  9991
2 41019  55.1263 138.3710 0042094 202.2775 157.5155  2.00564509 22965
1 41019U 15062A   18355.56619571  .00000047  00000-0  00000-0 0  9992
2 41019  55.1266 138.3313 0042111 202.3074 157.4801  2.00564561 22987
1 41019U 15062A   18356.56334488  .00000041  00000-0  00000+0 0  9997
2 41019  55.1269 138.2917 0042161 202.3593 157.4236  2.00564456 23009
1 41019U 15062A   18356.56334488  .00000041  00000-0  00000-0 0  9998
2 41019  55.1269 138.2917 0042161 202.3593 157.4236  2.00564456 23009
1 41019U 15062A   18357.06191848  .00000040  00000-0  00000+0 0  9993
2 41019  55.1271 138.2719 0042190 202.3721 157.4092  2.00564469 23012
1 41019U 15062A   18357.56049451  .00000039  00000-0  00000-0 0  9999
2 41019  55.1273 138.2521 0042200 202.3824 157.3980  2.00564439 23024
1 41019U 15062A   18358.05906987  .00000039  00000-0  00000+0 0  9999
2 41019  55.1274 138.2322 0042224 202.3989 157.3810  2.00564448 23035
1 41019U 15062A   18358.55764701  .00000039  00000-0  00000-0 0  9991
2 41019  55.1276 138.2124 0042247 202.4188 157.3612  2.00564424 23049
1 41019U 15062A   18359.05622341  .00000041  00000-0  00000+0 0  9992
2 41019  55.1278 138.1926 0042278 202.4462 157.3341  2.00564443 23050
1 41019U 15062A   18359.55480110  .00000043  00000-0  00000-0 0  9996
2 41019  55.1279 138.1728 0042292 202.4679 157.3134  2.00564448 23063
1 41019U 15062A   18360.55195781  .00000046  00000-0  00000+0 0  9997
2 41019  55.1282 138.1331 0042319 202.5020 157.2819  2.00564446 23087
1 41019U 15062A   18360.55195798  .00000046  00000-0  00000+0 0  9995
2 41019  55.1282 138.1331 0042331 202.5082 157.2756  2.00564436 23088
1 41019U 15062A   18360.55195798  .00000046  00000-0  00000-0 0  9996
2 41019  55.1282 138.1331 0042331 202.5082 157.2756  2.00564436 23088
1 41019U 15062A   18361.54911349  .00000049  00000-0  00000-0 0  9997
2 41019  55.1285 138.0935 0042362 202.5508 157.2355  2.00564469 23101
1 41019U 15062A   18362.04769167  .00000049  00000-0  00000+0 0  9991
2 41019  55.1286 138.0736 0042396 202.5780 157.2090  2.00564453 23110
1 41019U 15062A   18362.04769167  .00000049  00000-0  00000-0 0  9992
2 41019  55.1286 138.0736 0042396 202.5780 157.2090  2.00564453 23110
1 41019U 15062A   18362.54626947  .00000048  00000-0  00000-0 0  9994
2 41019  55.1287 138.0538 0042404 202.5943 157.1932  2.00564439 23121
1 41019U 15062A   18363.04484572  .00000045  00000-0  00000+0 0  9992
2 41019  55.1289 138.0340 0042429 202.6157 157.1718  2.00564455 23130
1 41019U 15062A   18363.04484572  .00000045  00000-0  00000-0 0  9993
2 41019  55.1289 138.0340 0042429 202.6157 157.1718  2.00564455 23130
1 41019U 15062A   18363.54342184  .00000042  00000-0  00000-0 0  9997
2 41019  55.1290 138.0142 0042447 202.6392 157.1478  2.00564452 23144
1 41019U 15062A   18364.04199530  .00000037  00000-0  00000+0 0  9991
2 41019  55.1291 137.9943 0042478 202.6709 157.1150  2.00564513 23154
1 41019U 15062A   18364.04199530  .00000037  00000-0  00000-0 0  9992
2 41019  55.1291 137.9943 0042478 202.6709 157.1150  2.00564513 23154
1 41019U 15062A   18365.53771874  .00000018  00000-0  00000+0 0  9992
2 41019  55.1295 137.9348 0042521 202.7253 157.0555  2.00564492 23188
1 41019U 15062A   18365.53771874  .00000018  00000-0  00000-0 0  9993
2 41019  55.1295 137.9348 0042521 202.7253 157.0555  2.00564492 23188
1 41019U 15062A   18365.53771879  .00000018  00000-0  00000-0 0  9998
2 41019  55.1295 137.9348 0042529 202.7290 157.0517  2.00564491 23184

