1 43056U 17079B   18003.91230580 -.00000053  00000-0  00000+0 0  9990
2 43056  56.9847 306.2892 0003519 301.8259 153.1700  1.70872451   366
1 43056U 17079B   18005.22217826 -.00000057  00000-0  00000+0 0  9998
2 43056  56.9838 306.2450 0003627 303.8479 236.9196  1.70872044   381
1 43056U 17079B   18009.33093287 -.00000074  00000-0  00000+0 0  9996
2 43056  56.9779 306.1308 0003739 305.1065 243.1729  1.70872362   459
1 43056U 17079B   18010.49996346 -.00000075  00000-0  00000+0 0  9994
2 43056  56.9768 306.1000 0003751 305.6628 241.7456  1.70872281   473
1 43056U 17079B   18010.52372361 -.00000075  00000-0  00000-0 0  9994
2 43056  56.9751 306.1003 0003724 303.8015 258.2206  1.70872172   473
1 43056U 17079B   18012.57127966 -.00000070  00000-0  00000+0 0  9994
2 43056  56.9760 306.0434 0003762 308.8146  72.7654  1.70872255   515
1 43056U 17079B   18017.80318606 -.00000040  00000-0  00000+0 0  9995
2 43056  56.9000 305.8720 0001842  21.9766 337.9826  1.70868034   602
1 43056U 17079B   18029.50804194 -.00000039  00000-0  00000+0 0  9995
2 43056  56.9554 305.5736 0009015 253.1756 105.9690  1.70630674   809
1 43056U 17079B   18033.62682662 -.00000047  00000-0  00000+0 0  9996
2 43056  56.9486 305.4677 0003734 270.2513  97.1073  1.70466835   879
1 43056U 17079B   18036.62223771 -.00000059  00000-0  00000+0 0  9994
2 43056  56.9527 305.3842 0003604 268.1328 137.5695  1.70473250   928
1 43056U 17079B   18042.11716016 -.00000041  00000-0  00000+0 0  9995
2 43056  56.9486 305.2345 0003592 268.1009 269.9220  1.70473307  1019
1 43056U 17079B   18043.68875455 -.00000030  00000-0  00000+0 0  9999
2 43056  56.9483 305.1918 0003511 268.2191 154.3281  1.70473646  1048
1 43056U 17079B   18049.71337484 -.00000009  00000-0  00000+0 0  9990
2 43056  56.9440 305.0280 0003488 268.1075 251.8542  1.70473707  1147
1 43056U 17079B   18052.05407722 -.00000013  00000-0  00000+0 0  9999
2 43056  56.9452 304.9680 0003494 268.4868 248.0038  1.70473741  1182
1 43056U 17079B   18052.85658286 -.00000015  00000-0  00000-0 0  9993
2 43056  56.9443 304.9462 0003487 268.7593  20.2417  1.70473726  1195
1 43056U 17079B   18055.21554957 -.00000018  00000-0  00000+0 0  9998
2 43056  56.9422 304.8819 0003473 269.0853  27.6523  1.70473701  1232
1 43056U 17079B   18057.79560623 -.00000018  00000-0  00000+0 0  9990
2 43056  56.9362 304.8121 0003208 268.6905 171.4631  1.70473571  1288
1 43056U 17079B   18059.72894769 -.00000022  00000-0  00000+0 0  9991
2 43056  56.9348 304.7592 0003202 268.5691 278.1087  1.70473570  1311
1 43056U 17079B   18064.40601455 -.00000040  00000-0  00000+0 0  9990
2 43056  56.9329 304.6361 0002891 271.2497 265.8151  1.70473494  1399
1 43056U 17079B   18064.41438093 -.00000040  00000-0  00000-0 0  9998
2 43056  56.9329 304.6358 0002890 271.2172 270.9823  1.70473495  1398
1 43056U 17079B   18064.89685296 -.00000041  00000-0  00000-0 0  9990
2 43056  56.9325 304.6227 0002890 271.2218 207.0786  1.70473495  1401
1 43056U 17079B   18074.79567634  .00000003  00000-0  00000-0 0  9992
2 43056  56.9203 304.3574 0002636 275.1849 158.1787  1.70473458  1573
1 43056U 17079B   18075.07016640  .00000004  00000-0  00000+0 0  9990
2 43056  56.9205 304.3369 0002283 266.1605 335.6783  1.70473696  1577
1 43056U 17079B   18076.73017557  .00000005  00000-0  00000+0 0  9993
2 43056  56.9194 304.2936 0002297 260.0264 280.5910  1.70473713  1606
1 43056U 17079B   18078.95874714  .00000001  00000-0  00000+0 0  9991
2 43056  56.9162 304.2419 0002362 272.7300 195.5964  1.70473659  1648
1 43056U 17079B   18087.88309822 -.00000017  00000-0  00000+0 0  9994
2 43056  56.9088 303.9884 0002070 266.9021 278.4632  1.70473831  1799
1 43056U 17079B   18088.72539201 -.00000021  00000-0  00000-0 0  9990
2 43056  56.9082 303.9656 0002028 268.9447  73.3490  1.70473810  1800
1 43056U 17079B   18088.98654902 -.00000023  00000-0  00000+0 0  9995
2 43056  56.9089 303.9618 0002060 260.3593 242.2055  1.70473726  1810
1 43056U 17079B   18090.22896705 -.00000030  00000-0  00000+0 0  9992
2 43056  56.9064 303.9287 0002076 259.6538 285.4042  1.70473699  1838
1 43056U 17079B   18091.09984624 -.00000034  00000-0  00000-0 0  9991
2 43056  56.9070 303.9040 0002067 259.7876  99.7444  1.70473702  1846
1 43056U 17079B   18092.57268438 -.00000036  00000-0  00000+0 0  9994
2 43056  56.9064 303.8635 0002064 259.8051 283.6334  1.70473707  1871
1 43056U 17079B   18093.06195258 -.00000036  00000-0  00000-0 0  9999
2 43056  56.9101 303.8508 0001995 260.7340 222.9782  1.70473759  1887
1 43056U 17079B   18096.10630374 -.00000026  00000-0  00000+0 0  9998
2 43056  56.9079 303.7674 0001944 258.5550 293.5294  1.70473784  1932
1 43056U 17079B   18098.42059343 -.00000013  00000-0  00000+0 0  9992
2 43056  56.9062 303.7042 0001945 258.4921 273.9133  1.70473801  1973
1 43056U 17079B   18101.70686947 -.00000000  00000-0  00000+0 0  9990
2 43056  56.9002 303.6196 0001887 262.3017 126.9479  1.70473836  2037
1 43056U 17079B   18103.99543503  .00000001  00000-0  00000+0 0  9993
2 43056  56.8973 303.5563 0001978 259.5566  94.2306  1.70473870  2065
1 43056U 17079B   18105.76621451 -.00000002  00000-0  00000+0 0  9991
2 43056  56.8943 303.5086 0001979 259.2336 101.3129  1.70473877  2100
1 43056U 17079B   18106.40425678 -.00000004  00000-0  00000-0 0  9999
2 43056  56.8938 303.4913 0001972 260.1245 132.0039  1.70473938  2115
1 43056U 17079B   18106.65745828 -.00000005  00000-0  00000-0 0  9999
2 43056  56.8936 303.4841 0001961 259.9522 287.5711  1.70473946  2117
1 43056U 17079B   18107.23660758 -.00000007  00000-0  00000+0 0  9993
2 43056  56.8931 303.4683 0001941 259.9222 283.0364  1.70473967  2120
1 43056U 17079B   18109.87139412 -.00000013  00000-0  00000+0 0  9990
2 43056  56.8986 303.3895 0001831 246.1480 113.8316  1.70473873  2174
1 43056U 17079B   18110.45798160 -.00000014  00000-0  00000-0 0  9999
2 43056  56.8981 303.3735 0001832 245.6404 114.3390  1.70473891  2205
1 43056U 17079B   18111.04457029 -.00000014  00000-0  00000+0 0  9990
2 43056  56.8977 303.3575 0001834 245.0582 114.9214  1.70473900  2195
1 43056U 17079B   18113.39092984 -.00000018  00000-0  00000+0 0  9999
2 43056  56.8960 303.2936 0001844 243.2462 116.7368  1.70473911  2232
1 43056U 17079B   18113.39092984 -.00000018  00000-0  00000-0 0  9990
2 43056  56.8960 303.2936 0001844 243.2462 116.7368  1.70473911  2254
1 43056U 17079B   18115.15069404 -.00000027  00000-0  00000+0 0  9996
2 43056  56.8946 303.2456 0001866 241.8520 118.1302  1.70473942  2267
1 43056U 17079B   18116.32386484 -.00000034  00000-0  00000+0 0  9994
2 43056  56.8936 303.2138 0001876 241.2144 118.7644  1.70473983  2282
1 43056U 17079B   18116.32386484 -.00000034  00000-0  00000-0 0  9995
2 43056  56.8936 303.2138 0001876 241.2144 118.7644  1.70473983  2305
1 43056U 17079B   18117.49703258 -.00000042  00000-0  00000+0 0  9994
2 43056  56.8927 303.1818 0001894 240.5794 119.3938  1.70474018  2305
1 43056U 17079B   18118.08361487 -.00000045  00000-0  00000-0 0  9998
2 43056  56.8924 303.1658 0001910 240.4654 119.5046  1.70474050  2338
1 43056U 17079B   18118.67019863 -.00000047  00000-0  00000+0 0  9992
2 43056  56.8922 303.1499 0001925 239.8610 120.1059  1.70474061  2322
1 43056U 17079B   18119.25678221 -.00000049  00000-0  00000-0 0  9999
2 43056  56.8913 303.1339 0001931 239.5975 120.3664  1.70474085  2356
1 43056U 17079B   18119.25678230 -.00000049  00000-0  00000-0 0  9999
2 43056  56.8917 303.1339 0001930 239.8165 120.1474  1.70474065  2358
1 43056U 17079B   18120.42995015 -.00000050  00000-0  00000-0 0  9995
2 43056  56.8904 303.1020 0001939 239.3034 120.6557  1.70474135  2377
1 43056U 17079B   18120.42995021 -.00000050  00000-0  00000+0 0  9991
2 43056  56.8904 303.1020 0001943 239.3190 120.6401  1.70474120  2344
1 43056U 17079B   18122.77629736 -.00000044  00000-0  00000+0 0  9991
2 43056  56.8887 303.0382 0001971 238.1295 121.8264  1.70474193  2382
1 43056U 17079B   18123.36288651 -.00000041  00000-0  00000-0 0  9992
2 43056  56.8882 303.0222 0001983 237.7380 122.2185  1.70474203  2427
1 43056U 17079B   18124.53606631 -.00000036  00000-0  00000+0 0  9997
2 43056  56.8874 302.9904 0002024 236.5636 123.3954  1.70474243  2410
1 43056U 17079B   18125.12265562 -.00000033  00000-0  00000-0 0  9995
2 43056  56.8870 302.9744 0002026 236.4188 123.5419  1.70474278  2451
1 43056U 17079B   18126.88242858 -.00000025  00000-0  00000+0 0  9992
2 43056  56.8857 302.9266 0002082 235.1897 124.7767  1.70474270  2462
1 43056U 17079B   18127.46901903 -.00000023  00000-0  00000-0 0  9999
2 43056  56.8852 302.9106 0002087 235.1886 124.7795  1.70474261  2497
1 43056U 17079B   18128.64219984 -.00000019  00000-0  00000+0 0  9995
2 43056  56.8843 302.8787 0002120 234.1253 125.8451  1.70474200  2490
1 43056U 17079B   18130.40196283 -.00000017  00000-0  00000+0 0  9996
2 43056  56.8830 302.8308 0002151 233.3347 126.6356  1.70474169  2525
1 43056U 17079B   18130.40196283 -.00000017  00000-0  00000-0 0  9997
2 43056  56.8830 302.8308 0002151 233.3347 126.6356  1.70474169  2547
1 43056U 17079B   18130.98854637 -.00000017  00000-0  00000-0 0  9994
2 43056  56.8825 302.8150 0002164 233.0182 126.9509  1.70474206  2550
1 43056U 17079B   18132.16171651 -.00000019  00000-0  00000-0 0  9996
2 43056  56.8816 302.7831 0002195 232.2417 127.7235  1.70474142  2577
1 43056U 17079B   18132.16171696 -.00000019  00000-0  00000+0 0  9994
2 43056  56.8816 302.7831 0002184 232.3926 127.5726  1.70474146  2556
1 43056U 17079B   18135.09463295 -.00000027  00000-0  00000+0 0  9997
2 43056  56.8794 302.7033 0002273 230.8836 129.0682  1.70474103  2592
1 43056U 17079B   18137.44097877 -.00000032  00000-0  00000+0 0  9993
2 43056  56.8776 302.6394 0002339 230.0278 129.9198  1.70474042  2634
1 43056U 17079B   18137.44097877 -.00000032  00000-0  00000-0 0  9994
2 43056  56.8776 302.6394 0002339 230.0278 129.9198  1.70474042  2667
1 43056U 17079B   18138.02756677 -.00000033  00000-0  00000-0 0  9990
2 43056  56.8772 302.6235 0002366 229.7090 130.2392  1.70474053  2678
1 43056U 17079B   18139.20074701 -.00000034  00000-0  00000+0 0  9992
2 43056  56.8762 302.5916 0002396 229.3225 130.6282  1.70474043  2661
1 43056U 17079B   18140.37392733 -.00000036  00000-0  00000+0 0  9992
2 43056  56.8753 302.5596 0002412 229.0088 130.9449  1.70474065  2682
1 43056U 17079B   18142.13369454 -.00000044  00000-0  00000+0 0  9991
2 43056  56.8744 302.5118 0002470 228.3989 131.5567  1.70474072  2718
1 43056U 17079B   18143.30686619 -.00000051  00000-0  00000+0 0  9994
2 43056  56.8732 302.4798 0002502 228.3188 131.6350  1.70474126  2738
1 43056U 17079B   18144.48003410 -.00000059  00000-0  00000+0 0  9994
2 43056  56.8723 302.4480 0002561 228.1098 131.8398  1.70474196  2752
1 43056U 17079B   18146.82637018 -.00000070  00000-0  00000+0 0  9994
2 43056  56.8705 302.3842 0002622 227.9891 131.9509  1.70474234  2791
1 43056U 17079B   18150.34589098 -.00000063  00000-0  00000+0 0  9992
2 43056  56.8677 302.2887 0002720 227.7743 132.1635  1.70474358  2857
1 43056U 17079B   18151.51907118 -.00000057  00000-0  00000+0 0  9992
2 43056  56.8666 302.2568 0002760 227.6486 132.2930  1.70474398  2873
1 43056U 17079B   18151.51907164 -.00000057  00000-0  00000-0 0  9994
2 43056  56.8666 302.2568 0002760 227.6690 132.2725  1.70474389  2906
1 43056U 17079B   18154.45202790 -.00000043  00000-0  00000+0 0  9997
2 43056  56.8643 302.1772 0002864 227.7189 132.2354  1.70474422  2924
1 43056U 17079B   18155.03861923 -.00000041  00000-0  00000-0 0  9990
2 43056  56.8638 302.1613 0002901 227.6265 132.3300  1.70474401  2961
1 43056U 17079B   18156.21179909 -.00000038  00000-0  00000+0 0  9992
2 43056  56.8629 302.1295 0002938 227.4679 132.4921  1.70474385  2954
1 43056U 17079B   18157.38497545 -.00000036  00000-0  00000+0 0  9998
2 43056  56.8619 302.0976 0002958 227.3841 132.5775  1.70474382  2977
1 43056U 17079B   18160.31790352 -.00000038  00000-0  00000+0 0  9999
2 43056  56.8595 302.0178 0003068 226.8311 133.1251  1.70474273  3025
1 43056U 17079B   18161.49107164 -.00000041  00000-0  00000+0 0  9996
2 43056  56.8585 301.9859 0003113 226.7494 133.2028  1.70474238  3046
1 43056U 17079B   18162.66423963 -.00000044  00000-0  00000+0 0  9997
2 43056  56.8574 301.9540 0003174 226.5221 133.4269  1.70474237  3064
1 43056U 17079B   18162.66424041 -.00000044  00000-0  00000-0 0  9996
2 43056  56.8576 301.9540 0003169 226.5134 133.4356  1.70474219  3093
1 43056U 17079B   18163.25082570 -.00000045  00000-0  00000-0 0  9990
2 43056  56.8569 301.9380 0003192 226.4757 133.4725  1.70474228  3105
1 43056U 17079B   18163.83741294 -.00000046  00000-0  00000+0 0  9999
2 43056  56.8565 301.9221 0003216 226.5223 133.4257  1.70474205  3083
1 43056U 17079B   18164.42400076 -.00000046  00000-0  00000-0 0  9996
2 43056  56.8559 301.9061 0003226 226.5350 133.4135  1.70474219  3125
1 43056U 17079B   18166.18377007 -.00000047  00000-0  00000+0 0  9998
2 43056  56.8545 301.8582 0003291 226.5093 133.4441  1.70474208  3121
1 43056U 17079B   18166.77036141 -.00000047  00000-0  00000-0 0  9995
2 43056  56.8540 301.8423 0003298 226.5689 133.3868  1.70474212  3169
1 43056U 17079B   18168.53013336 -.00000052  00000-0  00000+0 0  9997
2 43056  56.8525 301.7944 0003369 226.5350 133.4267  1.70474212  3167
1 43056U 17079B   18169.11672234 -.00000054  00000-0  00000-0 0  9993
2 43056  56.8520 301.7785 0003401 226.6456 133.3172  1.70474228  3206
1 43056U 17079B   18169.11672276 -.00000054  00000-0  00000-0 0  9999
2 43056  56.8520 301.7784 0003378 226.6257 133.3372  1.70474220  3201
1 43056U 17079B   18170.28989677 -.00000061  00000-0  00000+0 0  9992
2 43056  56.8510 301.7465 0003426 226.6641 133.2992  1.70474268  3194
1 43056U 17079B   18171.46306761 -.00000069  00000-0  00000+0 0  9998
2 43056  56.8500 301.7146 0003466 226.8269 133.1344  1.70474299  3218
1 43056U 17079B   18172.04965269 -.00000072  00000-0  00000-0 0  9992
2 43056  56.8495 301.6987 0003509 227.0124 132.9470  1.70474300  3258
1 43056U 17079B   18173.80940577 -.00000080  00000-0  00000+0 0  9990
2 43056  56.8480 301.6509 0003575 227.3107 132.6432  1.70474341  3259
1 43056U 17079B   18174.98257646 -.00000080  00000-0  00000+0 0  9998
2 43056  56.8471 301.6190 0003610 227.5094 132.4424  1.70474380  3276
1 43056U 17079B   18174.98257646 -.00000080  00000-0  00000-0 0  9999
2 43056  56.8471 301.6190 0003610 227.5094 132.4424  1.70474380  3300
1 43056U 17079B   18176.74233622 -.00000076  00000-0  00000+0 0  9997
2 43056  56.8457 301.5712 0003660 227.7194 132.2334  1.70474517  3301
1 43056U 17079B   18177.91551629 -.00000070  00000-0  00000+0 0  9991
2 43056  56.8448 301.5394 0003695 227.8408 132.1158  1.70474534  3328
1 43056U 17079B   18178.50210702 -.00000067  00000-0  00000-0 0  9998
2 43056  56.8442 301.5234 0003718 227.8861 132.0730  1.70474551  3362
1 43056U 17079B   18183.78142995 -.00000042  00000-0  00000+0 0  9994
2 43056  56.8401 301.3800 0003890 228.4322 131.5532  1.70474521  3422
1 43056U 17079B   18185.54119409 -.00000039  00000-0  00000+0 0  9990
2 43056  56.8396 301.3322 0003905 228.3700 131.6180  1.70474479  3455
1 43056U 17079B   18185.54119409 -.00000039  00000-0  00000-0 0  9991
2 43056  56.8396 301.3322 0003905 228.3700 131.6180  1.70474479  3488
1 43056U 17079B   18186.12778008 -.00000039  00000-0  00000-0 0  9992
2 43056  56.8378 301.3162 0003981 228.7721 131.2149  1.70474454  3496
1 43056U 17079B   18186.71436413 -.00000039  00000-0  00000+0 0  9997
2 43056  56.8376 301.3002 0004034 228.8915 131.0943  1.70474445  3471
1 43056U 17079B   18189.64728878 -.00000043  00000-0  00000+0 0  9996
2 43056  56.8352 301.2203 0004126 229.1312 130.8483  1.70474341  3521
1 43056U 17079B   18190.23387353 -.00000044  00000-0  00000-0 0  9994
2 43056  56.8347 301.2044 0004167 229.2962 130.6825  1.70474325  3569
1 43056U 17079B   18190.82046052 -.00000044  00000-0  00000+0 0  9996
2 43056  56.8347 301.1884 0004191 229.3237 130.6550  1.70474312  3542
1 43056U 17079B   18191.40704802 -.00000045  00000-0  00000-0 0  9997
2 43056  56.8344 301.1725 0004221 229.4959 130.4833  1.70474302  3584
1 43056U 17079B   18191.40704860 -.00000045  00000-0  00000-0 0  9991
2 43056  56.8341 301.1724 0004194 229.3827 130.5967  1.70474313  3583
1 43056U 17079B   18192.58022699 -.00000044  00000-0  00000+0 0  9992
2 43056  56.8334 301.1405 0004251 229.6542 130.3281  1.70474283  3574
1 43056U 17079B   18193.16681749 -.00000044  00000-0  00000-0 0  9995
2 43056  56.8329 301.1245 0004269 229.7397 130.2449  1.70474284  3619
1 43056U 17079B   18197.27294927 -.00000053  00000-0  00000+0 0  9998
2 43056  56.8290 301.0126 0004389 230.2539 129.7444  1.70474275  3653
1 43056U 17079B   18199.03270645 -.00000064  00000-0  00000+0 0  9997
2 43056  56.8276 300.9647 0004425 230.5173 129.4789  1.70474309  3681
1 43056U 17079B   18200.79245574 -.00000071  00000-0  00000+0 0  9994
2 43056  56.8261 300.9166 0004489 230.9484 129.0427  1.70474428  3711
1 43056U 17079B   18206.07174669 -.00000055  00000-0  00000-0 0  9990
2 43056  56.8218 300.7729 0004654 232.1427 127.8548  1.70474566  3815
1 43056U 17079B   18207.24493173 -.00000048  00000-0  00000-0 0  9996
2 43056  56.8208 300.7410 0004713 232.4290 127.5747  1.70474546  3836
1 43056U 17079B   18210.76447930 -.00000030  00000-0  00000+0 0  9997
2 43056  56.8184 300.6452 0004831 233.1448 126.8759  1.70474485  3891
1 43056U 17079B   18211.35106811 -.00000028  00000-0  00000-0 0  9991
2 43056  56.8176 300.6292 0004828 233.1542 126.8682  1.70474483  3922
1 43056U 17079B   18215.45716807 -.00000025  00000-0  00000+0 0  9994
2 43056  56.8141 300.5172 0004952 233.6943 126.3238  1.70474373  3973
1 43056U 17079B   18216.04375164 -.00000025  00000-0  00000-0 0  9998
2 43056  56.8133 300.5011 0004985 233.8607 126.1556  1.70474339  4009
1 43056U 17079B   18217.80350842 -.00000027  00000-0  00000+0 0  9990
2 43056  56.8119 300.4531 0005021 234.0589 125.9545  1.70474283  4017
1 43056U 17079B   18218.39009588 -.00000027  00000-0  00000-0 0  9994
2 43056  56.8114 300.4371 0005040 234.1690 125.8444  1.70474248  4040
1 43056U 17079B   18221.90963390 -.00000024  00000-0  00000+0 0  9991
2 43056  56.8086 300.3410 0005140 235.0503 124.9733  1.70474215  4084
1 43056U 17079B   18224.25599063 -.00000031  00000-0  00000-0 0  9993
2 43056  56.8067 300.2770 0005207 235.5835 124.4451  1.70474220  4121
1 43056U 17079B   18225.42916290 -.00000037  00000-0  00000-0 0  9994
2 43056  56.8057 300.2450 0005227 235.7518 124.2755  1.70474229  4143
1 43056U 17079B   18226.01574752 -.00000041  00000-0  00000-0 0  9998
2 43056  56.8052 300.2289 0005244 235.9038 124.1218  1.70474234  4178
1 43056U 17079B   18230.12183425 -.00000050  00000-0  00000+0 0  9997
2 43056  56.8020 300.1168 0005358 237.1920 122.8203  1.70474379  4212
1 43056U 17079B   18231.29500822 -.00000045  00000-0  00000+0 0  9994
2 43056  56.8011 300.0847 0005384 237.4725 122.5400  1.70474423  4238
1 43056U 17079B   18231.29500822 -.00000045  00000-0  00000-0 0  9995
2 43056  56.8011 300.0847 0005384 237.4725 122.5400  1.70474423  4261
1 43056U 17079B   18232.46818778 -.00000039  00000-0  00000+0 0  9999
2 43056  56.8002 300.0526 0005397 237.6150 122.4003  1.70474397  4250
1 43056U 17079B   18232.46818783 -.00000039  00000-0  00000-0 0  9996
2 43056  56.8002 300.0526 0005410 237.7205 122.2946  1.70474399  4287
1 43056U 17079B   18234.81455152 -.00000024  00000-0  00000+0 0  9997
2 43056  56.7984 299.9886 0005465 238.0698 121.9551  1.70474417  4302
1 43056U 17079B   18237.16091415 -.00000012  00000-0  00000-0 0  9994
2 43056  56.7967 299.9245 0005539 238.7463 121.2877  1.70474394  4365
1 43056U 17079B   18237.16091426 -.00000012  00000-0  00000-0 0  9996
2 43056  56.7966 299.9245 0005531 238.6748 121.3593  1.70474402  4367
1 43056U 17079B   18237.16091431 -.00000012  00000-0  00000+0 0  9991
2 43056  56.7966 299.9245 0005527 238.6229 121.4112  1.70474402  4342
1 43056U 17079B   18238.92068046 -.00000006  00000-0  00000+0 0  9995
2 43056  56.7954 299.8766 0005569 239.0659 120.9709  1.70474329  4371
1 43056U 17079B   18241.26702223 -.00000002  00000-0  00000+0 0  9994
2 43056  56.7936 299.8125 0005613 239.3911 120.6417  1.70474252  4417
1 43056U 17079B   18241.26702223 -.00000002  00000-0  00000-0 0  9995
2 43056  56.7936 299.8125 0005613 239.3911 120.6417  1.70474252  4439
1 43056U 17079B   18243.02677193 -.00000003  00000-0  00000-0 0  9999
2 43056  56.7923 299.7644 0005654 239.7130 120.3129  1.70474207  4462
1 43056U 17079B   18243.02677241 -.00000003  00000-0  00000+0 0  9992
2 43056  56.7923 299.7645 0005643 239.6275 120.3985  1.70474223  4435
1 43056U 17079B   18244.19993918 -.00000004  00000-0  00000+0 0  9994
2 43056  56.7914 299.7323 0005680 239.9749 120.0466  1.70474171  4453
1 43056U 17079B   18245.37311011 -.00000004  00000-0  00000+0 0  9993
2 43056  56.7905 299.7002 0005697 240.2405 119.7783  1.70474121  4473
1 43056U 17079B   18247.13287169 -.00000003  00000-0  00000+0 0  9994
2 43056  56.7892 299.6521 0005724 240.6702 119.3489  1.70474116  4505
1 43056U 17079B   18248.30605164 -.00000002  00000-0  00000+0 0  9992
2 43056  56.7885 299.6200 0005752 240.9834 119.0381  1.70474083  4524
1 43056U 17079B   18249.47923252 -.00000003  00000-0  00000+0 0  9993
2 43056  56.7875 299.5879 0005764 241.2553 118.7691  1.70474050  4545
1 43056U 17079B   18249.47923252 -.00000003  00000-0  00000-0 0  9994
2 43056  56.7875 299.5879 0005764 241.2553 118.7691  1.70474050  4578
1 43056U 17079B   18251.82558378 -.00000011  00000-0  00000+0 0  9997
2 43056  56.7857 299.5238 0005802 241.8367 118.1881  1.70474043  4587
1 43056U 17079B   18251.82558387 -.00000011  00000-0  00000-0 0  9998
2 43056  56.7858 299.5237 0005813 241.9889 118.0356  1.70474030  4615
1 43056U 17079B   18252.41216872 -.00000014  00000-0  00000-0 0  9997
2 43056  56.7853 299.5077 0005824 242.1486 117.8743  1.70474039  4627
1 43056U 17079B   18253.58533505 -.00000022  00000-0  00000+0 0  9999
2 43056  56.7844 299.4756 0005846 242.4899 117.5277  1.70474073  4611
1 43056U 17079B   18255.93166514 -.00000032  00000-0  00000+0 0  9993
2 43056  56.7825 299.4114 0005874 243.1859 116.8191  1.70474120  4657
1 43056U 17079B   18255.93166514 -.00000032  00000-0  00000-0 0  9994
2 43056  56.7825 299.4114 0005874 243.1859 116.8191  1.70474120  4680
1 43056U 17079B   18258.27800433 -.00000029  00000-0  00000-0 0  9995
2 43056  56.7808 299.3472 0005894 243.7807 116.2176  1.70474194  4721
1 43056U 17079B   18258.27800446 -.00000029  00000-0  00000+0 0  9998
2 43056  56.7808 299.3473 0005888 243.6703 116.3282  1.70474181  4690
1 43056U 17079B   18260.62435893 -.00000017  00000-0  00000+0 0  9997
2 43056  56.7791 299.2832 0005907 244.0655 115.9358  1.70474254  4737
1 43056U 17079B   18261.21094974 -.00000014  00000-0  00000-0 0  9992
2 43056  56.7788 299.2671 0005959 244.8367 115.1654  1.70474227  4774
1 43056U 17079B   18261.79754075 -.00000010  00000-0  00000-0 0  9996
2 43056  56.7782 299.2511 0005964 244.9394 115.0645  1.70474217  4754
1 43056U 17079B   18265.31707931  .00000005  00000-0  00000-0 0  9990
2 43056  56.7757 299.1550 0005986 245.4821 114.5298  1.70474169  4814
1 43056U 17079B   18266.49025274  .00000008  00000-0  00000-0 0  9996
2 43056  56.7749 299.1230 0005996 245.7489 114.2620  1.70474152  4834
1 43056U 17079B   18268.83659015  .00000009  00000-0  00000-0 0  9993
2 43056  56.7733 299.0589 0006009 246.2019 113.8009  1.70474083  4877
1 43056U 17079B   18268.83659015  .00000009  00000-0  00000-0 0  9993
2 43056  56.7733 299.0589 0006009 246.2019 113.8009  1.70474083  4901
1 43056U 17079B   18270.59633938  .00000007  00000-0  00000+0 0  9992
2 43056  56.7721 299.0108 0006027 246.5573 113.4363  1.70473982  4909
1 43056U 17079B   18272.94267696  .00000005  00000-0  00000+0 0  9995
2 43056  56.7704 298.9467 0006039 247.1026 112.8821  1.70473908  4943
1 43056U 17079B   18274.70244013  .00000006  00000-0  00000+0 0  9990
2 43056  56.7691 298.8985 0006046 247.5741 112.4097  1.70473874  4974
1 43056U 17079B   18275.28903005  .00000006  00000-0  00000-0 0  9998
2 43056  56.7685 298.8825 0006043 247.7205 112.2641  1.70473848  5014
1 43056U 17079B   18275.87561991  .00000006  00000-0  00000+0 0  9996
2 43056  56.7681 298.8664 0006042 247.8460 112.1394  1.70473835  4990
1 43056U 17079B   18278.22197504  .00000000  00000-0  00000+0 0  9997
2 43056  56.7663 298.8022 0006043 248.4353 111.5515  1.70473824  5039
1 43056U 17079B   18280.56831435 -.00000016  00000-0  00000+0 0  9993
2 43056  56.7645 298.7381 0006052 249.0851 110.8929  1.70473841  5070
1 43056U 17079B   18280.56831435 -.00000016  00000-0  00000-0 0  9994
2 43056  56.7645 298.7381 0006052 249.0851 110.8929  1.70473841  5104
1 43056U 17079B   18281.74147889 -.00000024  00000-0  00000+0 0  9996
2 43056  56.7637 298.7060 0006055 249.4631 110.5075  1.70473864  5094
1 43056U 17079B   18282.91464293 -.00000029  00000-0  00000-0 0  9993
2 43056  56.7627 298.6739 0006056 249.9636 109.9994  1.70473905  5140
1 43056U 17079B   18282.91464304 -.00000029  00000-0  00000+0 0  9995
2 43056  56.7628 298.6739 0006058 249.8201 110.1430  1.70473893  5112
1 43056U 17079B   18282.91464304 -.00000029  00000-0  00000-0 0  9996
2 43056  56.7628 298.6739 0006058 249.8201 110.1430  1.70473893  5145
1 43056U 17079B   18285.26098062 -.00000030  00000-0  00000+0 0  9992
2 43056  56.7609 298.6097 0006046 250.6179 109.3355  1.70473954  5157
1 43056U 17079B   18287.02074494 -.00000023  00000-0  00000+0 0  9993
2 43056  56.7597 298.5616 0006040 251.0889 108.8638  1.70473986  5182
1 43056U 17079B   18288.19392514 -.00000018  00000-0  00000+0 0  9992
2 43056  56.7588 298.5295 0006040 251.4046 108.5502  1.70474000  5202
1 43056U 17079B   18289.95369756 -.00000010  00000-0  00000+0 0  9991
2 43056  56.7575 298.4815 0006046 251.7477 108.2118  1.70474007  5232
1 43056U 17079B   18289.95369773 -.00000010  00000-0  00000-0 0  9991
2 43056  56.7575 298.4815 0006044 251.8449 108.1146  1.70474005  5261
1 43056U 17079B   18290.54028875 -.00000008  00000-0  00000-0 0  9990
2 43056  56.7571 298.4655 0006043 251.9960 107.9649  1.70473990  5275
1 43056U 17079B   18292.88664575 -.00000001  00000-0  00000+0 0  9994
2 43056  56.7552 298.4014 0006028 252.6260 107.3372  1.70473954  5285
1 43056U 17079B   18294.05982025  .00000001  00000-0  00000+0 0  9997
2 43056  56.7543 298.3694 0006016 252.8964 107.0651  1.70473905  5304
1 43056U 17079B   18294.64640554  .00000001  00000-0  00000-0 0  9991
2 43056  56.7539 298.3534 0006010 252.9913 106.9686  1.70473898  5342
1 43056U 17079B   18295.81957414  .00000001  00000-0  00000+0 0  9996
2 43056  56.7530 298.3213 0005999 253.1995 106.7556  1.70473883  5332
1 43056U 17079B   18296.99274198 -.00000001  00000-0  00000-0 0  9999
2 43056  56.7522 298.2893 0005993 253.2925 106.6568  1.70473832  5385
1 43056U 17079B   18297.57932583 -.00000002  00000-0  00000-0 0  9994
2 43056  56.7518 298.2733 0005991 253.5016 106.4446  1.70473794  5396
1 43056U 17079B   18298.16590987 -.00000003  00000-0  00000+0 0  9998
2 43056  56.7513 298.2573 0005985 253.5780 106.3653  1.70473782  5378
1 43056U 17079B   18298.16590987 -.00000003  00000-0  00000-0 0  9999
2 43056  56.7513 298.2573 0005985 253.5780 106.3653  1.70473782  5402
1 43056U 17079B   18299.33908007 -.00000005  00000-0  00000+0 0  9996
2 43056  56.7498 298.2252 0005980 253.9288 106.0096  1.70473713  5390
1 43056U 17079B   18300.51225356 -.00000005  00000-0  00000+0 0  9998
2 43056  56.7490 298.1932 0005967 254.1741 105.7617  1.70473686  5415
1 43056U 17079B   18301.09884252 -.00000006  00000-0  00000-0 0  9990
2 43056  56.7486 298.1772 0005959 254.3839 105.5517  1.70473644  5458
1 43056U 17079B   18301.68543072 -.00000006  00000-0  00000-0 0  9997
2 43056  56.7483 298.1611 0005949 254.5579 105.3779  1.70473660  5433
1 43056U 17079B   18302.85861169 -.00000006  00000-0  00000+0 0  9996
2 43056  56.7475 298.1291 0005929 254.8225 105.1151  1.70473636  5454
1 43056U 17079B   18304.61838288 -.00000009  00000-0  00000+0 0  9991
2 43056  56.7463 298.0810 0005899 255.4566 104.4839  1.70473621  5480
1 43056U 17079B   18305.20497345 -.00000011  00000-0  00000-0 0  9996
2 43056  56.7456 298.0650 0005896 255.4935 104.4472  1.70473591  5525
1 43056U 17079B   18307.55131908 -.00000028  00000-0  00000+0 0  9993
2 43056  56.7439 298.0009 0005875 256.0884 103.8462  1.70473624  5531
1 43056U 17079B   18309.89765292 -.00000044  00000-0  00000+0 0  9999
2 43056  56.7418 297.9368 0005846 256.9150 103.0062  1.70473675  5575
1 43056U 17079B   18309.89765292 -.00000044  00000-0  00000-0 0  9990
2 43056  56.7418 297.9368 0005846 256.9150 103.0062  1.70473675  5609
1 43056U 17079B   18310.48423815 -.00000046  00000-0  00000-0 0  9991
2 43056  56.7413 297.9208 0005828 257.2471 102.6710  1.70473669  5616
1 43056U 17079B   18311.07082254 -.00000048  00000-0  00000+0 0  9996
2 43056  56.7414 297.9048 0005823 257.3941 102.5214  1.70473685  5590
1 43056U 17079B   18312.24399498 -.00000048  00000-0  00000+0 0  9997
2 43056  56.7405 297.8728 0005798 257.8318 102.0803  1.70473727  5617
1 43056U 17079B   18312.24399498 -.00000048  00000-0  00000-0 0  9998
2 43056  56.7405 297.8728 0005798 257.8318 102.0803  1.70473727  5640
1 43056U 17079B   18314.59035332 -.00000041  00000-0  00000+0 0  9994
2 43056  56.7388 297.8088 0005759 258.5157 101.3977  1.70473777  5655
1 43056U 17079B   18315.17694558 -.00000038  00000-0  00000-0 0  9997
2 43056  56.7383 297.7927 0005749 258.6882 101.2269  1.70473774  5690
1 43056U 17079B   18317.52331472 -.00000029  00000-0  00000+0 0  9990
2 43056  56.7365 297.7287 0005725 259.2246 100.6991  1.70473803  5704
1 43056U 17079B   18317.52331472 -.00000029  00000-0  00000-0 0  9991
2 43056  56.7365 297.7287 0005725 259.2246 100.6991  1.70473803  5737
1 43056U 17079B   18318.10990782 -.00000027  00000-0  00000-0 0  9999
2 43056  56.7361 297.7127 0005711 259.4262 100.4995  1.70473783  5741
1 43056U 17079B   18321.04285985 -.00000021  00000-0  00000+0 0  9991
2 43056  56.7338 297.6328 0005651 260.1256  99.8044  1.70473722  5763
1 43056U 17079B   18322.21603541 -.00000020  00000-0  00000+0 0  9992
2 43056  56.7329 297.6008 0005619 260.3998  99.5284  1.70473680  5785
1 43056U 17079B   18323.97579346 -.00000022  00000-0  00000+0 0  9993
2 43056  56.7315 297.5528 0005577 260.7312  99.1915  1.70473637  5816
1 43056U 17079B   18324.56237900 -.00000022  00000-0  00000-0 0  9997
2 43056  56.7310 297.5368 0005564 260.9232  98.9974  1.70473615  5854
1 43056U 17079B   18325.73555013 -.00000024  00000-0  00000+0 0  9996
2 43056  56.7301 297.5048 0005540 261.1920  98.7246  1.70473601  5844
1 43056U 17079B   18326.90872678 -.00000026  00000-0  00000+0 0  9997
2 43056  56.7292 297.4727 0005513 261.5106  98.4036  1.70473513  5864
1 43056U 17079B   18329.25508803 -.00000026  00000-0  00000+0 0  9994
2 43056  56.7274 297.4087 0005449 262.1552  97.7615  1.70473470  5905
1 43056U 17079B   18331.01486720 -.00000027  00000-0  00000+0 0  9995
2 43056  56.7259 297.3607 0005401 262.6580  97.2648  1.70473424  5932
1 43056U 17079B   18333.36123306 -.00000036  00000-0  00000+0 0  9993
2 43056  56.7237 297.2967 0005341 263.3167  96.6107  1.70473411  5971
1 43056U 17079B   18335.12099792 -.00000049  00000-0  00000+0 0  9994
2 43056  56.7222 297.2486 0005302 263.8743  96.0495  1.70473375  6001
1 43056U 17079B   18336.29416737 -.00000058  00000-0  00000-0 0  9996
2 43056  56.7212 297.2167 0005273 264.3926  95.5265  1.70473452  6052
1 43056U 17079B   18336.88075274 -.00000061  00000-0  00000+0 0  9991
2 43056  56.7207 297.2006 0005261 264.4937  95.4228  1.70473470  6034
1 43056U 17079B   18338.64051244 -.00000067  00000-0  00000+0 0  9994
2 43056  56.7192 297.1527 0005217 265.1063  94.8046  1.70473506  6067
1 43056U 17079B   18340.40028212 -.00000065  00000-0  00000+0 0  9998
2 43056  56.7177 297.1047 0005160 265.7500  94.1611  1.70473548  6096
1 43056U 17079B   18340.40028212 -.00000065  00000-0  00000-0 0  9999
2 43056  56.7177 297.1047 0005160 265.7500  94.1611  1.70473548  6120
1 43056U 17079B   18341.57346594 -.00000060  00000-0  00000+0 0  9998
2 43056  56.7168 297.0727 0005126 266.1227  93.7920  1.70473604  6117
1 43056U 17079B   18341.57346594 -.00000060  00000-0  00000-0 0  9999
2 43056  56.7168 297.0727 0005126 266.1227  93.7920  1.70473604  6140
1 43056U 17079B   18343.91984437 -.00000049  00000-0  00000+0 0  9999
2 43056  56.7148 297.0088 0005069 266.7496  93.1772  1.70473618  6153
1 43056U 17079B   18346.26622128 -.00000041  00000-0  00000+0 0  9998
2 43056  56.7129 296.9448 0004999 267.5227  92.4161  1.70473626  6199
1 43056U 17079B   18346.85281360 -.00000040  00000-0  00000-0 0  9992
2 43056  56.7124 296.9288 0004992 267.5236  92.4172  1.70473625  6235
1 43056U 17079B   18349.19917787 -.00000035  00000-0  00000+0 0  9994
2 43056  56.7104 296.8649 0004906 268.1436  91.8009  1.70473568  6246
1 43056U 17079B   18350.95894279 -.00000035  00000-0  00000+0 0  9990
2 43056  56.7089 296.8168 0004841 268.5320  91.4107  1.70473525  6279
1 43056U 17079B   18351.54553102 -.00000035  00000-0  00000-0 0  9994
2 43056  56.7083 296.8008 0004821 268.7222  91.2194  1.70473490  6317
1 43056U 17079B   18353.89188522 -.00000036  00000-0  00000-0 0  9995
2 43056  56.7063 296.7367 0004751 269.2907  90.6480  1.70473408  6321
1 43056U 17079B   18358.58463095 -.00000034  00000-0  00000+0 0  9994
2 43056  56.7024 296.6087 0004595 270.6825  89.2733  1.70473320  6404
1 43056U 17079B   18358.58463095 -.00000034  00000-0  00000-0 0  9995
2 43056  56.7024 296.6087 0004595 270.6825  89.2733  1.70473320  6437
1 43056U 17079B   18359.75781811 -.00000037  00000-0  00000+0 0  9996
2 43056  56.7014 296.5766 0004568 270.9380  89.0223  1.70473317  6425
1 43056U 17079B   18360.34441079 -.00000039  00000-0  00000-0 0  9995
2 43056  56.7007 296.5606 0004538 271.1430  88.8190  1.70473309  6461
1 43056U 17079B   18360.93100204 -.00000042  00000-0  00000+0 0  9995
2 43056  56.7002 296.5446 0004519 271.3225  88.6403  1.70473307  6442
1 43056U 17079B   18364.45052675 -.00000065  00000-0  00000+0 0  9999
2 43056  56.6971 296.4484 0004418 272.4949  87.4606  1.70473423  6508
1 43056U 17079B   18365.03711481 -.00000067  00000-0  00000-0 0  9994
2 43056  56.6966 296.4324 0004404 272.6895  87.2644  1.70473412  6544

