1 40889U 15045A   18001.86978251 -.00000052  00000-0  00000+0 0  9997
2 40889  56.8683 306.7140 0003739 347.1547  12.8326  1.70474159 14365
1 40889U 15045A   18003.04296523 -.00000053  00000-0  00000-0 0  9996
2 40889  56.8673 306.6820 0003758 347.2827  12.7093  1.70474166 14381
1 40889U 15045A   18004.21614994 -.00000054  00000-0  00000+0 0  9992
2 40889  56.8663 306.6498 0003768 348.2964  11.7013  1.70474182 14407
1 40889U 15045A   18004.80274133 -.00000056  00000-0  00000-0 0  9997
2 40889  56.8658 306.6339 0003776 348.6517  11.3483  1.70474194 14413
1 40889U 15045A   18005.38933186 -.00000058  00000-0  00000-0 0  9993
2 40889  56.8654 306.6178 0003788 348.9421  11.0596  1.70474203 14424
1 40889U 15045A   18007.14909785 -.00000066  00000-0  00000+0 0  9995
2 40889  56.8639 306.5697 0003812 349.9135  10.0904  1.70474253 14453
1 40889U 15045A   18008.90885684 -.00000073  00000-0  00000-0 0  9990
2 40889  56.8624 306.5217 0003838 350.6857   9.3162  1.70474302 14488
1 40889U 15045A   18013.01496858 -.00000068  00000-0  00000+0 0  9992
2 40889  56.8590 306.4097 0003916 353.2479   6.7536  1.70474426 14552
1 40889U 15045A   18014.77474190 -.00000059  00000-0  00000-0 0  9992
2 40889  56.8575 306.3618 0003937 354.2911   5.7172  1.70474446 14588
1 40889U 15045A   18015.94792734 -.00000052  00000-0  00000+0 0  9991
2 40889  56.8480 306.3281 0004200 354.6329   5.3757  1.70474231 14600
1 40889U 15045A   18015.94792740 -.00000052  00000-0  00000+0 0  9998
2 40889  56.8565 306.3298 0003935 354.9442   5.0707  1.70474437 14605
1 40889U 15045A   18022.98701774 -.00000030  00000-0  00000+0 0  9993
2 40889  56.8504 306.1378 0004003 359.2386   0.8023  1.70474250 14727
1 40889U 15045A   18024.16018772 -.00000032  00000-0  00000-0 0  9997
2 40889  56.8496 306.1057 0003997 359.6113   0.4269  1.70474233 14745
1 40889U 15045A   18024.74677275 -.00000034  00000-0  00000-0 0  9992
2 40889  56.8492 306.0897 0004001 359.9127   0.1241  1.70474220 14751
1 40889U 15045A   18028.26629507 -.00000040  00000-0  00000+0 0  9994
2 40889  56.8463 305.9934 0004033   1.9013 358.1342  1.70474170 14811
1 40889U 15045A   18030.02606851 -.00000040  00000-0  00000-0 0  9999
2 40889  56.8451 305.9454 0004061   2.9834 357.0591  1.70474179 14844
1 40889U 15045A   18038.23829812 -.00000060  00000-0  00000+0 0  9995
2 40889  56.8381 305.7207 0004158   7.0211 353.0279  1.70474439 14985
1 40889U 15045A   18040.58464865 -.00000051  00000-0  00000+0 0  9999
2 40889  56.8362 305.6566 0004185   8.1260 351.9247  1.70474497 15029
1 40889U 15045A   18040.58464865 -.00000051  00000-0  00000-0 0  9990
2 40889  56.8362 305.6566 0004185   8.1260 351.9247  1.70474497 15029
1 40889U 15045A   18043.51760388 -.00000033  00000-0  00000+0 0  9994
2 40889  56.8338 305.5765 0004209   9.6849 350.3784  1.70474536 15076
1 40889U 15045A   18044.10419595 -.00000029  00000-0  00000-0 0  9997
2 40889  56.8333 305.5604 0004212  10.1179 349.9488  1.70474537 15087
1 40889U 15045A   18049.38350339 -.00000010  00000-0  00000+0 0  9991
2 40889  56.8294 305.4160 0004232  13.2106 346.8728  1.70474419 15177
1 40889U 15045A   18051.72983942 -.00000013  00000-0  00000+0 0  9997
2 40889  56.8272 305.3520 0004238  14.1236 345.9533  1.70474383 15211
1 40889U 15045A   18051.72983942 -.00000013  00000-0  00000-0 0  9998
2 40889  56.8272 305.3520 0004238  14.1236 345.9533  1.70474383 15211
1 40889U 15045A   18057.59570466 -.00000019  00000-0  00000-0 0  9998
2 40889  56.8222 305.1908 0004256  17.0055 343.0707  1.70474337 15317
1 40889U 15045A   18057.59570669 -.00000019  00000-0  00000+0 0  9992
2 40889  56.8229 305.1912 0004257  16.5957 343.4801  1.70474309 15313
1 40889U 15045A   18061.11523502 -.00000028  00000-0  00000+0 0  9999
2 40889  56.8194 305.0941 0004274  18.6881 341.3943  1.70474420 15377
1 40889U 15045A   18063.46157052 -.00000039  00000-0  00000+0 0  9994
2 40889  56.8180 305.0304 0004277  19.9756 340.1008  1.70474515 15412
1 40889U 15045A   18064.63473632 -.00000041  00000-0  00000-0 0  9993
2 40889  56.8165 304.9983 0004285  19.9146 340.1572  1.70474537 15430
1 40889U 15045A   18066.39448789 -.00000039  00000-0  00000+0 0  9999
2 40889  56.8162 304.9500 0004316  20.7921 339.2756  1.70474631 15469
1 40889U 15045A   18074.60672560  .00000002  00000-0  00000+0 0  9997
2 40889  56.8108 304.7247 0004330  24.3075 335.7800  1.70474670 15601
1 40889U 15045A   18076.95306400  .00000004  00000-0  00000+0 0  9996
2 40889  56.8096 304.6603 0004291  26.0262 334.0590  1.70474616 15647
1 40889U 15045A   18078.71281007  .00000001  00000-0  00000-0 0  9995
2 40889  56.8081 304.6122 0004269  26.6619 333.4158  1.70474562 15670
1 40889U 15045A   18079.88597137 -.00000002  00000-0  00000+0 0  9999
2 40889  56.8060 304.5809 0004241  26.7310 333.3403  1.70474547 15694
1 40889U 15045A   18081.64571912 -.00000006  00000-0  00000-0 0  9994
2 40889  56.8051 304.5324 0004226  27.5413 332.5236  1.70474513 15724
1 40889U 15045A   18084.57864790 -.00000008  00000-0  00000-0 0  9990
2 40889  56.8023 304.4522 0004192  28.4833 331.5819  1.70474520 15779
1 40889U 15045A   18085.75182388 -.00000009  00000-0  00000-0 0  9998
2 40889  56.8018 304.4199 0004188  29.0234 331.0441  1.70474526 15794
1 40889U 15045A   18086.92499732 -.00000013  00000-0  00000+0 0  9996
2 40889  56.8020 304.3877 0004211  29.3136 330.7551  1.70474589 15810
1 40889U 15045A   18087.21438235 -.00000014  00000-0  00000+0 0  9991
2 40889  56.7979 304.3824 0004319  31.9164 145.7549  1.70474775 15811
1 40889U 15045A   18092.79082004 -.00000037  00000-0  00000+0 0  9994
2 40889  56.7971 304.2273 0004164  31.1893 328.8581  1.70474788 15914
1 40889U 15045A   18093.96398512 -.00000035  00000-0  00000-0 0  9997
2 40889  56.7961 304.1952 0004161  31.4827 328.5611  1.70474830 15934
1 40889U 15045A   18099.82985205 -.00000008  00000-0  00000+0 0  9998
2 40889  56.7915 304.0350 0004087  32.9865 327.0656  1.70474911 16034
1 40889U 15045A   18100.41643985 -.00000005  00000-0  00000-0 0  9990
2 40889  56.7908 304.0191 0004071  33.2835 326.7700  1.70474901 16049
1 40889U 15045A   18101.58961181 -.00000001  00000-0  00000-0 0  9996
2 40889  56.7901 303.9870 0004046  33.7573 326.2977  1.70474885 16064
1 40889U 15045A   18103.34936429  .00000001  00000-0  00000+0 0  9997
2 40889  56.7893 303.9387 0004006  34.3307 325.7226  1.70474843 16093
1 40889U 15045A   18105.69568895 -.00000003  00000-0  00000+0 0  9998
2 40889  56.7882 303.8744 0003958  34.9138 325.1293  1.70474782 16135
1 40889U 15045A   18106.86884829 -.00000006  00000-0  00000-0 0  9990
2 40889  56.7865 303.8424 0003939  35.7811 324.2558  1.70474769 16158
1 40889U 15045A   18110.38834216 -.00000014  00000-0  00000+0 0  9995
2 40889  56.7838 303.7462 0003880  36.8369 323.1888  1.70474724 16216
1 40889U 15045A   18112.14810118 -.00000016  00000-0  00000-0 0  9999
2 40889  56.7825 303.6981 0003853  37.3959 322.6316  1.70474726 16243
1 40889U 15045A   18112.73468779 -.00000017  00000-0  00000+0 0  9996
2 40889  56.7821 303.6820 0003843  37.6081 322.4204  1.70474733 16252
1 40889U 15045A   18115.08102850 -.00000027  00000-0  00000+0 0  9993
2 40889  56.7803 303.6180 0003797  38.2693 321.7595  1.70474790 16297
1 40889U 15045A   18119.18709414 -.00000049  00000-0  00000-0 0  9992
2 40889  56.7776 303.5060 0003669  39.4198 320.5910  1.70474939 16364
1 40889U 15045A   18120.36025582 -.00000051  00000-0  00000-0 0  9994
2 40889  56.7767 303.4740 0003651  39.6101 320.3958  1.70474970 16382
1 40889U 15045A   18120.94683754 -.00000050  00000-0  00000-0 0  9998
2 40889  56.7762 303.4580 0003632  39.8260 320.1780  1.70474993 16393
1 40889U 15045A   18122.12000445 -.00000047  00000-0  00000+0 0  9995
2 40889  56.7753 303.4260 0003626  40.2170 319.7855  1.70475042 16413
1 40889U 15045A   18122.70658912 -.00000045  00000-0  00000-0 0  9996
2 40889  56.7748 303.4100 0003615  40.3373 319.6652  1.70475051 16429
1 40889U 15045A   18125.05293495 -.00000034  00000-0  00000-0 0  9996
2 40889  56.7730 303.3457 0003558  40.7551 319.2519  1.70475115 16465
1 40889U 15045A   18125.05293539 -.00000034  00000-0  00000+0 0  9994
2 40889  56.7731 303.3457 0003585  40.5947 319.4124  1.70475105 16466
1 40889U 15045A   18129.74562653 -.00000018  00000-0  00000+0 0  9992
2 40889  56.7696 303.2178 0003443  41.5927 318.4247  1.70475113 16540
1 40889U 15045A   18130.33221004 -.00000017  00000-0  00000-0 0  9991
2 40889  56.7691 303.2018 0003423  41.8605 318.1564  1.70475098 16554
1 40889U 15045A   18132.09195537 -.00000019  00000-0  00000+0 0  9998
2 40889  56.7676 303.1539 0003363  42.5381 317.4738  1.70475044 16585
1 40889U 15045A   18133.26511551 -.00000022  00000-0  00000-0 0  9991
2 40889  56.7668 303.1219 0003310  42.9956 317.0109  1.70475004 16602
1 40889U 15045A   18136.19802005 -.00000031  00000-0  00000+0 0  9992
2 40889  56.7649 303.0417 0003237  43.4688 316.5261  1.70474939 16650
1 40889U 15045A   18137.37118661 -.00000032  00000-0  00000-0 0  9993
2 40889  56.7647 303.0097 0003168  43.8204 316.1733  1.70474927 16672
1 40889U 15045A   18137.37118754 -.00000032  00000-0  00000-0 0  9996
2 40889  56.7643 303.0097 0003197  43.6869 316.3070  1.70474928 16672
1 40889U 15045A   18137.95777198 -.00000033  00000-0  00000-0 0  9994
2 40889  56.7641 302.9936 0003160  43.9558 316.0385  1.70474926 16683
1 40889U 15045A   18141.47729175 -.00000041  00000-0  00000+0 0  9996
2 40889  56.7613 302.8976 0003051  44.7334 315.2679  1.70474950 16746
1 40889U 15045A   18142.65046103 -.00000047  00000-0  00000-0 0  9997
2 40889  56.7587 302.8659 0003120  44.3597 315.6419  1.70474967 16764
1 40889U 15045A   18143.82362420 -.00000055  00000-0  00000+0 0  9998
2 40889  56.7583 302.8338 0003037  44.7494 315.2492  1.70475020 16781
1 40889U 15045A   18144.41020523 -.00000059  00000-0  00000-0 0  9994
2 40889  56.7578 302.8179 0003040  44.4686 315.5279  1.70475034 16794
1 40889U 15045A   18145.58336499 -.00000066  00000-0  00000-0 0  9993
2 40889  56.7580 302.7858 0003006  44.2157 315.7757  1.70475074 16813
1 40889U 15045A   18145.58336509 -.00000066  00000-0  00000-0 0  9995
2 40889  56.7579 302.7859 0002983  44.4817 315.5097  1.70475093 16816
1 40889U 15045A   18146.16994499 -.00000068  00000-0  00000+0 0  9999
2 40889  56.7576 302.7698 0002969  44.2719 315.7169  1.70475114 16824
1 40889U 15045A   18147.34310734 -.00000071  00000-0  00000-0 0  9999
2 40889  56.7565 302.7379 0002940  44.6154 315.3694  1.70475138 16841
1 40889U 15045A   18149.10285465 -.00000068  00000-0  00000+0 0  9992
2 40889  56.7541 302.6900 0002822  45.3657 314.6165  1.70475224 16873
1 40889U 15045A   18150.27602573 -.00000063  00000-0  00000-0 0  9991
2 40889  56.7539 302.6580 0002846  44.8539 315.1300  1.70475248 16898
1 40889U 15045A   18150.86261259 -.00000061  00000-0  00000-0 0  9996
2 40889  56.7534 302.6421 0002806  44.9614 315.0239  1.70475270 16905
1 40889U 15045A   18152.03578750 -.00000055  00000-0  00000+0 0  9996
2 40889  56.7525 302.6102 0002764  45.1544 314.8352  1.70475287 16922
1 40889U 15045A   18154.38213973 -.00000044  00000-0  00000+0 0  9997
2 40889  56.7509 302.5462 0002694  45.3487 314.6515  1.70475294 16963
1 40889U 15045A   18156.72848598 -.00000037  00000-0  00000+0 0  9996
2 40889  56.7486 302.4822 0002620  45.8190 314.1884  1.70475269 17003
1 40889U 15045A   18157.31507032 -.00000036  00000-0  00000-0 0  9997
2 40889  56.7479 302.4662 0002593  45.9089 314.0989  1.70475257 17017
1 40889U 15045A   18158.48823674 -.00000036  00000-0  00000-0 0  9999
2 40889  56.7471 302.4343 0002515  45.9995 314.0073  1.70475204 17033
1 40889U 15045A   18160.24798030 -.00000038  00000-0  00000+0 0  9994
2 40889  56.7455 302.3863 0002437  46.3515 313.6508  1.70475170 17060
1 40889U 15045A   18161.42114199 -.00000041  00000-0  00000-0 0  9998
2 40889  56.7443 302.3542 0002435  46.5794 313.4192  1.70475152 17089
1 40889U 15045A   18162.59430450 -.00000044  00000-0  00000+0 0  9990
2 40889  56.7436 302.3222 0002388  46.9024 313.0930  1.70475121 17108
1 40889U 15045A   18163.18088622 -.00000045  00000-0  00000-0 0  9998
2 40889  56.7430 302.3062 0002349  46.8524 313.1419  1.70475109 17115
1 40889U 15045A   18163.18088681 -.00000045  00000-0  00000-0 0  9993
2 40889  56.7431 302.3062 0002370  46.8591 313.1354  1.70475117 17111
1 40889U 15045A   18164.35405461 -.00000047  00000-0  00000-0 0  9994
2 40889  56.7420 302.2742 0002325  46.8802 313.1143  1.70475101 17139
1 40889U 15045A   18165.52722675 -.00000047  00000-0  00000+0 0  9992
2 40889  56.7410 302.2422 0002283  46.8767 313.1203  1.70475089 17150
1 40889U 15045A   18165.52722675 -.00000047  00000-0  00000-0 0  9993
2 40889  56.7410 302.2422 0002283  46.8767 313.1203  1.70475089 17150
1 40889U 15045A   18166.11381343 -.00000047  00000-0  00000-0 0  9992
2 40889  56.7404 302.2262 0002244  46.9045 313.0944  1.70475086 17161
1 40889U 15045A   18166.11381366 -.00000047  00000-0  00000-0 0  9997
2 40889  56.7404 302.2262 0002251  46.9878 313.0111  1.70475083 17166
1 40889U 15045A   18170.21991787 -.00000061  00000-0  00000+0 0  9992
2 40889  56.7372 302.1142 0002119  46.7344 313.2749  1.70475144 17230
1 40889U 15045A   18171.39308207 -.00000069  00000-0  00000-0 0  9990
2 40889  56.7362 302.0822 0002073  46.4966 313.5107  1.70475178 17259
1 40889U 15045A   18171.97966249 -.00000072  00000-0  00000-0 0  9994
2 40889  56.7357 302.0662 0002027  46.1688 313.8366  1.70475214 17264
1 40889U 15045A   18173.73940400 -.00000080  00000-0  00000-0 0  9990
2 40889  56.7340 302.0182 0001979  45.8742 314.1260  1.70475289 17297
1 40889U 15045A   18173.73940447 -.00000080  00000-0  00000+0 0  9990
2 40889  56.7340 302.0182 0001996  45.9965 314.0039  1.70475269 17295
1 40889U 15045A   18175.49915057 -.00000080  00000-0  00000-0 0  9995
2 40889  56.7325 301.9703 0001925  45.3669 314.6306  1.70475350 17320
1 40889U 15045A   18177.25890543 -.00000074  00000-0  00000+0 0  9995
2 40889  56.7311 301.9223 0001885  45.0581 314.9420  1.70475391 17355
1 40889U 15045A   18177.84549207 -.00000071  00000-0  00000-0 0  9996
2 40889  56.7305 301.9063 0001847  44.9194 315.0826  1.70475418 17369
1 40889U 15045A   18179.60525556 -.00000061  00000-0  00000+0 0  9991
2 40889  56.7289 301.8584 0001801  44.6008 315.4099  1.70475447 17399
1 40889U 15045A   18179.60525556 -.00000061  00000-0  00000-0 0  9992
2 40889  56.7289 301.8584 0001801  44.6008 315.4099  1.70475447 17399
1 40889U 15045A   18180.19184426 -.00000058  00000-0  00000-0 0  9991
2 40889  56.7284 301.8424 0001755  44.2750 315.7389  1.70475454 17400
1 40889U 15045A   18182.53819734 -.00000047  00000-0  00000+0 0  9995
2 40889  56.7265 301.7784 0001670  43.5611 316.4653  1.70475438 17449
1 40889U 15045A   18184.29795670 -.00000041  00000-0  00000-0 0  9997
2 40889  56.7250 301.7305 0001635  43.3235 316.7088  1.70475413 17474
1 40889U 15045A   18184.88454145 -.00000040  00000-0  00000+0 0  9999
2 40889  56.7245 301.7145 0001598  42.7876 317.2453  1.70475379 17486
1 40889U 15045A   18188.40403349 -.00000042  00000-0  00000+0 0  9993
2 40889  56.7216 301.6185 0001488  42.5360 317.4923  1.70475305 17541
1 40889U 15045A   18190.75036151 -.00000045  00000-0  00000+0 0  9990
2 40889  56.7198 301.5544 0001404  41.2841 318.7409  1.70475251 17583
1 40889U 15045A   18191.33694578 -.00000045  00000-0  00000-0 0  9999
2 40889  56.7193 301.5383 0001382  40.9173 319.1081  1.70475236 17593
1 40889U 15045A   18194.26987976 -.00000044  00000-0  00000+0 0  9999
2 40889  56.7169 301.4582 0001285  38.5240 321.5117  1.70475210 17641
1 40889U 15045A   18194.85646743 -.00000045  00000-0  00000-0 0  9990
2 40889  56.7164 301.4421 0001267  37.9069 322.1313  1.70475215 17651
1 40889U 15045A   18198.37597713 -.00000060  00000-0  00000+0 0  9999
2 40889  56.7134 301.3459 0001177  34.9742 325.0693  1.70475260 17713
1 40889U 15045A   18203.06862875 -.00000071  00000-0  00000+0 0  9998
2 40889  56.7095 301.2176 0001067  28.3051 331.7290  1.70475398 17799
1 40889U 15045A   18204.82838498 -.00000063  00000-0  00000-0 0  9999
2 40889  56.7081 301.1697 0001025  25.2716 334.7662  1.70475465 17824
1 40889U 15045A   18206.00155965 -.00000056  00000-0  00000-0 0  9994
2 40889  56.7071 301.1377 0001004  23.8102 336.2328  1.70475478 17840
1 40889U 15045A   18207.76132515 -.00000045  00000-0  00000-0 0  9992
2 40889  56.7058 301.0895 0000960  19.1625 340.8899  1.70475492 17870
1 40889U 15045A   18208.34791392 -.00000042  00000-0  00000-0 0  9998
2 40889  56.7053 301.0736 0000949  18.1542 341.9016  1.70475490 17885
1 40889U 15045A   18209.52109009 -.00000036  00000-0  00000-0 0  9990
2 40889  56.7044 301.0416 0000918  14.4529 345.6086  1.70475474 17903
1 40889U 15045A   18211.28084964 -.00000029  00000-0  00000+0 0  9999
2 40889  56.7030 300.9935 0000893  11.2616 348.8062  1.70475435 17935
1 40889U 15045A   18211.86743466 -.00000027  00000-0  00000-0 0  9991
2 40889  56.7025 300.9775 0000886  10.1152 349.9535  1.70475417 17944
1 40889U 15045A   18213.04060186 -.00000025  00000-0  00000-0 0  9992
2 40889  56.7015 300.9456 0000875  10.8472 349.2222  1.70475395 17962
1 40889U 15045A   18217.14667083 -.00000027  00000-0  00000+0 0  9997
2 40889  56.6981 300.8329 0000799   0.8800 359.1800  1.70475250 18031
1 40889U 15045A   18217.14667107 -.00000027  00000-0  00000-0 0  9995
2 40889  56.6982 300.8329 0000822 359.3796   0.6802  1.70475241 18035
1 40889U 15045A   18218.31983735 -.00000027  00000-0  00000-0 0  9993
2 40889  56.6973 300.8007 0000815 357.6480   2.4112  1.70475218 18051
1 40889U 15045A   18222.42594205 -.00000026  00000-0  00000-0 0  9999
2 40889  56.6939 300.6884 0000840 347.5461  12.5251  1.70475164 18123
1 40889U 15045A   18222.42594264 -.00000026  00000-0  00000+0 0  9993
2 40889  56.6939 300.6885 0000836 348.8308  11.2406  1.70475162 18129
1 40889U 15045A   18224.18569832 -.00000031  00000-0  00000-0 0  9998
2 40889  56.6925 300.6402 0000857 343.7577  16.3168  1.70475182 18150
1 40889U 15045A   18227.11860518 -.00000047  00000-0  00000+0 0  9995
2 40889  56.6901 300.5599 0000903 337.7762  22.2911  1.70475239 18202
1 40889U 15045A   18227.70518568 -.00000050  00000-0  00000-0 0  9990
2 40889  56.6896 300.5437 0000901 336.1740  23.8910  1.70475244 18216
1 40889U 15045A   18231.22467654 -.00000046  00000-0  00000+0 0  9995
2 40889  56.6869 300.4473 0000976 330.8541  29.2046  1.70475354 18275
1 40889U 15045A   18232.39784768 -.00000040  00000-0  00000-0 0  9997
2 40889  56.6860 300.4152 0001006 328.7112  31.3497  1.70475368 18296
1 40889U 15045A   18234.74419666 -.00000026  00000-0  00000+0 0  9993
2 40889  56.6842 300.3510 0001051 325.1669  34.9035  1.70475406 18336
1 40889U 15045A   18237.09054648 -.00000013  00000-0  00000+0 0  9995
2 40889  56.6823 300.2868 0001111 322.9947  37.0852  1.70475393 18371
1 40889U 15045A   18237.09442483 -.00000013  00000-0  00000+0 0  9993
2 40889  56.6833 300.2875 0001136 339.4924  22.9621  1.70475247 18370
1 40889U 15045A   18242.95637177 -.00000004  00000-0  00000+0 0  9990
2 40889  56.6780 300.1261 0001200 318.5479  41.5250  1.70475210 18470
1 40889U 15045A   18243.54295305 -.00000005  00000-0  00000-0 0  9991
2 40889  56.6776 300.1100 0001266 317.1547  42.9153  1.70475145 18485
1 40889U 15045A   18248.23562195 -.00000003  00000-0  00000+0 0  9993
2 40889  56.6744 299.9813 0001338 314.5295  45.5383  1.70475042 18566
1 40889U 15045A   18248.82220864 -.00000003  00000-0  00000-0 0  9993
2 40889  56.6739 299.9652 0001402 314.0360  46.0329  1.70475024 18578
1 40889U 15045A   18251.16855032 -.00000008  00000-0  00000-0 0  9990
2 40889  56.6721 299.9007 0001469 313.2975  46.7743  1.70475018 18614
1 40889U 15045A   18251.75513372 -.00000011  00000-0  00000+0 0  9996
2 40889  56.6715 299.8847 0001478 313.5675  46.5037  1.70475011 18626
1 40889U 15045A   18254.10145471 -.00000026  00000-0  00000+0 0  9995
2 40889  56.6696 299.8203 0001556 313.0258  47.0358  1.70475051 18669
1 40889U 15045A   18254.10145493 -.00000026  00000-0  00000-0 0  9990
2 40889  56.6694 299.8204 0001538 313.4493  46.6126  1.70475053 18663
1 40889U 15045A   18258.20751643 -.00000030  00000-0  00000+0 0  9999
2 40889  56.6664 299.7075 0001691 313.2782  46.7668  1.70475176 18730
1 40889U 15045A   18258.20751643 -.00000030  00000-0  00000-0 0  9990
2 40889  56.6664 299.7075 0001691 313.2782  46.7668  1.70475176 18730
1 40889U 15045A   18261.14044514 -.00000015  00000-0  00000+0 0  9991
2 40889  56.6643 299.6272 0001794 312.5090  47.5396  1.70475181 18781
1 40889U 15045A   18263.48679268 -.00000003  00000-0  00000-0 0  9998
2 40889  56.6627 299.5629 0001878 312.2841  47.7715  1.70475195 18829
1 40889U 15045A   18265.83313335  .00000005  00000-0  00000-0 0  9990
2 40889  56.6607 299.4988 0001949 312.4033  47.6547  1.70475156 18861
1 40889U 15045A   18268.76604165  .00000008  00000-0  00000-0 0  9992
2 40889  56.6602 299.4184 0002029 312.7989  47.2507  1.70475050 18918
1 40889U 15045A   18269.35262107  .00000008  00000-0  00000-0 0  9994
2 40889  56.6586 299.4021 0001964 311.8993  48.1477  1.70475044 18921
1 40889U 15045A   18271.11236142  .00000006  00000-0  00000+0 0  9998
2 40889  56.6583 299.3541 0002031 313.0726  46.9655  1.70474961 18952
1 40889U 15045A   18271.69894146  .00000005  00000-0  00000-0 0  9995
2 40889  56.6580 299.3379 0002054 313.2098  46.8255  1.70474920 18968
1 40889U 15045A   18272.87210469  .00000004  00000-0  00000-0 0  9995
2 40889  56.6573 299.3057 0002081 313.5034  46.5283  1.70474888 18989
1 40889U 15045A   18275.21844363  .00000005  00000-0  00000-0 0  9993
2 40889  56.6570 299.2412 0002171 314.6485  45.3828  1.70474815 19020
1 40889U 15045A   18275.21844368  .00000005  00000-0  00000+0 0  9997
2 40889  56.6570 299.2413 0002164 314.4823  45.5490  1.70474825 19025
1 40889U 15045A   18275.80503003  .00000005  00000-0  00000-0 0  9991
2 40889  56.6567 299.2252 0002181 314.8613  45.1709  1.70474806 19031
1 40889U 15045A   18278.15137247 -.00000000  00000-0  00000-0 0  9991
2 40889  56.6523 299.1608 0002197 314.7362  45.2976  1.70474794 19071
1 40889U 15045A   18278.15137267 -.00000000  00000-0  00000+0 0  9992
2 40889  56.6537 299.1609 0002190 314.9393  45.0946  1.70474795 19072
1 40889U 15045A   18279.32453814 -.00000007  00000-0  00000-0 0  9999
2 40889  56.6514 299.1287 0002209 314.9256  45.1057  1.70474801 19092
1 40889U 15045A   18280.49769869 -.00000016  00000-0  00000+0 0  9998
2 40889  56.6502 299.0966 0002288 315.4639  44.5616  1.70474818 19115
1 40889U 15045A   18282.25743517 -.00000027  00000-0  00000-0 0  9999
2 40889  56.6489 299.0483 0002323 315.8288  44.1856  1.70474856 19144
1 40889U 15045A   18282.84401395 -.00000030  00000-0  00000+0 0  9992
2 40889  56.6484 299.0322 0002344 316.0640  43.9468  1.70474874 19156
1 40889U 15045A   18283.43059383 -.00000031  00000-0  00000-0 0  9996
2 40889  56.6479 299.0162 0002346 316.0340  43.9734  1.70474873 19167
1 40889U 15045A   18285.19033732 -.00000031  00000-0  00000+0 0  9990
2 40889  56.6466 298.9679 0002400 316.9063  43.0944  1.70474936 19193
1 40889U 15045A   18288.12326586 -.00000019  00000-0  00000+0 0  9994
2 40889  56.6446 298.8874 0002449 317.5697  42.4322  1.70474928 19240
1 40889U 15045A   18288.70985291 -.00000016  00000-0  00000-0 0  9990
2 40889  56.6442 298.8714 0002451 317.4956  42.5078  1.70474932 19254
1 40889U 15045A   18289.88302812 -.00000011  00000-0  00000-0 0  9997
2 40889  56.6433 298.8392 0002495 317.9586  42.0478  1.70474938 19275
1 40889U 15045A   18289.88302838 -.00000011  00000-0  00000-0 0  9995
2 40889  56.6434 298.8392 0002505 318.0904  41.9160  1.70474937 19279
1 40889U 15045A   18292.22937473 -.00000003  00000-0  00000+0 0  9996
2 40889  56.6416 298.7749 0002554 318.9106  41.1000  1.70474911 19313
1 40889U 15045A   18292.81595964 -.00000002  00000-0  00000-0 0  9996
2 40889  56.6412 298.7589 0002571 319.1408  40.8698  1.70474904 19320
1 40889U 15045A   18293.40254367 -.00000001  00000-0  00000-0 0  9990
2 40889  56.6407 298.7428 0002574 319.2615  40.7486  1.70474895 19334
1 40889U 15045A   18295.16229145  .00000000  00000-0  00000+0 0  9998
2 40889  56.6396 298.6946 0002599 319.9047  40.1006  1.70474831 19363
1 40889U 15045A   18296.92203312 -.00000001  00000-0  00000-0 0  9994
2 40889  56.6382 298.6464 0002635 320.6141  39.3829  1.70474780 19397
1 40889U 15045A   18298.68177512 -.00000004  00000-0  00000+0 0  9993
2 40889  56.6368 298.5983 0002688 321.3190  38.6693  1.70474704 19427
1 40889U 15045A   18298.68177512 -.00000004  00000-0  00000-0 0  9994
2 40889  56.6368 298.5983 0002688 321.3190  38.6693  1.70474704 19427
1 40889U 15045A   18299.26835676 -.00000005  00000-0  00000-0 0  9992
2 40889  56.6363 298.5822 0002703 321.5729  38.4131  1.70474685 19436
1 40889U 15045A   18300.44152297 -.00000006  00000-0  00000-0 0  9997
2 40889  56.6354 298.5500 0002718 322.0256  37.9576  1.70474661 19459
1 40889U 15045A   18302.20127982 -.00000006  00000-0  00000+0 0  9995
2 40889  56.6340 298.5018 0002744 322.8353  37.1483  1.70474618 19487
1 40889U 15045A   18302.78786716 -.00000006  00000-0  00000-0 0  9995
2 40889  56.6337 298.4856 0002763 323.2826  36.7020  1.70474608 19495
1 40889U 15045A   18305.13421448 -.00000012  00000-0  00000+0 0  9991
2 40889  56.6318 298.4214 0002799 324.4427  35.5453  1.70474592 19535
1 40889U 15045A   18307.48054873 -.00000027  00000-0  00000+0 0  9991
2 40889  56.6296 298.3571 0002825 325.3240  34.6585  1.70474591 19577
1 40889U 15045A   18309.82686997 -.00000044  00000-0  00000-0 0  9999
2 40889  56.6275 298.2929 0002884 326.6050  33.3643  1.70474634 19612
1 40889U 15045A   18309.82687029 -.00000044  00000-0  00000+0 0  9995
2 40889  56.6275 298.2929 0002889 326.6425  33.3268  1.70474635 19617
1 40889U 15045A   18310.41345074 -.00000046  00000-0  00000-0 0  9996
2 40889  56.6270 298.2769 0002897 326.7072  33.2589  1.70474640 19624
1 40889U 15045A   18312.17319774 -.00000048  00000-0  00000+0 0  9990
2 40889  56.6259 298.2287 0002986 328.1176  31.8420  1.70474687 19658
1 40889U 15045A   18312.17319774 -.00000048  00000-0  00000-0 0  9991
2 40889  56.6259 298.2287 0002986 328.1176  31.8420  1.70474687 19658
1 40889U 15045A   18314.51954153 -.00000041  00000-0  00000+0 0  9999
2 40889  56.6243 298.1645 0003037 329.1187  30.8418  1.70474746 19695
1 40889U 15045A   18317.45248583 -.00000029  00000-0  00000+0 0  9994
2 40889  56.6223 298.0843 0003085 329.9293  30.0412  1.70474768 19747
1 40889U 15045A   18318.62566335 -.00000026  00000-0  00000-0 0  9990
2 40889  56.6210 298.0521 0003088 330.2202  29.7541  1.70474759 19764
1 40889U 15045A   18319.79883846 -.00000023  00000-0  00000+0 0  9994
2 40889  56.6202 298.0200 0003113 330.9316  29.0451  1.70474741 19787
1 40889U 15045A   18321.55859543 -.00000021  00000-0  00000-0 0  9997
2 40889  56.6188 297.9718 0003141 332.0817  27.8950  1.70474692 19811
1 40889U 15045A   18321.55859653 -.00000021  00000-0  00000-0 0  9999
2 40889  56.6189 297.9719 0003152 332.5713  27.4056  1.70474668 19811
1 40889U 15045A   18323.90492898 -.00000022  00000-0  00000+0 0  9994
2 40889  56.6172 297.9076 0003183 333.7480  26.2223  1.70474585 19852
1 40889U 15045A   18324.49151180 -.00000023  00000-0  00000-0 0  9997
2 40889  56.6166 297.8916 0003193 333.8255  26.1426  1.70474565 19862
1 40889U 15045A   18325.66467737 -.00000024  00000-0  00000-0 0  9996
2 40889  56.6153 297.8595 0003213 334.4297  25.5343  1.70474518 19888
1 40889U 15045A   18326.83784501 -.00000026  00000-0  00000+0 0  9998
2 40889  56.6144 297.8274 0003235 334.9985  24.9629  1.70474482 19908
1 40889U 15045A   18330.94396060 -.00000027  00000-0  00000+0 0  9995
2 40889  56.6112 297.7151 0003304 337.4896  22.4799  1.70474400 19970
1 40889U 15045A   18330.94396122 -.00000027  00000-0  00000-0 0  9995
2 40889  56.6111 297.7151 0003307 337.5296  22.4399  1.70474393 19974
1 40889U 15045A   18332.11713991 -.00000030  00000-0  00000-0 0  9997
2 40889  56.6100 297.6830 0003345 338.2971  21.6759  1.70474377 19990
1 40889U 15045A   18333.87690033 -.00000040  00000-0  00000-0 0  9993
2 40889  56.6086 297.6347 0003400 339.4071  20.5669  1.70474376 20025
1 40889U 15045A   18335.05006834 -.00000049  00000-0  00000-0 0  9994
2 40889  56.6076 297.6026 0003426 340.1016  19.8696  1.70474387 20049
1 40889U 15045A   18337.98298122 -.00000066  00000-0  00000+0 0  9999
2 40889  56.6052 297.5223 0003461 341.4899  18.4698  1.70474432 20096
1 40889U 15045A   18339.15615045 -.00000067  00000-0  00000-0 0  9999
2 40889  56.6042 297.4902 0003497 342.3930  17.5646  1.70474472 20113
1 40889U 15045A   18342.08909131 -.00000058  00000-0  00000+0 0  9996
2 40889  56.6018 297.4101 0003563 344.1016  15.8624  1.70474555 20160
1 40889U 15045A   18343.26227336 -.00000053  00000-0  00000-0 0  9993
2 40889  56.6008 297.3781 0003584 344.7047  15.2654  1.70474576 20187
1 40889U 15045A   18343.84886504 -.00000050  00000-0  00000-0 0  9992
2 40889  56.6002 297.3620 0003598 344.9810  14.9923  1.70474579 20197
1 40889U 15045A   18345.02204707 -.00000045  00000-0  00000+0 0  9996
2 40889  56.5984 297.3299 0003596 345.0504  14.9292  1.70474582 20213
1 40889U 15045A   18346.19522848 -.00000042  00000-0  00000-0 0  9992
2 40889  56.5979 297.2979 0003638 345.7964  14.1888  1.70474577 20234
1 40889U 15045A   18348.54158304 -.00000037  00000-0  00000+0 0  9998
2 40889  56.5960 297.2338 0003678 347.3845  12.6067  1.70474528 20275
1 40889U 15045A   18349.12816953 -.00000036  00000-0  00000-0 0  9994
2 40889  56.5956 297.2177 0003674 347.7243  12.2672  1.70474518 20281
1 40889U 15045A   18350.30134056 -.00000035  00000-0  00000-0 0  9992
2 40889  56.5946 297.1856 0003696 348.5742  11.4166  1.70474480 20300
1 40889U 15045A   18352.06109367 -.00000036  00000-0  00000+0 0  9994
2 40889  56.5927 297.1374 0003707 349.5219  10.4658  1.70474428 20337
1 40889U 15045A   18353.23426302 -.00000037  00000-0  00000-0 0  9997
2 40889  56.5927 297.1053 0003721 349.9100  10.0759  1.70474400 20350
1 40889U 15045A   18358.51356750 -.00000034  00000-0  00000+0 0  9998
2 40889  56.5872 296.9608 0003845 353.1053   6.8968  1.70474274 20447
1 40889U 15045A   18359.10015875 -.00000035  00000-0  00000-0 0  9996
2 40889  56.5865 296.9448 0003865 353.4860   6.5189  1.70474268 20458
1 40889U 15045A   18360.85992489 -.00000042  00000-0  00000+0 0  9992
2 40889  56.5860 296.8965 0003874 354.0347   5.9746  1.70474269 20489
1 40889U 15045A   18360.85992575 -.00000042  00000-0  00000-0 0  9999
2 40889  56.5857 296.8965 0003876 354.4529   5.5567  1.70474268 20489
1 40889U 15045A   18362.61968247 -.00000054  00000-0  00000-0 0  9997
2 40889  56.5840 296.8483 0003920 355.3685   4.6394  1.70474283 20518
1 40889U 15045A   18363.20626625 -.00000059  00000-0  00000+0 0  9998
2 40889  56.5834 296.8322 0003934 355.6454   4.3609  1.70474294 20524
1 40889U 15045A   18365.55260165 -.00000069  00000-0  00000+0 0  9992
2 40889  56.5813 296.7679 0003996 356.8487   3.1515  1.70474357 20569

