1 40730U 15033A   18001.02720612 -.00000049  00000-0  00000-0 0  9990
2 40730  55.4858  31.9178 0032651 321.8265  38.0037  2.00555888 18050
1 40730U 15033A   18001.02720653 -.00000049  00000-0  00000+0 0  9994
2 40730  55.4858  31.9177 0032658 321.8432  37.9869  2.00555855 18057
1 40730U 15033A   18001.52580667 -.00000051  00000-0  00000-0 0  9992
2 40730  55.4860  31.8977 0032679 321.8577  37.9713  2.00555794 18061
1 40730U 15033A   18002.52300080 -.00000057  00000-0  00000-0 0  9998
2 40730  55.4864  31.8576 0032721 321.9135  37.9122  2.00555825 18080
1 40730U 15033A   18002.52300112 -.00000057  00000-0  00000+0 0  9993
2 40730  55.4864  31.8576 0032714 321.9136  37.9121  2.00555825 18082
1 40730U 15033A   18003.52019677 -.00000064  00000-0  00000+0 0  9995
2 40730  55.4869  31.8174 0032773 321.9738  37.8477  2.00555764 18102
1 40730U 15033A   18003.52019677 -.00000064  00000-0  00000-0 0  9996
2 40730  55.4869  31.8174 0032773 321.9738  37.8477  2.00555764 18102
1 40730U 15033A   18003.52019704 -.00000064  00000-0  00000-0 0  9997
2 40730  55.4868  31.8174 0032783 321.9824  37.8391  2.00555743 18100
1 40730U 15033A   18004.51739176 -.00000071  00000-0  00000-0 0  9997
2 40730  55.4873  31.7773 0032834 322.0430  37.7744  2.00555737 18128
1 40730U 15033A   18004.51739283 -.00000071  00000-0  00000-0 0  9996
2 40730  55.4873  31.7773 0032826 322.0347  37.7827  2.00555712 18121
1 40730U 15033A   18004.51739298 -.00000071  00000-0  00000+0 0  9991
2 40730  55.4873  31.7773 0032818 322.0344  37.7831  2.00555717 18129
1 40730U 15033A   18005.51458874 -.00000076  00000-0  00000-0 0  9996
2 40730  55.4877  31.7372 0032873 322.0928  37.7210  2.00555707 18149
1 40730U 15033A   18005.51458895 -.00000076  00000-0  00000+0 0  9998
2 40730  55.4877  31.7372 0032867 322.0917  37.7222  2.00555708 18144
1 40730U 15033A   18006.51178773 -.00000080  00000-0  00000+0 0  9998
2 40730  55.4881  31.6971 0032916 322.1519  37.6596  2.00555672 18162
1 40730U 15033A   18006.51178819 -.00000080  00000-0  00000-0 0  9990
2 40730  55.4881  31.6971 0032931 322.1601  37.6513  2.00555642 18167
1 40730U 15033A   18007.01038793 -.00000081  00000-0  00000-0 0  9993
2 40730  55.4884  31.6770 0032957 322.1930  37.6176  2.00555640 18174
1 40730U 15033A   18007.50898834 -.00000081  00000-0  00000-0 0  9997
2 40730  55.4886  31.6570 0032973 322.2175  37.5928  2.00555644 18183
1 40730U 15033A   18007.50898851 -.00000081  00000-0  00000+0 0  9995
2 40730  55.4886  31.6570 0032969 322.2159  37.5945  2.00555644 18189
1 40730U 15033A   18008.50619166 -.00000080  00000-0  00000-0 0  9996
2 40730  55.4890  31.6169 0033034 322.2904  37.5201  2.00555596 18204
1 40730U 15033A   18008.50619234 -.00000080  00000-0  00000+0 0  9991
2 40730  55.4890  31.6169 0033021 322.2827  37.5279  2.00555585 18207
1 40730U 15033A   18009.50339556 -.00000077  00000-0  00000+0 0  9994
2 40730  55.4894  31.5769 0033068 322.3492  37.4625  2.00555602 18222
1 40730U 15033A   18009.50339560 -.00000077  00000-0  00000-0 0  9990
2 40730  55.4894  31.5769 0033073 322.3524  37.4593  2.00555596 18220
1 40730U 15033A   18009.50339712 -.00000077  00000-0  00000-0 0  9999
2 40730  55.4894  31.5768 0033085 322.3599  37.4517  2.00555535 18223
1 40730U 15033A   18010.00199929 -.00000076  00000-0  00000+0 0  9998
2 40730  55.4897  31.5568 0033108 322.3942  37.4183  2.00555541 18239
1 40730U 15033A   18010.50060096 -.00000074  00000-0  00000-0 0  9994
2 40730  55.4899  31.5368 0033134 322.4321  37.3812  2.00555565 18245
1 40730U 15033A   18010.50060150 -.00000074  00000-0  00000-0 0  9995
2 40730  55.4899  31.5368 0033124 322.4282  37.3852  2.00555557 18245
1 40730U 15033A   18011.49780807 -.00000070  00000-0  00000+0 0  9997
2 40730  55.4903  31.4968 0033166 322.4940  37.3212  2.00555500 18263
1 40730U 15033A   18011.49780846 -.00000070  00000-0  00000-0 0  9991
2 40730  55.4903  31.4968 0033174 322.4962  37.3189  2.00555478 18263
1 40730U 15033A   18012.49501289 -.00000066  00000-0  00000-0 0  9999
2 40730  55.4907  31.4567 0033223 322.5684  37.2481  2.00555472 18289
1 40730U 15033A   18012.49501326 -.00000066  00000-0  00000+0 0  9990
2 40730  55.4907  31.4567 0033211 322.5657  37.2508  2.00555473 18287
1 40730U 15033A   18013.49221765 -.00000063  00000-0  00000+0 0  9994
2 40730  55.4911  31.4167 0033258 322.6377  37.1796  2.00555444 18308
1 40730U 15033A   18013.49221765 -.00000063  00000-0  00000-0 0  9995
2 40730  55.4911  31.4167 0033262 322.6360  37.1812  2.00555435 18304
1 40730U 15033A   18013.99082021 -.00000062  00000-0  00000+0 0  9998
2 40730  55.4913  31.3966 0033300 322.6894  37.1279  2.00555382 18316
1 40730U 15033A   18014.48942131 -.00000061  00000-0  00000-0 0  9990
2 40730  55.4915  31.3766 0033310 322.7034  37.1137  2.00555388 18324
1 40730U 15033A   18014.48942186 -.00000061  00000-0  00000-0 0  9990
2 40730  55.4915  31.3766 0033304 322.7047  37.1124  2.00555379 18327
1 40730U 15033A   18015.48662340 -.00000059  00000-0  00000-0 0  9999
2 40730  55.4919  31.3366 0033361 322.7748  37.0413  2.00555360 18340
1 40730U 15033A   18015.48662455 -.00000059  00000-0  00000+0 0  9995
2 40730  55.4919  31.3366 0033352 322.7790  37.0372  2.00555341 18340
1 40730U 15033A   18016.48382585 -.00000058  00000-0  00000+0 0  9998
2 40730  55.4924  31.2966 0033406 322.8481  36.9664  2.00555294 18360
1 40730U 15033A   18016.48382587 -.00000058  00000-0  00000-0 0  9991
2 40730  55.4924  31.2966 0033413 322.8503  36.9642  2.00555287 18361
1 40730U 15033A   18017.48102845 -.00000056  00000-0  00000+0 0  9996
2 40730  55.4928  31.2567 0033447 322.9223  36.8901  2.00555215 18389
1 40730U 15033A   18017.48102848 -.00000056  00000-0  00000-0 0  9990
2 40730  55.4928  31.2567 0033463 322.9248  36.8874  2.00555189 18383
1 40730U 15033A   18018.47822970 -.00000054  00000-0  00000+0 0  9992
2 40730  55.4932  31.2167 0033496 322.9993  36.8106  2.00555159 18405
1 40730U 15033A   18018.47822972 -.00000054  00000-0  00000-0 0  9995
2 40730  55.4932  31.2167 0033501 322.9998  36.8101  2.00555148 18400
1 40730U 15033A   18019.47543218 -.00000051  00000-0  00000-0 0  9996
2 40730  55.4936  31.1766 0033564 323.0985  36.7091  2.00555036 18420
1 40730U 15033A   18019.47543313 -.00000051  00000-0  00000+0 0  9991
2 40730  55.4936  31.1767 0033544 323.0781  36.7295  2.00555042 18426
1 40730U 15033A   18020.47263508 -.00000048  00000-0  00000-0 0  9995
2 40730  55.4940  31.1366 0033596 323.1480  36.6576  2.00554978 18440
1 40730U 15033A   18020.47263513 -.00000048  00000-0  00000+0 0  9990
2 40730  55.4940  31.1366 0033588 323.1494  36.6563  2.00554995 18441
1 40730U 15033A   18021.46983952 -.00000045  00000-0  00000-0 0  9994
2 40730  55.4944  31.0966 0033649 323.2266  36.5777  2.00554881 18468
1 40730U 15033A   18021.46983968 -.00000045  00000-0  00000-0 0  9991
2 40730  55.4944  31.0966 0033640 323.2191  36.5853  2.00554888 18468
1 40730U 15033A   18021.46984043 -.00000045  00000-0  00000+0 0  9995
2 40730  55.4944  31.0966 0033632 323.2213  36.5831  2.00554881 18463
1 40730U 15033A   18022.46704548 -.00000041  00000-0  00000-0 0  9993
2 40730  55.4948  31.0566 0033694 323.2971  36.5069  2.00554789 18484
1 40730U 15033A   18022.46704572 -.00000041  00000-0  00000+0 0  9999
2 40730  55.4948  31.0566 0033677 323.2933  36.5107  2.00554814 18485
1 40730U 15033A   18022.96564929 -.00000040  00000-0  00000+0 0  9993
2 40730  55.4950  31.0366 0033722 323.3513  36.4528  2.00554721 18496
1 40730U 15033A   18023.46425331 -.00000038  00000-0  00000-0 0  9990
2 40730  55.4952  31.0165 0033742 323.3698  36.4344  2.00554679 18501
1 40730U 15033A   18023.96285731 -.00000037  00000-0  00000+0 0  9991
2 40730  55.4954  30.9965 0033769 323.4241  36.3805  2.00554628 18519
1 40730U 15033A   18024.46146163 -.00000036  00000-0  00000-0 0  9992
2 40730  55.4956  30.9765 0033778 323.4315  36.3735  2.00554609 18523
1 40730U 15033A   18025.45867012 -.00000034  00000-0  00000-0 0  9993
2 40730  55.4960  30.9365 0033823 323.5046  36.3013  2.00554534 18545
1 40730U 15033A   18025.45867063 -.00000034  00000-0  00000+0 0  9998
2 40730  55.4960  30.9365 0033815 323.5070  36.2989  2.00554535 18545
1 40730U 15033A   18025.45867104 -.00000034  00000-0  00000-0 0  9995
2 40730  55.4960  30.9365 0033837 323.5233  36.2825  2.00554484 18542
1 40730U 15033A   18026.45587891 -.00000034  00000-0  00000-0 0  9998
2 40730  55.4964  30.8964 0033867 323.5801  36.2260  2.00554441 18562
1 40730U 15033A   18026.45587960 -.00000034  00000-0  00000+0 0  9994
2 40730  55.4964  30.8964 0033861 323.5842  36.2220  2.00554434 18569
1 40730U 15033A   18027.45308475 -.00000036  00000-0  00000-0 0  9990
2 40730  55.4968  30.8564 0033917 323.6628  36.1426  2.00554402 18588
1 40730U 15033A   18027.45308573 -.00000036  00000-0  00000+0 0  9998
2 40730  55.4968  30.8564 0033903 323.6581  36.1474  2.00554394 18584
1 40730U 15033A   18027.95169033 -.00000038  00000-0  00000+0 0  9991
2 40730  55.4970  30.8363 0033938 323.7144  36.0902  2.00554262 18598
1 40730U 15033A   18028.45029193 -.00000041  00000-0  00000-0 0  9994
2 40730  55.4972  30.8163 0033954 323.7349  36.0684  2.00554276 18607
1 40730U 15033A   18028.45029308 -.00000041  00000-0  00000-0 0  9992
2 40730  55.4972  30.8163 0033948 323.7249  36.0784  2.00554252 18604
1 40730U 15033A   18028.94889320 -.00000043  00000-0  00000+0 0  9995
2 40730  55.4974  30.7963 0033977 323.7803  36.0215  2.00554281 18613
1 40730U 15033A   18029.44749522 -.00000046  00000-0  00000-0 0  9994
2 40730  55.4976  30.7762 0034001 323.8312  35.9688  2.00554247 18622
1 40730U 15033A   18030.44469796 -.00000053  00000-0  00000+0 0  9995
2 40730  55.4980  30.7362 0034023 323.8876  35.9081  2.00554231 18644
1 40730U 15033A   18030.44469896 -.00000053  00000-0  00000-0 0  9997
2 40730  55.4980  30.7362 0034039 323.9057  35.8900  2.00554176 18640
1 40730U 15033A   18031.44190098 -.00000061  00000-0  00000-0 0  9992
2 40730  55.4984  30.6961 0034076 323.9810  35.8102  2.00554163 18668
1 40730U 15033A   18031.44190154 -.00000061  00000-0  00000+0 0  9994
2 40730  55.4984  30.6961 0034061 323.9651  35.8260  2.00554164 18661
1 40730U 15033A   18032.43910507 -.00000067  00000-0  00000+0 0  9992
2 40730  55.4988  30.6561 0034102 324.0451  35.7419  2.00554130 18687
1 40730U 15033A   18032.43910515 -.00000067  00000-0  00000-0 0  9992
2 40730  55.4988  30.6560 0034112 324.0559  35.7311  2.00554115 18680
1 40730U 15033A   18033.43631099 -.00000072  00000-0  00000+0 0  9995
2 40730  55.4992  30.6160 0034141 324.1246  35.6593  2.00554082 18704
1 40730U 15033A   18034.43351827 -.00000074  00000-0  00000-0 0  9997
2 40730  55.4996  30.5760 0034183 324.2058  35.5763  2.00554054 18720
1 40730U 15033A   18034.43351863 -.00000074  00000-0  00000-0 0  9997
2 40730  55.4996  30.5759 0034190 324.2184  35.5637  2.00554036 18726
1 40730U 15033A   18035.43072814 -.00000075  00000-0  00000+0 0  9994
2 40730  55.5000  30.5359 0034220 324.2896  35.4920  2.00554028 18740
1 40730U 15033A   18035.43072950 -.00000075  00000-0  00000-0 0  9996
2 40730  55.5000  30.5359 0034228 324.3028  35.4789  2.00553976 18740
1 40730U 15033A   18035.92933495 -.00000074  00000-0  00000+0 0  9998
2 40730  55.5002  30.5159 0034254 324.3626  35.4193  2.00553971 18758
1 40730U 15033A   18036.42793949 -.00000073  00000-0  00000-0 0  9992
2 40730  55.5004  30.4959 0034263 324.3846  35.3978  2.00554010 18767
1 40730U 15033A   18037.42515234 -.00000071  00000-0  00000-0 0  9990
2 40730  55.5008  30.4559 0034296 324.4653  35.3185  2.00553985 18782
1 40730U 15033A   18037.42515308 -.00000071  00000-0  00000+0 0  9991
2 40730  55.5008  30.4559 0034286 324.4539  35.3299  2.00553971 18785
1 40730U 15033A   18038.42236563 -.00000067  00000-0  00000+0 0  9990
2 40730  55.5012  30.4159 0034321 324.5454  35.2401  2.00553971 18800
1 40730U 15033A   18038.42236662 -.00000067  00000-0  00000-0 0  9991
2 40730  55.5012  30.4159 0034333 324.5604  35.2251  2.00553930 18808
1 40730U 15033A   18039.41957966 -.00000065  00000-0  00000+0 0  9995
2 40730  55.5016  30.3759 0034354 324.6342  35.1528  2.00553919 18825
1 40730U 15033A   18039.41958007 -.00000065  00000-0  00000-0 0  9993
2 40730  55.5016  30.3759 0034366 324.6465  35.1404  2.00553895 18820
1 40730U 15033A   18039.91818729 -.00000063  00000-0  00000+0 0  9991
2 40730  55.5018  30.3559 0034385 324.7043  35.0832  2.00553854 18834
1 40730U 15033A   18040.41679349 -.00000062  00000-0  00000-0 0  9991
2 40730  55.5020  30.3359 0034395 324.7260  35.0618  2.00553839 18843
1 40730U 15033A   18040.41679352 -.00000062  00000-0  00000-0 0  9995
2 40730  55.5020  30.3359 0034389 324.7213  35.0666  2.00553845 18844
1 40730U 15033A   18041.41400531 -.00000061  00000-0  00000-0 0  9996
2 40730  55.5024  30.2959 0034423 324.8060  34.9820  2.00553809 18865
1 40730U 15033A   18041.41400537 -.00000061  00000-0  00000+0 0  9991
2 40730  55.5024  30.2959 0034417 324.8038  34.9842  2.00553817 18866
1 40730U 15033A   18042.41121632 -.00000059  00000-0  00000+0 0  9995
2 40730  55.5028  30.2559 0034452 324.8876  34.8998  2.00553772 18888
1 40730U 15033A   18042.41121649 -.00000059  00000-0  00000-0 0  9994
2 40730  55.5028  30.2559 0034465 324.8960  34.8913  2.00553751 18880
1 40730U 15033A   18042.90982324 -.00000059  00000-0  00000+0 0  9992
2 40730  55.5030  30.2359 0034486 324.9569  34.8299  2.00553671 18899
1 40730U 15033A   18043.40842685 -.00000058  00000-0  00000-0 0  9993
2 40730  55.5031  30.2159 0034499 324.9757  34.8103  2.00553697 18905
1 40730U 15033A   18043.40842825 -.00000058  00000-0  00000-0 0  9999
2 40730  55.5031  30.2159 0034494 324.9732  34.8128  2.00553657 18906
1 40730U 15033A   18044.40563749 -.00000057  00000-0  00000+0 0  9993
2 40730  55.5035  30.1760 0034521 325.0530  34.7312  2.00553631 18924
1 40730U 15033A   18044.40563861 -.00000057  00000-0  00000-0 0  9999
2 40730  55.5035  30.1760 0034535 325.0640  34.7201  2.00553575 18925
1 40730U 15033A   18045.40284778 -.00000056  00000-0  00000+0 0  9995
2 40730  55.5039  30.1361 0034560 325.1543  34.6277  2.00553555 18949
1 40730U 15033A   18045.40284790 -.00000056  00000-0  00000-0 0  9990
2 40730  55.5039  30.1361 0034571 325.1645  34.6175  2.00553538 18942
1 40730U 15033A   18046.40005782 -.00000053  00000-0  00000+0 0  9999
2 40730  55.5043  30.0961 0034589 325.2425  34.5376  2.00553506 18967
1 40730U 15033A   18046.40005815 -.00000053  00000-0  00000-0 0  9997
2 40730  55.5043  30.0961 0034605 325.2559  34.5241  2.00553470 18965
1 40730U 15033A   18047.39726975 -.00000051  00000-0  00000+0 0  9990
2 40730  55.5046  30.0562 0034620 325.3272  34.4512  2.00553408 18988
1 40730U 15033A   18047.39726986 -.00000051  00000-0  00000-0 0  9993
2 40730  55.5046  30.0562 0034636 325.3417  34.4366  2.00553374 18985
1 40730U 15033A   18047.89587611 -.00000049  00000-0  00000+0 0  9994
2 40730  55.5048  30.0362 0034639 325.3701  34.4076  2.00553347 18993
1 40730U 15033A   18049.39169590 -.00000044  00000-0  00000+0 0  9998
2 40730  55.5054  29.9763 0034685 325.4934  34.2837  2.00553245 19027
1 40730U 15033A   18049.39169628 -.00000044  00000-0  00000-0 0  9991
2 40730  55.5054  29.9763 0034699 325.5153  34.2618  2.00553207 19021
1 40730U 15033A   18049.89030395 -.00000043  00000-0  00000+0 0  9992
2 40730  55.5056  29.9563 0034715 325.5695  34.2079  2.00553156 19036
1 40730U 15033A   18050.38891163 -.00000041  00000-0  00000-0 0  9995
2 40730  55.5057  29.9363 0034730 325.5932  34.1844  2.00553129 19046
1 40730U 15033A   18050.38891185 -.00000041  00000-0  00000-0 0  9999
2 40730  55.5057  29.9363 0034725 325.5850  34.1927  2.00553129 19041
1 40730U 15033A   18051.38612884 -.00000039  00000-0  00000-0 0  9994
2 40730  55.5061  29.8963 0034759 325.6673  34.1115  2.00553028 19061
1 40730U 15033A   18051.38612895 -.00000039  00000-0  00000+0 0  9995
2 40730  55.5061  29.8963 0034748 325.6567  34.1221  2.00553043 19066
1 40730U 15033A   18052.38334635 -.00000037  00000-0  00000+0 0  9997
2 40730  55.5065  29.8563 0034777 325.7413  34.0390  2.00552964 19088
1 40730U 15033A   18052.88195477 -.00000037  00000-0  00000-0 0  9992
2 40730  55.5066  29.8363 0034791 325.7823  33.9986  2.00552939 19090
1 40730U 15033A   18053.38056167 -.00000037  00000-0  00000-0 0  9990
2 40730  55.5068  29.8163 0034818 325.8283  33.9530  2.00552930 19109
1 40730U 15033A   18053.38056279 -.00000037  00000-0  00000-0 0  9994
2 40730  55.5068  29.8163 0034822 325.8424  33.9390  2.00552887 19106
1 40730U 15033A   18053.38056288 -.00000037  00000-0  00000+0 0  9993
2 40730  55.5068  29.8163 0034811 325.8252  33.9561  2.00552902 19101
1 40730U 15033A   18054.37777974 -.00000039  00000-0  00000+0 0  9997
2 40730  55.5072  29.7763 0034838 325.9081  33.8735  2.00552815 19128
1 40730U 15033A   18054.37777989 -.00000039  00000-0  00000-0 0  9994
2 40730  55.5072  29.7763 0034851 325.9287  33.8529  2.00552787 19120
1 40730U 15033A   18054.87638768 -.00000040  00000-0  00000-0 0  9992
2 40730  55.5073  29.7563 0034865 325.9757  33.8056  2.00552748 19139
1 40730U 15033A   18055.37499442 -.00000043  00000-0  00000+0 0  9994
2 40730  55.5075  29.7364 0034871 325.9996  33.7810  2.00552749 19141
1 40730U 15033A   18055.37499487 -.00000043  00000-0  00000-0 0  9994
2 40730  55.5075  29.7363 0034879 326.0192  33.7614  2.00552721 19140
1 40730U 15033A   18056.37220801 -.00000048  00000-0  00000+0 0  9991
2 40730  55.5079  29.6964 0034889 326.0885  33.6898  2.00552700 19162
1 40730U 15033A   18056.37220865 -.00000048  00000-0  00000-0 0  9992
2 40730  55.5079  29.6963 0034904 326.1100  33.6684  2.00552654 19161
1 40730U 15033A   18057.36942135 -.00000055  00000-0  00000+0 0  9990
2 40730  55.5082  29.6563 0034919 326.1817  33.5933  2.00552602 19183
1 40730U 15033A   18057.86802691 -.00000059  00000-0  00000-0 0  9992
2 40730  55.5084  29.6363 0034928 326.2188  33.5543  2.00552592 19191
1 40730U 15033A   18058.36663285 -.00000063  00000-0  00000-0 0  9997
2 40730  55.5086  29.6163 0034951 326.2880  33.4832  2.00552549 19200
1 40730U 15033A   18058.36663327 -.00000063  00000-0  00000+0 0  9993
2 40730  55.5086  29.6163 0034940 326.2644  33.5068  2.00552556 19206
1 40730U 15033A   18059.36384480 -.00000070  00000-0  00000+0 0  9992
2 40730  55.5089  29.5763 0034965 326.3525  33.4151  2.00552543 19220
1 40730U 15033A   18059.36384524 -.00000070  00000-0  00000-0 0  9992
2 40730  55.5089  29.5763 0034974 326.3717  33.3959  2.00552517 19229
1 40730U 15033A   18059.36384535 -.00000070  00000-0  00000-0 0  9994
2 40730  55.5089  29.5763 0034975 326.3791  33.3886  2.00552511 19225
1 40730U 15033A   18060.36106006 -.00000076  00000-0  00000+0 0  9996
2 40730  55.5093  29.5363 0034993 326.4487  33.3161  2.00552456 19245
1 40730U 15033A   18060.85966713 -.00000078  00000-0  00000+0 0  9991
2 40730  55.5094  29.5163 0035009 326.5039  33.2600  2.00552452 19251
1 40730U 15033A   18061.35827560 -.00000080  00000-0  00000-0 0  9997
2 40730  55.5096  29.4963 0035020 326.5384  33.2250  2.00552433 19267
1 40730U 15033A   18062.35549455 -.00000081  00000-0  00000-0 0  9993
2 40730  55.5100  29.4564 0035041 326.6336  33.1298  2.00552386 19281
1 40730U 15033A   18062.35549462 -.00000081  00000-0  00000+0 0  9990
2 40730  55.5100  29.4564 0035033 326.6133  33.1499  2.00552392 19287
1 40730U 15033A   18063.35271310 -.00000081  00000-0  00000-0 0  9996
2 40730  55.5103  29.4164 0035064 326.7286  33.0360  2.00552421 19302
1 40730U 15033A   18063.35271422 -.00000081  00000-0  00000+0 0  9999
2 40730  55.5103  29.4164 0035057 326.7114  33.0532  2.00552390 19300
1 40730U 15033A   18064.34993671 -.00000079  00000-0  00000+0 0  9993
2 40730  55.5107  29.3764 0035076 326.7969  32.9697  2.00552341 19326
1 40730U 15033A   18064.34993686 -.00000079  00000-0  00000-0 0  9990
2 40730  55.5107  29.3764 0035085 326.8138  32.9529  2.00552326 19322
1 40730U 15033A   18065.34715968 -.00000077  00000-0  00000-0 0  9994
2 40730  55.5110  29.3365 0035104 326.9148  32.8544  2.00552295 19340
1 40730U 15033A   18065.34715998 -.00000077  00000-0  00000+0 0  9996
2 40730  55.5110  29.3365 0035101 326.9077  32.8615  2.00552287 19348
1 40730U 15033A   18065.84577071 -.00000076  00000-0  00000+0 0  9998
2 40730  55.5112  29.3165 0035110 326.9489  32.8216  2.00552295 19352
1 40730U 15033A   18066.34438254 -.00000075  00000-0  00000-0 0  9993
2 40730  55.5113  29.2965 0035123 327.0093  32.7624  2.00552263 19365
1 40730U 15033A   18066.34438280 -.00000075  00000-0  00000-0 0  9992
2 40730  55.5113  29.2965 0035118 326.9971  32.7745  2.00552258 19360
1 40730U 15033A   18066.84299363 -.00000074  00000-0  00000+0 0  9992
2 40730  55.5115  29.2766 0035130 327.0544  32.7184  2.00552254 19377
1 40730U 15033A   18066.84299363 -.00000074  00000-0  00000-0 0  9993
2 40730  55.5115  29.2766 0035130 327.0544  32.7184  2.00552254 19377
1 40730U 15033A   18067.34160527 -.00000073  00000-0  00000-0 0  9997
2 40730  55.5117  29.2566 0035140 327.1107  32.6631  2.00552220 19384
1 40730U 15033A   18068.33882673 -.00000072  00000-0  00000+0 0  9998
2 40730  55.5120  29.2166 0035149 327.1766  32.5985  2.00552197 19401
1 40730U 15033A   18068.33882697 -.00000072  00000-0  00000-0 0  9995
2 40730  55.5120  29.2166 0035158 327.1868  32.5882  2.00552178 19409
1 40730U 15033A   18068.83743727 -.00000071  00000-0  00000+0 0  9998
2 40730  55.5121  29.1967 0035168 327.2351  32.5403  2.00552163 19411
1 40730U 15033A   18069.33604728 -.00000071  00000-0  00000-0 0  9992
2 40730  55.5123  29.1767 0035174 327.2717  32.5039  2.00552156 19422
1 40730U 15033A   18070.33326773 -.00000071  00000-0  00000-0 0  9995
2 40730  55.5126  29.1368 0035198 327.3714  32.4042  2.00552090 19448
1 40730U 15033A   18070.33326791 -.00000071  00000-0  00000+0 0  9994
2 40730  55.5126  29.1368 0035186 327.3582  32.4173  2.00552103 19448
1 40730U 15033A   18071.33048826 -.00000070  00000-0  00000-0 0  9995
2 40730  55.5129  29.0968 0035215 327.4556  32.3193  2.00552006 19466
1 40730U 15033A   18071.33048911 -.00000070  00000-0  00000-0 0  9990
2 40730  55.5130  29.0968 0035212 327.4541  32.3208  2.00551983 19469
1 40730U 15033A   18071.33048922 -.00000070  00000-0  00000+0 0  9991
2 40730  55.5130  29.0968 0035206 327.4518  32.3231  2.00551990 19460
1 40730U 15033A   18071.82909762 -.00000069  00000-0  00000+0 0  9991
2 40730  55.5131  29.0769 0035227 327.5051  32.2693  2.00551987 19474
1 40730U 15033A   18072.32770757 -.00000069  00000-0  00000-0 0  9998
2 40730  55.5133  29.0569 0035237 327.5627  32.2113  2.00551952 19484
1 40730U 15033A   18073.32492830 -.00000067  00000-0  00000+0 0  9999
2 40730  55.5136  29.0170 0035249 327.6422  32.1309  2.00551866 19505
1 40730U 15033A   18074.32214849 -.00000065  00000-0  00000+0 0  9990
2 40730  55.5139  28.9771 0035263 327.7325  32.0400  2.00551815 19529
1 40730U 15033A   18074.82075915 -.00000063  00000-0  00000-0 0  9993
2 40730  55.5140  28.9571 0035269 327.7677  32.0046  2.00551786 19539
1 40730U 15033A   18075.31937125 -.00000062  00000-0  00000-0 0  9997
2 40730  55.5142  28.9371 0035280 327.8087  31.9637  2.00551705 19544
1 40730U 15033A   18075.31937132 -.00000062  00000-0  00000+0 0  9994
2 40730  55.5142  28.9371 0035277 327.8077  31.9648  2.00551712 19549
1 40730U 15033A   18075.81798306 -.00000060  00000-0  00000-0 0  9996
2 40730  55.5143  28.9172 0035285 327.8563  31.9164  2.00551662 19556
1 40730U 15033A   18076.31659459 -.00000059  00000-0  00000-0 0  9995
2 40730  55.5145  28.8972 0035305 327.9141  31.8591  2.00551608 19565
1 40730U 15033A   18076.31659489 -.00000059  00000-0  00000+0 0  9997
2 40730  55.5145  28.8972 0035294 327.8950  31.8781  2.00551622 19566
1 40730U 15033A   18077.31381975 -.00000055  00000-0  00000+0 0  9996
2 40730  55.5148  28.8573 0035310 327.9737  31.8010  2.00551540 19585
1 40730U 15033A   18078.31104567 -.00000052  00000-0  00000-0 0  9995
2 40730  55.5151  28.8173 0035338 328.0747  31.7024  2.00551437 19600
1 40730U 15033A   18078.31104656 -.00000052  00000-0  00000+0 0  9993
2 40730  55.5151  28.8173 0035326 328.0629  31.7141  2.00551434 19603
1 40730U 15033A   18079.30827179 -.00000050  00000-0  00000+0 0  9993
2 40730  55.5154  28.7773 0035350 328.1436  31.6360  2.00551395 19625
1 40730U 15033A   18079.30827230 -.00000050  00000-0  00000-0 0  9992
2 40730  55.5154  28.7773 0035353 328.1632  31.6165  2.00551368 19629
1 40730U 15033A   18080.30549949 -.00000050  00000-0  00000-0 0  9992
2 40730  55.5156  28.7374 0035367 328.2557  31.5266  2.00551288 19644
1 40730U 15033A   18080.30550000 -.00000050  00000-0  00000+0 0  9991
2 40730  55.5157  28.7374 0035359 328.2193  31.5628  2.00551294 19641
1 40730U 15033A   18081.30272462 -.00000051  00000-0  00000-0 0  9997
2 40730  55.5159  28.6974 0035381 328.3287  31.4554  2.00551270 19661
1 40730U 15033A   18081.30272496 -.00000051  00000-0  00000+0 0  9993
2 40730  55.5159  28.6974 0035374 328.3203  31.4637  2.00551270 19663
1 40730U 15033A   18081.80133891 -.00000052  00000-0  00000-0 0  9995
2 40730  55.5161  28.6774 0035377 328.3656  31.4189  2.00551205 19670
1 40730U 15033A   18082.29995176 -.00000054  00000-0  00000+0 0  9992
2 40730  55.5162  28.6574 0035386 328.4050  31.3797  2.00551152 19684
1 40730U 15033A   18082.29995179 -.00000054  00000-0  00000-0 0  9996
2 40730  55.5162  28.6574 0035393 328.4161  31.3686  2.00551137 19685
1 40730U 15033A   18082.79856373 -.00000056  00000-0  00000-0 0  9995
2 40730  55.5164  28.6375 0035390 328.4515  31.3331  2.00551126 19692
1 40730U 15033A   18083.29717587 -.00000059  00000-0  00000+0 0  9996
2 40730  55.5165  28.6175 0035398 328.4953  31.2888  2.00551074 19705
1 40730U 15033A   18083.79578787 -.00000062  00000-0  00000+0 0  9992
2 40730  55.5166  28.5975 0035407 328.5724  31.2111  2.00551005 19715
1 40730U 15033A   18084.29439805 -.00000065  00000-0  00000-0 0  9999
2 40730  55.5168  28.5775 0035411 328.5955  31.1869  2.00551022 19725
1 40730U 15033A   18084.29439847 -.00000065  00000-0  00000-0 0  9995
2 40730  55.5168  28.5775 0035412 328.6164  31.1661  2.00550997 19729
1 40730U 15033A   18085.29162016 -.00000073  00000-0  00000-0 0  9996
2 40730  55.5171  28.5375 0035415 328.6668  31.1130  2.00550966 19740
1 40730U 15033A   18085.29162061 -.00000073  00000-0  00000-0 0  9996
2 40730  55.5171  28.5375 0035421 328.6991  31.0809  2.00550931 19740
1 40730U 15033A   18086.28884252 -.00000080  00000-0  00000+0 0  9996
2 40730  55.5174  28.4975 0035429 328.7628  31.0145  2.00550898 19761
1 40730U 15033A   18087.28606598 -.00000087  00000-0  00000-0 0  9990
2 40730  55.5177  28.4575 0035439 328.8591  30.9163  2.00550845 19783
1 40730U 15033A   18087.28606608 -.00000087  00000-0  00000-0 0  9992
2 40730  55.5176  28.4575 0035439 328.8690  30.9065  2.00550840 19788
1 40730U 15033A   18087.28606631 -.00000087  00000-0  00000+0 0  9997
2 40730  55.5177  28.4575 0035434 328.8488  30.9266  2.00550842 19784
1 40730U 15033A   18088.28329156 -.00000091  00000-0  00000+0 0  9997
2 40730  55.5179  28.4175 0035446 328.9302  30.8444  2.00550796 19809
1 40730U 15033A   18088.78190412 -.00000093  00000-0  00000-0 0  9996
2 40730  55.5181  28.3976 0035446 328.9773  30.7975  2.00550814 19812
1 40730U 15033A   18089.28051853 -.00000094  00000-0  00000+0 0  9997
2 40730  55.5182  28.3776 0035454 329.0203  30.7550  2.00550778 19829
1 40730U 15033A   18089.28051878 -.00000094  00000-0  00000-0 0  9995
2 40730  55.5182  28.3776 0035456 329.0317  30.7436  2.00550765 19826
1 40730U 15033A   18090.27774739 -.00000095  00000-0  00000-0 0  9995
2 40730  55.5185  28.3376 0035465 329.1240  30.6534  2.00550766 19842
1 40730U 15033A   18090.27774826 -.00000095  00000-0  00000+0 0  9991
2 40730  55.5185  28.3376 0035460 329.1097  30.6676  2.00550744 19840
1 40730U 15033A   18091.27497947 -.00000094  00000-0  00000+0 0  9997
2 40730  55.5188  28.2977 0035469 329.2026  30.5777  2.00550710 19867
1 40730U 15033A   18091.27497980 -.00000094  00000-0  00000-0 0  9995
2 40730  55.5188  28.2976 0035470 329.2152  30.5652  2.00550698 19865
1 40730U 15033A   18092.27221250 -.00000092  00000-0  00000+0 0  9998
2 40730  55.5191  28.2577 0035472 329.2895  30.4944  2.00550657 19882
1 40730U 15033A   18092.77082840 -.00000091  00000-0  00000-0 0  9993
2 40730  55.5192  28.2377 0035474 329.3305  30.4553  2.00550657 19897
1 40730U 15033A   18093.26944560 -.00000090  00000-0  00000+0 0  9992
2 40730  55.5194  28.2178 0035477 329.3708  30.4167  2.00550608 19907
1 40730U 15033A   18093.76805992 -.00000089  00000-0  00000-0 0  9991
2 40730  55.5195  28.1978 0035478 329.4209  30.3684  2.00550657 19911
1 40730U 15033A   18093.76805996 -.00000089  00000-0  00000+0 0  9994
2 40730  55.5195  28.1978 0035483 329.4340  30.3553  2.00550648 19918
1 40730U 15033A   18094.26667613 -.00000088  00000-0  00000-0 0  9992
2 40730  55.5197  28.1778 0035484 329.4702  30.3207  2.00550628 19926
1 40730U 15033A   18094.76529292 -.00000087  00000-0  00000-0 0  9996
2 40730  55.5198  28.1578 0035484 329.5054  30.2868  2.00550584 19930
1 40730U 15033A   18095.26390740 -.00000087  00000-0  00000+0 0  9995
2 40730  55.5199  28.1379 0035483 329.5581  30.2354  2.00550610 19945
1 40730U 15033A   18095.76252307 -.00000086  00000-0  00000+0 0  9995
2 40730  55.5201  28.1179 0035490 329.6184  30.1762  2.00550577 19950
1 40730U 15033A   18096.26107095 -.00000086  00000-0  00000-0 0  9995
2 40730  55.5202  28.0980 0035956 328.3141  31.4705  2.00579019 19960
1 40730U 15033A   18096.75961504 -.00000086  00000-0  00000+0 0  9991
2 40730  55.5204  28.0780 0035964 328.3366  31.4485  2.00579010 19975
1 40730U 15033A   18097.25815909 -.00000086  00000-0  00000-0 0  9995
2 40730  55.5205  28.0581 0035966 328.3605  31.4250  2.00578975 19983
1 40730U 15033A   18097.25815924 -.00000086  00000-0  00000+0 0  9991
2 40730  55.5206  28.0580 0035960 328.3620  31.4235  2.00578954 19984
1 40730U 15033A   18097.75670298 -.00000086  00000-0  00000-0 0  9990
2 40730  55.5207  28.0381 0035973 328.3921  31.3936  2.00578963 19990
1 40730U 15033A   18098.25524671 -.00000085  00000-0  00000+0 0  9997
2 40730  55.5207  28.0185 0035975 328.4380  31.3480  2.00579011 20007
1 40730U 15033A   18098.25524709 -.00000085  00000-0  00000-0 0  9990
2 40730  55.5207  28.0185 0035988 328.4557  31.3303  2.00578966 20009
1 40730U 15033A   18099.25233504 -.00000084  00000-0  00000+0 0  9999
2 40730  55.5210  27.9781 0035964 328.5450  31.2414  2.00578838 20022
1 40730U 15033A   18099.25233537 -.00000084  00000-0  00000-0 0  9996
2 40730  55.5210  27.9781 0035972 328.5590  31.2275  2.00578815 20026
1 40730U 15033A   18099.25233557 -.00000084  00000-0  00000-0 0  9998
2 40730  55.5210  27.9781 0035971 328.5694  31.2171  2.00578807 20026
1 40730U 15033A   18100.24942355 -.00000083  00000-0  00000+0 0  9991
2 40730  55.5213  27.9381 0035975 328.6330  31.1536  2.00578742 20041
1 40730U 15033A   18100.74796814 -.00000081  00000-0  00000-0 0  9992
2 40730  55.5215  27.9182 0035969 328.6733  31.1135  2.00578708 20050
1 40730U 15033A   18101.24651262 -.00000080  00000-0  00000+0 0  9993
2 40730  55.5216  27.8982 0035980 328.7202  31.0668  2.00578650 20060
1 40730U 15033A   18101.74505683 -.00000079  00000-0  00000-0 0  9992
2 40730  55.5217  27.8782 0035973 328.7571  31.0303  2.00578645 20071
1 40730U 15033A   18102.24360240 -.00000077  00000-0  00000+0 0  9993
2 40730  55.5218  27.8582 0035981 328.7990  30.9889  2.00578571 20080
1 40730U 15033A   18102.74214776 -.00000075  00000-0  00000-0 0  9999
2 40730  55.5220  27.8382 0035978 328.8340  30.9545  2.00578543 20096
1 40730U 15033A   18103.24069264 -.00000073  00000-0  00000-0 0  9993
2 40730  55.5221  27.8183 0035988 328.8926  30.8969  2.00578505 20106
1 40730U 15033A   18103.24069317 -.00000073  00000-0  00000+0 0  9991
2 40730  55.5221  27.8183 0035980 328.8725  30.9169  2.00578510 20104
1 40730U 15033A   18103.24069317 -.00000073  00000-0  00000-0 0  9992
2 40730  55.5221  27.8183 0035980 328.8725  30.9169  2.00578510 20104
1 40730U 15033A   18104.23778518 -.00000070  00000-0  00000+0 0  9998
2 40730  55.5224  27.7783 0035993 328.9493  30.8425  2.00578422 20127
1 40730U 15033A   18104.73633185 -.00000068  00000-0  00000-0 0  9991
2 40730  55.5225  27.7583 0035988 328.9772  30.8160  2.00578400 20133
1 40730U 15033A   18105.23487988 -.00000066  00000-0  00000-0 0  9993
2 40730  55.5226  27.7383 0035994 329.0429  30.7521  2.00578304 20144
1 40730U 15033A   18105.23488040 -.00000066  00000-0  00000-0 0  9993
2 40730  55.5226  27.7383 0035992 329.0330  30.7619  2.00578293 20148
1 40730U 15033A   18105.23488130 -.00000066  00000-0  00000+0 0  9992
2 40730  55.5226  27.7383 0035989 329.0204  30.7745  2.00578272 20141
1 40730U 15033A   18106.23197375 -.00000063  00000-0  00000+0 0  9998
2 40730  55.5229  27.6984 0035996 329.0915  30.7068  2.00578263 20167
1 40730U 15033A   18107.22906918 -.00000062  00000-0  00000+0 0  9998
2 40730  55.5232  27.6584 0036000 329.1668  30.6350  2.00578169 20180
1 40730U 15033A   18107.72761731 -.00000062  00000-0  00000-0 0  9996
2 40730  55.5233  27.6384 0035999 329.2069  30.5966  2.00578111 20191
1 40730U 15033A   18108.22616561 -.00000062  00000-0  00000+0 0  9991
2 40730  55.5234  27.6184 0036003 329.2452  30.5596  2.00578031 20205
1 40730U 15033A   18108.72471132 -.00000062  00000-0  00000-0 0  9990
2 40730  55.5236  27.5984 0036004 329.2811  30.5249  2.00578037 20216
1 40730U 15033A   18109.22326047 -.00000064  00000-0  00000+0 0  9991
2 40730  55.5237  27.5784 0036009 329.3128  30.4939  2.00577909 20225
1 40730U 15033A   18109.72180561 -.00000065  00000-0  00000-0 0  9997
2 40730  55.5238  27.5584 0035999 329.3632  30.4441  2.00577926 20239
1 40730U 15033A   18110.22034875 -.00000068  00000-0  00000+0 0  9992
2 40730  55.5239  27.5384 0036004 329.3977  30.4098  2.00577976 20242
1 40730U 15033A   18110.71889456 -.00000070  00000-0  00000-0 0  9993
2 40730  55.5241  27.5184 0036007 329.4300  30.3772  2.00577930 20256
1 40730U 15033A   18111.21744058 -.00000073  00000-0  00000+0 0  9999
2 40730  55.5242  27.4984 0036012 329.4733  30.3335  2.00577858 20265
1 40730U 15033A   18111.71598570 -.00000077  00000-0  00000-0 0  9995
2 40730  55.5243  27.4784 0036006 329.5053  30.3008  2.00577830 20271
1 40730U 15033A   18112.21453127 -.00000080  00000-0  00000-0 0  9993
2 40730  55.5245  27.4584 0036008 329.5620  30.2432  2.00577752 20287
1 40730U 15033A   18112.21453181 -.00000080  00000-0  00000+0 0  9992
2 40730  55.5245  27.4584 0036012 329.5489  30.2563  2.00577741 20288
1 40730U 15033A   18112.21453181 -.00000080  00000-0  00000-0 0  9993
2 40730  55.5245  27.4584 0036012 329.5489  30.2563  2.00577741 20288
1 40730U 15033A   18113.21162037 -.00000087  00000-0  00000+0 0  9997
2 40730  55.5247  27.4184 0035998 329.6307  30.1726  2.00577735 20304
1 40730U 15033A   18114.20871091 -.00000094  00000-0  00000+0 0  9992
2 40730  55.5250  27.3784 0036001 329.7035  30.0982  2.00577674 20325
1 40730U 15033A   18114.70725598 -.00000097  00000-0  00000-0 0  9991
2 40730  55.5252  27.3584 0035995 329.7307  30.0706  2.00577684 20334
1 40730U 15033A   18114.70725682 -.00000097  00000-0  00000+0 0  9994
2 40730  55.5251  27.3584 0035994 329.7585  30.0429  2.00577641 20335
1 40730U 15033A   18115.20580244 -.00000099  00000-0  00000-0 0  9996
2 40730  55.5253  27.3384 0035998 329.7866  30.0146  2.00577641 20348
1 40730U 15033A   18116.20289574 -.00000102  00000-0  00000+0 0  9993
2 40730  55.5256  27.2984 0035997 329.8376  29.9642  2.00577640 20361
1 40730U 15033A   18116.70144393 -.00000103  00000-0  00000-0 0  9999
2 40730  55.5257  27.2784 0035993 329.8798  29.9230  2.00577613 20378
1 40730U 15033A   18117.19999278 -.00000103  00000-0  00000-0 0  9993
2 40730  55.5259  27.2584 0035995 329.9221  29.8819  2.00577578 20385
1 40730U 15033A   18117.19999292 -.00000103  00000-0  00000+0 0  9998
2 40730  55.5259  27.2584 0035995 329.9167  29.8872  2.00577573 20388
1 40730U 15033A   18118.19709045 -.00000102  00000-0  00000+0 0  9993
2 40730  55.5261  27.2184 0035992 330.0004  29.8068  2.00577559 20401
1 40730U 15033A   18118.19709052 -.00000102  00000-0  00000-0 0  9992
2 40730  55.5261  27.2184 0035991 330.0096  29.7976  2.00577555 20404
1 40730U 15033A   18119.19418937 -.00000101  00000-0  00000+0 0  9990
2 40730  55.5264  27.1784 0035989 330.0675  29.7435  2.00577541 20429
1 40730U 15033A   18120.19128862 -.00000099  00000-0  00000+0 0  9993
2 40730  55.5267  27.1385 0035986 330.1398  29.6752  2.00577524 20443
1 40730U 15033A   18120.19128888 -.00000099  00000-0  00000-0 0  9992
2 40730  55.5267  27.1385 0035985 330.1432  29.6718  2.00577515 20443
1 40730U 15033A   18120.68983883 -.00000098  00000-0  00000-0 0  9999
2 40730  55.5268  27.1185 0035979 330.1837  29.6333  2.00577497 20457
1 40730U 15033A   18121.18839027 -.00000097  00000-0  00000-0 0  9994
2 40730  55.5269  27.0985 0035981 330.2370  29.5819  2.00577412 20467
1 40730U 15033A   18121.18839353 -.00000097  00000-0  00000+0 0  9995
2 40730  55.5270  27.0985 0035980 330.2194  29.5994  2.00577306 20468
1 40730U 15033A   18121.68693841 -.00000096  00000-0  00000+0 0  9999
2 40730  55.5271  27.0785 0035978 330.2712  29.5494  2.00577444 20479
1 40730U 15033A   18123.18258588 -.00000094  00000-0  00000-0 0  9990
2 40730  55.5275  27.0186 0035969 330.3798  29.4446  2.00577383 20505
1 40730U 15033A   18123.18258592 -.00000094  00000-0  00000+0 0  9994
2 40730  55.5275  27.0186 0035966 330.3682  29.4562  2.00577387 20507
1 40730U 15033A   18124.17968307 -.00000094  00000-0  00000+0 0  9996
2 40730  55.5278  26.9787 0035966 330.4455  29.3805  2.00577339 20522
1 40730U 15033A   18124.67823092 -.00000093  00000-0  00000-0 0  9992
2 40730  55.5279  26.9587 0035960 330.4710  29.3555  2.00577340 20534
1 40730U 15033A   18125.17677990 -.00000093  00000-0  00000+0 0  9991
2 40730  55.5280  26.9387 0035962 330.5033  29.3236  2.00577280 20545
1 40730U 15033A   18125.17678025 -.00000093  00000-0  00000-0 0  9992
2 40730  55.5280  26.9387 0035965 330.5213  29.3057  2.00577260 20547
1 40730U 15033A   18126.17387635 -.00000092  00000-0  00000+0 0  9995
2 40730  55.5283  26.8988 0035960 330.5714  29.2561  2.00577216 20569
1 40730U 15033A   18126.67242431 -.00000091  00000-0  00000-0 0  9994
2 40730  55.5285  26.8788 0035958 330.6076  29.2200  2.00577196 20576
1 40730U 15033A   18127.17097272 -.00000090  00000-0  00000-0 0  9990
2 40730  55.5286  26.8588 0035965 330.6544  29.1735  2.00577135 20589
1 40730U 15033A   18127.17097280 -.00000090  00000-0  00000+0 0  9998
2 40730  55.5286  26.8588 0035962 330.6415  29.1863  2.00577139 20589
1 40730U 15033A   18128.16806924 -.00000087  00000-0  00000-0 0  9998
2 40730  55.5289  26.8188 0035966 330.7188  29.1094  2.00577070 20603
1 40730U 15033A   18128.16806951 -.00000087  00000-0  00000+0 0  9997
2 40730  55.5289  26.8188 0035959 330.7052  29.1230  2.00577076 20603
1 40730U 15033A   18128.66661812 -.00000086  00000-0  00000-0 0  9997
2 40730  55.5290  26.7988 0035956 330.7378  29.0907  2.00577046 20618
1 40730U 15033A   18129.16516515 -.00000084  00000-0  00000+0 0  9999
2 40730  55.5291  26.7788 0035963 330.7756  29.0535  2.00577056 20624
1 40730U 15033A   18129.16516691 -.00000084  00000-0  00000-0 0  9995
2 40730  55.5291  26.7788 0035956 330.7936  29.0356  2.00576995 20628
1 40730U 15033A   18129.66371581 -.00000082  00000-0  00000-0 0  9995
2 40730  55.5293  26.7589 0035949 330.8068  29.0229  2.00576988 20630
1 40730U 15033A   18130.16226626 -.00000080  00000-0  00000+0 0  9998
2 40730  55.5294  26.7389 0035951 330.8379  28.9927  2.00576909 20644
1 40730U 15033A   18130.16226657 -.00000080  00000-0  00000-0 0  9993
2 40730  55.5294  26.7389 0035951 330.8594  28.9713  2.00576886 20640
1 40730U 15033A   18131.15936593 -.00000076  00000-0  00000-0 0  9995
2 40730  55.5297  26.6989 0035940 330.9156  28.9173  2.00576844 20667
1 40730U 15033A   18131.15936618 -.00000076  00000-0  00000+0 0  9992
2 40730  55.5297  26.6989 0035948 330.9020  28.9308  2.00576836 20666
1 40730U 15033A   18132.15646841 -.00000071  00000-0  00000-0 0  9995
2 40730  55.5300  26.6589 0035945 330.9651  28.8706  2.00576723 20682
1 40730U 15033A   18132.15646866 -.00000071  00000-0  00000+0 0  9991
2 40730  55.5300  26.6589 0035943 330.9594  28.8763  2.00576721 20687
1 40730U 15033A   18133.15357093 -.00000068  00000-0  00000-0 0  9990
2 40730  55.5303  26.6189 0035940 331.0368  28.8024  2.00576635 20701
1 40730U 15033A   18133.15357118 -.00000068  00000-0  00000+0 0  9997
2 40730  55.5303  26.6189 0035946 331.0159  28.8232  2.00576635 20706
1 40730U 15033A   18134.15067373 -.00000065  00000-0  00000+0 0  9996
2 40730  55.5306  26.5790 0035936 331.0730  28.7696  2.00576583 20727
1 40730U 15033A   18134.64922548 -.00000064  00000-0  00000-0 0  9994
2 40730  55.5307  26.5590 0035937 331.1181  28.7263  2.00576517 20736
1 40730U 15033A   18135.14777597 -.00000064  00000-0  00000+0 0  9991
2 40730  55.5308  26.5390 0035936 331.1406  28.7052  2.00576509 20742
1 40730U 15033A   18135.14777651 -.00000064  00000-0  00000-0 0  9993
2 40730  55.5308  26.5390 0035929 331.1590  28.6869  2.00576481 20742
1 40730U 15033A   18136.14487871 -.00000064  00000-0  00000+0 0  9995
2 40730  55.5311  26.4990 0035933 331.2024  28.6455  2.00576404 20767
1 40730U 15033A   18137.14198006 -.00000067  00000-0  00000-0 0  9999
2 40730  55.5314  26.4590 0035919 331.2809  28.5682  2.00576295 20782
1 40730U 15033A   18137.14198007 -.00000067  00000-0  00000+0 0  9999
2 40730  55.5314  26.4590 0035924 331.2636  28.5854  2.00576307 20781
1 40730U 15033A   18137.64052897 -.00000069  00000-0  00000-0 0  9993
2 40730  55.5315  26.4390 0035921 331.2956  28.5533  2.00576296 20794
1 40730U 15033A   18138.13907781 -.00000071  00000-0  00000+0 0  9991
2 40730  55.5316  26.4190 0035915 331.3174  28.5310  2.00576286 20803
1 40730U 15033A   18138.63762613 -.00000074  00000-0  00000-0 0  9993
2 40730  55.5318  26.3989 0035915 331.3610  28.4869  2.00576260 20816
1 40730U 15033A   18139.13617586 -.00000077  00000-0  00000-0 0  9990
2 40730  55.5319  26.3789 0035901 331.4003  28.4467  2.00576190 20824
1 40730U 15033A   18139.13617606 -.00000077  00000-0  00000+0 0  9992
2 40730  55.5319  26.3789 0035907 331.3825  28.4644  2.00576198 20826
1 40730U 15033A   18139.63472426 -.00000081  00000-0  00000-0 0  9992
2 40730  55.5321  26.3589 0035903 331.4151  28.4308  2.00576180 20835
1 40730U 15033A   18140.13327381 -.00000084  00000-0  00000+0 0  9990
2 40730  55.5322  26.3389 0035898 331.4418  28.4029  2.00576120 20848
1 40730U 15033A   18140.63182216 -.00000087  00000-0  00000-0 0  9995
2 40730  55.5324  26.3189 0035893 331.4822  28.3615  2.00576100 20851
1 40730U 15033A   18141.13036935 -.00000090  00000-0  00000-0 0  9991
2 40730  55.5325  26.2989 0035892 331.5077  28.3349  2.00576133 20862
1 40730U 15033A   18141.13036957 -.00000090  00000-0  00000+0 0  9994
2 40730  55.5325  26.2989 0035895 331.4992  28.3434  2.00576127 20868
1 40730U 15033A   18142.12746936 -.00000095  00000-0  00000+0 0  9994
2 40730  55.5328  26.2589 0035884 331.5573  28.2840  2.00576052 20880
1 40730U 15033A   18142.12746947 -.00000095  00000-0  00000-0 0  9997
2 40730  55.5328  26.2589 0035881 331.5686  28.2728  2.00576041 20885
1 40730U 15033A   18142.62601919 -.00000097  00000-0  00000-0 0  9993
2 40730  55.5330  26.2389 0035880 331.5801  28.2608  2.00576046 20897
1 40730U 15033A   18143.12456973 -.00000099  00000-0  00000+0 0  9998
2 40730  55.5331  26.2189 0035877 331.6135  28.2275  2.00576028 20905
1 40730U 15033A   18143.12456991 -.00000099  00000-0  00000-0 0  9999
2 40730  55.5331  26.2189 0035872 331.6256  28.2156  2.00576017 20900
1 40730U 15033A   18143.62312110 -.00000100  00000-0  00000-0 0  9991
2 40730  55.5333  26.1989 0035870 331.6368  28.2047  2.00576013 20917
1 40730U 15033A   18144.12167266 -.00000100  00000-0  00000-0 0  9997
2 40730  55.5334  26.1789 0035869 331.6765  28.1657  2.00575994 20929
1 40730U 15033A   18144.62022439 -.00000100  00000-0  00000-0 0  9994
2 40730  55.5336  26.1589 0035864 331.7054  28.1379  2.00575996 20930
1 40730U 15033A   18145.11877849 -.00000100  00000-0  00000-0 0  9992
2 40730  55.5337  26.1389 0035859 331.7351  28.1095  2.00575933 20940
1 40730U 15033A   18145.11877867 -.00000100  00000-0  00000+0 0  9991
2 40730  55.5337  26.1389 0035858 331.7300  28.1145  2.00575929 20944
1 40730U 15033A   18145.61733133 -.00000100  00000-0  00000-0 0  9994
2 40730  55.5339  26.1190 0035855 331.7605  28.0856  2.00575926 20957
1 40730U 15033A   18146.11588324 -.00000099  00000-0  00000+0 0  9996
2 40730  55.5340  26.0990 0035847 331.7903  28.0574  2.00575959 20962
1 40730U 15033A   18146.61443718 -.00000098  00000-0  00000-0 0  9998
2 40730  55.5342  26.0790 0035840 331.8238  28.0257  2.00575925 20979
1 40730U 15033A   18147.11299082 -.00000097  00000-0  00000-0 0  9996
2 40730  55.5343  26.0590 0035845 331.8453  28.0058  2.00575903 20988
1 40730U 15033A   18147.11299106 -.00000097  00000-0  00000+0 0  9992
2 40730  55.5343  26.0590 0035848 331.8455  28.0056  2.00575892 20988
1 40730U 15033A   18147.11299110 -.00000097  00000-0  00000-0 0  9998
2 40730  55.5343  26.0590 0035847 331.8573  27.9939  2.00575887 20980
1 40730U 15033A   18147.61154367 -.00000096  00000-0  00000-0 0  9996
2 40730  55.5345  26.0390 0035839 331.8751  27.9777  2.00575909 20995
1 40730U 15033A   18148.11009714 -.00000095  00000-0  00000+0 0  9995
2 40730  55.5346  26.0190 0035835 331.9079  27.9465  2.00575886 21005
1 40730U 15033A   18148.11009731 -.00000095  00000-0  00000-0 0  9995
2 40730  55.5346  26.0190 0035834 331.9180  27.9364  2.00575879 21007
1 40730U 15033A   18148.60864950 -.00000094  00000-0  00000-0 0  9990
2 40730  55.5348  25.9991 0035827 331.9385  27.9174  2.00575900 21010
1 40730U 15033A   18149.10720262 -.00000093  00000-0  00000+0 0  9991
2 40730  55.5349  25.9791 0035820 331.9636  27.8935  2.00575883 21026
1 40730U 15033A   18149.60575637 -.00000092  00000-0  00000-0 0  9990
2 40730  55.5351  25.9591 0035814 331.9936  27.8646  2.00575839 21034
1 40730U 15033A   18150.10430991 -.00000092  00000-0  00000+0 0  9999
2 40730  55.5352  25.9392 0035812 332.0187  27.8404  2.00575780 21040
1 40730U 15033A   18150.10431000 -.00000092  00000-0  00000-0 0  9992
2 40730  55.5352  25.9392 0035812 332.0289  27.8302  2.00575774 21043
1 40730U 15033A   18150.60286205 -.00000091  00000-0  00000-0 0  9991
2 40730  55.5354  25.9192 0035809 332.0452  27.8145  2.00575776 21059
1 40730U 15033A   18151.10141386 -.00000091  00000-0  00000+0 0  9996
2 40730  55.5355  25.8992 0035803 332.0720  27.7881  2.00575757 21065
1 40730U 15033A   18151.10141402 -.00000091  00000-0  00000-0 0  9996
2 40730  55.5355  25.8992 0035804 332.0821  27.7781  2.00575749 21068
1 40730U 15033A   18151.59996614 -.00000091  00000-0  00000-0 0  9992
2 40730  55.5357  25.8793 0035798 332.0950  27.7654  2.00575730 21074
1 40730U 15033A   18152.09851730 -.00000090  00000-0  00000+0 0  9995
2 40730  55.5358  25.8593 0035794 332.1360  27.7247  2.00575719 21081
1 40730U 15033A   18153.09562108 -.00000089  00000-0  00000+0 0  9992
2 40730  55.5361  25.8194 0035790 332.1724  27.6881  2.00575654 21106
1 40730U 15033A   18154.09272468 -.00000087  00000-0  00000+0 0  9998
2 40730  55.5364  25.7794 0035782 332.2250  27.6351  2.00575583 21125
1 40730U 15033A   18154.59127657 -.00000086  00000-0  00000-0 0  9992
2 40730  55.5365  25.7595 0035778 332.2504  27.6096  2.00575546 21138
1 40730U 15033A   18155.08982758 -.00000085  00000-0  00000+0 0  9996
2 40730  55.5367  25.7395 0035776 332.2739  27.5859  2.00575544 21141
1 40730U 15033A   18155.08982764 -.00000085  00000-0  00000-0 0  9994
2 40730  55.5367  25.7395 0035779 332.2884  27.5715  2.00575527 21147
1 40730U 15033A   18156.08693330 -.00000081  00000-0  00000+0 0  9998
2 40730  55.5370  25.6995 0035765 332.3233  27.5365  2.00575425 21160
1 40730U 15033A   18156.58548491 -.00000079  00000-0  00000-0 0  9998
2 40730  55.5371  25.6795 0035761 332.3471  27.5129  2.00575423 21176
1 40730U 15033A   18157.08403663 -.00000077  00000-0  00000-0 0  9993
2 40730  55.5373  25.6596 0035763 332.3762  27.4842  2.00575405 21184
1 40730U 15033A   18157.58259208 -.00000074  00000-0  00000-0 0  9999
2 40730  55.5374  25.6396 0035748 332.3949  27.4660  2.00575311 21198
1 40730U 15033A   18158.08114495 -.00000072  00000-0  00000-0 0  9991
2 40730  55.5376  25.6196 0035746 332.4285  27.4332  2.00575262 21203
1 40730U 15033A   18158.08114539 -.00000072  00000-0  00000+0 0  9999
2 40730  55.5376  25.6196 0035751 332.4152  27.4463  2.00575259 21203
1 40730U 15033A   18159.07825317 -.00000067  00000-0  00000+0 0  9996
2 40730  55.5379  25.5796 0035744 332.4520  27.4115  2.00575186 21227
1 40730U 15033A   18159.07825317 -.00000067  00000-0  00000-0 0  9997
2 40730  55.5379  25.5796 0035744 332.4520  27.4115  2.00575186 21227
1 40730U 15033A   18160.07536180 -.00000063  00000-0  00000+0 0  9991
2 40730  55.5382  25.5397 0035742 332.4892  27.3767  2.00575119 21248
1 40730U 15033A   18160.07536186 -.00000063  00000-0  00000-0 0  9998
2 40730  55.5382  25.5397 0035740 332.5060  27.3601  2.00575101 21242
1 40730U 15033A   18161.07247147 -.00000059  00000-0  00000+0 0  9999
2 40730  55.5385  25.4997 0035730 332.5465  27.3222  2.00575021 21260
1 40730U 15033A   18162.06958252 -.00000057  00000-0  00000-0 0  9994
2 40730  55.5388  25.4597 0035727 332.5849  27.2862  2.00574889 21283
1 40730U 15033A   18162.06958253 -.00000057  00000-0  00000+0 0  9994
2 40730  55.5388  25.4597 0035733 332.5708  27.3002  2.00574906 21281
1 40730U 15033A   18163.06669048 -.00000056  00000-0  00000+0 0  9995
2 40730  55.5391  25.4197 0035723 332.6258  27.2470  2.00574851 21301
1 40730U 15033A   18163.56524494 -.00000057  00000-0  00000-0 0  9997
2 40730  55.5393  25.3997 0035716 332.6347  27.2384  2.00574833 21316
1 40730U 15033A   18164.06379839 -.00000058  00000-0  00000+0 0  9994
2 40730  55.5394  25.3797 0035719 332.6538  27.2193  2.00574782 21322
1 40730U 15033A   18164.56235095 -.00000059  00000-0  00000-0 0  9996
2 40730  55.5396  25.3597 0035712 332.6759  27.1970  2.00574769 21338
1 40730U 15033A   18165.06090402 -.00000061  00000-0  00000+0 0  9995
2 40730  55.5397  25.3397 0035706 332.6961  27.1762  2.00574727 21349
1 40730U 15033A   18165.06090443 -.00000061  00000-0  00000-0 0  9991
2 40730  55.5397  25.3397 0035696 332.7078  27.1645  2.00574699 21345
1 40730U 15033A   18165.55945696 -.00000064  00000-0  00000-0 0  9997
2 40730  55.5399  25.3197 0035694 332.7138  27.1575  2.00574693 21357
1 40730U 15033A   18166.05800798 -.00000066  00000-0  00000+0 0  9997
2 40730  55.5400  25.2997 0035694 332.7372  27.1329  2.00574686 21367
1 40730U 15033A   18166.05800882 -.00000066  00000-0  00000-0 0  9992
2 40730  55.5400  25.2997 0035682 332.7470  27.1232  2.00574644 21360
1 40730U 15033A   18166.55656137 -.00000069  00000-0  00000-0 0  9992
2 40730  55.5402  25.2797 0035685 332.7625  27.1062  2.00574603 21372
1 40730U 15033A   18167.05511270 -.00000073  00000-0  00000-0 0  9991
2 40730  55.5404  25.2597 0035672 332.7827  27.0844  2.00574579 21382
1 40730U 15033A   18167.05511330 -.00000073  00000-0  00000+0 0  9997
2 40730  55.5403  25.2597 0035677 332.7767  27.0903  2.00574576 21382
1 40730U 15033A   18168.05221653 -.00000079  00000-0  00000+0 0  9990
2 40730  55.5407  25.2197 0035672 332.8198  27.0441  2.00574529 21404
1 40730U 15033A   18168.05221653 -.00000079  00000-0  00000-0 0  9991
2 40730  55.5407  25.2197 0035672 332.8198  27.0441  2.00574529 21404
1 40730U 15033A   18169.04932117 -.00000084  00000-0  00000+0 0  9990
2 40730  55.5410  25.1797 0035663 332.8541  27.0070  2.00574490 21422
1 40730U 15033A   18169.54787386 -.00000086  00000-0  00000-0 0  9994
2 40730  55.5412  25.1597 0035664 332.8692  26.9908  2.00574488 21436
1 40730U 15033A   18170.04642751 -.00000088  00000-0  00000-0 0  9999
2 40730  55.5413  25.1397 0035654 332.8884  26.9710  2.00574458 21446
1 40730U 15033A   18170.04642761 -.00000088  00000-0  00000+0 0  9999
2 40730  55.5413  25.1397 0035660 332.8833  26.9761  2.00574463 21449
1 40730U 15033A   18171.04353686 -.00000090  00000-0  00000-0 0  9999
2 40730  55.5417  25.0997 0035642 332.9244  26.9347  2.00574401 21469
1 40730U 15033A   18172.04064685 -.00000091  00000-0  00000+0 0  9998
2 40730  55.5420  25.0598 0035642 332.9576  26.9023  2.00574400 21480
1 40730U 15033A   18172.53920317 -.00000090  00000-0  00000-0 0  9995
2 40730  55.5421  25.0398 0035636 332.9734  26.8872  2.00574382 21499
1 40730U 15033A   18173.03775907 -.00000090  00000-0  00000-0 0  9994
2 40730  55.5423  25.0198 0035626 332.9990  26.8627  2.00574372 21501
1 40730U 15033A   18173.03775966 -.00000090  00000-0  00000+0 0  9998
2 40730  55.5423  25.0199 0035630 332.9924  26.8693  2.00574356 21509
1 40730U 15033A   18173.53631691 -.00000089  00000-0  00000-0 0  9998
2 40730  55.5425  24.9999 0035624 333.0183  26.8446  2.00574311 21517
1 40730U 15033A   18174.03487286 -.00000088  00000-0  00000-0 0  9992
2 40730  55.5426  24.9799 0035616 333.0387  26.8254  2.00574321 21522
1 40730U 15033A   18174.03487293 -.00000088  00000-0  00000+0 0  9999
2 40730  55.5426  24.9799 0035619 333.0317  26.8323  2.00574321 21525
1 40730U 15033A   18174.53342969 -.00000087  00000-0  00000-0 0  9994
2 40730  55.5428  24.9599 0035614 333.0569  26.8083  2.00574302 21532
1 40730U 15033A   18175.03198576 -.00000086  00000-0  00000+0 0  9991
2 40730  55.5429  24.9400 0035616 333.0777  26.7885  2.00574305 21540
1 40730U 15033A   18175.53054203 -.00000085  00000-0  00000-0 0  9994
2 40730  55.5431  24.9200 0035612 333.0880  26.7791  2.00574299 21551
1 40730U 15033A   18176.02909793 -.00000085  00000-0  00000+0 0  9991
2 40730  55.5432  24.9000 0035608 333.1038  26.7641  2.00574298 21565
1 40730U 15033A   18176.52765442 -.00000084  00000-0  00000-0 0  9997
2 40730  55.5434  24.8801 0035602 333.1241  26.7445  2.00574277 21575
1 40730U 15033A   18176.52765454 -.00000084  00000-0  00000-0 0  9990
2 40730  55.5434  24.8801 0035602 333.1199  26.7486  2.00574267 21571
1 40730U 15033A   18177.02621024 -.00000084  00000-0  00000-0 0  9990
2 40730  55.5435  24.8601 0035593 333.1419  26.7271  2.00574253 21582
1 40730U 15033A   18177.02621042 -.00000084  00000-0  00000+0 0  9999
2 40730  55.5435  24.8601 0035594 333.1343  26.7346  2.00574250 21589
1 40730U 15033A   18178.02332145 -.00000083  00000-0  00000+0 0  9992
2 40730  55.5439  24.8202 0035588 333.1730  26.6962  2.00574211 21606
1 40730U 15033A   18178.52187694 -.00000083  00000-0  00000-0 0  9995
2 40730  55.5440  24.8003 0035587 333.1797  26.6893  2.00574184 21612
1 40730U 15033A   18179.02043171 -.00000082  00000-0  00000+0 0  9990
2 40730  55.5442  24.7803 0035588 333.1943  26.6743  2.00574173 21628
1 40730U 15033A   18179.02043206 -.00000082  00000-0  00000-0 0  9990
2 40730  55.5442  24.7803 0035586 333.2043  26.6644  2.00574156 21629
1 40730U 15033A   18180.01754170 -.00000082  00000-0  00000+0 0  9999
2 40730  55.5445  24.7404 0035574 333.2208  26.6468  2.00574123 21649
1 40730U 15033A   18180.51609554 -.00000081  00000-0  00000-0 0  9999
2 40730  55.5446  24.7205 0035578 333.2438  26.6231  2.00574138 21653
1 40730U 15033A   18180.51609588 -.00000081  00000-0  00000-0 0  9996
2 40730  55.5446  24.7205 0035574 333.2351  26.6318  2.00574116 21655
1 40730U 15033A   18181.51320594 -.00000079  00000-0  00000+0 0  9990
2 40730  55.5449  24.6806 0035569 333.2731  26.5924  2.00574058 21679
1 40730U 15033A   18181.51320627 -.00000079  00000-0  00000-0 0  9998
2 40730  55.5449  24.6806 0035572 333.2647  26.6008  2.00574033 21676
1 40730U 15033A   18182.01176117 -.00000078  00000-0  00000+0 0  9995
2 40730  55.5450  24.6607 0035569 333.2894  26.5755  2.00573996 21683
1 40730U 15033A   18182.51031591 -.00000076  00000-0  00000-0 0  9995
2 40730  55.5452  24.6407 0035565 333.2931  26.5711  2.00573991 21699
1 40730U 15033A   18183.00887175 -.00000074  00000-0  00000+0 0  9994
2 40730  55.5453  24.6208 0035564 333.3066  26.5571  2.00573936 21703
1 40730U 15033A   18183.00887213 -.00000074  00000-0  00000-0 0  9998
2 40730  55.5453  24.6208 0035562 333.3176  26.5462  2.00573910 21704
1 40730U 15033A   18183.50742772 -.00000072  00000-0  00000-0 0  9991
2 40730  55.5454  24.6008 0035558 333.3172  26.5461  2.00573890 21711
1 40730U 15033A   18184.00598360 -.00000070  00000-0  00000+0 0  9996
2 40730  55.5456  24.5809 0035558 333.3291  26.5339  2.00573851 21725
1 40730U 15033A   18184.50453952 -.00000068  00000-0  00000-0 0  9996
2 40730  55.5457  24.5609 0035557 333.3523  26.5108  2.00573844 21738
1 40730U 15033A   18184.50454034 -.00000068  00000-0  00000-0 0  9998
2 40730  55.5458  24.5609 0035562 333.3519  26.5111  2.00573781 21734
1 40730U 15033A   18185.00309633 -.00000065  00000-0  00000+0 0  9994
2 40730  55.5459  24.5409 0035561 333.3531  26.5100  2.00573769 21741
1 40730U 15033A   18185.50165391 -.00000063  00000-0  00000-0 0  9999
2 40730  55.5461  24.5210 0035553 333.3700  26.4934  2.00573727 21752
1 40730U 15033A   18186.00021044 -.00000060  00000-0  00000+0 0  9997
2 40730  55.5462  24.5010 0035552 333.3789  26.4850  2.00573674 21766
1 40730U 15033A   18186.49876753 -.00000058  00000-0  00000-0 0  9993
2 40730  55.5464  24.4811 0035550 333.3763  26.4881  2.00573665 21771
1 40730U 15033A   18186.99732593 -.00000056  00000-0  00000+0 0  9998
2 40730  55.5465  24.4611 0035549 333.3843  26.4808  2.00573596 21780
1 40730U 15033A   18186.99732641 -.00000056  00000-0  00000-0 0  9993
2 40730  55.5465  24.4611 0035546 333.3955  26.4698  2.00573563 21782
1 40730U 15033A   18187.49588440 -.00000053  00000-0  00000-0 0  9992
2 40730  55.5466  24.4411 0035546 333.3924  26.4735  2.00573539 21793
1 40730U 15033A   18187.99444234 -.00000051  00000-0  00000-0 0  9997
2 40730  55.5468  24.4212 0035546 333.4140  26.4529  2.00573481 21804
1 40730U 15033A   18187.99444270 -.00000051  00000-0  00000+0 0  9996
2 40730  55.5468  24.4212 0035551 333.4048  26.4620  2.00573486 21804
1 40730U 15033A   18188.49300045 -.00000050  00000-0  00000-0 0  9993
2 40730  55.5469  24.4012 0035544 333.4221  26.4457  2.00573443 21810
1 40730U 15033A   18188.99155845 -.00000049  00000-0  00000+0 0  9991
2 40730  55.5471  24.3812 0035550 333.4230  26.4454  2.00573421 21821
1 40730U 15033A   18189.49011741 -.00000048  00000-0  00000-0 0  9993
2 40730  55.5472  24.3613 0035547 333.4421  26.4270  2.00573336 21831
1 40730U 15033A   18189.98867486 -.00000047  00000-0  00000+0 0  9990
2 40730  55.5474  24.3413 0035546 333.4390  26.4304  2.00573324 21841
1 40730U 15033A   18190.48723241 -.00000047  00000-0  00000-0 0  9998
2 40730  55.5475  24.3213 0035540 333.4514  26.4182  2.00573296 21855
1 40730U 15033A   18190.48723244 -.00000047  00000-0  00000-0 0  9991
2 40730  55.5475  24.3213 0035548 333.4521  26.4175  2.00573278 21853
1 40730U 15033A   18190.98578900 -.00000048  00000-0  00000+0 0  9993
2 40730  55.5476  24.3014 0035546 333.4597  26.4097  2.00573263 21862
1 40730U 15033A   18190.98578920 -.00000048  00000-0  00000-0 0  9996
2 40730  55.5477  24.3013 0035540 333.4674  26.4021  2.00573238 21861
1 40730U 15033A   18191.98290155 -.00000051  00000-0  00000+0 0  9991
2 40730  55.5479  24.2614 0035536 333.4836  26.3844  2.00573192 21887
1 40730U 15033A   18192.48145875 -.00000053  00000-0  00000-0 0  9998
2 40730  55.5481  24.2414 0035536 333.4950  26.3718  2.00573120 21897
1 40730U 15033A   18192.98001398 -.00000055  00000-0  00000+0 0  9995
2 40730  55.5482  24.2214 0035539 333.4983  26.3670  2.00573113 21906
1 40730U 15033A   18193.47856846 -.00000058  00000-0  00000-0 0  9990
2 40730  55.5484  24.2014 0035535 333.5077  26.3558  2.00573110 21910
1 40730U 15033A   18193.47856948 -.00000058  00000-0  00000-0 0  9993
2 40730  55.5483  24.2015 0035531 333.5103  26.3533  2.00573102 21910
1 40730U 15033A   18193.97712436 -.00000061  00000-0  00000+0 0  9994
2 40730  55.5485  24.1815 0035531 333.5087  26.3528  2.00573061 21929
1 40730U 15033A   18194.47567972 -.00000064  00000-0  00000-0 0  9997
2 40730  55.5486  24.1615 0035522 333.5209  26.3387  2.00573041 21936
1 40730U 15033A   18194.47567974 -.00000064  00000-0  00000-0 0  9999
2 40730  55.5487  24.1615 0035529 333.5189  26.3407  2.00573019 21939
1 40730U 15033A   18194.97423484 -.00000067  00000-0  00000+0 0  9993
2 40730  55.5488  24.1415 0035525 333.5252  26.3322  2.00572993 21942
1 40730U 15033A   18195.47278990 -.00000070  00000-0  00000-0 0  9994
2 40730  55.5489  24.1215 0035517 333.5317  26.3238  2.00572995 21953
1 40730U 15033A   18195.47279029 -.00000070  00000-0  00000-0 0  9998
2 40730  55.5490  24.1215 0035521 333.5344  26.3210  2.00572952 21953
1 40730U 15033A   18195.97134572 -.00000073  00000-0  00000+0 0  9998
2 40730  55.5491  24.1015 0035518 333.5384  26.3151  2.00572933 21966
1 40730U 15033A   18196.96845879 -.00000078  00000-0  00000+0 0  9992
2 40730  55.5494  24.0616 0035516 333.5509  26.2996  2.00572871 21981
1 40730U 15033A   18197.96557318 -.00000081  00000-0  00000+0 0  9995
2 40730  55.5497  24.0216 0035513 333.5635  26.2854  2.00572843 22003
1 40730U 15033A   18198.46413091 -.00000082  00000-0  00000-0 0  9992
2 40730  55.5499  24.0017 0035514 333.5729  26.2756  2.00572843 22011
1 40730U 15033A   18198.46413201 -.00000082  00000-0  00000-0 0  9995
2 40730  55.5499  24.0017 0035512 333.5671  26.2814  2.00572815 22019
1 40730U 15033A   18198.96268957 -.00000082  00000-0  00000+0 0  9995
2 40730  55.5500  23.9817 0035513 333.5783  26.2702  2.00572823 22029
1 40730U 15033A   18199.46124923 -.00000082  00000-0  00000-0 0  9996
2 40730  55.5502  23.9618 0035513 333.5869  26.2619  2.00572789 22034
1 40730U 15033A   18199.95980777 -.00000082  00000-0  00000+0 0  9996
2 40730  55.5503  23.9418 0035513 333.5949  26.2543  2.00572805 22048
1 40730U 15033A   18200.95692881 -.00000081  00000-0  00000-0 0  9995
2 40730  55.5506  23.9019 0035514 333.6175  26.2330  2.00572744 22069
1 40730U 15033A   18201.45548633 -.00000080  00000-0  00000-0 0  9995
2 40730  55.5508  23.8820 0035514 333.6223  26.2290  2.00572802 22075
1 40730U 15033A   18201.45548636 -.00000080  00000-0  00000+0 0  9997
2 40730  55.5508  23.8819 0035513 333.6249  26.2264  2.00572811 22071
1 40730U 15033A   18202.45260564 -.00000079  00000-0  00000+0 0  9997
2 40730  55.5510  23.8421 0035508 333.6370  26.2157  2.00572803 22096
1 40730U 15033A   18202.45260717 -.00000079  00000-0  00000-0 0  9998
2 40730  55.5510  23.8421 0035504 333.6298  26.2228  2.00572742 22092
1 40730U 15033A   18203.44972591 -.00000078  00000-0  00000-0 0  9997
2 40730  55.5513  23.8021 0035503 333.6427  26.2107  2.00572738 22118
1 40730U 15033A   18203.44972647 -.00000078  00000-0  00000+0 0  9998
2 40730  55.5513  23.8021 0035503 333.6496  26.2039  2.00572729 22118
1 40730U 15033A   18203.44972647 -.00000078  00000-0  00000-0 0  9999
2 40730  55.5513  23.8021 0035503 333.6496  26.2039  2.00572729 22118
1 40730U 15033A   18204.44684478 -.00000078  00000-0  00000-0 0  9992
2 40730  55.5516  23.7622 0035504 333.6646  26.1890  2.00572709 22139
1 40730U 15033A   18205.44396332 -.00000078  00000-0  00000-0 0  9992
2 40730  55.5519  23.7223 0035503 333.6720  26.1809  2.00572651 22159
1 40730U 15033A   18205.94252081 -.00000078  00000-0  00000-0 0  9999
2 40730  55.5520  23.7024 0035503 333.6749  26.1774  2.00572668 22161
1 40730U 15033A   18206.44108004 -.00000078  00000-0  00000-0 0  9990
2 40730  55.5522  23.6825 0035505 333.6663  26.1852  2.00572605 22177
1 40730U 15033A   18207.43819760 -.00000077  00000-0  00000-0 0  9997
2 40730  55.5525  23.6426 0035506 333.6849  26.1648  2.00572549 22196
1 40730U 15033A   18208.43531350 -.00000076  00000-0  00000-0 0  9993
2 40730  55.5528  23.6028 0035518 333.6839  26.1638  2.00572508 22216
1 40730U 15033A   18209.43243045 -.00000074  00000-0  00000-0 0  9993
2 40730  55.5530  23.5630 0035520 333.6912  26.1546  2.00572455 22233
1 40730U 15033A   18209.43243074 -.00000074  00000-0  00000+0 0  9994
2 40730  55.5530  23.5630 0035517 333.7034  26.1425  2.00572460 22237
1 40730U 15033A   18209.93098931 -.00000072  00000-0  00000+0 0  9997
2 40730  55.5531  23.5431 0035523 333.6984  26.1466  2.00572409 22246
1 40730U 15033A   18210.42954902 -.00000070  00000-0  00000-0 0  9991
2 40730  55.5533  23.5231 0035524 333.7005  26.1438  2.00572351 22258
1 40730U 15033A   18211.42666746 -.00000066  00000-0  00000+0 0  9992
2 40730  55.5535  23.4833 0035529 333.6997  26.1437  2.00572309 22275
1 40730U 15033A   18211.42666822 -.00000066  00000-0  00000+0 0  9997
2 40730  55.5535  23.4833 0035525 333.7155  26.1280  2.00572306 22271
1 40730U 15033A   18212.42378812 -.00000061  00000-0  00000+0 0  9992
2 40730  55.5538  23.4434 0035524 333.7087  26.1346  2.00572239 22294
1 40730U 15033A   18212.42378828 -.00000061  00000-0  00000-0 0  9990
2 40730  55.5538  23.4434 0035531 333.6968  26.1464  2.00572201 22299
1 40730U 15033A   18212.42378867 -.00000061  00000-0  00000+0 0  9992
2 40730  55.5538  23.4434 0035531 333.6940  26.1491  2.00572196 22292
1 40730U 15033A   18213.42090921 -.00000056  00000-0  00000-0 0  9990
2 40730  55.5540  23.4035 0035539 333.6974  26.1463  2.00572143 22311
1 40730U 15033A   18213.42090971 -.00000056  00000-0  00000+0 0  9994
2 40730  55.5540  23.4035 0035532 333.7100  26.1338  2.00572157 22312
1 40730U 15033A   18214.41803171 -.00000052  00000-0  00000-0 0  9995
2 40730  55.5543  23.3637 0035542 333.6940  26.1508  2.00572060 22338
1 40730U 15033A   18214.41803220 -.00000052  00000-0  00000+0 0  9999
2 40730  55.5543  23.3636 0035537 333.7060  26.1388  2.00572085 22338
1 40730U 15033A   18214.91659422 -.00000050  00000-0  00000+0 0  9995
2 40730  55.5544  23.3437 0035547 333.6854  26.1599  2.00572000 22341
1 40730U 15033A   18215.41515675 -.00000048  00000-0  00000+0 0  9999
2 40730  55.5546  23.3238 0035552 333.6872  26.1589  2.00571936 22355
1 40730U 15033A   18215.91371785 -.00000047  00000-0  00000-0 0  9996
2 40730  55.5547  23.3038 0035549 333.7034  26.1435  2.00571949 22366
1 40730U 15033A   18216.41227974 -.00000045  00000-0  00000+0 0  9999
2 40730  55.5548  23.2839 0035550 333.6950  26.1524  2.00571897 22375
1 40730U 15033A   18216.41228029 -.00000045  00000-0  00000-0 0  9992
2 40730  55.5548  23.2839 0035558 333.6906  26.1568  2.00571834 22373
1 40730U 15033A   18217.40940266 -.00000045  00000-0  00000-0 0  9996
2 40730  55.5551  23.2440 0035565 333.6875  26.1604  2.00571779 22399
1 40730U 15033A   18217.40940315 -.00000045  00000-0  00000+0 0  9990
2 40730  55.5551  23.2440 0035559 333.6929  26.1550  2.00571800 22397
1 40730U 15033A   18217.40940315 -.00000045  00000-0  00000-0 0  9991
2 40730  55.5551  23.2440 0035559 333.6929  26.1550  2.00571800 22397
1 40730U 15033A   18218.40652470 -.00000046  00000-0  00000+0 0  9994
2 40730  55.5553  23.2040 0035576 333.6861  26.1612  2.00571710 22411
1 40730U 15033A   18218.40652502 -.00000046  00000-0  00000-0 0  9991
2 40730  55.5553  23.2040 0035577 333.6894  26.1580  2.00571694 22413
1 40730U 15033A   18218.40652548 -.00000046  00000-0  00000+0 0  9990
2 40730  55.5553  23.2040 0035568 333.7007  26.1468  2.00571714 22418
1 40730U 15033A   18219.40364561 -.00000049  00000-0  00000+0 0  9999
2 40730  55.5555  23.1641 0035573 333.6963  26.1493  2.00571646 22436
1 40730U 15033A   18219.90220649 -.00000051  00000-0  00000-0 0  9996
2 40730  55.5557  23.1442 0035572 333.6873  26.1569  2.00571570 22447
1 40730U 15033A   18220.40076363 -.00000054  00000-0  00000+0 0  9997
2 40730  55.5558  23.1242 0035589 333.6862  26.1563  2.00571579 22456
1 40730U 15033A   18220.40076387 -.00000054  00000-0  00000+0 0  9993
2 40730  55.5558  23.1242 0035579 333.6917  26.1509  2.00571595 22454
1 40730U 15033A   18220.89932345 -.00000056  00000-0  00000+0 0  9993
2 40730  55.5559  23.1042 0035583 333.6948  26.1459  2.00571548 22465
1 40730U 15033A   18220.89932345 -.00000056  00000-0  00000-0 0  9994
2 40730  55.5559  23.1042 0035583 333.6948  26.1459  2.00571548 22465
1 40730U 15033A   18221.89644094 -.00000063  00000-0  00000-0 0  9994
2 40730  55.5561  23.0643 0035588 333.6838  26.1526  2.00571494 22484
1 40730U 15033A   18222.39500050 -.00000066  00000-0  00000+0 0  9995
2 40730  55.5563  23.0443 0035595 333.6708  26.1634  2.00571433 22492
1 40730U 15033A   18222.39500139 -.00000066  00000-0  00000-0 0  9994
2 40730  55.5563  23.0443 0035597 333.6764  26.1578  2.00571385 22499
1 40730U 15033A   18222.89355956 -.00000069  00000-0  00000-0 0  9997
2 40730  55.5564  23.0244 0035599 333.6695  26.1626  2.00571392 22508
1 40730U 15033A   18223.89067832 -.00000075  00000-0  00000-0 0  9998
2 40730  55.5567  22.9844 0035600 333.6658  26.1629  2.00571401 22523
1 40730U 15033A   18224.38923967 -.00000077  00000-0  00000-0 0  9995
2 40730  55.5568  22.9645 0035611 333.6577  26.1697  2.00571322 22533
1 40730U 15033A   18224.38923980 -.00000077  00000-0  00000-0 0  9990
2 40730  55.5568  22.9645 0035605 333.6637  26.1638  2.00571343 22531
1 40730U 15033A   18225.88492361 -.00000081  00000-0  00000-0 0  9995
2 40730  55.5572  22.9046 0035622 333.6623  26.1633  2.00571312 22569
1 40730U 15033A   18226.88204986 -.00000082  00000-0  00000-0 0  9991
2 40730  55.5574  22.8647 0035632 333.6578  26.1681  2.00571256 22589
1 40730U 15033A   18227.38061223 -.00000082  00000-0  00000+0 0  9991
2 40730  55.5575  22.8448 0035641 333.6663  26.1602  2.00571274 22598
1 40730U 15033A   18227.38061260 -.00000082  00000-0  00000-0 0  9993
2 40730  55.5575  22.8448 0035647 333.6634  26.1630  2.00571253 22590
1 40730U 15033A   18228.37773998 -.00000081  00000-0  00000-0 0  9990
2 40730  55.5578  22.8049 0035656 333.6562  26.1715  2.00571222 22613
1 40730U 15033A   18228.37774002 -.00000081  00000-0  00000+0 0  9996
2 40730  55.5578  22.8049 0035649 333.6641  26.1637  2.00571236 22611
1 40730U 15033A   18228.87630391 -.00000081  00000-0  00000+0 0  9993
2 40730  55.5579  22.7850 0035661 333.6597  26.1688  2.00571210 22624
1 40730U 15033A   18229.87343086 -.00000080  00000-0  00000-0 0  9996
2 40730  55.5581  22.7451 0035665 333.6644  26.1654  2.00571217 22643
1 40730U 15033A   18230.37199574 -.00000080  00000-0  00000+0 0  9993
2 40730  55.5582  22.7251 0035665 333.6443  26.1859  2.00571157 22650
1 40730U 15033A   18230.87055882 -.00000080  00000-0  00000-0 0  9992
2 40730  55.5583  22.7052 0035673 333.6556  26.1750  2.00571159 22667
1 40730U 15033A   18230.87055905 -.00000080  00000-0  00000+0 0  9997
2 40730  55.5583  22.7052 0035679 333.6438  26.1866  2.00571138 22667
1 40730U 15033A   18230.87055905 -.00000080  00000-0  00000-0 0  9998
2 40730  55.5583  22.7052 0035679 333.6438  26.1866  2.00571138 22667
1 40730U 15033A   18231.86768430 -.00000080  00000-0  00000-0 0  9992
2 40730  55.5586  22.6653 0035682 333.6427  26.1879  2.00571155 22683
1 40730U 15033A   18232.36624657 -.00000081  00000-0  00000+0 0  9990
2 40730  55.5587  22.6454 0035690 333.6460  26.1843  2.00571161 22698
1 40730U 15033A   18232.86481043 -.00000081  00000-0  00000+0 0  9995
2 40730  55.5588  22.6254 0035696 333.6418  26.1880  2.00571104 22706
1 40730U 15033A   18232.86481043 -.00000081  00000-0  00000-0 0  9996
2 40730  55.5588  22.6254 0035696 333.6418  26.1880  2.00571104 22706
1 40730U 15033A   18234.36049574 -.00000081  00000-0  00000-0 0  9992
2 40730  55.5591  22.5657 0035725 333.5989  26.2287  2.00571088 22737
1 40730U 15033A   18235.35762146 -.00000081  00000-0  00000+0 0  9998
2 40730  55.5594  22.5258 0035733 333.6123  26.2137  2.00571027 22756
1 40730U 15033A   18235.85618507 -.00000080  00000-0  00000-0 0  9994
2 40730  55.5595  22.5059 0035741 333.6088  26.2163  2.00570962 22762
1 40730U 15033A   18236.35474762 -.00000079  00000-0  00000+0 0  9990
2 40730  55.5596  22.4860 0035749 333.5992  26.2252  2.00570936 22774
1 40730U 15033A   18236.85331006 -.00000078  00000-0  00000-0 0  9998
2 40730  55.5597  22.4661 0035759 333.6013  26.2224  2.00570921 22784
1 40730U 15033A   18237.35187316 -.00000077  00000-0  00000-0 0  9996
2 40730  55.5598  22.4461 0035769 333.6058  26.2174  2.00570889 22791
1 40730U 15033A   18237.85043678 -.00000075  00000-0  00000-0 0  9991
2 40730  55.5599  22.4262 0035776 333.5986  26.2241  2.00570845 22807
1 40730U 15033A   18238.34899997 -.00000073  00000-0  00000-0 0  9997
2 40730  55.5600  22.4063 0035784 333.5917  26.2307  2.00570821 22810
1 40730U 15033A   18238.34900022 -.00000073  00000-0  00000+0 0  9998
2 40730  55.5600  22.4063 0035793 333.5752  26.2471  2.00570792 22816
1 40730U 15033A   18238.84756460 -.00000071  00000-0  00000-0 0  9997
2 40730  55.5601  22.3864 0035793 333.5893  26.2331  2.00570766 22828
1 40730U 15033A   18239.34612760 -.00000068  00000-0  00000-0 0  9993
2 40730  55.5602  22.3665 0035813 333.5613  26.2609  2.00570738 22839
1 40730U 15033A   18239.34612833 -.00000068  00000-0  00000+0 0  9993
2 40730  55.5602  22.3665 0035801 333.5791  26.2433  2.00570742 22833
1 40730U 15033A   18240.34325841 -.00000064  00000-0  00000+0 0  9991
2 40730  55.5604  22.3266 0035818 333.5565  26.2666  2.00570641 22857
1 40730U 15033A   18240.84182425 -.00000061  00000-0  00000-0 0  9993
2 40730  55.5605  22.3067 0035827 333.5496  26.2742  2.00570583 22861
1 40730U 15033A   18241.34038822 -.00000059  00000-0  00000+0 0  9996
2 40730  55.5606  22.2868 0035838 333.5412  26.2834  2.00570592 22873
1 40730U 15033A   18241.83895388 -.00000057  00000-0  00000+0 0  9996
2 40730  55.5607  22.2668 0035859 333.5148  26.3105  2.00570510 22884
1 40730U 15033A   18241.83895393 -.00000057  00000-0  00000-0 0  9993
2 40730  55.5607  22.2668 0035848 333.5294  26.2959  2.00570549 22882
1 40730U 15033A   18242.83608661 -.00000053  00000-0  00000-0 0  9990
2 40730  55.5609  22.2270 0035869 333.5201  26.3072  2.00570443 22907
1 40730U 15033A   18243.33465246 -.00000052  00000-0  00000+0 0  9994
2 40730  55.5610  22.2070 0035880 333.5093  26.3188  2.00570400 22911
1 40730U 15033A   18243.83321803 -.00000051  00000-0  00000-0 0  9999
2 40730  55.5611  22.1871 0035890 333.5043  26.3246  2.00570373 22921
1 40730U 15033A   18244.33178436 -.00000051  00000-0  00000+0 0  9996
2 40730  55.5612  22.1671 0035901 333.4908  26.3386  2.00570305 22933
1 40730U 15033A   18244.83035076 -.00000050  00000-0  00000-0 0  9993
2 40730  55.5613  22.1472 0035910 333.4899  26.3400  2.00570246 22944
1 40730U 15033A   18245.32891432 -.00000051  00000-0  00000+0 0  9994
2 40730  55.5614  22.1272 0035931 333.4504  26.3792  2.00570223 22959
1 40730U 15033A   18245.32891472 -.00000051  00000-0  00000-0 0  9999
2 40730  55.5614  22.1272 0035931 333.4504  26.3793  2.00570189 22951
1 40730U 15033A   18246.32604449 -.00000053  00000-0  00000+0 0  9997
2 40730  55.5616  22.0873 0035941 333.4529  26.3761  2.00570144 22975
1 40730U 15033A   18246.82460887 -.00000055  00000-0  00000-0 0  9991
2 40730  55.5617  22.0674 0035950 333.4262  26.4019  2.00570095 22982
1 40730U 15033A   18247.32317309 -.00000058  00000-0  00000+0 0  9999
2 40730  55.5617  22.0474 0035962 333.4416  26.3854  2.00570043 22994
1 40730U 15033A   18247.82173668 -.00000060  00000-0  00000-0 0  9996
2 40730  55.5618  22.0274 0035971 333.4407  26.3849  2.00570015 23009
1 40730U 15033A   18248.32029905 -.00000063  00000-0  00000+0 0  9998
2 40730  55.5619  22.0075 0035981 333.4317  26.3922  2.00570008 23015
1 40730U 15033A   18249.31742541 -.00000070  00000-0  00000+0 0  9994
2 40730  55.5621  21.9676 0036002 333.4111  26.4092  2.00569945 23039
1 40730U 15033A   18249.81598966 -.00000073  00000-0  00000-0 0  9993
2 40730  55.5622  21.9476 0036014 333.4051  26.4134  2.00569878 23047
1 40730U 15033A   18250.31455222 -.00000076  00000-0  00000+0 0  9999
2 40730  55.5623  21.9276 0036025 333.4011  26.4157  2.00569887 23050
1 40730U 15033A   18250.81311761 -.00000079  00000-0  00000-0 0  9997
2 40730  55.5624  21.9077 0036038 333.3933  26.4220  2.00569808 23061
1 40730U 15033A   18251.31168036 -.00000081  00000-0  00000+0 0  9990
2 40730  55.5625  21.8877 0036049 333.3891  26.4251  2.00569843 23078
1 40730U 15033A   18251.81024521 -.00000083  00000-0  00000-0 0  9998
2 40730  55.5626  21.8677 0036063 333.3624  26.4507  2.00569812 23088
1 40730U 15033A   18252.30881103 -.00000085  00000-0  00000+0 0  9991
2 40730  55.5627  21.8478 0036074 333.3565  26.4561  2.00569780 23099
1 40730U 15033A   18252.80737672 -.00000087  00000-0  00000-0 0  9990
2 40730  55.5628  21.8278 0036084 333.3581  26.4544  2.00569774 23103
1 40730U 15033A   18253.30594333 -.00000088  00000-0  00000+0 0  9991
2 40730  55.5629  21.8079 0036099 333.3485  26.4641  2.00569747 23111
1 40730U 15033A   18253.80450956 -.00000088  00000-0  00000-0 0  9999
2 40730  55.5630  21.7879 0036110 333.3480  26.4651  2.00569758 23123
1 40730U 15033A   18254.30307733 -.00000089  00000-0  00000+0 0  9999
2 40730  55.5631  21.7680 0036121 333.3519  26.4620  2.00569733 23139
1 40730U 15033A   18254.80164487 -.00000089  00000-0  00000-0 0  9992
2 40730  55.5632  21.7480 0036135 333.3484  26.4664  2.00569720 23149
1 40730U 15033A   18255.30021275 -.00000089  00000-0  00000+0 0  9994
2 40730  55.5633  21.7281 0036146 333.3433  26.4725  2.00569710 23153
1 40730U 15033A   18255.79878126 -.00000088  00000-0  00000-0 0  9992
2 40730  55.5634  21.7081 0036160 333.3339  26.4828  2.00569677 23160
1 40730U 15033A   18256.29734874 -.00000088  00000-0  00000+0 0  9998
2 40730  55.5635  21.6882 0036171 333.3358  26.4821  2.00569688 23178
1 40730U 15033A   18256.29734874 -.00000088  00000-0  00000-0 0  9999
2 40730  55.5635  21.6882 0036171 333.3358  26.4821  2.00569688 23178
1 40730U 15033A   18256.79591739 -.00000088  00000-0  00000-0 0  9995
2 40730  55.5636  21.6682 0036183 333.3311  26.4877  2.00569657 23187
1 40730U 15033A   18257.29448411 -.00000088  00000-0  00000+0 0  9998
2 40730  55.5637  21.6483 0036195 333.3275  26.4922  2.00569687 23194
1 40730U 15033A   18257.79305320 -.00000088  00000-0  00000-0 0  9995
2 40730  55.5638  21.6283 0036207 333.3183  26.5021  2.00569630 23206
1 40730U 15033A   18258.29162119 -.00000089  00000-0  00000+0 0  9998
2 40730  55.5638  21.6084 0036220 333.3079  26.5130  2.00569600 23213
1 40730U 15033A   18258.29162119 -.00000089  00000-0  00000-0 0  9999
2 40730  55.5638  21.6084 0036233 333.2814  26.5393  2.00569583 23214
1 40730U 15033A   18259.28875604 -.00000090  00000-0  00000+0 0  9990
2 40730  55.5640  21.5685 0036246 333.2879  26.5336  2.00569567 23239
1 40730U 15033A   18259.78732265 -.00000090  00000-0  00000-0 0  9991
2 40730  55.5641  21.5485 0036260 333.2873  26.5342  2.00569567 23246
1 40730U 15033A   18260.28588864 -.00000091  00000-0  00000+0 0  9992
2 40730  55.5642  21.5286 0036274 333.2801  26.5412  2.00569579 23254
1 40730U 15033A   18260.28588880 -.00000091  00000-0  00000-0 0  9991
2 40730  55.5642  21.5286 0036287 333.2608  26.5604  2.00569559 23254
1 40730U 15033A   18261.28302263 -.00000091  00000-0  00000+0 0  9990
2 40730  55.5644  21.4887 0036303 333.2699  26.5508  2.00569526 23270
1 40730U 15033A   18261.78158965 -.00000091  00000-0  00000-0 0  9994
2 40730  55.5644  21.4688 0036319 333.2600  26.5602  2.00569494 23288
1 40730U 15033A   18262.28015531 -.00000091  00000-0  00000-0 0  9991
2 40730  55.5645  21.4488 0036334 333.2602  26.5597  2.00569509 23297
1 40730U 15033A   18262.77872292 -.00000091  00000-0  00000-0 0  9990
2 40730  55.5646  21.4289 0036353 333.2392  26.5801  2.00569447 23305
1 40730U 15033A   18263.27728996 -.00000090  00000-0  00000-0 0  9996
2 40730  55.5647  21.4090 0036385 333.2210  26.5977  2.00569396 23318
1 40730U 15033A   18264.77299220 -.00000086  00000-0  00000-0 0  9990
2 40730  55.5649  21.3492 0036415 333.2159  26.6023  2.00569320 23344
1 40730U 15033A   18265.27156006 -.00000085  00000-0  00000-0 0  9999
2 40730  55.5650  21.3292 0036443 333.2019  26.6163  2.00569269 23358
1 40730U 15033A   18265.77012816 -.00000083  00000-0  00000-0 0  9992
2 40730  55.5651  21.3093 0036445 333.2074  26.6112  2.00569260 23367
1 40730U 15033A   18266.26869936 -.00000080  00000-0  00000-0 0  9997
2 40730  55.5652  21.2894 0036461 333.1967  26.6222  2.00569133 23376
1 40730U 15033A   18266.76726583 -.00000078  00000-0  00000-0 0  9999
2 40730  55.5653  21.2695 0036479 333.1860  26.6335  2.00569177 23381
1 40730U 15033A   18267.26583474 -.00000075  00000-0  00000-0 0  9992
2 40730  55.5653  21.2495 0036496 333.1762  26.6441  2.00569149 23397
1 40730U 15033A   18268.76154276 -.00000068  00000-0  00000+0 0  9993
2 40730  55.5656  21.1897 0036545 333.1596  26.6641  2.00569070 23424
1 40730U 15033A   18268.76154276 -.00000068  00000-0  00000-0 0  9994
2 40730  55.5656  21.1897 0036545 333.1596  26.6641  2.00569070 23424
1 40730U 15033A   18269.26011354 -.00000066  00000-0  00000+0 0  9996
2 40730  55.5656  21.1697 0036583 333.1272  26.6975  2.00568962 23435
1 40730U 15033A   18269.26011354 -.00000066  00000-0  00000-0 0  9997
2 40730  55.5656  21.1697 0036583 333.1272  26.6975  2.00568962 23435
1 40730U 15033A   18270.75582429 -.00000061  00000-0  00000+0 0  9993
2 40730  55.5659  21.1099 0036635 333.1078  26.7210  2.00568838 23464
1 40730U 15033A   18272.25153474 -.00000060  00000-0  00000+0 0  9993
2 40730  55.5661  21.0501 0036670 333.1008  26.7309  2.00568750 23491
1 40730U 15033A   18274.24581209 -.00000064  00000-0  00000+0 0  9999
2 40730  55.5665  20.9702 0036743 333.0644  26.7668  2.00568535 23536
1 40730U 15033A   18275.24294408 -.00000069  00000-0  00000+0 0  9997
2 40730  55.5666  20.9303 0036778 333.0541  26.7751  2.00568590 23554
1 40730U 15033A   18275.24294408 -.00000069  00000-0  00000-0 0  9998
2 40730  55.5666  20.9303 0036778 333.0541  26.7751  2.00568590 23554
1 40730U 15033A   18278.23435385 -.00000087  00000-0  00000+0 0  9990
2 40730  55.5671  20.8104 0036888 333.0185  26.8030  2.00568296 23615
1 40730U 15033A   18278.23435392 -.00000087  00000-0  00000+0 0  9998
2 40730  55.5671  20.8105 0036884 333.0232  26.7983  2.00568303 23610
1 40730U 15033A   18279.23149082 -.00000091  00000-0  00000+0 0  9992
2 40730  55.5673  20.7705 0036927 333.0083  26.8121  2.00568288 23638
1 40730U 15033A   18279.73006060 -.00000093  00000-0  00000-0 0  9998
2 40730  55.5673  20.7506 0036944 333.0053  26.8150  2.00568273 23640
1 40730U 15033A   18280.22863062 -.00000094  00000-0  00000+0 0  9997
2 40730  55.5674  20.7306 0036981 332.9892  26.8313  2.00568247 23652
1 40730U 15033A   18280.22863062 -.00000094  00000-0  00000-0 0  9998
2 40730  55.5674  20.7306 0036981 332.9892  26.8313  2.00568247 23652
1 40730U 15033A   18281.72434498 -.00000095  00000-0  00000+0 0  9991
2 40730  55.5677  20.6707 0037043 332.9728  26.8502  2.00568180 23686
1 40730U 15033A   18282.22291666 -.00000096  00000-0  00000-0 0  9997
2 40730  55.5678  20.6507 0037060 332.9750  26.8492  2.00568179 23696
1 40730U 15033A   18283.22006190 -.00000096  00000-0  00000+0 0  9993
2 40730  55.5679  20.6108 0037085 332.9761  26.8509  2.00568136 23718
1 40730U 15033A   18283.71863353 -.00000096  00000-0  00000-0 0  9990
2 40730  55.5680  20.5908 0037105 332.9717  26.8567  2.00568145 23726
1 40730U 15033A   18284.21720530 -.00000096  00000-0  00000-0 0  9995
2 40730  55.5681  20.5709 0037137 332.9630  26.8664  2.00568136 23734
1 40730U 15033A   18284.21720535 -.00000096  00000-0  00000+0 0  9999
2 40730  55.5681  20.5709 0037125 332.9665  26.8631  2.00568144 23732
1 40730U 15033A   18284.71577727 -.00000096  00000-0  00000+0 0  9997
2 40730  55.5682  20.5509 0037160 332.9547  26.8758  2.00568124 23748
1 40730U 15033A   18285.21435057 -.00000096  00000-0  00000-0 0  9993
2 40730  55.5683  20.5310 0037179 332.9464  26.8850  2.00568062 23752
1 40730U 15033A   18285.71292036 -.00000096  00000-0  00000+0 0  9995
2 40730  55.5684  20.5110 0037204 332.9334  26.8987  2.00568110 23762
1 40730U 15033A   18286.71006353 -.00000097  00000-0  00000-0 0  9993
2 40730  55.5685  20.4711 0037224 332.9569  26.8764  2.00568083 23785
1 40730U 15033A   18286.71006357 -.00000097  00000-0  00000+0 0  9996
2 40730  55.5685  20.4711 0037235 332.9480  26.8852  2.00568071 23784
1 40730U 15033A   18286.71006357 -.00000097  00000-0  00000-0 0  9997
2 40730  55.5685  20.4711 0037235 332.9480  26.8852  2.00568071 23784
1 40730U 15033A   18287.70720741 -.00000098  00000-0  00000+0 0  9997
2 40730  55.5686  20.4311 0037281 332.9533  26.8802  2.00567979 23805
1 40730U 15033A   18287.70720741 -.00000098  00000-0  00000-0 0  9998
2 40730  55.5686  20.4311 0037281 332.9533  26.8802  2.00567979 23805
1 40730U 15033A   18290.20006036 -.00000098  00000-0  00000+0 0  9990
2 40730  55.5690  20.3313 0037392 332.9438  26.8890  2.00567919 23854
1 40730U 15033A   18290.69862995 -.00000097  00000-0  00000+0 0  9996
2 40730  55.5691  20.3114 0037407 332.9562  26.8766  2.00567948 23864
1 40730U 15033A   18292.19434475 -.00000093  00000-0  00000-0 0  9998
2 40730  55.5693  20.2515 0037472 332.9553  26.8779  2.00567846 23896
1 40730U 15033A   18292.69292088 -.00000091  00000-0  00000+0 0  9992
2 40730  55.5694  20.2316 0037494 332.9539  26.8796  2.00567670 23900
1 40730U 15033A   18295.18578317 -.00000078  00000-0  00000+0 0  9996
2 40730  55.5698  20.1318 0037581 332.9545  26.8839  2.00567623 23950
1 40730U 15033A   18296.18292997 -.00000073  00000-0  00000+0 0  9999
2 40730  55.5700  20.0918 0037630 332.9430  26.8983  2.00567580 23971
1 40730U 15033A   18298.17722871 -.00000065  00000-0  00000+0 0  9990
2 40730  55.5703  20.0120 0037729 332.9243  26.9228  2.00567353 24017
1 40730U 15033A   18298.67580309 -.00000064  00000-0  00000+0 0  9992
2 40730  55.5703  19.9920 0037783 332.9044  26.9438  2.00567260 24022
1 40730U 15033A   18299.17437659 -.00000063  00000-0  00000-0 0  9997
2 40730  55.5704  19.9720 0037807 332.9032  26.9460  2.00567238 24036
1 40730U 15033A   18299.67294989 -.00000063  00000-0  00000+0 0  9998
2 40730  55.5705  19.9520 0037832 332.8997  26.9502  2.00567208 24047
1 40730U 15033A   18301.16866885 -.00000065  00000-0  00000+0 0  9998
2 40730  55.5707  19.8921 0037909 332.8965  26.9536  2.00567076 24076
1 40730U 15033A   18301.16866885 -.00000065  00000-0  00000-0 0  9999
2 40730  55.5707  19.8921 0037909 332.8965  26.9536  2.00567076 24076
1 40730U 15033A   18301.66724121 -.00000067  00000-0  00000-0 0  9992
2 40730  55.5708  19.8721 0037912 332.9000  26.9497  2.00567074 24085
1 40730U 15033A   18302.16581181 -.00000069  00000-0  00000+0 0  9996
2 40730  55.5709  19.8522 0037942 332.8912  26.9576  2.00567060 24093
1 40730U 15033A   18303.16295611 -.00000074  00000-0  00000+0 0  9993
2 40730  55.5711  19.8123 0037982 332.9021  26.9445  2.00566967 24112
1 40730U 15033A   18305.65581324 -.00000087  00000-0  00000+0 0  9992
2 40730  55.5715  19.7123 0038131 332.8916  26.9489  2.00566831 24167
1 40730U 15033A   18306.15438629 -.00000089  00000-0  00000+0 0  9999
2 40730  55.5716  19.6924 0038143 332.8888  26.9512  2.00566817 24179
1 40730U 15033A   18307.15153296 -.00000092  00000-0  00000+0 0  9998
2 40730  55.5717  19.6524 0038211 332.8906  26.9490  2.00566771 24199
1 40730U 15033A   18308.14868281 -.00000094  00000-0  00000+0 0  9997
2 40730  55.5719  19.6124 0038275 332.8834  26.9572  2.00566699 24210
1 40730U 15033A   18309.14583311 -.00000094  00000-0  00000+0 0  9996
2 40730  55.5721  19.5725 0038321 332.8821  26.9603  2.00566687 24231
1 40730U 15033A   18309.64440705 -.00000094  00000-0  00000+0 0  9990
2 40730  55.5722  19.5525 0038362 332.8837  26.9599  2.00566721 24246
1 40730U 15033A   18310.14298356 -.00000094  00000-0  00000-0 0  9991
2 40730  55.5722  19.5325 0038378 332.9018  26.9433  2.00566688 24253
1 40730U 15033A   18311.14013592 -.00000094  00000-0  00000+0 0  9998
2 40730  55.5724  19.4926 0038430 332.9098  26.9376  2.00566638 24271
1 40730U 15033A   18311.14013592 -.00000094  00000-0  00000-0 0  9999
2 40730  55.5724  19.4926 0038430 332.9098  26.9376  2.00566638 24271
1 40730U 15033A   18311.63871174 -.00000094  00000-0  00000+0 0  9990
2 40730  55.5725  19.4726 0038449 332.9134  26.9352  2.00566626 24283
1 40730U 15033A   18311.63871290 -.00000094  00000-0  00000-0 0  9990
2 40730  55.5725  19.4726 0038430 332.9175  26.9312  2.00566598 24282
1 40730U 15033A   18313.13443633 -.00000095  00000-0  00000+0 0  9993
2 40730  55.5728  19.4127 0038513 332.9221  26.9288  2.00566640 24318
1 40730U 15033A   18314.13158803 -.00000096  00000-0  00000-0 0  9998
2 40730  55.5729  19.3727 0038579 332.9300  26.9213  2.00566534 24336
1 40730U 15033A   18315.12873593 -.00000097  00000-0  00000+0 0  9998
2 40730  55.5731  19.3328 0038624 332.9454  26.9059  2.00566543 24357
1 40730U 15033A   18315.62731058 -.00000097  00000-0  00000-0 0  9993
2 40730  55.5732  19.3128 0038632 332.9556  26.8956  2.00566524 24363
1 40730U 15033A   18316.62445930 -.00000097  00000-0  00000-0 0  9995
2 40730  55.5734  19.2729 0038689 332.9612  26.8892  2.00566476 24383
1 40730U 15033A   18317.12303290 -.00000097  00000-0  00000+0 0  9992
2 40730  55.5734  19.2529 0038742 332.9607  26.8892  2.00566466 24395
1 40730U 15033A   18318.12018285 -.00000095  00000-0  00000+0 0  9998
2 40730  55.5736  19.2130 0038799 332.9726  26.8768  2.00566385 24414
1 40730U 15033A   18319.11733165 -.00000092  00000-0  00000+0 0  9996
2 40730  55.5738  19.1731 0038829 332.9870  26.8624  2.00566384 24438
1 40730U 15033A   18319.61590674 -.00000089  00000-0  00000-0 0  9994
2 40730  55.5739  19.1531 0038847 333.0017  26.8479  2.00566365 24440
1 40730U 15033A   18320.11448337 -.00000087  00000-0  00000+0 0  9996
2 40730  55.5739  19.1331 0038889 333.0123  26.8376  2.00566287 24452
1 40730U 15033A   18320.11448337 -.00000087  00000-0  00000-0 0  9997
2 40730  55.5739  19.1331 0038889 333.0123  26.8376  2.00566287 24452
1 40730U 15033A   18320.61305876 -.00000084  00000-0  00000+0 0  9998
2 40730  55.5740  19.1131 0038920 333.0169  26.8334  2.00566269 24463
1 40730U 15033A   18320.61305876 -.00000084  00000-0  00000-0 0  9999
2 40730  55.5740  19.1131 0038920 333.0169  26.8334  2.00566269 24463
1 40730U 15033A   18320.61305971 -.00000084  00000-0  00000-0 0  9995
2 40730  55.5740  19.1132 0038894 333.0192  26.8313  2.00566260 24468
1 40730U 15033A   18322.10878915 -.00000076  00000-0  00000-0 0  9995
2 40730  55.5743  19.0532 0038983 333.0259  26.8269  2.00566149 24496
1 40730U 15033A   18323.10594339 -.00000070  00000-0  00000+0 0  9994
2 40730  55.5745  19.0133 0039044 333.0302  26.8249  2.00566075 24512
1 40730U 15033A   18324.10309849 -.00000065  00000-0  00000+0 0  9999
2 40730  55.5747  18.9733 0039119 333.0449  26.8127  2.00565979 24532
1 40730U 15033A   18325.10024865 -.00000061  00000-0  00000+0 0  9998
2 40730  55.5748  18.9333 0039211 333.0215  26.8381  2.00566075 24555
1 40730U 15033A   18325.10025547 -.00000061  00000-0  00000+0 0  9996
2 40730  55.5751  18.9327 0037580 334.5660  25.3129  2.00566694 24550
1 40730U 15033A   18325.59883041 -.00000059  00000-0  00000+0 0  9997
2 40730  55.5749  18.9134 0039296 333.0091  26.8512  2.00565848 24564
1 40730U 15033A   18326.59598371 -.00000057  00000-0  00000-0 0  9996
2 40730  55.5751  18.8734 0039306 333.0375  26.8247  2.00565838 24585
1 40730U 15033A   18327.09456052 -.00000057  00000-0  00000+0 0  9990
2 40730  55.5751  18.8534 0039333 333.0651  26.7976  2.00565782 24597
1 40730U 15033A   18328.09171668 -.00000058  00000-0  00000+0 0  9999
2 40730  55.5753  18.8135 0039341 333.1108  26.7521  2.00565586 24614
1 40730U 15033A   18328.09171668 -.00000058  00000-0  00000-0 0  9990
2 40730  55.5753  18.8135 0039341 333.1108  26.7521  2.00565586 24614
1 40730U 15033A   18328.59029213 -.00000059  00000-0  00000+0 0  9993
2 40730  55.5754  18.7935 0039412 333.0965  26.7654  2.00565543 24622
1 40730U 15033A   18328.59029213 -.00000059  00000-0  00000-0 0  9994
2 40730  55.5754  18.7935 0039412 333.0965  26.7654  2.00565543 24622
1 40730U 15033A   18329.58744032 -.00000062  00000-0  00000-0 0  9991
2 40730  55.5756  18.7536 0039457 333.1037  26.7560  2.00565568 24646
1 40730U 15033A   18330.08601567 -.00000064  00000-0  00000+0 0  9994
2 40730  55.5757  18.7336 0039480 333.1150  26.7433  2.00565519 24653
1 40730U 15033A   18330.08601567 -.00000064  00000-0  00000-0 0  9995
2 40730  55.5757  18.7336 0039480 333.1150  26.7433  2.00565519 24653
1 40730U 15033A   18330.58459005 -.00000067  00000-0  00000-0 0  9991
2 40730  55.5758  18.7136 0039489 333.1368  26.7201  2.00565513 24660
1 40730U 15033A   18331.08316305 -.00000069  00000-0  00000+0 0  9993
2 40730  55.5759  18.6935 0039537 333.1499  26.7053  2.00565496 24672
1 40730U 15033A   18333.07746535 -.00000079  00000-0  00000+0 0  9997
2 40730  55.5762  18.6136 0039627 333.1866  26.6630  2.00565348 24718
1 40730U 15033A   18334.07461692 -.00000082  00000-0  00000+0 0  9990
2 40730  55.5764  18.5735 0039710 333.2142  26.6339  2.00565316 24738
1 40730U 15033A   18334.07461740 -.00000082  00000-0  00000-0 0  9995
2 40730  55.5764  18.5735 0039703 333.2165  26.6316  2.00565298 24739
1 40730U 15033A   18335.07177248 -.00000084  00000-0  00000+0 0  9994
2 40730  55.5766  18.5336 0039739 333.2376  26.6105  2.00565267 24755
1 40730U 15033A   18335.57034929 -.00000084  00000-0  00000-0 0  9998
2 40730  55.5767  18.5136 0039769 333.2532  26.5952  2.00565284 24760
1 40730U 15033A   18336.06892846 -.00000084  00000-0  00000+0 0  9992
2 40730  55.5768  18.4936 0039782 333.2754  26.5737  2.00565246 24779
1 40730U 15033A   18337.06608561 -.00000085  00000-0  00000+0 0  9993
2 40730  55.5770  18.4536 0039862 333.3095  26.5411  2.00565215 24793
1 40730U 15033A   18337.56466433 -.00000085  00000-0  00000-0 0  9999
2 40730  55.5771  18.4336 0039869 333.3221  26.5294  2.00565217 24803
1 40730U 15033A   18338.56182211 -.00000085  00000-0  00000-0 0  9999
2 40730  55.5773  18.3937 0039922 333.3570  26.4960  2.00565191 24820
1 40730U 15033A   18338.56182299 -.00000085  00000-0  00000+0 0  9994
2 40730  55.5773  18.3937 0039913 333.3574  26.4958  2.00565174 24822
1 40730U 15033A   18338.56182467 -.00000085  00000-0  00000+0 0  9991
2 40730  55.5773  18.3937 0039927 333.3676  26.4855  2.00565100 24825
1 40730U 15033A   18339.55897932 -.00000085  00000-0  00000-0 0  9992
2 40730  55.5775  18.3537 0039959 333.3968  26.4574  2.00565176 24845
1 40730U 15033A   18340.05755739 -.00000085  00000-0  00000+0 0  9996
2 40730  55.5776  18.3337 0040004 333.4181  26.4363  2.00565168 24853
1 40730U 15033A   18342.05186883 -.00000087  00000-0  00000+0 0  9998
2 40730  55.5779  18.2537 0039678 333.4000  26.4540  2.00565159 24893
1 40730U 15033A   18343.04902364 -.00000088  00000-0  00000+0 0  9999
2 40730  55.5781  18.2140 0040143 333.5100  26.3422  2.00565081 24912
1 40730U 15033A   18344.04617848 -.00000088  00000-0  00000+0 0  9990
2 40730  55.5783  18.1740 0040219 333.5366  26.3138  2.00565026 24932
1 40730U 15033A   18345.04333417 -.00000086  00000-0  00000+0 0  9996
2 40730  55.5784  18.1341 0040259 333.5720  26.2771  2.00564973 24952
1 40730U 15033A   18346.04048922 -.00000084  00000-0  00000+0 0  9999
2 40730  55.5787  18.0941 0040356 333.6112  26.2366  2.00564921 24979
1 40730U 15033A   18347.53622452 -.00000077  00000-0  00000+0 0  9992
2 40730  55.5789  18.0342 0040412 333.6571  26.1902  2.00564869 25009
1 40730U 15033A   18348.53338366 -.00000071  00000-0  00000+0 0  9995
2 40730  55.5791  17.9942 0040481 333.6818  26.1658  2.00564758 25023
1 40730U 15033A   18348.53338366 -.00000071  00000-0  00000-0 0  9996
2 40730  55.5791  17.9942 0040481 333.6818  26.1658  2.00564758 25023
1 40730U 15033A   18349.53054311 -.00000065  00000-0  00000+0 0  9994
2 40730  55.5793  17.9542 0040536 333.7114  26.1372  2.00564693 25045
1 40730U 15033A   18349.53054311 -.00000065  00000-0  00000-0 0  9995
2 40730  55.5793  17.9542 0040536 333.7114  26.1372  2.00564693 25045
1 40730U 15033A   18351.02628430 -.00000057  00000-0  00000+0 0  9991
2 40730  55.5796  17.8943 0040617 333.7657  26.0854  2.00564602 25071
1 40730U 15033A   18355.01492668 -.00000047  00000-0  00000+0 0  9995
2 40730  55.5804  17.7344 0040878 333.9271  25.9269  2.00564218 25158
1 40730U 15033A   18356.01208437 -.00000049  00000-0  00000+0 0  9997
2 40730  55.5805  17.6944 0040933 333.9591  25.8929  2.00564153 25173
1 40730U 15033A   18356.01208437 -.00000049  00000-0  00000-0 0  9998
2 40730  55.5805  17.6944 0040933 333.9591  25.8929  2.00564153 25173
1 40730U 15033A   18356.51066102 -.00000050  00000-0  00000+0 0  9995
2 40730  55.5806  17.6744 0040961 333.9851  25.8654  2.00564161 25187
1 40730U 15033A   18356.51066260 -.00000050  00000-0  00000-0 0  9991
2 40730  55.5806  17.6744 0040948 333.9776  25.8730  2.00564121 25189
1 40730U 15033A   18357.50781922 -.00000054  00000-0  00000+0 0  9993
2 40730  55.5808  17.6344 0041014 334.0155  25.8314  2.00564018 25201
1 40730U 15033A   18357.50781922 -.00000054  00000-0  00000-0 0  9994
2 40730  55.5808  17.6344 0041014 334.0155  25.8314  2.00564018 25201
1 40730U 15033A   18358.50497305 -.00000059  00000-0  00000-0 0  9999
2 40730  55.5810  17.5944 0041074 334.0620  25.7809  2.00564008 25221
1 40730U 15033A   18359.00355121 -.00000061  00000-0  00000+0 0  9996
2 40730  55.5811  17.5744 0041099 334.0815  25.7594  2.00563969 25230
1 40730U 15033A   18360.00070802 -.00000066  00000-0  00000+0 0  9993
2 40730  55.5813  17.5343 0041156 334.1234  25.7139  2.00563888 25254
1 40730U 15033A   18360.99786587 -.00000070  00000-0  00000+0 0  9990
2 40730  55.5815  17.4944 0041199 334.1608  25.6739  2.00563864 25275
1 40730U 15033A   18361.49644628 -.00000071  00000-0  00000+0 0  9996
2 40730  55.5816  17.4744 0041224 334.1813  25.6526  2.00563825 25283
1 40730U 15033A   18361.49644628 -.00000071  00000-0  00000-0 0  9997
2 40730  55.5816  17.4744 0041224 334.1813  25.6526  2.00563825 25283
1 40730U 15033A   18362.49360649 -.00000073  00000-0  00000-0 0  9998
2 40730  55.5818  17.4344 0041276 334.2297  25.6034  2.00563820 25307
1 40730U 15033A   18362.99218698 -.00000073  00000-0  00000+0 0  9998
2 40730  55.5819  17.4144 0041300 334.2536  25.5796  2.00563828 25313
1 40730U 15033A   18362.99218698 -.00000073  00000-0  00000-0 0  9999
2 40730  55.5819  17.4144 0041300 334.2536  25.5796  2.00563828 25313
1 40730U 15033A   18363.49077097 -.00000074  00000-0  00000-0 0  9992
2 40730  55.5820  17.3945 0041327 334.2788  25.5546  2.00563729 25325
1 40730U 15033A   18363.98935265 -.00000074  00000-0  00000+0 0  9995
2 40730  55.5821  17.3745 0041352 334.3126  25.5212  2.00563720 25331
1 40730U 15033A   18363.98935265 -.00000074  00000-0  00000-0 0  9996
2 40730  55.5821  17.3745 0041352 334.3126  25.5212  2.00563720 25331
1 40730U 15033A   18365.48509799 -.00000075  00000-0  00000+0 0  9992
2 40730  55.5823  17.3146 0041403 334.3786  25.4566  2.00563727 25368
1 40730U 15033A   18365.48509799 -.00000075  00000-0  00000-0 0  9993
2 40730  55.5823  17.3146 0041403 334.3786  25.4566  2.00563727 25368
1 40730U 15033A   18365.98368047 -.00000075  00000-0  00000+0 0  9996
2 40730  55.5824  17.2946 0041446 334.4112  25.4243  2.00563683 25371
1 40730U 15033A   18365.98368047 -.00000075  00000-0  00000-0 0  9997
2 40730  55.5824  17.2946 0041446 334.4112  25.4243  2.00563683 25371

