1 41862U 16069D   18003.50818556  .00000067  00000-0  00000-0 0  9996
2 41862  54.5762 186.7669 0000743 238.0316 121.9616  1.70473476  7026
1 41862U 16069D   18003.50818569  .00000067  00000-0  00000+0 0  9999
2 41862  54.5762 186.7670 0000765 236.0431 123.9501  1.70473464  7020
1 41862U 16069D   18004.09476182  .00000064  00000-0  00000-0 0  9993
2 41862  54.5763 186.7507 0000751 237.0778 122.9115  1.70473513  7036
1 41862U 16069D   18008.78743003  .00000072  00000-0  00000+0 0  9990
2 41862  54.5766 186.6195 0000782 237.3087 122.6799  1.70473616  7119
1 41862U 16069D   18008.78743003  .00000072  00000-0  00000-0 0  9991
2 41862  54.5766 186.6195 0000782 237.3087 122.6799  1.70473616  7119
1 41862U 16069D   18009.37401486  .00000074  00000-0  00000-0 0  9995
2 41862  54.5767 186.6030 0000799 237.3191 122.6707  1.70473646  7125
1 41862U 16069D   18009.96060037  .00000074  00000-0  00000-0 0  9993
2 41862  54.5767 186.5867 0000801 237.3415 122.6491  1.70473645  7135
1 41862U 16069D   18013.48008838  .00000068  00000-0  00000+0 0  9998
2 41862  54.5770 186.4886 0000820 236.5218 123.4620  1.70473728  7193
1 41862U 16069D   18015.23982194  .00000064  00000-0  00000-0 0  9996
2 41862  54.5771 186.4396 0000837 235.7830 124.1910  1.70473748  7225
1 41862U 16069D   18019.34587601  .00000064  00000-0  00000+0 0  9995
2 41862  54.5774 186.3251 0000961 236.8295 123.1261  1.70473704  7299
1 41862U 16069D   18019.93245789  .00000065  00000-0  00000-0 0  9990
2 41862  54.5774 186.3087 0000969 236.7688 123.1866  1.70473717  7306
1 41862U 16069D   18023.45197040  .00000077  00000-0  00000+0 0  9990
2 41862  54.5776 186.2106 0001020 237.2578 122.7060  1.70473689  7367
1 41862U 16069D   18026.38488697  .00000073  00000-0  00000+0 0  9992
2 41862  54.5777 186.1287 0001088 238.7852 121.1784  1.70473625  7414
1 41862U 16069D   18028.14462761  .00000058  00000-0  00000-0 0  9996
2 41862  54.5777 186.0794 0001110 239.4622 120.4906  1.70473394  7449
1 41862U 16069D   18031.66407179  .00000026  00000-0  00000+0 0  9993
2 41862  54.5779 185.9812 0001180 240.9304 118.9971  1.70473808  7502
1 41862U 16069D   18032.83723602  .00000023  00000-0  00000-0 0  9993
2 41862  54.5780 185.9485 0001206 241.3060 118.6193  1.70473793  7521
1 41862U 16069D   18035.18358025  .00000028  00000-0  00000-0 0  9992
2 41862  54.5781 185.8830 0001243 241.8621 118.0693  1.70473777  7569
1 41862U 16069D   18036.94334018  .00000031  00000-0  00000-0 0  9997
2 41862  54.5781 185.8339 0001280 242.5565 117.3819  1.70473839  7593
1 41862U 16069D   18039.28967704  .00000027  00000-0  00000+0 0  9995
2 41862  54.5781 185.7685 0001346 243.4870 116.4544  1.70473878  7631
1 41862U 16069D   18040.46283816  .00000023  00000-0  00000-0 0  9999
2 41862  54.5781 185.7358 0001384 243.8263 116.1128  1.70473899  7650
1 41862U 16069D   18045.15547301  .00000015  00000-0  00000+0 0  9992
2 41862  54.5780 185.6052 0001550 244.5633 115.3597  1.70473895  7739
1 41862U 16069D   18046.32863615  .00000016  00000-0  00000-0 0  9993
2 41862  54.5779 185.5725 0001588 245.2268 114.6955  1.70473925  7752
1 41862U 16069D   18046.32863803  .00000016  00000-0  00000-0 0  9992
2 41862  54.5779 185.5725 0001600 245.4560 114.4662  1.70473860  7755
1 41862U 16069D   18046.91522113  .00000017  00000-0  00000-0 0  9994
2 41862  54.5778 185.5561 0001605 245.5045 114.4185  1.70473886  7765
1 41862U 16069D   18047.50180519  .00000019  00000-0  00000+0 0  9991
2 41862  54.5779 185.5398 0001628 245.7895 114.1349  1.70473892  7771
1 41862U 16069D   18047.50180519  .00000019  00000-0  00000-0 0  9992
2 41862  54.5779 185.5398 0001628 245.7895 114.1349  1.70473892  7771
1 41862U 16069D   18047.91851242  .00000020  00000-0  00000-0 0  9997
2 41862  54.5774 185.5279 0000921 233.9760  21.6963  1.70473826  7770
1 41862U 16069D   18051.60791058  .00000032  00000-0  00000+0 0  9998
2 41862  54.5777 185.4255 0001725 246.7617 113.1827  1.70473980  7847
1 41862U 16069D   18052.19449999  .00000033  00000-0  00000-0 0  9999
2 41862  54.5777 185.4092 0001746 246.9432 113.0032  1.70473869  7850
1 41862U 16069D   18053.36767276  .00000030  00000-0  00000-0 0  9997
2 41862  54.5776 185.3764 0001782 247.4462 112.5014  1.70473706  7879
1 41862U 16069D   18054.54082922  .00000022  00000-0  00000-0 0  9997
2 41862  54.5776 185.3438 0001825 247.9941 111.9507  1.70473815  7895
1 41862U 16069D   18055.71398443  .00000011  00000-0  00000-0 0  9993
2 41862  54.5775 185.3111 0001882 248.7818 111.1568  1.70473798  7919
1 41862U 16069D   18056.30056074  .00000005  00000-0  00000-0 0  9993
2 41862  54.5774 185.2948 0001900 249.0217 110.9133  1.70473812  7926
1 41862U 16069D   18057.47371496 -.00000007  00000-0  00000-0 0  9993
2 41862  54.5774 185.2620 0001931 249.2625 110.6657  1.70473815  7945
1 41862U 16069D   18057.47371633 -.00000007  00000-0  00000-0 0  9996
2 41862  54.5774 185.2620 0001934 249.4798 110.4484  1.70473769  7945
1 41862U 16069D   18060.99320538 -.00000017  00000-0  00000+0 0  9995
2 41862  54.5773 185.1639 0002017 250.2520 109.6748  1.70473927  8006
1 41862U 16069D   18062.16638248 -.00000013  00000-0  00000-0 0  9993
2 41862  54.5772 185.1312 0002076 250.6564 109.2767  1.70473913  8024
1 41862U 16069D   18062.75296810 -.00000011  00000-0  00000-0 0  9991
2 41862  54.5772 185.1149 0002104 250.8719 109.0648  1.70474013  8037
1 41862U 16069D   18064.51273313 -.00000008  00000-0  00000-0 0  9996
2 41862  54.5771 185.0658 0002176 251.4754 108.4716  1.70474026  8061
1 41862U 16069D   18064.51273332 -.00000008  00000-0  00000-0 0  9997
2 41862  54.5772 185.0658 0002149 251.2598 108.6875  1.70474021  8069
1 41862U 16069D   18065.09932114 -.00000008  00000-0  00000-0 0  9991
2 41862  54.5771 185.0495 0002209 251.6275 108.3220  1.70474003  8072
1 41862U 16069D   18068.61882007 -.00000016  00000-0  00000+0 0  9995
2 41862  54.5769 184.9514 0002304 252.1834 107.7695  1.70474038  8136
1 41862U 16069D   18069.20539914 -.00000017  00000-0  00000-0 0  9999
2 41862  54.5768 184.9352 0002356 252.2912 107.6603  1.70474073  8148
1 41862U 16069D   18070.37855986 -.00000018  00000-0  00000-0 0  9990
2 41862  54.5768 184.9025 0002388 252.3822 107.5671  1.70474067  8160
1 41862U 16069D   18072.13830202 -.00000017  00000-0  00000+0 0  9998
2 41862  54.5767 184.8535 0002467 252.6898 107.2574  1.70474085  8190
1 41862U 16069D   18072.13830252 -.00000017  00000-0  00000-0 0  9994
2 41862  54.5767 184.8535 0002453 252.6208 107.3266  1.70474073  8196
1 41862U 16069D   18074.48463933 -.00000011  00000-0  00000+0 0  9995
2 41862  54.5766 184.7882 0002534 253.1638 106.7884  1.70474037  8236
1 41862U 16069D   18075.65781140 -.00000005  00000-0  00000-0 0  9992
2 41862  54.5764 184.7555 0002586 253.4994 106.4590  1.70474074  8250
1 41862U 16069D   18080.35051345  .00000012  00000-0  00000+0 0  9998
2 41862  54.5761 184.6247 0002742 254.4937 105.4924  1.70473988  8338
1 41862U 16069D   18086.21630509 -.00000027  00000-0  00000+0 0  9991
2 41862  54.5757 184.4612 0002949 256.1091 103.8606  1.70474007  8439
1 41862U 16069D   18089.14923339 -.00000021  00000-0  00000+0 0  9996
2 41862  54.5756 184.3794 0003067 256.8935 103.0866  1.70474019  8482
1 41862U 16069D   18093.25534398 -.00000009  00000-0  00000+0 0  9992
2 41862  54.5755 184.2650 0003216 257.5866 102.4176  1.70474151  8550
1 41862U 16069D   18094.42851360 -.00000011  00000-0  00000-0 0  9997
2 41862  54.5753 184.2319 0003237 257.7332 102.2731  1.70474095  8577
1 41862U 16069D   18096.77483666 -.00000014  00000-0  00000+0 0  9999
2 41862  54.5753 184.1668 0003324 258.1043 101.8998  1.70474158  8619
1 41862U 16069D   18099.12115717 -.00000010  00000-0  00000+0 0  9996
2 41862  54.5757 184.1013 0003396 258.2133 101.7879  1.70474190  8654
1 41862U 16069D   18100.29432044 -.00000006  00000-0  00000-0 0  9998
2 41862  54.5753 184.0686 0003468 258.5608 101.4406  1.70474206  8678
1 41862U 16069D   18100.29432164 -.00000006  00000-0  00000-0 0  9991
2 41862  54.5757 184.0686 0003452 258.4345 101.5672  1.70474181  8670
1 41862U 16069D   18104.40042907  .00000018  00000-0  00000+0 0  9991
2 41862  54.5752 183.9541 0003582 259.0990 100.9229  1.70474072  8748
1 41862U 16069D   18106.16019183  .00000029  00000-0  00000-0 0  9999
2 41862  54.5751 183.9050 0003664 259.3742 100.6587  1.70474044  8777
1 41862U 16069D   18106.16019295  .00000029  00000-0  00000-0 0  9993
2 41862  54.5752 183.9050 0003647 259.3731 100.6600  1.70474037  8775
1 41862U 16069D   18107.33336282  .00000032  00000-0  00000+0 0  9994
2 41862  54.5750 183.8722 0003719 259.6932 100.3439  1.70474015  8799
1 41862U 16069D   18108.50653009  .00000031  00000-0  00000-0 0  9993
2 41862  54.5749 183.8395 0003763 259.9808 100.0567  1.70473914  8816
1 41862U 16069D   18110.26626133  .00000022  00000-0  00000+0 0  9996
2 41862  54.5749 183.7904 0003823 260.3554  99.6759  1.70474024  8844
1 41862U 16069D   18110.85283997  .00000017  00000-0  00000-0 0  9993
2 41862  54.5749 183.7740 0003825 260.4888  99.5394  1.70473969  8857
1 41862U 16069D   18113.19915176  .00000003  00000-0  00000+0 0  9998
2 41862  54.5749 183.7086 0003889 260.9247  99.0927  1.70473936  8899
1 41862U 16069D   18114.37231503  .00000002  00000-0  00000-0 0  9994
2 41862  54.5750 183.6759 0003908 261.0535  98.9633  1.70473948  8919
1 41862U 16069D   18116.71865951  .00000012  00000-0  00000+0 0  9994
2 41862  54.5751 183.6105 0003975 261.3804  98.6455  1.70473948  8954
1 41862U 16069D   18117.89182973  .00000019  00000-0  00000-0 0  9998
2 41862  54.5751 183.5778 0004014 261.5671  98.4656  1.70474111  8974
1 41862U 16069D   18117.89183338  .00000019  00000-0  00000-0 0  9994
2 41862  54.5751 183.5778 0004035 261.6524  98.3801  1.70474012  8976
1 41862U 16069D   18120.23817808  .00000025  00000-0  00000+0 0  9998
2 41862  54.5752 183.5124 0004105 261.9898  98.0522  1.70474032  9012
1 41862U 16069D   18120.23817808  .00000025  00000-0  00000-0 0  9999
2 41862  54.5752 183.5124 0004105 261.9898  98.0522  1.70474032  9012
1 41862U 16069D   18121.41134351  .00000024  00000-0  00000-0 0  9994
2 41862  54.5752 183.4796 0004120 262.0698  97.9731  1.70474051  9036
1 41862U 16069D   18121.99792472  .00000023  00000-0  00000-0 0  9990
2 41862  54.5753 183.4633 0004139 262.1700  97.8724  1.70474061  9045
1 41862U 16069D   18123.17108446  .00000022  00000-0  00000+0 0  9992
2 41862  54.5752 183.4306 0004170 262.2463  97.7933  1.70474076  9062
1 41862U 16069D   18123.75766447  .00000022  00000-0  00000-0 0  9998
2 41862  54.5753 183.4143 0004177 262.2485  97.7894  1.70474058  9070
1 41862U 16069D   18124.93082133  .00000023  00000-0  00000-0 0  9993
2 41862  54.5753 183.3816 0004228 262.3529  97.6807  1.70474087  9090
1 41862U 16069D   18125.51740028  .00000024  00000-0  00000+0 0  9992
2 41862  54.5754 183.3653 0004248 262.3984  97.6334  1.70474090  9108
1 41862U 16069D   18126.10398123  .00000026  00000-0  00000-0 0  9996
2 41862  54.5754 183.3490 0004266 262.4270  97.6032  1.70474046  9113
1 41862U 16069D   18127.27714106  .00000030  00000-0  00000-0 0  9993
2 41862  54.5755 183.3163 0004322 262.6624  97.3658  1.70474074  9133
1 41862U 16069D   18128.45030591  .00000036  00000-0  00000+0 0  9998
2 41862  54.5755 183.2836 0004343 262.8216  97.2072  1.70474075  9153
1 41862U 16069D   18128.45030599  .00000036  00000-0  00000-0 0  9997
2 41862  54.5755 183.2836 0004332 262.8026  97.2264  1.70474076  9154
1 41862U 16069D   18130.79664768  .00000052  00000-0  00000+0 0  9995
2 41862  54.5757 183.2184 0004381 263.1292  96.9077  1.70474045  9193
1 41862U 16069D   18136.07591012  .00000072  00000-0  00000+0 0  9995
2 41862  54.5760 183.0712 0004507 263.9148  96.1340  1.70473858  9286
1 41862U 16069D   18136.66248802  .00000069  00000-0  00000-0 0  9993
2 41862  54.5761 183.0548 0004532 264.0904  95.9554  1.70473823  9291
1 41862U 16069D   18139.59536687  .00000049  00000-0  00000+0 0  9996
2 41862  54.5764 182.9730 0004575 264.5506  95.4745  1.70473801  9344
1 41862U 16069D   18139.59536687  .00000049  00000-0  00000-0 0  9997
2 41862  54.5764 182.9730 0004575 264.5506  95.4745  1.70473801  9344
1 41862U 16069D   18141.94168274  .00000044  00000-0  00000+0 0  9996
2 41862  54.5767 182.9076 0004611 264.8899  95.1269  1.70473827  9389
1 41862U 16069D   18143.11485229  .00000048  00000-0  00000-0 0  9994
2 41862  54.5769 182.8749 0004632 265.0597  94.9585  1.70473793  9401
1 41862U 16069D   18144.28802402  .00000054  00000-0  00000+0 0  9995
2 41862  54.5771 182.8422 0004655 265.2020  94.8201  1.70473812  9428
1 41862U 16069D   18147.22095095  .00000063  00000-0  00000+0 0  9994
2 41862  54.5774 182.7604 0004708 265.5229  94.5072  1.70473847  9471
1 41862U 16069D   18148.98069553  .00000061  00000-0  00000-0 0  9997
2 41862  54.5776 182.7114 0004733 265.7664  94.2611  1.70473870  9508
1 41862U 16069D   18150.15385298  .00000058  00000-0  00000+0 0  9991
2 41862  54.5778 182.6787 0004742 265.8033  94.2196  1.70473898  9526
1 41862U 16069D   18150.74043270  .00000057  00000-0  00000-0 0  9997
2 41862  54.5779 182.6624 0004749 265.8128  94.2072  1.70473862  9534
1 41862U 16069D   18153.08674330  .00000058  00000-0  00000+0 0  9994
2 41862  54.5781 182.5971 0004776 265.8940  94.1141  1.70473895  9579
1 41862U 16069D   18153.67332177  .00000060  00000-0  00000-0 0  9993
2 41862  54.5781 182.5808 0004792 265.9852  94.0203  1.70473903  9588
1 41862U 16069D   18153.67332193  .00000060  00000-0  00000-0 0  9991
2 41862  54.5781 182.5808 0004794 266.0210  93.9844  1.70473898  9582
1 41862U 16069D   18154.25990339  .00000062  00000-0  00000-0 0  9990
2 41862  54.5782 182.5645 0004803 266.0853  93.9181  1.70473843  9591
1 41862U 16069D   18155.43306362  .00000067  00000-0  00000+0 0  9992
2 41862  54.5783 182.5318 0004817 266.2124  93.7889  1.70473891  9616
1 41862U 16069D   18156.01964608  .00000070  00000-0  00000-0 0  9995
2 41862  54.5784 182.5155 0004826 266.2811  93.7200  1.70473886  9621
1 41862U 16069D   18157.19281592  .00000076  00000-0  00000-0 0  9995
2 41862  54.5786 182.4828 0004836 266.4137  93.5890  1.70473824  9640
1 41862U 16069D   18157.77940142  .00000080  00000-0  00000+0 0  9996
2 41862  54.5786 182.4665 0004836 266.4604  93.5438  1.70473815  9657
1 41862U 16069D   18157.77940142  .00000080  00000-0  00000-0 0  9997
2 41862  54.5786 182.4665 0004836 266.4604  93.5438  1.70473815  9657
1 41862U 16069D   18159.53916037  .00000091  00000-0  00000-0 0  9991
2 41862  54.5789 182.4175 0004844 266.7540  93.2561  1.70473756  9688
1 41862U 16069D   18161.88549893  .00000101  00000-0  00000+0 0  9995
2 41862  54.5791 182.3521 0004870 267.1130  92.9006  1.70473674  9728
1 41862U 16069D   18163.05866005  .00000099  00000-0  00000-0 0  9990
2 41862  54.5791 182.3193 0004878 267.1294  92.8808  1.70473650  9747
1 41862U 16069D   18164.81839068  .00000089  00000-0  00000+0 0  9992
2 41862  54.5793 182.2703 0004895 267.4703  92.5278  1.70473594  9770
1 41862U 16069D   18167.16469083  .00000070  00000-0  00000+0 0  9999
2 41862  54.5797 182.2048 0004898 267.8465  92.1315  1.70473579  9814
1 41862U 16069D   18168.33784651  .00000064  00000-0  00000-0 0  9994
2 41862  54.5798 182.1721 0004896 268.0389  91.9322  1.70473581  9838
1 41862U 16069D   18169.51100985  .00000064  00000-0  00000+0 0  9996
2 41862  54.5800 182.1394 0004899 268.2119  91.7565  1.70473559  9858
1 41862U 16069D   18170.09759395  .00000065  00000-0  00000-0 0  9998
2 41862  54.5801 182.1231 0004896 268.2393  91.7291  1.70473551  9869
1 41862U 16069D   18170.68417976  .00000067  00000-0  00000-0 0  9991
2 41862  54.5802 182.1068 0004900 268.3870  91.5822  1.70473528  9878
1 41862U 16069D   18174.20369154  .00000075  00000-0  00000+0 0  9995
2 41862  54.5806 182.0087 0004913 268.8005  91.1757  1.70473622  9936
1 41862U 16069D   18174.79027480  .00000074  00000-0  00000-0 0  9992
2 41862  54.5806 181.9924 0004912 268.8257  91.1502  1.70473621  9940
1 41862U 16069D   18176.55001863  .00000069  00000-0  00000+0 0  9998
2 41862  54.5809 181.9434 0004901 269.0233  90.9475  1.70473615  9976
1 41862U 16069D   18177.13659683  .00000066  00000-0  00000-0 0  9990
2 41862  54.5809 181.9271 0004898 269.0855  90.8826  1.70473643  9981
1 41862U 16069D   18178.89633293  .00000062  00000-0  00000-0 0  9999
2 41862  54.5811 181.8782 0004883 269.1767  90.7812  1.70473617 10018
1 41862U 16069D   18179.48291128  .00000061  00000-0  00000+0 0  9990
2 41862  54.5811 181.8619 0004884 269.1673  90.7872  1.70473609 10022
1 41862U 16069D   18179.48291128  .00000061  00000-0  00000-0 0  9991
2 41862  54.5811 181.8619 0004884 269.1673  90.7872  1.70473609 10022
1 41862U 16069D   18181.24264678  .00000062  00000-0  00000-0 0  9999
2 41862  54.5812 181.8130 0004889 269.2914  90.6543  1.70473653 10051
1 41862U 16069D   18181.82922840  .00000064  00000-0  00000+0 0  9996
2 41862  54.5812 181.7967 0004890 269.3357  90.6082  1.70473622 10067
1 41862U 16069D   18184.17556233  .00000073  00000-0  00000+0 0  9996
2 41862  54.5815 181.7314 0004880 269.6228  90.3199  1.70473571 10109
1 41862U 16069D   18185.34873474  .00000079  00000-0  00000-0 0  9992
2 41862  54.5818 181.6987 0004861 269.8345  90.1112  1.70473548 10127
1 41862U 16069D   18187.10849635  .00000088  00000-0  00000+0 0  9999
2 41862  54.5819 181.6497 0004849 269.9162  90.0353  1.70473503 10158
1 41862U 16069D   18187.69508410  .00000090  00000-0  00000-0 0  9990
2 41862  54.5819 181.6333 0004841 270.0415  89.9117  1.70473439 10167
1 41862U 16069D   18189.45483673  .00000093  00000-0  00000+0 0  9991
2 41862  54.5820 181.5843 0004835 270.2223  89.7316  1.70473431 10190
1 41862U 16069D   18191.21457668  .00000086  00000-0  00000-0 0  9996
2 41862  54.5821 181.5353 0004830 270.5288  89.4175  1.70473375 10227
1 41862U 16069D   18191.80115421  .00000081  00000-0  00000+0 0  9993
2 41862  54.5822 181.5190 0004828 270.4554  89.4866  1.70473370 10232
1 41862U 16069D   18194.14746120  .00000059  00000-0  00000+0 0  9994
2 41862  54.5824 181.4536 0004797 270.8712  89.0515  1.70473293 10277
1 41862U 16069D   18195.90719876  .00000048  00000-0  00000-0 0  9996
2 41862  54.5826 181.4046 0004765 271.1612  88.7523  1.70473300 10301
1 41862U 16069D   18196.49378133  .00000047  00000-0  00000+0 0  9996
2 41862  54.5826 181.3882 0004758 271.1813  88.7311  1.70473309 10318
1 41862U 16069D   18198.25353643  .00000049  00000-0  00000-0 0  9994
2 41862  54.5828 181.3393 0004734 271.4038  88.5109  1.70473377 10344
1 41862U 16069D   18198.84012567  .00000051  00000-0  00000+0 0  9998
2 41862  54.5828 181.3229 0004724 271.5013  88.4154  1.70473339 10353
1 41862U 16069D   18200.01330145  .00000053  00000-0  00000-0 0  9999
2 41862  54.5829 181.2903 0004711 271.6510  88.2698  1.70473346 10372
1 41862U 16069D   18201.18647789  .00000053  00000-0  00000+0 0  9992
2 41862  54.5829 181.2576 0004687 271.8677  88.0560  1.70473296 10398
1 41862U 16069D   18203.53281241  .00000044  00000-0  00000-0 0  9991
2 41862  54.5830 181.1923 0004640 272.1392  87.7828  1.70473352 10433
1 41862U 16069D   18206.46571359  .00000032  00000-0  00000-0 0  9995
2 41862  54.5831 181.1107 0004578 272.2568  87.6527  1.70473399 10485
1 41862U 16069D   18208.22545910  .00000031  00000-0  00000-0 0  9994
2 41862  54.5831 181.0619 0004544 272.3232  87.5797  1.70473338 10519
1 41862U 16069D   18208.81204160  .00000031  00000-0  00000-0 0  9998
2 41862  54.5832 181.0456 0004543 272.3742  87.5273  1.70473332 10528
1 41862U 16069D   18210.57179579  .00000036  00000-0  00000+0 0  9993
2 41862  54.5829 180.9967 0004508 272.5392  87.3624  1.70473313 10553
1 41862U 16069D   18211.74497019  .00000041  00000-0  00000-0 0  9992
2 41862  54.5830 180.9640 0004482 272.6725  87.2324  1.70473309 10578
1 41862U 16069D   18212.33155888  .00000043  00000-0  00000-0 0  9995
2 41862  54.5833 180.9477 0004465 272.8112  87.0962  1.70473302 10582
1 41862U 16069D   18212.91814797  .00000046  00000-0  00000+0 0  9992
2 41862  54.5833 180.9314 0004438 272.9127  86.9976  1.70473299 10598
1 41862U 16069D   18214.09132728  .00000052  00000-0  00000-0 0  9998
2 41862  54.5833 180.8988 0004420 273.0730  86.8433  1.70473273 10619
1 41862U 16069D   18215.85109530  .00000057  00000-0  00000+0 0  9992
2 41862  54.5833 180.8498 0004383 273.2807  86.6426  1.70473169 10647
1 41862U 16069D   18218.19743033  .00000051  00000-0  00000+0 0  9998
2 41862  54.5833 180.7845 0004340 273.6583  86.2634  1.70473177 10680
1 41862U 16069D   18218.78401258  .00000047  00000-0  00000-0 0  9999
2 41862  54.5833 180.7681 0004323 273.7791  86.1400  1.70473128 10698
1 41862U 16069D   18220.54375232  .00000030  00000-0  00000+0 0  9999
2 41862  54.5833 180.7191 0004279 274.1089  85.7994  1.70473038 10726
1 41862U 16069D   18223.47665828  .00000009  00000-0  00000-0 0  9994
2 41862  54.5833 180.6374 0004201 274.5721  85.3251  1.70473075 10778
1 41862U 16069D   18223.47665904  .00000009  00000-0  00000-0 0  9999
2 41862  54.5833 180.6374 0004202 274.5168  85.3804  1.70473056 10777
1 41862U 16069D   18224.06324255  .00000009  00000-0  00000-0 0  9996
2 41862  54.5834 180.6211 0004180 274.6323  85.2656  1.70473143 10789
1 41862U 16069D   18225.23642377  .00000009  00000-0  00000-0 0  9994
2 41862  54.5834 180.5884 0004136 274.8728  85.0292  1.70473035 10803
1 41862U 16069D   18225.82301389  .00000011  00000-0  00000-0 0  9997
2 41862  54.5834 180.5721 0004128 274.8782  85.0267  1.70473042 10815
1 41862U 16069D   18226.99619415  .00000013  00000-0  00000-0 0  9990
2 41862  54.5834 180.5394 0004099 275.0830  84.8285  1.70473090 10837
1 41862U 16069D   18228.16937553  .00000013  00000-0  00000+0 0  9996
2 41862  54.5833 180.5068 0004062 275.3031  84.6144  1.70473085 10858
1 41862U 16069D   18230.51572340  .00000005  00000-0  00000+0 0  9998
2 41862  54.5833 180.4415 0003987 275.6494  84.2728  1.70473154 10899
1 41862U 16069D   18232.86205966 -.00000007  00000-0  00000+0 0  9998
2 41862  54.5832 180.3762 0003912 275.8584  84.0598  1.70473119 10931
1 41862U 16069D   18232.86205966 -.00000007  00000-0  00000-0 0  9999
2 41862  54.5832 180.3762 0003912 275.8584  84.0598  1.70473119 10931
1 41862U 16069D   18233.44864248 -.00000009  00000-0  00000-0 0  9990
2 41862  54.5831 180.3599 0003886 275.9285  83.9883  1.70473135 10941
1 41862U 16069D   18235.20839345 -.00000010  00000-0  00000+0 0  9997
2 41862  54.5831 180.3110 0003838 276.0193  83.8943  1.70473137 10978
1 41862U 16069D   18235.20839345 -.00000010  00000-0  00000-0 0  9998
2 41862  54.5831 180.3110 0003838 276.0193  83.8943  1.70473137 10978
1 41862U 16069D   18237.55473990 -.00000005  00000-0  00000+0 0  9991
2 41862  54.5830 180.2458 0003779 276.2579  83.6587  1.70473125 11010
1 41862U 16069D   18239.31451037  .00000003  00000-0  00000-0 0  9993
2 41862  54.5829 180.1969 0003716 276.5036  83.4222  1.70473116 11043
1 41862U 16069D   18241.07428768  .00000012  00000-0  00000+0 0  9993
2 41862  54.5829 180.1479 0003633 276.8352  83.1034  1.70473081 11073
1 41862U 16069D   18241.66087965  .00000015  00000-0  00000-0 0  9992
2 41862  54.5828 180.1316 0003609 276.9312  83.0118  1.70473083 11087
1 41862U 16069D   18242.83406533  .00000020  00000-0  00000-0 0  9994
2 41862  54.5828 180.0990 0003580 277.0516  82.8987  1.70472973 11101
1 41862U 16069D   18244.00724242  .00000021  00000-0  00000+0 0  9995
2 41862  54.5827 180.0663 0003544 277.2658  82.6892  1.70472994 11124
1 41862U 16069D   18245.18041602  .00000018  00000-0  00000-0 0  9994
2 41862  54.5826 180.0336 0003508 277.4929  82.4630  1.70472944 11148
1 41862U 16069D   18247.52674661  .00000001  00000-0  00000+0 0  9992
2 41862  54.5825 179.9683 0003432 278.0192  81.9294  1.70472906 11186
1 41862U 16069D   18249.87307920 -.00000017  00000-0  00000+0 0  9991
2 41862  54.5825 179.9029 0003337 278.5004  81.4413  1.70472856 11228
1 41862U 16069D   18249.87308010 -.00000017  00000-0  00000-0 0  9993
2 41862  54.5826 179.9029 0003334 278.6233  81.3184  1.70472834 11221
1 41862U 16069D   18251.04625213 -.00000020  00000-0  00000-0 0  9996
2 41862  54.5825 179.8703 0003290 278.7286  81.2146  1.70472889 11247
1 41862U 16069D   18252.21943161 -.00000019  00000-0  00000+0 0  9998
2 41862  54.5824 179.8376 0003249 278.9070  81.0416  1.70472922 11267
1 41862U 16069D   18255.15239369 -.00000012  00000-0  00000+0 0  9995
2 41862  54.5817 179.7560 0003164 279.2880  80.6813  1.70472972 11319
1 41862U 16069D   18256.91216766 -.00000015  00000-0  00000-0 0  9990
2 41862  54.5823 179.7069 0003096 279.6391  80.3387  1.70472941 11347
1 41862U 16069D   18258.08534161 -.00000020  00000-0  00000+0 0  9997
2 41862  54.5821 179.6742 0003052 279.8605  80.1195  1.70472989 11363
1 41862U 16069D   18259.25851342 -.00000025  00000-0  00000-0 0  9996
2 41862  54.5820 179.6416 0002993 279.9812  79.9989  1.70473009 11387
1 41862U 16069D   18259.84509839 -.00000027  00000-0  00000-0 0  9994
2 41862  54.5820 179.6253 0002969 280.0249  79.9548  1.70473014 11394
1 41862U 16069D   18261.01826734 -.00000030  00000-0  00000+0 0  9995
2 41862  54.5820 179.5926 0002934 280.1339  79.8444  1.70473026 11413
1 41862U 16069D   18261.24720337 -.00000030  00000-0  00000-0 0  9993
2 41862  54.5800 179.5878 0003122 275.8117 224.6700  1.70473071 11417
1 41862U 16069D   18268.05734326  .00000001  00000-0  00000-0 0  9999
2 41862  54.5817 179.3967 0002684 281.0638  78.9440  1.70472997 11531
1 41862U 16069D   18269.23053072  .00000008  00000-0  00000-0 0  9999
2 41862  54.5816 179.3641 0002627 281.3475  78.6701  1.70472970 11558
1 41862U 16069D   18270.40371521  .00000014  00000-0  00000+0 0  9998
2 41862  54.5816 179.3315 0002590 281.5897  78.4358  1.70472934 11573
1 41862U 16069D   18270.88178421  .00000016  00000-0  00000-0 0  9997
2 41862  54.5820 179.3180 0003028 277.6407  15.7924  1.70473101 11578
1 41862U 16069D   18275.09639939  .00000000  00000-0  00000+0 0  9993
2 41862  54.5815 179.2006 0002440 282.8252  77.1992  1.70472865 11653
1 41862U 16069D   18275.68298190 -.00000004  00000-0  00000-0 0  9994
2 41862  54.5815 179.1843 0002421 282.9802  77.0421  1.70472854 11667
1 41862U 16069D   18276.26956452 -.00000008  00000-0  00000-0 0  9995
2 41862  54.5815 179.1680 0002393 283.1412  76.8794  1.70472865 11677
1 41862U 16069D   18279.20250045 -.00000012  00000-0  00000+0 0  9991
2 41862  54.5816 179.0863 0002273 283.8600  76.1650  1.70472882 11722
1 41862U 16069D   18281.54887018 -.00000002  00000-0  00000+0 0  9996
2 41862  54.5816 179.0210 0002198 284.3335  75.7077  1.70472917 11766
1 41862U 16069D   18281.54887018 -.00000002  00000-0  00000-0 0  9997
2 41862  54.5816 179.0210 0002198 284.3335  75.7077  1.70472917 11766
1 41862U 16069D   18282.72205460  .00000001  00000-0  00000-0 0  9991
2 41862  54.5816 178.9883 0002164 284.5540  75.4949  1.70472930 11785
1 41862U 16069D   18283.89523351  .00000001  00000-0  00000+0 0  9991
2 41862  54.5816 178.9557 0002120 284.7671  75.2872  1.70472998 11802
1 41862U 16069D   18285.06840936 -.00000002  00000-0  00000-0 0  9996
2 41862  54.5815 178.9230 0002073 284.9974  75.0594  1.70473009 11829
1 41862U 16069D   18285.65499574 -.00000004  00000-0  00000-0 0  9991
2 41862  54.5815 178.9067 0002035 285.2147  74.8424  1.70473024 11838
1 41862U 16069D   18286.82816539 -.00000008  00000-0  00000+0 0  9998
2 41862  54.5815 178.8740 0001988 285.4894  74.5666  1.70473041 11858
1 41862U 16069D   18288.58791543 -.00000010  00000-0  00000-0 0  9994
2 41862  54.5816 178.8250 0001925 285.5289  74.5242  1.70473126 11882
1 41862U 16069D   18288.58791592 -.00000010  00000-0  00000-0 0  9998
2 41862  54.5815 178.8250 0001937 285.5557  74.4974  1.70473092 11885
1 41862U 16069D   18290.93425912 -.00000002  00000-0  00000+0 0  9990
2 41862  54.5816 178.7597 0001858 285.7442  74.3091  1.70473096 11924
1 41862U 16069D   18291.52084548  .00000001  00000-0  00000-0 0  9991
2 41862  54.5817 178.7434 0001844 285.8689  74.1857  1.70473134 11936
1 41862U 16069D   18293.86720479  .00000018  00000-0  00000+0 0  9997
2 41862  54.5817 178.6780 0001763 286.3943  73.6719  1.70473158 11979
1 41862U 16069D   18295.62698029  .00000033  00000-0  00000-0 0  9996
2 41862  54.5817 178.6290 0001698 286.8196  73.2593  1.70473161 12002
1 41862U 16069D   18296.80016391  .00000042  00000-0  00000-0 0  9993
2 41862  54.5818 178.5964 0001662 286.9925  73.0942  1.70473129 12024
1 41862U 16069D   18297.38675627  .00000045  00000-0  00000-0 0  9993
2 41862  54.5818 178.5801 0001631 287.3422  72.7480  1.70473073 12039
1 41862U 16069D   18298.55993288  .00000050  00000-0  00000+0 0  9994
2 41862  54.5818 178.5474 0001615 287.4887  72.6053  1.70473064 12050
1 41862U 16069D   18298.55993288  .00000050  00000-0  00000-0 0  9995
2 41862  54.5818 178.5474 0001615 287.4887  72.6053  1.70473064 12050
1 41862U 16069D   18299.73310395  .00000051  00000-0  00000-0 0  9999
2 41862  54.5819 178.5147 0001578 287.8687  72.2257  1.70473038 12073
1 41862U 16069D   18300.90626823  .00000048  00000-0  00000+0 0  9992
2 41862  54.5819 178.4820 0001545 288.3226  71.7684  1.70473040 12092
1 41862U 16069D   18301.49284868  .00000045  00000-0  00000-0 0  9994
2 41862  54.5820 178.4656 0001527 288.5539  71.5343  1.70473044 12106
1 41862U 16069D   18302.66601082  .00000037  00000-0  00000-0 0  9996
2 41862  54.5820 178.4329 0001488 289.0077  71.0743  1.70472983 12124
1 41862U 16069D   18305.59892212  .00000028  00000-0  00000+0 0  9997
2 41862  54.5823 178.3512 0001385 290.2186  69.8558  1.70473055 12176
1 41862U 16069D   18306.18551104  .00000029  00000-0  00000-0 0  9997
2 41862  54.5823 178.3348 0001366 290.3953  69.6802  1.70473010 12187
1 41862U 16069D   18306.77209939  .00000031  00000-0  00000-0 0  9991
2 41862  54.5824 178.3185 0001349 290.5670  69.5105  1.70473021 12194
1 41862U 16069D   18308.53186916  .00000040  00000-0  00000+0 0  9995
2 41862  54.5825 178.2695 0001303 290.9413  69.1449  1.70473060 12223
1 41862U 16069D   18309.11845752  .00000042  00000-0  00000-0 0  9993
2 41862  54.5826 178.2531 0001288 291.0551  69.0342  1.70473123 12232
1 41862U 16069D   18309.70504798  .00000044  00000-0  00000-0 0  9992
2 41862  54.5826 178.2368 0001266 291.1391  68.9528  1.70473110 12240
1 41862U 16069D   18310.87822375  .00000045  00000-0  00000+0 0  9996
2 41862  54.5827 178.2042 0001227 291.6385  68.4569  1.70473148 12268
1 41862U 16069D   18313.22456170  .00000039  00000-0  00000+0 0  9997
2 41862  54.5828 178.1388 0001155 292.0420  68.0515  1.70473184 12308
1 41862U 16069D   18315.57088555  .00000035  00000-0  00000+0 0  9991
2 41862  54.5830 178.0734 0001083 292.1181  67.9663  1.70473275 12347
1 41862U 16069D   18315.57088555  .00000035  00000-0  00000-0 0  9992
2 41862  54.5830 178.0734 0001083 292.1181  67.9663  1.70473275 12347
1 41862U 16069D   18316.74404711  .00000037  00000-0  00000-0 0  9990
2 41862  54.5831 178.0407 0001057 292.0060  68.0743  1.70473337 12363
1 41862U 16069D   18317.91721504  .00000042  00000-0  00000+0 0  9997
2 41862  54.5832 178.0080 0001033 291.9392  68.1387  1.70473291 12387
1 41862U 16069D   18319.09038315  .00000049  00000-0  00000-0 0  9997
2 41862  54.5834 177.9754 0001005 291.7919  68.2860  1.70473341 12403
1 41862U 16069D   18319.67696851  .00000053  00000-0  00000-0 0  9991
2 41862  54.5834 177.9590 0001018 291.5779  68.5007  1.70473344 12417
1 41862U 16069D   18320.85014178  .00000062  00000-0  00000-0 0  9999
2 41862  54.5831 177.9263 0000999 291.2855  68.7964  1.70473383 12439
1 41862U 16069D   18323.19650016  .00000081  00000-0  00000+0 0  9996
2 41862  54.5840 177.8610 0000923 292.3378  67.7550  1.70473305 12471
1 41862U 16069D   18323.78308805  .00000085  00000-0  00000-0 0  9992
2 41862  54.5841 177.8446 0000919 292.4758  67.6194  1.70473311 12488
1 41862U 16069D   18325.54284718  .00000095  00000-0  00000+0 0  9994
2 41862  54.5843 177.7956 0000891 292.6711  67.4279  1.70473302 12511
1 41862U 16069D   18327.88917383  .00000095  00000-0  00000+0 0  9994
2 41862  54.5845 177.7301 0000861 293.1500  66.9418  1.70473249 12559
1 41862U 16069D   18330.23548384  .00000080  00000-0  00000+0 0  9992
2 41862  54.5849 177.6647 0000820 294.0159  66.0582  1.70473208 12592
1 41862U 16069D   18330.23548384  .00000080  00000-0  00000-0 0  9993
2 41862  54.5849 177.6647 0000820 294.0159  66.0582  1.70473208 12592
1 41862U 16069D   18330.82206065  .00000077  00000-0  00000-0 0  9991
2 41862  54.5850 177.6484 0000812 294.6588  65.4111  1.70473231 12605
1 41862U 16069D   18332.58180169  .00000071  00000-0  00000+0 0  9995
2 41862  54.5853 177.5993 0000779 295.8428  64.2188  1.70473205 12635
1 41862U 16069D   18333.75496830  .00000072  00000-0  00000-0 0  9992
2 41862  54.5854 177.5666 0000754 295.7235  64.3372  1.70473259 12658
1 41862U 16069D   18335.51472937  .00000079  00000-0  00000+0 0  9996
2 41862  54.5856 177.5176 0000734 295.3628  64.7017  1.70473245 12684
1 41862U 16069D   18337.27448782  .00000083  00000-0  00000-0 0  9998
2 41862  54.5859 177.4685 0000716 295.1477  64.9207  1.70473325 12717
1 41862U 16069D   18337.86107208  .00000083  00000-0  00000+0 0  9997
2 41862  54.5859 177.4521 0000708 295.0398  65.0288  1.70473351 12729
1 41862U 16069D   18338.44765594  .00000082  00000-0  00000-0 0  9990
2 41862  54.5860 177.4357 0000701 295.0313  65.0369  1.70473356 12734
1 41862U 16069D   18340.20740082  .00000075  00000-0  00000+0 0  9993
2 41862  54.5862 177.3868 0000670 294.8149  65.2473  1.70473369 12766
1 41862U 16069D   18340.20740082  .00000075  00000-0  00000-0 0  9994
2 41862  54.5862 177.3868 0000670 294.8149  65.2473  1.70473369 12766
1 41862U 16069D   18342.55371372  .00000066  00000-0  00000+0 0  9995
2 41862  54.5865 177.3215 0000630 293.7221  66.3259  1.70473460 12801
1 41862U 16069D   18342.55371372  .00000066  00000-0  00000-0 0  9996
2 41862  54.5865 177.3215 0000630 293.7221  66.3259  1.70473460 12801
1 41862U 16069D   18343.72687092  .00000066  00000-0  00000-0 0  9995
2 41862  54.5866 177.2888 0000623 292.7127  67.3282  1.70473473 12826
1 41862U 16069D   18346.07319464  .00000073  00000-0  00000+0 0  9998
2 41862  54.5868 177.2235 0000617 290.5487  69.4837  1.70473488 12861
1 41862U 16069D   18346.65977600  .00000076  00000-0  00000-0 0  9998
2 41862  54.5869 177.2072 0000608 290.1674  69.8645  1.70473544 12870
1 41862U 16069D   18347.24636053  .00000080  00000-0  00000-0 0  9993
2 41862  54.5870 177.1909 0000604 290.0093  70.0227  1.70473539 12885
1 41862U 16069D   18350.17929043  .00000100  00000-0  00000+0 0  9995
2 41862  54.5875 177.1092 0000574 288.2242  71.8146  1.70473546 12937
1 41862U 16069D   18352.52563197  .00000112  00000-0  00000+0 0  9993
2 41862  54.5877 177.0438 0000571 286.9631  73.0792  1.70473503 12974
1 41862U 16069D   18354.87195347  .00000110  00000-0  00000+0 0  9999
2 41862  54.5881 176.9784 0000584 285.7821  74.2512  1.70473438 13019
1 41862U 16069D   18356.63168255  .00000099  00000-0  00000-0 0  9990
2 41862  54.5882 176.9293 0000585 286.0848  73.9340  1.70473389 13042
1 41862U 16069D   18357.21825673  .00000094  00000-0  00000+0 0  9993
2 41862  54.5883 176.9129 0000580 285.8663  74.1471  1.70473404 13055
1 41862U 16069D   18360.73772843  .00000077  00000-0  00000+0 0  9995
2 41862  54.5888 176.8149 0000573 285.0186  74.9751  1.70473395 13110
1 41862U 16069D   18361.32431237  .00000078  00000-0  00000-0 0  9992
2 41862  54.5887 176.7986 0000576 285.1154  74.8781  1.70473396 13120
1 41862U 16069D   18361.91089643  .00000079  00000-0  00000-0 0  9998
2 41862  54.5889 176.7823 0000580 284.0199  75.9741  1.70473427 13138
1 41862U 16069D   18363.08406657  .00000081  00000-0  00000+0 0  9998
2 41862  54.5891 176.7496 0000595 283.1133  76.8828  1.70473485 13153
1 41862U 16069D   18364.25723829  .00000082  00000-0  00000-0 0  9993
2 41862  54.5893 176.7169 0000602 282.1976  77.8003  1.70473478 13175
1 41862U 16069D   18364.84382226  .00000081  00000-0  00000-0 0  9999
2 41862  54.5893 176.7005 0000608 282.0229  77.9752  1.70473492 13189

