1 43057U 17079C   18002.47390677 -.00000051  00000-0  00000+0 0  9993
2 43057  57.0015 306.3267 0001909 343.9973  15.8902  1.71672776   350
1 43057U 17079C   18002.87798905 -.00000052  00000-0  00000-0 0  9995
2 43057  57.0017 306.3156 0001833 338.7527 270.8724  1.71673001   359
1 43057U 17079C   18003.47625955 -.00000052  00000-0  00000+0 0  9995
2 43057  57.0014 306.2994 0001825 340.2497 279.1262  1.71672936   366
1 43057U 17079C   18003.70104264 -.00000053  00000-0  00000-0 0  9998
2 43057  57.0005 306.2936 0001780 346.6812  51.6144  1.71672635   372
1 43057U 17079C   18004.33782747 -.00000054  00000-0  00000-0 0  9997
2 43057  57.0001 306.2761 0001776 346.8081  85.0425  1.71672698   382
1 43057U 17079C   18004.62806161 -.00000055  00000-0  00000+0 0  9996
2 43057  56.9993 306.2672 0001807 346.0136 265.2118  1.71672581   381
1 43057U 17079C   18004.62806161 -.00000055  00000-0  00000+0 0  9996
2 43057  56.9995 306.2677 0001744 348.8790 262.3453  1.71672479   380
1 43057U 17079C   18005.77654330 -.00000059  00000-0  00000+0 0  9996
2 43057  56.9989 306.2360 0001753 347.0027 254.0252  1.71672868   406
1 43057U 17079C   18006.93011150 -.00000064  00000-0  00000+0 0  9998
2 43057  56.9984 306.2034 0001847 343.2634 250.7122  1.71672963   422
1 43057U 17079C   18006.93011150 -.00000064  00000-0  00000-0 0  9999
2 43057  56.9984 306.2034 0001847 343.2634 250.7122  1.71672963   422
1 43057U 17079C   18007.32033573 -.00000066  00000-0  00000-0 0  9998
2 43057  56.9980 306.1926 0001858 343.2457 131.9026  1.71672992   438
1 43057U 17079C   18007.67001571 -.00000068  00000-0  00000-0 0  9991
2 43057  56.9956 306.1826 0001964 351.0385 340.2160  1.71672636   434
1 43057U 17079C   18008.13933150 -.00000070  00000-0  00000+0 0  9992
2 43057  56.9953 306.1696 0001952 351.4094 269.8984  1.71672659   440
1 43057U 17079C   18008.49900571 -.00000071  00000-0  00000-0 0  9994
2 43057  56.9951 306.1601 0001972 352.3083 131.2911  1.71672712   457
1 43057U 17079C   18008.68361938 -.00000072  00000-0  00000-0 0  9994
2 43057  56.9951 306.1544 0001969 352.1595 245.5375  1.71672687   459
1 43057U 17079C   18009.29405896 -.00000073  00000-0  00000+0 0  9994
2 43057  56.9946 306.1383 0001960 353.2772 261.6939  1.71672809   466
1 43057U 17079C   18010.43292181 -.00000075  00000-0  00000+0 0  9995
2 43057  56.9940 306.1074 0001981 354.3727 244.4577  1.71672955   483
1 43057U 17079C   18011.33607010 -.00000073  00000-0  00000-0 0  9995
2 43057  56.9935 306.0827 0001989 354.2080  82.8001  1.71672996   505
1 43057U 17079C   18011.65070616 -.00000073  00000-0  00000+0 0  9995
2 43057  56.9933 306.0740 0001980 354.1409 277.3234  1.71673008   506
1 43057U 17079C   18011.99574606 -.00000072  00000-0  00000-0 0  9990
2 43057  56.9946 306.0674 0001986 350.2514 134.4624  1.71673136   515
1 43057U 17079C   18013.25047703 -.00000066  00000-0  00000+0 0  9996
2 43057  56.9938 306.0327 0001960 350.0549 190.1278  1.71673170   533
1 43057U 17079C   18016.02239308 -.00000050  00000-0  00000+0 0  9991
2 43057  56.9917 305.9563 0001986 351.8632 101.4607  1.71673160   585
1 43057U 17079C   18018.38452737 -.00000037  00000-0  00000+0 0  9990
2 43057  56.9896 305.8903 0002015 353.7298 119.4763  1.71673162   620
1 43057U 17079C   18019.66308245 -.00000032  00000-0  00000+0 0  9991
2 43057  56.9891 305.8558 0002023 352.6867 190.7124  1.71673186   641
1 43057U 17079C   18020.65160411 -.00000029  00000-0  00000-0 0  9990
2 43057  56.9884 305.8283 0002021 352.5979  81.7423  1.71673182   668
1 43057U 17079C   18021.72250854 -.00000028  00000-0  00000+0 0  9998
2 43057  56.9875 305.7985 0002065 352.9855  23.2128  1.71673209   686
1 43057U 17079C   18022.96847838 -.00000029  00000-0  00000+0 0  9990
2 43057  56.9846 305.7648 0002249 358.9238  67.3269  1.71673213   708
1 43057U 17079C   18023.18840635 -.00000029  00000-0  00000-0 0  9994
2 43057  56.9844 305.7586 0002220 359.9347 202.2417  1.71673253   707
1 43057U 17079C   18025.75203574 -.00000036  00000-0  00000+0 0  9991
2 43057  56.9823 305.6871 0002213 359.7725 346.8187  1.71673259   749
1 43057U 17079C   18027.64902594 -.00000039  00000-0  00000+0 0  9992
2 43057  56.9808 305.6349 0002231 359.7444  79.2534  1.71673249   786
1 43057U 17079C   18028.38336733 -.00000039  00000-0  00000-0 0  9991
2 43057  56.9802 305.6144 0002211   0.3087 172.5395  1.71673266   795
1 43057U 17079C   18030.07549413 -.00000039  00000-0  00000+0 0  9990
2 43057  56.9786 305.5680 0002220   2.2011 136.4410  1.71673259   821
1 43057U 17079C   18031.73012421 -.00000040  00000-0  00000+0 0  9990
2 43057  56.9776 305.5226 0002274   3.3298  77.9311  1.71673252   859
1 43057U 17079C   18032.88248301 -.00000044  00000-0  00000+0 0  9999
2 43057  56.9766 305.4909 0002299   3.8792  69.5805  1.71673263   875
1 43057U 17079C   18034.20408038 -.00000049  00000-0  00000+0 0  9997
2 43057  56.9758 305.4537 0002425   5.3769 164.8767  1.71673272   893
1 43057U 17079C   18036.09684323 -.00000057  00000-0  00000+0 0  9998
2 43057  56.9742 305.4016 0002436   5.3235 254.7253  1.71673285   925
1 43057U 17079C   18036.56383786 -.00000058  00000-0  00000-0 0  9991
2 43057  56.9737 305.3886 0002444   5.1248 183.5438  1.71673295   930
1 43057U 17079C   18036.70864226 -.00000058  00000-0  00000-0 0  9990
2 43057  56.9736 305.3846 0002442   5.1298 273.0332  1.71673295   936
1 43057U 17079C   18037.01164793 -.00000059  00000-0  00000-0 0  9998
2 43057  56.9729 305.3764 0002459   5.7583  99.6717  1.71673283   945
1 43057U 17079C   18038.58785036 -.00000058  00000-0  00000+0 0  9998
2 43057  56.9718 305.3312 0002411   6.9806 352.5990  1.71673259   960
1 43057U 17079C   18039.75341030 -.00000054  00000-0  00000+0 0  9996
2 43057  56.9708 305.2994 0002415   6.8841 353.0533  1.71673265   984
1 43057U 17079C   18041.53104700 -.00000044  00000-0  00000-0 0  9996
2 43057  56.9694 305.2502 0002438   7.2226  11.3568  1.71673254  1026
1 43057U 17079C   18042.82104645 -.00000036  00000-0  00000+0 0  9997
2 43057  56.9678 305.2134 0002425   8.4610  87.3839  1.71673237  1042
1 43057U 17079C   18043.84518414 -.00000029  00000-0  00000+0 0  9995
2 43057  56.9670 305.1848 0002449   8.5691   0.2291  1.71673236  1068
1 43057U 17079C   18044.80772112 -.00000023  00000-0  00000-0 0  9994
2 43057  56.9663 305.1586 0002426   8.6104 235.0712  1.71673252  1079
1 43057U 17079C   18045.11926992 -.00000022  00000-0  00000+0 0  9994
2 43057  56.9660 305.1505 0002443   9.2309  67.0014  1.71673292  1083
1 43057U 17079C   18045.30164310 -.00000021  00000-0  00000-0 0  9993
2 43057  56.9659 305.1454 0002448   9.4380 179.5081  1.71673301  1084
1 43057U 17079C   18045.60657642 -.00000019  00000-0  00000-0 0  9998
2 43057  56.9657 305.1369 0002459   9.4368   7.9690  1.71673302  1097
1 43057U 17079C   18047.54036329 -.00000011  00000-0  00000+0 0  9997
2 43057  56.9683 305.0976 0023982 339.7937 149.8729  1.71108032  1120
1 43057U 17079C   18060.81799469 -.00000026  00000-0  00000+0 0  9999
2 43057  56.9323 304.7294 0002256 295.0288  65.0151  1.70473464  1350
1 43057U 17079C   18061.14108448 -.00000028  00000-0  00000-0 0  9990
2 43057  56.9253 304.7224 0002282 289.3619 268.9638  1.70473072  1357
1 43057U 17079C   18065.04014116 -.00000041  00000-0  00000+0 0  9995
2 43057  56.9231 304.6162 0002345 295.2280 136.0136  1.70473384  1425
1 43057U 17079C   18065.47369856 -.00000040  00000-0  00000-0 0  9996
2 43057  56.9231 304.6046 0002375 295.0830  42.2409  1.70473462  1426
1 43057U 17079C   18068.16577034 -.00000031  00000-0  00000+0 0  9993
2 43057  56.9210 304.5315 0002370 295.1296 254.3628  1.70473475  1471
1 43057U 17079C   18069.92827128 -.00000020  00000-0  00000+0 0  9998
2 43057  56.9207 304.4813 0002304 295.5431 255.6288  1.70473587  1505
1 43057U 17079C   18072.75840284 -.00000004  00000-0  00000-0 0  9994
2 43057  56.9185 304.4044 0002300 295.5923 192.4815  1.70473649  1556
1 43057U 17079C   18073.85811057  .00000000  00000-0  00000+0 0  9996
2 43057  56.9165 304.3742 0002153 300.0205 142.9633  1.70473727  1576
1 43057U 17079C   18078.72618762  .00000002  00000-0  00000+0 0  9997
2 43057  56.9129 304.2417 0002145 299.9563 250.6503  1.70473731  1655
1 43057U 17079C   18079.89403736 -.00000001  00000-0  00000+0 0  9999
2 43057  56.9125 304.2155 0002307 304.8332 242.5030  1.70473906  1671
1 43057U 17079C   18080.47202001 -.00000003  00000-0  00000-0 0  9990
2 43057  56.9114 304.1960 0002327 296.4011 245.6523  1.70473658  1680
1 43057U 17079C   18080.86640731 -.00000004  00000-0  00000-0 0  9990
2 43057  56.9104 304.1848 0002293 296.8305 127.2683  1.70473698  1693
1 43057U 17079C   18085.56578100 -.00000008  00000-0  00000-0 0  9996
2 43057  56.9071 304.0548 0002129 297.1034 131.0849  1.70473763  1772
1 43057U 17079C   18088.68652876 -.00000021  00000-0  00000+0 0  9999
2 43057  56.9037 303.9687 0001971 297.0074 246.4416  1.70473821  1825
1 43057U 17079C   18091.60731862 -.00000035  00000-0  00000+0 0  9993
2 43057  56.9009 303.8880 0001988 297.7697 238.2200  1.70473831  1870
1 43057U 17079C   18092.49869358 -.00000036  00000-0  00000-0 0  9995
2 43057  56.9004 303.8647 0001860 294.4535  68.5854  1.70473760  1892
1 43057U 17079C   18092.77130564 -.00000036  00000-0  00000+0 0  9995
2 43057  56.9002 303.8574 0001854 294.4304 235.9154  1.70473763  1892
1 43057U 17079C   18096.31363466 -.00000024  00000-0  00000+0 0  9995
2 43057  56.8990 303.7615 0001754 291.9268 252.4077  1.70473735  1956
1 43057U 17079C   18099.24563332 -.00000009  00000-0  00000+0 0  9997
2 43057  56.9026 303.6805 0001581 290.2651 253.4930  1.70473913  2007
1 43057U 17079C   18099.57422161 -.00000008  00000-0  00000-0 0  9997
2 43057  56.8961 303.6726 0001778 291.1842  94.2365  1.70473835  2013
1 43057U 17079C   18100.97321481 -.00000002  00000-0  00000+0 0  9990
2 43057  56.8966 303.6366 0001725 289.6222 234.3846  1.70473831  2033
1 43057U 17079C   18102.13720774  .00000001  00000-0  00000+0 0  9996
2 43057  56.8958 303.6049 0001720 289.6460 228.7240  1.70473833  2050
1 43057U 17079C   18102.44465580  .00000001  00000-0  00000-0 0  9992
2 43057  56.8955 303.5966 0001721 289.5588  57.4976  1.70473834  2059
1 43057U 17079C   18103.64163876  .00000002  00000-0  00000+0 0  9998
2 43057  56.8945 303.5639 0001724 289.5503  72.1159  1.70473837  2088
1 43057U 17079C   18108.05886221 -.00000010  00000-0  00000+0 0  9994
2 43057  56.8902 303.4437 0001604 289.1531 263.4429  1.70473849  2156
1 43057U 17079C   18108.31234024 -.00000010  00000-0  00000-0 0  9992
2 43057  56.8901 303.4367 0001585 288.5453  59.6164  1.70473869  2154
1 43057U 17079C   18108.91819020 -.00000012  00000-0  00000-0 0  9995
2 43057  56.8985 303.4171 0001284 274.7772  85.2087  1.70473839  2163
1 43057U 17079C   18110.09136444 -.00000013  00000-0  00000+0 0  9999
2 43057  56.8969 303.3851 0001261 273.2439  86.7403  1.70473830  2190
1 43057U 17079C   18113.61090249 -.00000019  00000-0  00000+0 0  9998
2 43057  56.8943 303.2893 0001205 267.7505  92.2378  1.70473859  2258
1 43057U 17079C   18114.19749148 -.00000021  00000-0  00000-0 0  9995
2 43057  56.8933 303.2735 0001215 268.1218  91.8665  1.70473862  2257
1 43057U 17079C   18115.37066492 -.00000028  00000-0  00000+0 0  9996
2 43057  56.8924 303.2418 0001220 266.8672  93.1195  1.70473921  2282
1 43057U 17079C   18115.37066492 -.00000028  00000-0  00000-0 0  9997
2 43057  56.8924 303.2418 0001220 266.8672  93.1195  1.70473921  2271
1 43057U 17079C   18118.89016821 -.00000048  00000-0  00000+0 0  9999
2 43057  56.8900 303.1458 0001242 262.1547  97.8160  1.70474037  2342
1 43057U 17079C   18118.89016855 -.00000048  00000-0  00000-0 0  9997
2 43057  56.8900 303.1458 0001244 262.7186  97.2521  1.70474024  2339
1 43057U 17079C   18120.64992110 -.00000050  00000-0  00000+0 0  9992
2 43057  56.8888 303.0980 0001260 260.0490  99.9143  1.70474106  2374
1 43057U 17079C   18121.82309242 -.00000048  00000-0  00000+0 0  9998
2 43057  56.8882 303.0659 0001277 259.0488 100.9120  1.70474135  2396
1 43057U 17079C   18122.40967976 -.00000045  00000-0  00000-0 0  9995
2 43057  56.8878 303.0500 0001284 259.6119 100.3485  1.70474155  2391
1 43057U 17079C   18122.99626856 -.00000043  00000-0  00000-0 0  9996
2 43057  56.8872 303.0340 0001281 260.6331  99.3277  1.70474182  2400
1 43057U 17079C   18123.58285758 -.00000040  00000-0  00000-0 0  9991
2 43057  56.8866 303.0181 0001275 260.0656  99.8961  1.70474192  2410
1 43057U 17079C   18123.58285764 -.00000040  00000-0  00000+0 0  9997
2 43057  56.8867 303.0181 0001282 260.7331  99.2285  1.70474184  2421
1 43057U 17079C   18125.92921949 -.00000029  00000-0  00000+0 0  9996
2 43057  56.8847 302.9542 0001317 256.8228 103.1453  1.70474223  2468
1 43057U 17079C   18128.27558191 -.00000020  00000-0  00000-0 0  9994
2 43057  56.8829 302.8904 0001352 253.7178 106.2569  1.70474190  2496
1 43057U 17079C   18128.27558206 -.00000020  00000-0  00000+0 0  9990
2 43057  56.8829 302.8904 0001351 253.9475 106.0272  1.70474193  2501
1 43057U 17079C   18128.86217109 -.00000019  00000-0  00000-0 0  9998
2 43057  56.8824 302.8745 0001363 252.4544 107.5211  1.70474171  2508
1 43057U 17079C   18130.03534689 -.00000017  00000-0  00000+0 0  9992
2 43057  56.8816 302.8426 0001373 251.0573 108.9183  1.70474139  2533
1 43057U 17079C   18130.03534689 -.00000017  00000-0  00000-0 0  9993
2 43057  56.8816 302.8426 0001373 251.0573 108.9183  1.70474139  2522
1 43057U 17079C   18132.96827073 -.00000021  00000-0  00000+0 0  9993
2 43057  56.8793 302.7629 0001414 247.8112 112.1552  1.70474074  2589
1 43057U 17079C   18134.72802082 -.00000026  00000-0  00000+0 0  9997
2 43057  56.8780 302.7150 0001449 246.4137 113.5445  1.70474041  2607
1 43057U 17079C   18135.31460484 -.00000028  00000-0  00000-0 0  9992
2 43057  56.8775 302.6990 0001481 245.6418 114.3139  1.70474023  2611
1 43057U 17079C   18135.90118998 -.00000030  00000-0  00000+0 0  9999
2 43057  56.8770 302.6830 0001491 245.3420 114.6119  1.70474017  2625
1 43057U 17079C   18135.90118998 -.00000030  00000-0  00000-0 0  9990
2 43057  56.8770 302.6830 0001491 245.3420 114.6119  1.70474017  2625
1 43057U 17079C   18137.66095122 -.00000032  00000-0  00000+0 0  9999
2 43057  56.8762 302.6352 0001557 242.8685 117.0840  1.70473991  2654
1 43057U 17079C   18137.66095122 -.00000032  00000-0  00000-0 0  9990
2 43057  56.8762 302.6352 0001557 242.8685 117.0840  1.70473991  2654
1 43057U 17079C   18140.00731136 -.00000035  00000-0  00000+0 0  9996
2 43057  56.8743 302.5714 0001602 241.6016 118.3559  1.70474000  2697
1 43057U 17079C   18140.00731136 -.00000035  00000-0  00000-0 0  9997
2 43057  56.8743 302.5714 0001602 241.6016 118.3559  1.70474000  2697
1 43057U 17079C   18141.18049140 -.00000039  00000-0  00000+0 0  9997
2 43057  56.8732 302.5395 0001609 241.3651 118.5948  1.70474009  2715
1 43057U 17079C   18142.35366734 -.00000045  00000-0  00000-0 0  9996
2 43057  56.8721 302.5076 0001646 240.7820 119.1782  1.70474043  2734
1 43057U 17079C   18142.35366788 -.00000045  00000-0  00000+0 0  9994
2 43057  56.8721 302.5076 0001629 241.1333 118.8270  1.70474029  2731
1 43057U 17079C   18145.87317495 -.00000067  00000-0  00000+0 0  9999
2 43057  56.8689 302.4120 0001753 239.0996 120.8490  1.70474162  2793
1 43057U 17079C   18147.04634335 -.00000070  00000-0  00000+0 0  9999
2 43057  56.8680 302.3801 0001785 238.8219 121.1223  1.70474203  2816
1 43057U 17079C   18148.21951396 -.00000070  00000-0  00000+0 0  9998
2 43057  56.8670 302.3482 0001803 238.5386 121.4030  1.70474229  2832
1 43057U 17079C   18148.80610032 -.00000069  00000-0  00000-0 0  9991
2 43057  56.8666 302.3323 0001838 238.0663 121.8748  1.70474273  2842
1 43057U 17079C   18149.97927664 -.00000064  00000-0  00000+0 0  9996
2 43057  56.8656 302.3004 0001860 237.7349 122.2071  1.70474301  2867
1 43057U 17079C   18150.56586609 -.00000062  00000-0  00000-0 0  9992
2 43057  56.8652 302.2844 0001875 237.5332 122.4102  1.70474310  2878
1 43057U 17079C   18150.56586617 -.00000062  00000-0  00000-0 0  9991
2 43057  56.8652 302.2845 0001865 237.5856 122.3579  1.70474313  2879
1 43057U 17079C   18152.32563832 -.00000053  00000-0  00000+0 0  9990
2 43057  56.8645 302.2365 0001926 237.1798 122.7701  1.70474353  2906
1 43057U 17079C   18152.91222983 -.00000050  00000-0  00000-0 0  9992
2 43057  56.8638 302.2206 0001952 237.0114 122.9411  1.70474359  2919
1 43057U 17079C   18153.49882135 -.00000047  00000-0  00000+0 0  9992
2 43057  56.8633 302.2047 0001978 236.7742 123.1810  1.70474361  2928
1 43057U 17079C   18155.25859546 -.00000040  00000-0  00000+0 0  9991
2 43057  56.8621 302.1569 0002042 236.4337 123.5287  1.70474341  2956
1 43057U 17079C   18157.01836401 -.00000036  00000-0  00000-0 0  9998
2 43057  56.8606 302.1092 0002104 235.9349 124.0314  1.70474293  2982
1 43057U 17079C   18157.60495169 -.00000035  00000-0  00000-0 0  9994
2 43057  56.8602 302.0933 0002120 235.4830 124.4836  1.70474285  2994
1 43057U 17079C   18157.60495177 -.00000035  00000-0  00000+0 0  9992
2 43057  56.8602 302.0932 0002118 235.4847 124.4819  1.70474287  2991
1 43057U 17079C   18159.95129391 -.00000037  00000-0  00000+0 0  9996
2 43057  56.8582 302.0295 0002204 234.6430 125.3193  1.70474220  3033
1 43057U 17079C   18160.53787778 -.00000039  00000-0  00000-0 0  9994
2 43057  56.8577 302.0135 0002235 234.4312 125.5290  1.70474203  3043
1 43057U 17079C   18162.29763066 -.00000043  00000-0  00000-0 0  9998
2 43057  56.8563 301.9657 0002292 234.3089 125.6459  1.70474168  3079
1 43057U 17079C   18162.29763146 -.00000043  00000-0  00000+0 0  9996
2 43057  56.8563 301.9656 0002270 234.3995 125.5554  1.70474174  3072
1 43057U 17079C   18162.88421563 -.00000044  00000-0  00000-0 0  9997
2 43057  56.8558 301.9497 0002327 234.1722 125.7812  1.70474159  3081
1 43057U 17079C   18164.05738960 -.00000046  00000-0  00000+0 0  9991
2 43057  56.8548 301.9178 0002368 234.0645 125.8884  1.70474141  3108
1 43057U 17079C   18165.23056791 -.00000047  00000-0  00000+0 0  9998
2 43057  56.8537 301.8858 0002393 233.9241 126.0309  1.70474142  3126
1 43057U 17079C   18166.40374920 -.00000047  00000-0  00000+0 0  9995
2 43057  56.8528 301.8539 0002436 233.8002 126.1589  1.70474138  3142
1 43057U 17079C   18166.99034003 -.00000048  00000-0  00000-0 0  9996
2 43057  56.8523 301.8381 0002475 233.7316 126.2296  1.70474140  3152
1 43057U 17079C   18168.16352173 -.00000050  00000-0  00000+0 0  9990
2 43057  56.8513 301.8062 0002519 233.6475 126.3179  1.70474153  3178
1 43057U 17079C   18168.75011139 -.00000053  00000-0  00000-0 0  9993
2 43057  56.8508 301.7902 0002547 233.6003 126.3666  1.70474163  3185
1 43057U 17079C   18169.92328845 -.00000059  00000-0  00000+0 0  9993
2 43057  56.8499 301.7583 0002574 233.5882 126.3800  1.70474175  3209
1 43057U 17079C   18169.92328845 -.00000059  00000-0  00000-0 0  9994
2 43057  56.8499 301.7583 0002574 233.5882 126.3800  1.70474175  3209
1 43057U 17079C   18171.09646024 -.00000066  00000-0  00000+0 0  9994
2 43057  56.8490 301.7264 0002634 233.6272 126.3395  1.70474209  3226
1 43057U 17079C   18171.68304532 -.00000070  00000-0  00000-0 0  9990
2 43057  56.8485 301.7105 0002610 233.6150 126.3507  1.70474232  3235
1 43057U 17079C   18172.26962988 -.00000074  00000-0  00000+0 0  9993
2 43057  56.8479 301.6946 0002622 233.7568 126.2072  1.70474248  3241
1 43057U 17079C   18172.85621336 -.00000076  00000-0  00000-0 0  9990
2 43057  56.8476 301.6786 0002665 233.8654 126.0965  1.70474289  3259
1 43057U 17079C   18174.02938221 -.00000080  00000-0  00000+0 0  9999
2 43057  56.8466 301.6467 0002704 234.0386 125.9199  1.70474329  3277
1 43057U 17079C   18175.78913993 -.00000079  00000-0  00000+0 0  9990
2 43057  56.8452 301.5990 0002754 234.2855 125.6711  1.70474390  3309
1 43057U 17079C   18179.30867943 -.00000062  00000-0  00000+0 0  9997
2 43057  56.8414 301.5032 0002868 234.2861 125.6823  1.70474492  3360
1 43057U 17079C   18183.41481997 -.00000043  00000-0  00000-0 0  9995
2 43057  56.8381 301.3919 0003035 234.8940 125.0951  1.70474481  3438
1 43057U 17079C   18183.41482017 -.00000043  00000-0  00000+0 0  9998
2 43057  56.8382 301.3918 0003031 234.7478 125.2413  1.70474484  3437
1 43057U 17079C   18184.58799765 -.00000040  00000-0  00000+0 0  9995
2 43057  56.8371 301.3599 0003062 234.6347 125.3573  1.70474466  3458
1 43057U 17079C   18185.17458484 -.00000039  00000-0  00000-0 0  9990
2 43057  56.8365 301.3440 0003104 234.5581 125.4343  1.70474437  3467
1 43057U 17079C   18185.76117154 -.00000039  00000-0  00000+0 0  9990
2 43057  56.8362 301.3281 0003118 234.6068 125.3855  1.70474424  3477
1 43057U 17079C   18186.34775742 -.00000039  00000-0  00000-0 0  9999
2 43057  56.8357 301.3121 0003145 234.5478 125.4439  1.70474402  3484
1 43057U 17079C   18186.34775775 -.00000039  00000-0  00000-0 0  9995
2 43057  56.8358 301.3121 0003124 234.5591 125.4328  1.70474419  3483
1 43057U 17079C   18188.69409598 -.00000042  00000-0  00000+0 0  9995
2 43057  56.8338 301.2482 0003233 234.6383 125.3482  1.70474337  3525
1 43057U 17079C   18189.86726613 -.00000044  00000-0  00000-0 0  9998
2 43057  56.8329 301.2162 0003275 234.7775 125.2069  1.70474308  3542
1 43057U 17079C   18189.86726657 -.00000044  00000-0  00000+0 0  9995
2 43057  56.8329 301.2161 0003261 234.6803 125.3043  1.70474316  3549
1 43057U 17079C   18191.04043959 -.00000044  00000-0  00000+0 0  9995
2 43057  56.8319 301.1842 0003314 234.9382 125.0460  1.70474285  3564
1 43057U 17079C   18192.21361764 -.00000044  00000-0  00000+0 0  9992
2 43057  56.8310 301.1522 0003340 235.0078 124.9789  1.70474275  3586
1 43057U 17079C   18192.80020739 -.00000044  00000-0  00000-0 0  9992
2 43057  56.8305 301.1363 0003372 235.1826 124.8059  1.70474266  3590
1 43057U 17079C   18193.97339016 -.00000044  00000-0  00000-0 0  9992
2 43057  56.8295 301.1043 0003389 235.2647 124.7291  1.70474265  3612
1 43057U 17079C   18194.55998087 -.00000044  00000-0  00000+0 0  9995
2 43057  56.8290 301.0883 0003425 235.4346 124.5618  1.70474268  3622
1 43057U 17079C   18199.25268331 -.00000065  00000-0  00000+0 0  9992
2 43057  56.8250 300.9604 0003581 236.1290 123.8717  1.70474338  3705
1 43057U 17079C   18201.59902005 -.00000072  00000-0  00000+0 0  9994
2 43057  56.8231 300.8964 0003661 236.7556 123.2387  1.70474405  3748
1 43057U 17079C   18203.35877925 -.00000069  00000-0  00000+0 0  9998
2 43057  56.8216 300.8484 0003710 237.2257 122.7680  1.70474463  3774
1 43057U 17079C   18204.53195678 -.00000064  00000-0  00000-0 0  9993
2 43057  56.8207 300.8165 0003749 237.5434 122.4528  1.70474504  3798
1 43057U 17079C   18206.29172936 -.00000053  00000-0  00000-0 0  9998
2 43057  56.8193 300.7686 0003814 237.8216 122.1821  1.70474535  3824
1 43057U 17079C   18209.81127963 -.00000034  00000-0  00000-0 0  9998
2 43057  56.8165 300.6728 0003959 238.5857 121.4368  1.70474526  3882
1 43057U 17079C   18211.57104834 -.00000027  00000-0  00000+0 0  9997
2 43057  56.8151 300.6249 0004000 238.7849 121.2429  1.70474498  3914
1 43057U 17079C   18212.15763615 -.00000026  00000-0  00000-0 0  9990
2 43057  56.8146 300.6089 0003995 238.7573 121.2715  1.70474483  3929
1 43057U 17079C   18213.91739463 -.00000024  00000-0  00000+0 0  9996
2 43057  56.8130 300.5610 0004048 238.9143 121.1131  1.70474426  3957
1 43057U 17079C   18218.61007651 -.00000026  00000-0  00000+0 0  9997
2 43057  56.8092 300.4327 0004235 239.6795 120.3391  1.70474264  4036
1 43057U 17079C   18219.19666513 -.00000026  00000-0  00000-0 0  9990
2 43057  56.8089 300.4167 0004250 239.8107 120.2088  1.70474253  4041
1 43057U 17079C   18220.36984421 -.00000025  00000-0  00000-0 0  9991
2 43057  56.8080 300.3846 0004291 240.1987 119.8240  1.70474233  4065
1 43057U 17079C   18220.36984457 -.00000025  00000-0  00000+0 0  9999
2 43057  56.8080 300.3846 0004279 240.0756 119.9473  1.70474238  4068
1 43057U 17079C   18222.12961660 -.00000024  00000-0  00000+0 0  9995
2 43057  56.8066 300.3367 0004336 240.6835 119.3460  1.70474223  4095
1 43057U 17079C   18222.71620690 -.00000025  00000-0  00000-0 0  9997
2 43057  56.8061 300.3207 0004351 240.7915 119.2399  1.70474225  4104
1 43057U 17079C   18223.88938451 -.00000029  00000-0  00000-0 0  9997
2 43057  56.8051 300.2887 0004385 241.0676 118.9659  1.70474237  4121
1 43057U 17079C   18224.47597158 -.00000032  00000-0  00000-0 0  9992
2 43057  56.8046 300.2727 0004403 241.2173 118.8163  1.70474247  4134
1 43057U 17079C   18226.23572737 -.00000042  00000-0  00000-0 0  9995
2 43057  56.8032 300.2246 0004439 241.5264 118.5035  1.70474265  4166
1 43057U 17079C   18230.34181619 -.00000049  00000-0  00000+0 0  9993
2 43057  56.7999 300.1123 0004551 242.8565 117.1610  1.70474366  4237
1 43057U 17079C   18232.68817108 -.00000037  00000-0  00000+0 0  9998
2 43057  56.7981 300.0482 0004627 243.2880 116.7330  1.70474417  4279
1 43057U 17079C   18233.27476141 -.00000034  00000-0  00000-0 0  9990
2 43057  56.7976 300.0321 0004644 243.4205 116.6027  1.70474431  4286
1 43057U 17079C   18235.62112613 -.00000020  00000-0  00000+0 0  9996
2 43057  56.7960 299.9682 0004704 244.0263 116.0072  1.70474450  4323
1 43057U 17079C   18237.38089744 -.00000011  00000-0  00000+0 0  9999
2 43057  56.7947 299.9201 0004756 244.7054 115.3342  1.70474418  4356
1 43057U 17079C   18238.55407496 -.00000007  00000-0  00000+0 0  9992
2 43057  56.7939 299.8881 0004765 245.0158 115.0260  1.70474388  4373
1 43057U 17079C   18238.55407515 -.00000007  00000-0  00000-0 0  9995
2 43057  56.7939 299.8881 0004768 245.0349 115.0068  1.70474384  4370
1 43057U 17079C   18239.72724886 -.00000004  00000-0  00000+0 0  9994
2 43057  56.7930 299.8561 0004789 245.2589 114.7826  1.70474348  4397
1 43057U 17079C   18242.66016984 -.00000003  00000-0  00000+0 0  9993
2 43057  56.7909 299.7761 0004933 245.6870 114.3447  1.70474250  4445
1 43057U 17079C   18243.24675331 -.00000003  00000-0  00000-0 0  9996
2 43057  56.7904 299.7601 0004892 245.7811 114.2487  1.70474230  4455
1 43057U 17079C   18245.59309252 -.00000004  00000-0  00000+0 0  9992
2 43057  56.7887 299.6959 0004936 246.2744 113.7491  1.70474156  4490
1 43057U 17079C   18246.76626742 -.00000004  00000-0  00000+0 0  9998
2 43057  56.7878 299.6638 0004959 246.5440 113.4796  1.70474127  4511
1 43057U 17079C   18247.93944694 -.00000002  00000-0  00000+0 0  9995
2 43057  56.7870 299.6316 0004971 246.6585 113.3673  1.70474088  4532
1 43057U 17079C   18250.28580536 -.00000004  00000-0  00000+0 0  9990
2 43057  56.7851 299.5675 0005010 247.2052 112.8257  1.70474075  4571
1 43057U 17079C   18250.87239340 -.00000006  00000-0  00000-0 0  9992
2 43057  56.7847 299.5515 0005023 247.4419 112.5892  1.70474074  4584
1 43057U 17079C   18252.04556534 -.00000012  00000-0  00000+0 0  9996
2 43057  56.7837 299.5194 0005063 248.0132 112.0158  1.70474090  4600
1 43057U 17079C   18253.21873467 -.00000020  00000-0  00000+0 0  9992
2 43057  56.7828 299.4873 0005088 248.5141 111.5105  1.70474081  4623
1 43057U 17079C   18254.97848156 -.00000029  00000-0  00000+0 0  9992
2 43057  56.7813 299.4392 0005103 248.7136 111.3018  1.70474133  4659
1 43057U 17079C   18254.97848191 -.00000029  00000-0  00000-0 0  9992
2 43057  56.7814 299.4392 0005116 249.0750 110.9401  1.70474126  4653
1 43057U 17079C   18257.32481505 -.00000032  00000-0  00000-0 0  9990
2 43057  56.7797 299.3750 0005153 249.9000 110.1048  1.70474196  4698
1 43057U 17079C   18257.32481507 -.00000032  00000-0  00000+0 0  9991
2 43057  56.7797 299.3750 0005153 249.8709 110.1339  1.70474194  4694
1 43057U 17079C   18258.49798736 -.00000028  00000-0  00000+0 0  9990
2 43057  56.7788 299.3429 0005166 250.1829 109.8202  1.70474218  4713
1 43057U 17079C   18260.25775274 -.00000019  00000-0  00000+0 0  9999
2 43057  56.7776 299.2948 0005202 250.8446 109.1602  1.70474277  4743
1 43057U 17079C   18262.01752424 -.00000009  00000-0  00000+0 0  9996
2 43057  56.7762 299.2466 0005208 250.3340 109.6764  1.70474283  4771
1 43057U 17079C   18262.01752490 -.00000009  00000-0  00000-0 0  9990
2 43057  56.7762 299.2465 0005211 250.5656 109.4447  1.70474273  4771
1 43057U 17079C   18264.36388552  .00000001  00000-0  00000-0 0  9995
2 43057  56.7748 299.1823 0005259 251.2781 108.7381  1.70474244  4813
1 43057U 17079C   18264.95047413  .00000003  00000-0  00000-0 0  9990
2 43057  56.7743 299.1663 0005263 251.3182 108.6987  1.70474239  4827
1 43057U 17079C   18267.29682132  .00000009  00000-0  00000-0 0  9999
2 43057  56.7719 299.1026 0005294 252.3499 107.6641  1.70474145  4865
1 43057U 17079C   18267.88340597  .00000009  00000-0  00000-0 0  9990
2 43057  56.7718 299.0865 0005286 252.5291 107.4830  1.70474133  4873
1 43057U 17079C   18269.05657269  .00000009  00000-0  00000+0 0  9997
2 43057  56.7710 299.0544 0005302 252.8599 107.1467  1.70474077  4894
1 43057U 17079C   18269.64315557  .00000008  00000-0  00000-0 0  9993
2 43057  56.7706 299.0384 0005310 252.9689 107.0347  1.70474064  4905
1 43057U 17079C   18271.40290477  .00000006  00000-0  00000+0 0  9990
2 43057  56.7690 298.9904 0005317 253.3867 106.6081  1.70474001  4937
1 43057U 17079C   18271.98948900  .00000006  00000-0  00000-0 0  9995
2 43057  56.7686 298.9743 0005327 253.4999 106.4925  1.70473987  4949
1 43057U 17079C   18273.16266017  .00000005  00000-0  00000+0 0  9997
2 43057  56.7681 298.9422 0005337 253.6568 106.3326  1.70473955  4964
1 43057U 17079C   18274.33583499  .00000006  00000-0  00000+0 0  9994
2 43057  56.7672 298.9101 0005347 254.1048 105.8839  1.70473927  4982
1 43057U 17079C   18276.68219231  .00000005  00000-0  00000+0 0  9993
2 43057  56.7657 298.8459 0005356 254.7829 105.2087  1.70473894  5021
1 43057U 17079C   18276.68219275  .00000005  00000-0  00000-0 0  9992
2 43057  56.7656 298.8460 0005349 254.8393 105.1524  1.70473891  5023
1 43057U 17079C   18279.02854443 -.00000005  00000-0  00000+0 0  9995
2 43057  56.7635 298.7818 0005361 255.5320 104.4580  1.70473871  5064
1 43057U 17079C   18279.61512992 -.00000009  00000-0  00000-0 0  9995
2 43057  56.7630 298.7657 0005353 255.3362 104.6520  1.70473873  5074
1 43057U 17079C   18280.20171394 -.00000013  00000-0  00000+0 0  9993
2 43057  56.7626 298.7497 0005355 255.5415 104.4440  1.70473878  5089
1 43057U 17079C   18280.78829667 -.00000017  00000-0  00000-0 0  9994
2 43057  56.7622 298.7337 0005361 255.8185 104.1635  1.70473895  5095
1 43057U 17079C   18281.96146139 -.00000025  00000-0  00000+0 0  9999
2 43057  56.7612 298.7016 0005359 255.9231 104.0516  1.70473912  5118
1 43057U 17079C   18283.13462641 -.00000030  00000-0  00000+0 0  9995
2 43057  56.7604 298.6695 0005370 256.5753 103.3918  1.70473936  5136
1 43057U 17079C   18283.72120984 -.00000031  00000-0  00000-0 0  9993
2 43057  56.7600 298.6534 0005377 257.0837 102.8802  1.70473956  5149
1 43057U 17079C   18285.48096536 -.00000029  00000-0  00000+0 0  9999
2 43057  56.7587 298.6054 0005377 257.4484 102.5099  1.70473987  5174
1 43057U 17079C   18286.06755305 -.00000027  00000-0  00000-0 0  9999
2 43057  56.7584 298.5893 0005380 257.9200 102.0375  1.70474016  5183
1 43057U 17079C   18286.06755306 -.00000027  00000-0  00000-0 0  9990
2 43057  56.7583 298.5893 0005377 257.8588 102.0988  1.70474010  5180
1 43057U 17079C   18286.65414158 -.00000025  00000-0  00000+0 0  9999
2 43057  56.7579 298.5733 0005373 258.1350 101.8226  1.70474020  5199
1 43057U 17079C   18287.24073061 -.00000022  00000-0  00000-0 0  9997
2 43057  56.7575 298.5573 0005377 258.0648 101.8935  1.70474024  5203
1 43057U 17079C   18287.82732081 -.00000019  00000-0  00000+0 0  9990
2 43057  56.7571 298.5413 0005377 258.4042 101.5550  1.70474042  5215
1 43057U 17079C   18288.41391146 -.00000017  00000-0  00000-0 0  9998
2 43057  56.7570 298.5252 0005386 258.0602 101.9005  1.70474050  5222
1 43057U 17079C   18289.00050218 -.00000014  00000-0  00000+0 0  9992
2 43057  56.7566 298.5092 0005386 258.2288 101.7334  1.70474054  5239
1 43057U 17079C   18291.34686406 -.00000005  00000-0  00000+0 0  9996
2 43057  56.7547 298.4450 0005396 258.9013 101.0664  1.70474039  5275
1 43057U 17079C   18293.10663041 -.00000001  00000-0  00000+0 0  9998
2 43057  56.7534 298.3969 0005389 259.5863 100.3820  1.70473992  5304
1 43057U 17079C   18294.27980417  .00000001  00000-0  00000+0 0  9995
2 43057  56.7527 298.3648 0005371 259.9136 100.0527  1.70473952  5327
1 43057U 17079C   18296.03955883  .00000000  00000-0  00000+0 0  9999
2 43057  56.7511 298.3168 0005350 260.2958  99.6637  1.70473885  5354
1 43057U 17079C   18296.62614263 -.00000000  00000-0  00000-0 0  9990
2 43057  56.7507 298.3008 0005343 260.3209  99.6358  1.70473874  5363
1 43057U 17079C   18297.21272688 -.00000001  00000-0  00000-0 0  9998
2 43057  56.7489 298.2849 0005353 259.9549  99.9986  1.70473832  5371
1 43057U 17079C   18298.97247929 -.00000004  00000-0  00000+0 0  9994
2 43057  56.7476 298.2368 0005345 260.2826  99.6626  1.70473777  5407
1 43057U 17079C   18300.14565142 -.00000005  00000-0  00000+0 0  9998
2 43057  56.7469 298.2048 0005342 260.8031  99.1386  1.70473728  5421
1 43057U 17079C   18300.73223898 -.00000005  00000-0  00000-0 0  9993
2 43057  56.7465 298.1888 0005330 261.0663  98.8748  1.70473708  5436
1 43057U 17079C   18301.31882804 -.00000006  00000-0  00000+0 0  9996
2 43057  56.7461 298.1727 0005333 261.5381  98.4028  1.70473690  5447
1 43057U 17079C   18303.07859841 -.00000006  00000-0  00000+0 0  9996
2 43057  56.7452 298.1247 0005311 261.8405  98.1029  1.70473670  5479
1 43057U 17079C   18303.66518941 -.00000007  00000-0  00000-0 0  9996
2 43057  56.7447 298.1086 0005305 262.1279  97.8166  1.70473658  5485
1 43057U 17079C   18306.01154642 -.00000016  00000-0  00000+0 0  9991
2 43057  56.7431 298.0445 0005279 262.8997  97.0455  1.70473654  5524
1 43057U 17079C   18310.11763926 -.00000045  00000-0  00000+0 0  9990
2 43057  56.7401 297.9325 0005254 264.7600  95.1652  1.70473669  5592
1 43057U 17079C   18311.29080865 -.00000048  00000-0  00000+0 0  9997
2 43057  56.7392 297.9004 0005241 265.1255  94.7944  1.70473688  5615
1 43057U 17079C   18313.05057032 -.00000046  00000-0  00000+0 0  9991
2 43057  56.7377 297.8524 0005211 266.0005  93.9162  1.70473762  5643
1 43057U 17079C   18315.39693287 -.00000037  00000-0  00000+0 0  9998
2 43057  56.7359 297.7884 0005188 266.5535  93.3676  1.70473807  5685
1 43057U 17079C   18315.39693385 -.00000037  00000-0  00000-0 0  9998
2 43057  56.7360 297.7884 0005179 266.9035  93.0177  1.70473805  5687
1 43057U 17079C   18317.15671117 -.00000030  00000-0  00000+0 0  9995
2 43057  56.7345 297.7405 0005164 267.0886  92.8392  1.70473825  5711
1 43057U 17079C   18317.74330421 -.00000028  00000-0  00000-0 0  9998
2 43057  56.7339 297.7245 0005147 267.3262  92.6038  1.70473818  5726
1 43057U 17079C   18318.91648821 -.00000025  00000-0  00000+0 0  9990
2 43057  56.7327 297.6924 0005129 267.8006  92.1329  1.70473804  5742
1 43057U 17079C   18320.08966923 -.00000022  00000-0  00000+0 0  9994
2 43057  56.7319 297.6605 0005105 268.0523  91.8831  1.70473787  5766
1 43057U 17079C   18320.08966997 -.00000022  00000-0  00000-0 0  9996
2 43057  56.7319 297.6605 0005088 268.2557  91.6799  1.70473774  5762
1 43057U 17079C   18320.67625913 -.00000021  00000-0  00000-0 0  9990
2 43057  56.7314 297.6444 0005084 268.4070  91.5287  1.70473768  5771
1 43057U 17079C   18323.02260776 -.00000021  00000-0  00000+0 0  9993
2 43057  56.7303 297.5804 0005058 268.9084  91.0230  1.70473702  5815
1 43057U 17079C   18323.02260803 -.00000021  00000-0  00000-0 0  9995
2 43057  56.7303 297.5804 0005055 268.9843  90.9471  1.70473695  5811
1 43057U 17079C   18324.19578056 -.00000022  00000-0  00000+0 0  9996
2 43057  56.7300 297.5483 0005023 269.3353  90.5921  1.70473639  5833
1 43057U 17079C   18325.36895177 -.00000024  00000-0  00000+0 0  9994
2 43057  56.7284 297.5163 0005016 269.5592  90.3639  1.70473604  5856
1 43057U 17079C   18325.95553846 -.00000025  00000-0  00000-0 0  9995
2 43057  56.7280 297.5003 0005004 269.7418  90.1796  1.70473588  5865
1 43057U 17079C   18327.71530350 -.00000026  00000-0  00000+0 0  9996
2 43057  56.7267 297.4523 0004962 270.5170  89.4023  1.70473523  5899
1 43057U 17079C   18330.64826327 -.00000026  00000-0  00000+0 0  9994
2 43057  56.7246 297.3722 0004887 271.6881  88.2389  1.70473470  5942
1 43057U 17079C   18331.82144877 -.00000028  00000-0  00000+0 0  9990
2 43057  56.7239 297.3400 0004857 271.7032  88.2277  1.70473460  5960
1 43057U 17079C   18332.99463058 -.00000034  00000-0  00000+0 0  9991
2 43057  56.7223 297.3083 0004852 271.8972  88.0354  1.70473457  5981
1 43057U 17079C   18334.75439598 -.00000046  00000-0  00000+0 0  9992
2 43057  56.7207 297.2603 0004813 272.9086  87.0219  1.70473469  6012
1 43057U 17079C   18335.34098282 -.00000051  00000-0  00000-0 0  9996
2 43057  56.7200 297.2443 0004803 273.1083  86.8201  1.70473470  6027
1 43057U 17079C   18337.68732552 -.00000065  00000-0  00000+0 0  9994
2 43057  56.7177 297.1803 0004758 274.2773  85.6416  1.70473523  6064
1 43057U 17079C   18338.86049921 -.00000067  00000-0  00000+0 0  9998
2 43057  56.7174 297.1484 0004743 274.4872  85.4287  1.70473551  6089
1 43057U 17079C   18340.03367872 -.00000066  00000-0  00000+0 0  9997
2 43057  56.7170 297.1163 0004724 275.1521  84.7636  1.70473591  6104
1 43057U 17079C   18342.38004962 -.00000056  00000-0  00000+0 0  9994
2 43057  56.7148 297.0522 0004669 276.1349  83.7886  1.70473642  6141
1 43057U 17079C   18342.96664447 -.00000054  00000-0  00000-0 0  9997
2 43057  56.7139 297.0362 0004654 276.3713  83.5553  1.70473634  6155
1 43057U 17079C   18344.72642872 -.00000046  00000-0  00000+0 0  9991
2 43057  56.7124 296.9883 0004616 277.0151  82.9214  1.70473658  6183
1 43057U 17079C   18344.72642962 -.00000046  00000-0  00000-0 0  9992
2 43057  56.7121 296.9883 0004606 277.2364  82.7002  1.70473655  6187
1 43057U 17079C   18350.00575517 -.00000035  00000-0  00000+0 0  9998
2 43057  56.7075 296.8443 0004451 279.0335  80.9160  1.70473565  6277
1 43057U 17079C   18351.76551891 -.00000035  00000-0  00000+0 0  9991
2 43057  56.7058 296.7963 0004393 279.5773  80.3693  1.70473516  6305
1 43057U 17079C   18352.35210724 -.00000036  00000-0  00000-0 0  9996
2 43057  56.7054 296.7803 0004378 279.7973  80.1483  1.70473489  6316
1 43057U 17079C   18352.93869614 -.00000036  00000-0  00000+0 0  9997
2 43057  56.7058 296.7644 0004365 279.5736  80.3711  1.70473469  6329
1 43057U 17079C   18354.69846616 -.00000036  00000-0  00000+0 0  9999
2 43057  56.7046 296.7164 0004328 280.6933  79.2515  1.70473401  6352
1 43057U 17079C   18357.04483837 -.00000034  00000-0  00000+0 0  9991
2 43057  56.7020 296.6523 0004256 281.4541  78.4991  1.70473356  6398
1 43057U 17079C   18358.21802854 -.00000033  00000-0  00000+0 0  9994
2 43057  56.7011 296.6203 0004216 282.0591  77.9003  1.70473336  6410
1 43057U 17079C   18359.39121698 -.00000035  00000-0  00000+0 0  9996
2 43057  56.7001 296.5883 0004181 282.5689  77.3960  1.70473332  6430
1 43057U 17079C   18359.97781001 -.00000037  00000-0  00000-0 0  9993
2 43057  56.6992 296.5722 0004164 282.6445  77.3222  1.70473329  6440
1 43057U 17079C   18361.73758130 -.00000048  00000-0  00000+0 0  9998
2 43057  56.6975 296.5242 0004128 283.2961  76.6718  1.70473342  6478
1 43057U 17079C   18362.32416948 -.00000052  00000-0  00000-0 0  9998
2 43057  56.6969 296.5081 0004115 283.5411  76.4258  1.70473352  6480
1 43057U 17079C   18363.49734370 -.00000060  00000-0  00000+0 0  9997
2 43057  56.6960 296.4761 0004089 284.0824  75.8814  1.70473374  6507
1 43057U 17079C   18363.49734370 -.00000060  00000-0  00000-0 0  9998
2 43057  56.6960 296.4761 0004089 284.0824  75.8814  1.70473374  6507
1 43057U 17079C   18365.84369327 -.00000068  00000-0  00000+0 0  9992
2 43057  56.6940 296.4120 0004036 285.1355  74.8227  1.70473433  6544

