1 43565U 18060B   18206.84406553 -.00000053  00000-0  00000-0 0  9999
2 43565  56.3070  60.1231 0002619 343.4049   3.1302  1.73202372    33
1 43565U 18060B   18207.44280075 -.00000051  00000-0  00000-0 0  9993
2 43565  56.3058  60.1075 0000814 126.0982 233.9927  1.73297809    58
1 43565U 18060B   18208.01982706 -.00000048  00000-0  00000-0 0  9993
2 43565  56.3132  60.0905 0000689 109.7939 250.2983  1.73299597    63
1 43565U 18060B   18211.47234295 -.00000037  00000-0  00000+0 0  9997
2 43565  56.3112  59.9881 0000657 133.3041 220.8662  1.73304599   115
1 43565U 18060B   18212.05882469 -.00000036  00000-0  00000-0 0  9994
2 43565  56.3163  59.9738 0000563 119.0715 241.0126  1.73304944   133
1 43565U 18060B   18213.78983178 -.00000033  00000-0  00000+0 0  9990
2 43565  56.3174  59.9249 0000627 118.9964 241.1041  1.73305909   169
1 43565U 18060B   18214.36679729 -.00000033  00000-0  00000+0 0  9999
2 43565  56.3178  59.9083 0000627 119.0024 241.0751  1.73305909   176
1 43565U 18060B   18218.70833333 -.00000029  00000-0  00000+0 0  9999
2 43565  56.4124  59.5997 0004244 164.7705   8.7895  1.72091387   246
1 43565U 18060B   18220.00000000 -.00000028  00000-0  00000+0 0  9991
2 43565  56.4096  59.5648 0003866 158.0197  95.8399  1.72115973   263
1 43565U 18060B   18228.88628229 -.00000055  00000-0  00000+0 0  9994
2 43565  56.3416  59.5351 0003437 199.5256 160.2668  1.72104394   428
1 43565U 18060B   18229.46770818 -.00000054  00000-0  00000+0 0  9990
2 43565  56.3416  59.4896 0004252 195.3988 164.6631  1.72104360   435
1 43565U 18060B   18231.79180019 -.00000046  00000-0  00000+0 0  9998
2 43565  56.3443  59.4265 0004274 195.2855 164.7559  1.72104375   471
1 43565U 18060B   18234.11593237 -.00000036  00000-0  00000+0 0  9996
2 43565  56.3458  59.3605 0004340 194.9850 165.0642  1.72104430   513
1 43565U 18060B   18235.27796679 -.00000032  00000-0  00000+0 0  9995
2 43565  56.3473  59.3222 0004365 193.5542 166.4937  1.72105047   534
1 43565U 18060B   18235.85899488 -.00000030  00000-0  00000-0 0  9990
2 43565  56.3478  59.3058 0004372 193.5945 166.4529  1.72105048   540
1 43565U 18060B   18237.02104962 -.00000026  00000-0  00000-0 0  9992
2 43565  56.3487  59.2731 0004400 193.5544 166.4909  1.72105038   567
1 43565U 18060B   18239.92617803 -.00000019  00000-0  00000+0 0  9997
2 43565  56.3509  59.1914 0004456 193.5670 166.4686  1.72105020   614
1 43565U 18060B   18240.50720351 -.00000018  00000-0  00000-0 0  9996
2 43565  56.3514  59.1750 0004476 193.5018 166.5317  1.72105005   622
1 43565U 18060B   18241.66925660 -.00000017  00000-0  00000-0 0  9993
2 43565  56.3523  59.1422 0004499 193.5386 166.4915  1.72104962   647
1 43565U 18060B   18242.25028290 -.00000017  00000-0  00000+0 0  9991
2 43565  56.3528  59.1258 0004527 193.5609 166.4679  1.72104950   654
1 43565U 18060B   18243.41233924 -.00000016  00000-0  00000-0 0  9992
2 43565  56.3537  59.0931 0004540 193.6161 166.4113  1.72104924   676
1 43565U 18060B   18243.99336727 -.00000016  00000-0  00000-0 0  9990
2 43565  56.3542  59.0767 0004564 193.6178 166.4095  1.72104925   684
1 43565U 18060B   18245.73645690 -.00000015  00000-0  00000+0 0  9994
2 43565  56.3556  59.0276 0004604 193.8294 166.1992  1.72104885   712
1 43565U 18060B   18246.31748667 -.00000014  00000-0  00000-0 0  9997
2 43565  56.3560  59.0112 0004634 193.9467 166.0825  1.72104861   721
1 43565U 18060B   18246.89851631 -.00000014  00000-0  00000-0 0  9996
2 43565  56.3565  58.9948 0004648 193.9593 166.0704  1.72104860   732
1 43565U 18060B   18248.06057281 -.00000015  00000-0  00000+0 0  9996
2 43565  56.3574  58.9619 0004668 194.0138 166.0156  1.72104893   755
1 43565U 18060B   18249.22262690 -.00000019  00000-0  00000-0 0  9992
2 43565  56.3583  58.9292 0004697 194.1107 165.9160  1.72104887   779
1 43565U 18060B   18249.22262708 -.00000019  00000-0  00000-0 0  9992
2 43565  56.3583  58.9292 0004709 194.1589 165.8678  1.72104870   772
1 43565U 18060B   18250.38467753 -.00000024  00000-0  00000+0 0  9993
2 43565  56.3592  58.8963 0004731 194.1741 165.8477  1.72104874   794
1 43565U 18060B   18251.54672458 -.00000030  00000-0  00000-0 0  9990
2 43565  56.3601  58.8635 0004762 194.2681 165.7470  1.72104889   810
1 43565U 18060B   18252.12774743 -.00000034  00000-0  00000-0 0  9999
2 43565  56.3606  58.8471 0004793 194.3656 165.6457  1.72104903   822
1 43565U 18060B   18253.87081845 -.00000043  00000-0  00000+0 0  9995
2 43565  56.3620  58.7979 0004843 194.5820 165.4195  1.72104952   855
1 43565U 18060B   18255.03286898 -.00000046  00000-0  00000-0 0  9994
2 43565  56.3629  58.7651 0004878 194.7557 165.2417  1.72105007   877
1 43565U 18060B   18256.19492410 -.00000047  00000-0  00000+0 0  9991
2 43565  56.3638  58.7323 0004907 194.8516 165.1442  1.72105045   893
1 43565U 18060B   18256.77595228 -.00000046  00000-0  00000-0 0  9996
2 43565  56.3643  58.7159 0004923 194.9707 165.0251  1.72105086   901
1 43565U 18060B   18257.93801182 -.00000043  00000-0  00000-0 0  9991
2 43565  56.3653  58.6832 0004964 195.1046 164.8925  1.72105145   926
1 43565U 18060B   18260.26213307 -.00000036  00000-0  00000+0 0  9998
2 43565  56.3671  58.6177 0005026 195.3303 164.6710  1.72105220   964
1 43565U 18060B   18260.84316231 -.00000034  00000-0  00000-0 0  9991
2 43565  56.3675  58.6014 0005040 195.3915 164.6105  1.72105245   979
1 43565U 18060B   18262.58624811 -.00000029  00000-0  00000+0 0  9993
2 43565  56.3688  58.5523 0005072 195.5877 164.4146  1.72105253  1008
1 43565U 18060B   18266.07240406 -.00000021  00000-0  00000-0 0  9998
2 43565  56.3715  58.4542 0005147 196.2862 163.7072  1.72105232  1067
1 43565U 18060B   18266.65342883 -.00000020  00000-0  00000-0 0  9993
2 43565  56.3719  58.4379 0005157 196.3744 163.6170  1.72105226  1072
1 43565U 18060B   18267.81547955 -.00000019  00000-0  00000-0 0  9997
2 43565  56.3727  58.4052 0005168 196.5260 163.4614  1.72105194  1093
1 43565U 18060B   18268.97753045 -.00000018  00000-0  00000-0 0  9993
2 43565  56.3736  58.3725 0005206 196.8229 163.1611  1.72105165  1115
1 43565U 18060B   18268.97753090 -.00000018  00000-0  00000+0 0  9992
2 43565  56.3736  58.3724 0005192 196.7157 163.2684  1.72105175  1119
1 43565U 18060B   18271.30164060 -.00000018  00000-0  00000+0 0  9996
2 43565  56.3753  58.3071 0005257 197.3680 162.6139  1.72105102  1155
1 43565U 18060B   18271.30164060 -.00000018  00000-0  00000-0 0  9997
2 43565  56.3753  58.3071 0005257 197.3680 162.6139  1.72105102  1155
1 43565U 18060B   18271.88266911 -.00000018  00000-0  00000-0 0  9998
2 43565  56.3759  58.2907 0005273 197.5885 162.3937  1.72105102  1169
1 43565U 18060B   18273.62575824 -.00000018  00000-0  00000+0 0  9997
2 43565  56.3772  58.2416 0005296 197.8970 162.0875  1.72105086  1194
1 43565U 18060B   18274.20678780 -.00000018  00000-0  00000-0 0  9998
2 43565  56.3775  58.2252 0005317 198.1374 161.8477  1.72105053  1202
1 43565U 18060B   18275.36884506 -.00000020  00000-0  00000-0 0  9994
2 43565  56.3784  58.1925 0005328 198.2945 161.6908  1.72105058  1229
1 43565U 18060B   18276.53089884 -.00000023  00000-0  00000+0 0  9992
2 43565  56.3792  58.1598 0005352 198.5583 161.4250  1.72105049  1242
1 43565U 18060B   18276.53089884 -.00000023  00000-0  00000-0 0  9993
2 43565  56.3792  58.1598 0005352 198.5583 161.4250  1.72105049  1242
1 43565U 18060B   18277.11192404 -.00000026  00000-0  00000-0 0  9994
2 43565  56.3796  58.1434 0005381 198.7994 161.1817  1.72105038  1250
1 43565U 18060B   18278.27397273 -.00000033  00000-0  00000-0 0  9991
2 43565  56.3805  58.1106 0005407 199.0482 160.9274  1.72105036  1276
1 43565U 18060B   18278.85499529 -.00000037  00000-0  00000+0 0  9995
2 43565  56.3808  58.0942 0005430 199.2251 160.7473  1.72105062  1287
1 43565U 18060B   18280.59806523 -.00000048  00000-0  00000-0 0  9998
2 43565  56.3821  58.0450 0005467 199.5304 160.4327  1.72105109  1319
1 43565U 18060B   18281.17908963 -.00000051  00000-0  00000+0 0  9997
2 43565  56.3826  58.0286 0005478 199.6639 160.2967  1.72105120  1327
1 43565U 18060B   18282.34113978 -.00000055  00000-0  00000-0 0  9996
2 43565  56.3835  57.9958 0005513 200.1172 159.8399  1.72105195  1348
1 43565U 18060B   18283.50319622 -.00000057  00000-0  00000+0 0  9990
2 43565  56.3844  57.9630 0005526 200.2534 159.7032  1.72105204  1368
1 43565U 18060B   18284.08422516 -.00000056  00000-0  00000-0 0  9991
2 43565  56.3848  57.9467 0005550 200.5374 159.4195  1.72105244  1374
1 43565U 18060B   18290.47555385 -.00000042  00000-0  00000+0 0  9996
2 43565  56.3895  57.7666 0005668 202.0114 157.9570  1.72105364  1489
1 43565U 18060B   18291.63761188 -.00000040  00000-0  00000+0 0  9993
2 43565  56.3933  57.7729 0002711 252.7898  73.7913  1.70481872  1507
1 43565U 18060B   18292.86513761 -.00000038  00000-0  00000+0 0  9998
2 43565  56.3904  57.7365 0002923 251.0068 108.9510  1.70477514  1521
1 43565U 18060B   18292.86513761 -.00000038  00000-0  00000-0 0  9999
2 43565  56.3904  57.7365 0002923 251.0068 108.9510  1.70477514  1521
1 43565U 18060B   18294.62487649 -.00000036  00000-0  00000+0 0  9997
2 43565  56.3924  57.6884 0003159 255.7578 104.1929  1.70476956  1551
1 43565U 18060B   18294.62487649 -.00000036  00000-0  00000-0 0  9998
2 43565  56.3924  57.6884 0003159 255.7578 104.1929  1.70476956  1551
1 43565U 18060B   18295.79803152 -.00000036  00000-0  00000-0 0  9998
2 43565  56.3916  57.6550 0003395 256.4824 103.4638  1.70476602  1575
1 43565U 18060B   18295.79804304 -.00000036  00000-0  00000-0 0  9998
2 43565  56.3921  57.6552 0003170 256.1487 103.8001  1.70476817  1572
1 43565U 18060B   18297.55777475 -.00000036  00000-0  00000-0 0  9992
2 43565  56.3933  57.6066 0003258 256.2936 103.6541  1.70476595  1606
1 43565U 18060B   18298.14435320 -.00000036  00000-0  00000-0 0  9998
2 43565  56.3934  57.5902 0003285 256.4934 103.4549  1.70476485  1610
1 43565U 18060B   18298.73093346 -.00000036  00000-0  00000+0 0  9990
2 43565  56.3938  57.5740 0003305 256.5450 103.4042  1.70476473  1627
1 43565U 18060B   18300.49067977 -.00000036  00000-0  00000-0 0  9999
2 43565  56.3951  57.5254 0003366 256.8255 103.1282  1.70476362  1658
1 43565U 18060B   18300.49068010 -.00000036  00000-0  00000-0 0  9998
2 43565  56.3951  57.5254 0003347 256.6927 103.2612  1.70476397  1657
1 43565U 18060B   18302.83700528 -.00000038  00000-0  00000+0 0  9996
2 43565  56.3967  57.4605 0003427 257.1036 102.8547  1.70476325  1696
1 43565U 18060B   18303.42358511 -.00000040  00000-0  00000-0 0  9997
2 43565  56.3971  57.4443 0003468 257.3171 102.6409  1.70476294  1700
1 43565U 18060B   18305.76989490 -.00000053  00000-0  00000+0 0  9995
2 43565  56.3988  57.3794 0003556 257.5633 102.3883  1.70476257  1745
1 43565U 18060B   18306.35647053 -.00000057  00000-0  00000-0 0  9992
2 43565  56.3992  57.3632 0003575 257.5578 102.3914  1.70476268  1758
1 43565U 18060B   18307.52962220 -.00000065  00000-0  00000-0 0  9997
2 43565  56.4000  57.3307 0003618 257.6921 102.2521  1.70476292  1771
1 43565U 18060B   18308.70277615 -.00000072  00000-0  00000+0 0  9992
2 43565  56.4008  57.2983 0003663 257.7976 102.1431  1.70476323  1795
1 43565U 18060B   18309.87593344 -.00000076  00000-0  00000-0 0  9996
2 43565  56.4017  57.2658 0003709 257.9385 102.0009  1.70476374  1810
1 43565U 18060B   18310.46251425 -.00000077  00000-0  00000-0 0  9995
2 43565  56.4021  57.2496 0003730 258.0228 101.9170  1.70476384  1826
1 43565U 18060B   18311.04909570 -.00000077  00000-0  00000+0 0  9990
2 43565  56.4025  57.2334 0003745 258.0839 101.8570  1.70476409  1837
1 43565U 18060B   18311.63567832 -.00000077  00000-0  00000-0 0  9997
2 43565  56.4029  57.2172 0003782 258.2270 101.7153  1.70476434  1848
1 43565U 18060B   18312.80884502 -.00000075  00000-0  00000-0 0  9991
2 43565  56.4038  57.1849 0003818 258.3904 101.5562  1.70476471  1868
1 43565U 18060B   18314.56859643 -.00000070  00000-0  00000+0 0  9998
2 43565  56.4050  57.1362 0003867 258.6321 101.3217  1.70476511  1895
1 43565U 18060B   18315.15517936 -.00000069  00000-0  00000-0 0  9999
2 43565  56.4055  57.1200 0003896 258.7454 101.2106  1.70476536  1906
1 43565U 18060B   18316.32834400 -.00000066  00000-0  00000-0 0  9994
2 43565  56.4063  57.0876 0003929 258.9338 101.0256  1.70476562  1928
1 43565U 18060B   18318.08808666 -.00000062  00000-0  00000+0 0  9999
2 43565  56.4075  57.0390 0003983 259.2734 100.6885  1.70476578  1959
1 43565U 18060B   18318.08808675 -.00000062  00000-0  00000-0 0  9990
2 43565  56.4075  57.0390 0004004 259.4068 100.5549  1.70476571  1955
1 43565U 18060B   18319.26124633 -.00000060  00000-0  00000-0 0  9994
2 43565  56.4084  57.0066 0004035 259.6375 100.3242  1.70476553  1972
1 43565U 18060B   18319.84782441 -.00000059  00000-0  00000-0 0  9993
2 43565  56.4088  56.9904 0004072 259.9482 100.0128  1.70476561  1988
1 43565U 18060B   18321.60755987 -.00000057  00000-0  00000+0 0  9992
2 43565  56.4100  56.9417 0004125 260.4420  99.5173  1.70476541  2015
1 43565U 18060B   18325.12704165 -.00000054  00000-0  00000+0 0  9992
2 43565  56.4125  56.8444 0004238 261.1765  98.7842  1.70476419  2070
1 43565U 18060B   18325.71362307 -.00000054  00000-0  00000-0 0  9996
2 43565  56.4129  56.8282 0004248 261.2649  98.6975  1.70476430  2087
1 43565U 18060B   18327.47337170 -.00000053  00000-0  00000+0 0  9999
2 43565  56.4141  56.7795 0004341 261.8915  98.0768  1.70476373  2119
1 43565U 18060B   18329.81970321 -.00000053  00000-0  00000+0 0  9990
2 43565  56.4157  56.7145 0004430 262.5217  97.4542  1.70476330  2157
1 43565U 18060B   18330.99286367 -.00000057  00000-0  00000-0 0  9996
2 43565  56.4165  56.6820 0004467 262.7371  97.2399  1.70476345  2174
1 43565U 18060B   18332.16602056 -.00000062  00000-0  00000-0 0  9990
2 43565  56.4173  56.6495 0004508 263.0307  96.9447  1.70476352  2190
1 43565U 18060B   18332.16602098 -.00000062  00000-0  00000+0 0  9995
2 43565  56.4174  56.6495 0004490 262.9200  97.0556  1.70476358  2190
1 43565U 18060B   18335.68548226 -.00000083  00000-0  00000+0 0  9990
2 43565  56.4198  56.5519 0004629 263.6514  96.3135  1.70476401  2253
1 43565U 18060B   18338.03180276 -.00000089  00000-0  00000+0 0  9995
2 43565  56.4215  56.4870 0004692 264.0843  95.8813  1.70476451  2298
1 43565U 18060B   18339.20496837 -.00000088  00000-0  00000-0 0  9998
2 43565  56.4224  56.4545 0004736 264.4242  95.5451  1.70476492  2316
1 43565U 18060B   18340.37813585 -.00000085  00000-0  00000+0 0  9997
2 43565  56.4232  56.4220 0004765 264.6292  95.3453  1.70476529  2337
1 43565U 18060B   18342.72447089 -.00000078  00000-0  00000+0 0  9992
2 43565  56.4248  56.3571 0004827 265.1506  94.8342  1.70476593  2371
1 43565U 18060B   18343.31105394 -.00000076  00000-0  00000-0 0  9997
2 43565  56.4251  56.3409 0004855 265.3908  94.5959  1.70476602  2387
1 43565U 18060B   18343.89763589 -.00000075  00000-0  00000-0 0  9995
2 43565  56.4256  56.3247 0004857 265.4827  94.5056  1.70476613  2396
1 43565U 18060B   18345.07079722 -.00000072  00000-0  00000+0 0  9992
2 43565  56.4264  56.2923 0004905 265.7618  94.2284  1.70476644  2417
1 43565U 18060B   18345.65737824 -.00000070  00000-0  00000-0 0  9999
2 43565  56.4268  56.2761 0004932 266.0440  93.9465  1.70476619  2428
1 43565U 18060B   18346.83053721 -.00000067  00000-0  00000-0 0  9993
2 43565  56.4276  56.2436 0004972 266.4483  93.5421  1.70476607  2448
1 43565U 18060B   18352.10975271 -.00000057  00000-0  00000+0 0  9991
2 43565  56.4314  56.0974 0005113 267.8746  92.1156  1.70476492  2533
1 43565U 18060B   18353.28291755 -.00000055  00000-0  00000-0 0  9998
2 43565  56.4323  56.0649 0005161 268.2758  91.7173  1.70476438  2559
1 43565U 18060B   18354.45608389 -.00000053  00000-0  00000+0 0  9990
2 43565  56.4331  56.0324 0005209 268.6626  91.3344  1.70476394  2578
1 43565U 18060B   18354.45608389 -.00000053  00000-0  00000-0 0  9991
2 43565  56.4331  56.0324 0005209 268.6626  91.3344  1.70476394  2578
1 43565U 18060B   18355.04266716 -.00000053  00000-0  00000-0 0  9991
2 43565  56.4335  56.0162 0005229 268.8499  91.1493  1.70476382  2585
1 43565U 18060B   18359.14873455 -.00000057  00000-0  00000+0 0  9993
2 43565  56.4365  55.9022 0005370 270.0559  89.9485  1.70476316  2651
1 43565U 18060B   18359.73531221 -.00000059  00000-0  00000-0 0  9993
2 43565  56.4369  55.8860 0005380 270.1901  89.8129  1.70476313  2669
1 43565U 18060B   18360.90846495 -.00000066  00000-0  00000-0 0  9994
2 43565  56.4378  55.8534 0005402 270.3669  89.6319  1.70476327  2681
1 43565U 18060B   18360.90846506 -.00000066  00000-0  00000-0 0  9997
2 43565  56.4378  55.8535 0005400 270.3509  89.6480  1.70476324  2689
1 43565U 18060B   18361.49504126 -.00000069  00000-0  00000+0 0  9993
2 43565  56.4383  55.8371 0005439 270.6254  89.3708  1.70476313  2694
1 43565U 18060B   18362.08161752 -.00000072  00000-0  00000-0 0  9998
2 43565  56.4387  55.8208 0005456 270.7255  89.2685  1.70476322  2703
1 43565U 18060B   18363.84135039 -.00000079  00000-0  00000-0 0  9999
2 43565  56.4400  55.7720 0005511 271.1936  88.7959  1.70476364  2737

