1 43564U 18060A   18206.83994748 -.00000053  00000-0  00000-0 0  9995
2 43564  56.3272  60.1239 0005569 328.2468  15.7471  1.73184008    05
1 43564U 18060A   18207.44270017 -.00000051  00000-0  00000-0 0  9997
2 43564  56.3117  60.1194 0001214 339.9087  20.1436  1.73294296    15
1 43564U 18060A   18208.01978046 -.00000048  00000-0  00000-0 0  9994
2 43564  56.3129  60.0988 0000985 338.8044  21.2813  1.73296270    29
1 43564U 18060A   18208.59680221 -.00000046  00000-0  00000-0 0  9990
2 43564  56.3132  60.0813 0000915 346.0042  14.0725  1.73295978    39
1 43564U 18060A   18210.90494442 -.00000039  00000-0  00000+0 0  9997
2 43564  56.3150  60.0150 0000940 347.6204  12.4487  1.73295373    78
1 43564U 18060A   18212.05902769 -.00000036  00000-0  00000-0 0  9999
2 43564  56.3158  59.9820 0000943 349.0243  11.0455  1.73295120    91
1 43564U 18060A   18213.79014342 -.00000033  00000-0  00000+0 0  9998
2 43564  56.3160  59.9309 0000900 350.9330   9.1163  1.73294129   123
1 43564U 18060A   18214.36721751 -.00000033  00000-0  00000+0 0  9991
2 43564  56.3178  59.9145 0000954 350.0556  10.0122  1.73294064   135
1 43564U 18060A   18218.70833333 -.00000029  00000-0  00000+0 0  9998
2 43564  56.4064  59.6018 0000774  73.1695 107.9785  1.72598735   203
1 43564U 18060A   18220.00000000 -.00000028  00000-0  00000+0 0  9990
2 43564  56.4034  59.5659 0001447  63.1104 200.6994  1.72626816   229
1 43564U 18060A   18234.05743971 -.00000036  00000-0  00000+0 0  9990
2 43564  56.4140  59.2982 0003678 251.9308 107.6186  1.72613088   477
1 43564U 18060A   18234.05819549 -.00000036  00000-0  00000+0 0  9995
2 43564  56.3415  59.3566 0001444 276.3866  83.5724  1.72613055   473
1 43564U 18060A   18235.79628797 -.00000030  00000-0  00000-0 0  9995
2 43564  56.3416  59.3064 0001296 275.1268  84.9176  1.72613214   490
1 43564U 18060A   18236.95492127 -.00000026  00000-0  00000+0 0  9994
2 43564  56.3425  59.2735 0001299 274.0049  86.0374  1.72613219   524
1 43564U 18060A   18239.27218332 -.00000020  00000-0  00000+0 0  9990
2 43564  56.3443  59.2079 0001304 271.4292  88.6057  1.72613172   561
1 43564U 18060A   18239.85149845 -.00000019  00000-0  00000-0 0  9995
2 43564  56.3447  59.1915 0001301 271.1639  88.8690  1.72613159   562
1 43564U 18060A   18241.01012880 -.00000018  00000-0  00000-0 0  9993
2 43564  56.3457  59.1586 0001309 269.6904  90.3385  1.72613131   583
1 43564U 18060A   18242.16876037 -.00000017  00000-0  00000+0 0  9990
2 43564  56.3466  59.1258 0001318 268.3896  91.6363  1.72613115   611
1 43564U 18060A   18242.16876037 -.00000017  00000-0  00000-0 0  9991
2 43564  56.3466  59.1258 0001318 268.3896  91.6363  1.72613115   600
1 43564U 18060A   18243.32739515 -.00000016  00000-0  00000-0 0  9998
2 43564  56.3475  59.0929 0001327 267.7198  92.3046  1.72613095   627
1 43564U 18060A   18243.90671365 -.00000016  00000-0  00000-0 0  9990
2 43564  56.3480  59.0764 0001331 266.9809  93.0435  1.72613069   637
1 43564U 18060A   18245.06535192 -.00000015  00000-0  00000+0 0  9994
2 43564  56.3489  59.0435 0001348 265.8473  94.1777  1.72613038   664
1 43564U 18060A   18246.22399028 -.00000014  00000-0  00000-0 0  9999
2 43564  56.3498  59.0107 0001375 264.2337  95.7924  1.72613020   675
1 43564U 18060A   18246.80330909 -.00000014  00000-0  00000-0 0  9996
2 43564  56.3503  58.9942 0001377 264.0741  95.9525  1.72613033   680
1 43564U 18060A   18247.96194556 -.00000015  00000-0  00000+0 0  9990
2 43564  56.3512  58.9613 0001391 263.1899  96.8366  1.72613036   715
1 43564U 18060A   18249.12057995 -.00000018  00000-0  00000-0 0  9999
2 43564  56.3521  58.9284 0001409 262.0002  98.0239  1.72613003   721
1 43564U 18060A   18249.69989519 -.00000020  00000-0  00000-0 0  9990
2 43564  56.3525  58.9119 0001420 261.2770  98.7450  1.72612999   734
1 43564U 18060A   18250.27920868 -.00000023  00000-0  00000-0 0  9991
2 43564  56.3530  58.8955 0001433 260.5939  99.4254  1.72613019   745
1 43564U 18060A   18250.27920907 -.00000023  00000-0  00000+0 0  9994
2 43564  56.3530  58.8955 0001428 260.7922  99.2272  1.72613016   759
1 43564U 18060A   18251.43783514 -.00000030  00000-0  00000-0 0  9993
2 43564  56.3539  58.8626 0001442 259.9026 100.1102  1.72613040   766
1 43564U 18060A   18252.59645988 -.00000037  00000-0  00000+0 0  9999
2 43564  56.3548  58.8296 0001463 258.7536 101.2520  1.72613076   793
1 43564U 18060A   18254.33440085 -.00000045  00000-0  00000-0 0  9994
2 43564  56.3562  58.7802 0001511 256.8878 103.1089  1.72613134   812
1 43564U 18060A   18254.91371622 -.00000046  00000-0  00000+0 0  9998
2 43564  56.3567  58.7638 0001523 256.4459 103.5489  1.72613155   831
1 43564U 18060A   18256.65166818 -.00000046  00000-0  00000-0 0  9991
2 43564  56.3580  58.7145 0001563 255.4806 104.5123  1.72613209   856
1 43564U 18060A   18257.81030585 -.00000044  00000-0  00000+0 0  9998
2 43564  56.3590  58.6816 0001585 254.7589 105.2352  1.72613275   883
1 43564U 18060A   18258.38962584 -.00000042  00000-0  00000-0 0  9993
2 43564  56.3594  58.6652 0001595 254.0593 105.9359  1.72613303   880
1 43564U 18060A   18259.54826530 -.00000038  00000-0  00000-0 0  9997
2 43564  56.3603  58.6323 0001611 253.5356 106.4619  1.72613334   908
1 43564U 18060A   18260.70690473 -.00000034  00000-0  00000+0 0  9997
2 43564  56.3612  58.5995 0001638 252.7719 107.2274  1.72613356   938
1 43564U 18060A   18260.70690473 -.00000034  00000-0  00000-0 0  9998
2 43564  56.3612  58.5995 0001638 252.7719 107.2274  1.72613356   927
1 43564U 18060A   18261.28622363 -.00000032  00000-0  00000-0 0  9993
2 43564  56.3616  58.5831 0001646 252.4909 107.5089  1.72613364   934
1 43564U 18060A   18261.86554154 -.00000031  00000-0  00000-0 0  9998
2 43564  56.3621  58.5667 0001670 251.9667 108.0332  1.72613389   944
1 43564U 18060A   18263.02417610 -.00000027  00000-0  00000+0 0  9997
2 43564  56.3630  58.5338 0001687 251.7050 108.2942  1.72613392   977
1 43564U 18060A   18265.34143797 -.00000022  00000-0  00000-0 0  9992
2 43564  56.3647  58.4682 0001744 251.1140 108.8795  1.72613396  1016
1 43564U 18060A   18266.50006776 -.00000020  00000-0  00000-0 0  9994
2 43564  56.3655  58.4354 0001770 250.9080 109.0815  1.72613363  1021
1 43564U 18060A   18268.23801174 -.00000018  00000-0  00000-0 0  9998
2 43564  56.3668  58.3862 0001804 250.5762 109.4074  1.72613336  1064
1 43564U 18060A   18268.81732743 -.00000018  00000-0  00000-0 0  9997
2 43564  56.3673  58.3698 0001816 250.3424 109.6396  1.72613309  1062
1 43564U 18060A   18270.55527759 -.00000018  00000-0  00000+0 0  9999
2 43564  56.3685  58.3205 0001859 250.0307 109.9489  1.72613258  1107
1 43564U 18060A   18271.13459524 -.00000018  00000-0  00000-0 0  9999
2 43564  56.3689  58.3041 0001877 249.9374 110.0421  1.72613253  1104
1 43564U 18060A   18272.87255171 -.00000017  00000-0  00000+0 0  9991
2 43564  56.3703  58.2547 0001942 249.5225 110.4586  1.72613202  1149
1 43564U 18060A   18272.87255310 -.00000017  00000-0  00000-0 0  9997
2 43564  56.3702  58.2548 0001934 249.7902 110.1910  1.72613180  1136
1 43564U 18060A   18273.45187081 -.00000017  00000-0  00000-0 0  9991
2 43564  56.3708  58.2383 0001959 249.5490 110.4329  1.72613200  1147
1 43564U 18060A   18274.03118963 -.00000018  00000-0  00000-0 0  9990
2 43564  56.3712  58.2218 0001978 249.4683 110.5142  1.72613198  1154
1 43564U 18060A   18274.61050803 -.00000018  00000-0  00000-0 0  9992
2 43564  56.3716  58.2054 0001995 249.4445 110.5385  1.72613199  1162
1 43564U 18060A   18275.18982602 -.00000019  00000-0  00000+0 0  9996
2 43564  56.3721  58.1889 0002010 249.4676 110.5153  1.72613195  1189
1 43564U 18060A   18277.50708874 -.00000028  00000-0  00000+0 0  9991
2 43564  56.3738  58.1231 0002079 249.0929 110.8843  1.72613190  1229
1 43564U 18060A   18278.08640247 -.00000032  00000-0  00000-0 0  9990
2 43564  56.3742  58.1067 0002094 249.0321 110.9424  1.72613188  1227
1 43564U 18060A   18279.24502834 -.00000039  00000-0  00000-0 0  9995
2 43564  56.3751  58.0738 0002145 248.7808 111.1871  1.72613190  1248
1 43564U 18060A   18280.40365416 -.00000047  00000-0  00000+0 0  9996
2 43564  56.3759  58.0409 0002167 248.6543 111.3075  1.72613224  1279
1 43564U 18060A   18281.56228193 -.00000052  00000-0  00000-0 0  9991
2 43564  56.3768  58.0080 0002217 248.5161 111.4408  1.72613267  1284
1 43564U 18060A   18282.72091411 -.00000056  00000-0  00000+0 0  9994
2 43564  56.3777  57.9751 0002242 248.4905 111.4641  1.72613292  1311
1 43564U 18060A   18283.30023099 -.00000056  00000-0  00000-0 0  9997
2 43564  56.3781  57.9587 0002262 248.4770 111.4774  1.72613328  1312
1 43564U 18060A   18284.45886876 -.00000056  00000-0  00000-0 0  9994
2 43564  56.3790  57.9259 0002297 248.5005 111.4550  1.72613361  1339
1 43564U 18060A   18297.20386066 -.00000035  00000-0  00000+0 0  9993
2 43564  56.3882  57.5649 0002681 250.1908 109.7648  1.72613331  1568
1 43564U 18060A   18297.20386066 -.00000035  00000-0  00000-0 0  9994
2 43564  56.3882  57.5649 0002681 250.1908 109.7648  1.72613331  1557
1 43564U 18060A   18303.20362493 -.00000040  00000-0  00000+0 0  9995
2 43564  56.3950  57.4522 0003878 248.7920 111.1633  1.70476224  1667
1 43564U 18060A   18306.13651259 -.00000056  00000-0  00000+0 0  9998
2 43564  56.3968  57.3706 0003962 248.9820 110.9656  1.70476223  1711
1 43564U 18060A   18307.89624143 -.00000067  00000-0  00000-0 0  9997
2 43564  56.3981  57.3221 0004018 249.3020 110.6386  1.70476254  1731
1 43564U 18060A   18310.24255645 -.00000076  00000-0  00000+0 0  9996
2 43564  56.3998  57.2572 0004111 249.7792 110.1579  1.70476316  1784
1 43564U 18060A   18311.41572025 -.00000077  00000-0  00000-0 0  9992
2 43564  56.4006  57.2248 0004152 250.0287 109.9106  1.70476347  1791
1 43564U 18060A   18312.58888620 -.00000075  00000-0  00000+0 0  9999
2 43564  56.4014  57.1924 0004191 250.2757 109.6675  1.70476401  1820
1 43564U 18060A   18314.34863780 -.00000071  00000-0  00000-0 0  9992
2 43564  56.4027  57.1438 0004246 250.6232 109.3272  1.70476458  1841
1 43564U 18060A   18316.10838752 -.00000067  00000-0  00000+0 0  9993
2 43564  56.4039  57.0953 0004312 251.0562 108.9001  1.70476494  1889
1 43564U 18060A   18317.28155067 -.00000064  00000-0  00000-0 0  9992
2 43564  56.4048  57.0629 0004349 251.3684 108.5901  1.70476508  1899
1 43564U 18060A   18317.86813101 -.00000063  00000-0  00000-0 0  9995
2 43564  56.4052  57.0467 0004380 251.5853 108.3736  1.70476523  1902
1 43564U 18060A   18319.04129036 -.00000061  00000-0  00000+0 0  9991
2 43564  56.4060  57.0143 0004417 251.9523 108.0068  1.70476528  1934
1 43564U 18060A   18319.04129036 -.00000061  00000-0  00000-0 0  9992
2 43564  56.4060  57.0143 0004417 251.9523 108.0068  1.70476528  1923
1 43564U 18060A   18319.62786829 -.00000060  00000-0  00000-0 0  9994
2 43564  56.4064  56.9981 0004435 252.1399 107.8188  1.70476560  1936
1 43564U 18060A   18321.97418574 -.00000056  00000-0  00000+0 0  9998
2 43564  56.4080  56.9332 0004485 252.6969 107.2598  1.70476471  1982
1 43564U 18060A   18323.14734391 -.00000055  00000-0  00000-0 0  9997
2 43564  56.4088  56.9008 0004537 253.1673 106.7886  1.70476437  1993
1 43564U 18060A   18324.32050575 -.00000054  00000-0  00000+0 0  9991
2 43564  56.4097  56.8683 0004568 253.3918 106.5650  1.70476392  2021
1 43564U 18060A   18324.90708685 -.00000054  00000-0  00000-0 0  9998
2 43564  56.4101  56.8521 0004575 253.4652 106.4927  1.70476399  2025
1 43564U 18060A   18325.49366836 -.00000054  00000-0  00000-0 0  9991
2 43564  56.4105  56.8359 0004617 253.8051 106.1539  1.70476370  2038
1 43564U 18060A   18327.25341825 -.00000053  00000-0  00000+0 0  9996
2 43564  56.4117  56.7872 0004666 254.1830 105.7821  1.70476339  2071
1 43564U 18060A   18329.59974933 -.00000053  00000-0  00000+0 0  9997
2 43564  56.4134  56.7222 0004761 255.0421 104.9309  1.70476314  2111
1 43564U 18060A   18331.94607085 -.00000061  00000-0  00000+0 0  9999
2 43564  56.4151  56.6573 0004819 255.5158 104.4577  1.70476294  2157
1 43564U 18060A   18333.11922517 -.00000067  00000-0  00000-0 0  9997
2 43564  56.4159  56.6248 0004856 255.7232 104.2473  1.70476314  2167
1 43564U 18060A   18334.87895720 -.00000079  00000-0  00000+0 0  9998
2 43564  56.4171  56.5759 0004931 256.3042 103.6601  1.70476281  2201
1 43564U 18060A   18337.22527325 -.00000088  00000-0  00000+0 0  9993
2 43564  56.4188  56.5109 0004999 256.7958 103.1659  1.70476332  2241
1 43564U 18060A   18338.98501909 -.00000088  00000-0  00000-0 0  9998
2 43564  56.4201  56.4622 0005064 257.3735 102.5922  1.70476410  2265
1 43564U 18060A   18341.91793834 -.00000080  00000-0  00000+0 0  9996
2 43564  56.4221  56.3810 0005151 258.1947 101.7839  1.70476526  2329
1 43564U 18060A   18341.91793834 -.00000080  00000-0  00000-0 0  9997
2 43564  56.4221  56.3810 0005151 258.1947 101.7839  1.70476526  2318
1 43564U 18060A   18342.50452151 -.00000079  00000-0  00000-0 0  9995
2 43564  56.4225  56.3647 0005186 258.4873 101.4934  1.70476565  2326
1 43564U 18060A   18342.50452183 -.00000079  00000-0  00000-0 0  9990
2 43564  56.4226  56.3647 0005169 258.3483 101.6327  1.70476543  2328
1 43564U 18060A   18344.26427040 -.00000074  00000-0  00000+0 0  9993
2 43564  56.4238  56.3160 0005232 258.9655 101.0204  1.70476542  2360
1 43564U 18060A   18346.02401177 -.00000069  00000-0  00000-0 0  9997
2 43564  56.4250  56.2673 0005284 259.4987 100.4888  1.70476562  2388
1 43564U 18060A   18348.37032850 -.00000064  00000-0  00000+0 0  9999
2 43564  56.4267  56.2023 0005344 260.3015  99.6848  1.70476522  2432
1 43564U 18060A   18350.71664578 -.00000059  00000-0  00000+0 0  9992
2 43564  56.4284  56.1373 0005406 261.0265  98.9589  1.70476465  2476
1 43564U 18060A   18352.47638902 -.00000056  00000-0  00000-0 0  9997
2 43564  56.4297  56.0886 0005445 261.3873  98.6006  1.70476435  2499
1 43564U 18060A   18354.82272182 -.00000053  00000-0  00000+0 0  9998
2 43564  56.4314  56.0235 0005519 262.0999  97.8957  1.70476339  2541
1 43564U 18060A   18357.16905430 -.00000052  00000-0  00000-0 0  9997
2 43564  56.4330  55.9585 0005576 262.7639  97.2386  1.70476267  2579
1 43564U 18060A   18357.16905452 -.00000052  00000-0  00000+0 0  9990
2 43564  56.4330  55.9585 0005572 262.7481  97.2544  1.70476267  2587
1 43564U 18060A   18358.92879396 -.00000056  00000-0  00000-0 0  9997
2 43564  56.4343  55.9097 0005616 263.2505  96.7519  1.70476257  2609
1 43564U 18060A   18360.10195024 -.00000061  00000-0  00000+0 0  9994
2 43564  56.4351  55.8771 0005645 263.5356  96.4636  1.70476221  2636
1 43564U 18060A   18361.27510192 -.00000068  00000-0  00000-0 0  9998
2 43564  56.4360  55.8445 0005680 263.8598  96.1348  1.70476257  2641
1 43564U 18060A   18362.44825424 -.00000074  00000-0  00000+0 0  9991
2 43564  56.4369  55.8120 0005715 264.1642  95.8260  1.70476293  2675
1 43564U 18060A   18362.44825448 -.00000074  00000-0  00000-0 0  9998
2 43564  56.4368  55.8120 0005713 264.1557  95.8344  1.70476285  2660
1 43564U 18060A   18363.03483136 -.00000077  00000-0  00000-0 0  9991
2 43564  56.4373  55.7956 0005744 264.4197  95.5686  1.70476307  2671
1 43564U 18060A   18365.38115108 -.00000081  00000-0  00000+0 0  9996
2 43564  56.4391  55.7306 0005806 265.0676  94.9197  1.70476360  2723

