1 41175U 15079B   18001.30827130  .00000087  00000-0  00000+0 0  9998
2 41175  54.9173 186.2408 0002072 320.6533  39.3506  1.70473517 12702
1 41175U 15079B   18001.89484592  .00000081  00000-0  00000-0 0  9998
2 41175  54.9173 186.2246 0002069 320.5082  39.4899  1.70473518 12714
1 41175U 15079B   18003.65457395  .00000066  00000-0  00000+0 0  9997
2 41175  54.9175 186.1758 0002078 321.4155  38.5676  1.70473528 12741
1 41175U 15079B   18004.24115206  .00000064  00000-0  00000-0 0  9994
2 41175  54.9176 186.1596 0002071 321.1932  38.7864  1.70473538 12758
1 41175U 15079B   18005.41431381  .00000062  00000-0  00000+0 0  9996
2 41175  54.9178 186.1272 0002075 321.2580  38.7174  1.70473552 12777
1 41175U 15079B   18005.41431381  .00000062  00000-0  00000-0 0  9997
2 41175  54.9178 186.1272 0002075 321.2580  38.7174  1.70473552 12777
1 41175U 15079B   18006.00089694  .00000063  00000-0  00000-0 0  9990
2 41175  54.9178 186.1109 0002069 321.1274  38.8476  1.70473567 12781
1 41175U 15079B   18006.58748105  .00000065  00000-0  00000+0 0  9993
2 41175  54.9178 186.0947 0002047 319.9826  39.9925  1.70473585 12796
1 41175U 15079B   18010.69358233  .00000074  00000-0  00000+0 0  9999
2 41175  54.9183 185.9813 0002051 318.9691  41.0133  1.70473657 12869
1 41175U 15079B   18010.69358233  .00000074  00000-0  00000-0 0  9990
2 41175  54.9183 185.9813 0002051 318.9691  41.0133  1.70473657 12869
1 41175U 15079B   18011.86674616  .00000072  00000-0  00000-0 0  9994
2 41175  54.9185 185.9487 0002032 316.3687  43.6117  1.70473679 12880
1 41175U 15079B   18013.03990565  .00000069  00000-0  00000+0 0  9994
2 41175  54.9183 185.9163 0002065 317.9617  42.0150  1.70473756 12904
1 41175U 15079B   18016.55937654  .00000062  00000-0  00000+0 0  9997
2 41175  54.9186 185.8191 0002066 317.1385  42.8186  1.70473757 12966
1 41175U 15079B   18022.42520294  .00000074  00000-0  00000+0 0  9991
2 41175  54.9190 185.6572 0002129 312.4921  47.4595  1.70473698 13067
1 41175U 15079B   18023.59837694  .00000077  00000-0  00000+0 0  9998
2 41175  54.9191 185.6248 0002135 312.1688  47.7867  1.70473681 13081
1 41175U 15079B   18023.59837694  .00000077  00000-0  00000-0 0  9999
2 41175  54.9191 185.6248 0002135 312.1688  47.7867  1.70473681 13081
1 41175U 15079B   18024.77154769  .00000079  00000-0  00000+0 0  9996
2 41175  54.9191 185.5924 0002153 311.3433  48.6141  1.70473660 13105
1 41175U 15079B   18025.35813119  .00000078  00000-0  00000-0 0  9992
2 41175  54.9191 185.5762 0002164 310.9030  49.0542  1.70473650 13115
1 41175U 15079B   18026.53129336  .00000072  00000-0  00000+0 0  9997
2 41175  54.9192 185.5437 0002181 310.3056  49.6483  1.70473635 13131
1 41175U 15079B   18030.05075183  .00000037  00000-0  00000+0 0  9990
2 41175  54.9192 185.4462 0002244 308.7784  51.1493  1.70473653 13192
1 41175U 15079B   18030.63732905  .00000032  00000-0  00000-0 0  9992
2 41175  54.9190 185.4299 0002202 310.0906  49.8338  1.70473667 13203
1 41175U 15079B   18031.81048708  .00000025  00000-0  00000+0 0  9995
2 41175  54.9191 185.3975 0002224 309.5271  50.3916  1.70473684 13226
1 41175U 15079B   18031.81048708  .00000025  00000-0  00000-0 0  9996
2 41175  54.9191 185.3975 0002224 309.5271  50.3916  1.70473684 13226
1 41175U 15079B   18032.98365126  .00000023  00000-0  00000+0 0  9998
2 41175  54.9190 185.3651 0002245 308.5874  51.3297  1.70473709 13240
1 41175U 15079B   18032.98365126  .00000023  00000-0  00000-0 0  9999
2 41175  54.9190 185.3651 0002245 308.5874  51.3297  1.70473709 13240
1 41175U 15079B   18034.74340700  .00000027  00000-0  00000+0 0  9999
2 41175  54.9194 185.3166 0002287 307.9040  52.0174  1.70473789 13272
1 41175U 15079B   18036.50316931  .00000031  00000-0  00000+0 0  9999
2 41175  54.9191 185.2676 0002303 308.0692  51.8598  1.70473828 13303
1 41175U 15079B   18037.08975558  .00000031  00000-0  00000-0 0  9990
2 41175  54.9191 185.2514 0002315 307.7054  52.2256  1.70473842 13318
1 41175U 15079B   18038.84950985  .00000028  00000-0  00000+0 0  9997
2 41175  54.9193 185.2031 0002352 306.6914  53.2422  1.70473885 13344
1 41175U 15079B   18039.43609222  .00000027  00000-0  00000-0 0  9998
2 41175  54.9193 185.1869 0002361 306.4807  53.4525  1.70473890 13354
1 41175U 15079B   18040.02267362  .00000024  00000-0  00000+0 0  9996
2 41175  54.9192 185.1706 0002380 305.9035  54.0286  1.70473902 13367
1 41175U 15079B   18040.02267362  .00000024  00000-0  00000-0 0  9997
2 41175  54.9192 185.1706 0002380 305.9035  54.0286  1.70473902 13367
1 41175U 15079B   18041.78241428  .00000018  00000-0  00000+0 0  9998
2 41175  54.9192 185.1221 0002406 304.8790  55.0476  1.70473909 13396
1 41175U 15079B   18043.54215278  .00000015  00000-0  00000-0 0  9996
2 41175  54.9193 185.0735 0002434 304.0920  55.8278  1.70473909 13426
1 41175U 15079B   18043.54215296  .00000015  00000-0  00000+0 0  9995
2 41175  54.9194 185.0737 0002415 304.5970  55.3231  1.70473913 13427
1 41175U 15079B   18045.88847715  .00000015  00000-0  00000+0 0  9991
2 41175  54.9192 185.0088 0002466 302.9224  56.9927  1.70473906 13469
1 41175U 15079B   18045.88847715  .00000015  00000-0  00000-0 0  9992
2 41175  54.9192 185.0088 0002466 302.9224  56.9927  1.70473906 13469
1 41175U 15079B   18046.47506051  .00000016  00000-0  00000-0 0  9994
2 41175  54.9192 184.9927 0002483 302.5798  57.3356  1.70473901 13477
1 41175U 15079B   18047.06164487  .00000018  00000-0  00000+0 0  9994
2 41175  54.9192 184.9766 0002504 302.2350  57.6812  1.70473898 13489
1 41175U 15079B   18048.23481594  .00000021  00000-0  00000-0 0  9990
2 41175  54.9190 184.9439 0002539 301.3759  58.5440  1.70473897 13504
1 41175U 15079B   18050.58116911  .00000030  00000-0  00000+0 0  9998
2 41175  54.9190 184.8790 0002578 300.6339  59.2987  1.70473865 13545
1 41175U 15079B   18052.34093005  .00000032  00000-0  00000+0 0  9994
2 41175  54.9190 184.8306 0002626 300.1504  59.7893  1.70473840 13578
1 41175U 15079B   18053.51409738  .00000029  00000-0  00000-0 0  9995
2 41175  54.9189 184.7980 0002667 299.8037  60.1367  1.70473824 13599
1 41175U 15079B   18054.10067855  .00000026  00000-0  00000+0 0  9997
2 41175  54.9188 184.7819 0002688 299.5612  60.3780  1.70473818 13604
1 41175U 15079B   18055.86041224  .00000009  00000-0  00000+0 0  9994
2 41175  54.9188 184.7332 0002762 298.6992  61.2314  1.70473829 13636
1 41175U 15079B   18057.03356488 -.00000003  00000-0  00000+0 0  9991
2 41175  54.9187 184.7008 0002828 298.0843  61.8389  1.70473845 13655
1 41175U 15079B   18057.03356488 -.00000003  00000-0  00000-0 0  9992
2 41175  54.9187 184.7008 0002828 298.0843  61.8389  1.70473845 13655
1 41175U 15079B   18058.20672265 -.00000013  00000-0  00000+0 0  9996
2 41175  54.9187 184.6683 0002842 298.0209  61.8970  1.70473850 13679
1 41175U 15079B   18059.96646873 -.00000019  00000-0  00000+0 0  9992
2 41175  54.9187 184.6198 0002864 297.4592  62.4575  1.70473887 13704
1 41175U 15079B   18061.13964101 -.00000017  00000-0  00000+0 0  9999
2 41175  54.9187 184.5874 0002900 297.0781  62.8427  1.70473910 13720
1 41175U 15079B   18063.48599535 -.00000009  00000-0  00000+0 0  9995
2 41175  54.9185 184.5226 0002970 296.1687  63.7663  1.70473976 13769
1 41175U 15079B   18065.24575796 -.00000008  00000-0  00000+0 0  9993
2 41175  54.9185 184.4740 0003112 295.3588  64.5842  1.70474009 13798
1 41175U 15079B   18065.83234279 -.00000009  00000-0  00000-0 0  9998
2 41175  54.9184 184.4578 0003109 295.1369  64.8082  1.70474037 13809
1 41175U 15079B   18068.76525610 -.00000016  00000-0  00000+0 0  9992
2 41175  54.9181 184.3769 0003135 294.5283  65.4178  1.70474096 13857
1 41175U 15079B   18070.52499747 -.00000018  00000-0  00000+0 0  9992
2 41175  54.9179 184.3282 0003193 293.7947  66.1480  1.70474121 13882
1 41175U 15079B   18071.11157804 -.00000018  00000-0  00000-0 0  9994
2 41175  54.9179 184.3121 0003209 293.5344  66.4074  1.70474129 13892
1 41175U 15079B   18072.28474173 -.00000017  00000-0  00000+0 0  9992
2 41175  54.9179 184.2798 0003243 293.1137  66.8275  1.70474129 13915
1 41175U 15079B   18074.63108053 -.00000010  00000-0  00000+0 0  9997
2 41175  54.9177 184.2151 0003333 292.3659  67.5809  1.70474115 13956
1 41175U 15079B   18075.80425638 -.00000004  00000-0  00000+0 0  9991
2 41175  54.9176 184.1827 0003346 292.2472  67.7065  1.70474100 13972
1 41175U 15079B   18080.49695970  .00000012  00000-0  00000+0 0  9998
2 41175  54.9172 184.0531 0003533 291.1343  68.8460  1.70474021 14055
1 41175U 15079B   18082.84328108 -.00000002  00000-0  00000+0 0  9995
2 41175  54.9170 183.9881 0003644 290.7447  69.2309  1.70474008 14098
1 41175U 15079B   18086.36275519 -.00000026  00000-0  00000-0 0  9990
2 41175  54.9169 183.8910 0003763 290.3828  69.5806  1.70474040 14157
1 41175U 15079B   18086.36275585 -.00000026  00000-0  00000+0 0  9992
2 41175  54.9169 183.8910 0003747 290.4989  69.4647  1.70474035 14154
1 41175U 15079B   18091.64204171 -.00000009  00000-0  00000+0 0  9993
2 41175  54.9167 183.7450 0003967 289.4544  70.5367  1.70474151 14240
1 41175U 15079B   18092.22862947 -.00000009  00000-0  00000-0 0  9990
2 41175  54.9167 183.7288 0003965 289.4708  70.5236  1.70474158 14252
1 41175U 15079B   18092.81521564 -.00000008  00000-0  00000+0 0  9990
2 41175  54.9166 183.7127 0003990 289.3342  70.6626  1.70474173 14266
1 41175U 15079B   18094.57496772 -.00000011  00000-0  00000+0 0  9991
2 41175  54.9165 183.6639 0004043 289.1283  70.8719  1.70474206 14299
1 41175U 15079B   18095.74813101 -.00000012  00000-0  00000+0 0  9991
2 41175  54.9164 183.6315 0004081 288.8976  71.1018  1.70474224 14315
1 41175U 15079B   18097.50787250 -.00000013  00000-0  00000+0 0  9993
2 41175  54.9164 183.5829 0004141 288.5760  71.4205  1.70474240 14341
1 41175U 15079B   18099.26761607 -.00000009  00000-0  00000+0 0  9991
2 41175  54.9164 183.5343 0004228 288.1849  71.8094  1.70474223 14376
1 41175U 15079B   18105.13348083  .00000024  00000-0  00000+0 0  9990
2 41175  54.9163 183.3724 0004421 287.5701  72.4505  1.70474158 14473
1 41175U 15079B   18106.30665641  .00000031  00000-0  00000+0 0  9990
2 41175  54.9163 183.3399 0004470 287.4220  72.6053  1.70474127 14498
1 41175U 15079B   18107.47982828  .00000034  00000-0  00000+0 0  9991
2 41175  54.9163 183.3073 0004498 287.4713  72.5599  1.70474100 14512
1 41175U 15079B   18109.82615101  .00000026  00000-0  00000+0 0  9990
2 41175  54.9160 183.2424 0004613 287.3197  72.7070  1.70474042 14557
1 41175U 15079B   18112.17246120  .00000009  00000-0  00000+0 0  9994
2 41175  54.9161 183.1776 0004668 287.3231  72.6913  1.70474030 14592
1 41175U 15079B   18113.34562042  .00000004  00000-0  00000+0 0  9993
2 41175  54.9161 183.1452 0004701 287.3013  72.7092  1.70474027 14617
1 41175U 15079B   18113.34562042  .00000004  00000-0  00000-0 0  9994
2 41175  54.9161 183.1452 0004701 287.3013  72.7092  1.70474027 14617
1 41175U 15079B   18113.93220161  .00000003  00000-0  00000-0 0  9991
2 41175  54.9161 183.1291 0004733 287.2989  72.7108  1.70474037 14624
1 41175U 15079B   18116.27854323  .00000011  00000-0  00000+0 0  9992
2 41175  54.9164 183.0643 0004794 287.3846  72.6322  1.70474073 14668
1 41175U 15079B   18116.27854323  .00000011  00000-0  00000-0 0  9993
2 41175  54.9164 183.0643 0004794 287.3846  72.6322  1.70474073 14668
1 41175U 15079B   18119.79806739  .00000026  00000-0  00000+0 0  9996
2 41175  54.9146 182.9671 0004877 287.0873  72.9473  1.70474122 14728
1 41175U 15079B   18120.38465235  .00000026  00000-0  00000-0 0  9996
2 41175  54.9136 182.9510 0004895 286.8715  73.1642  1.70474126 14737
1 41175U 15079B   18124.49071846  .00000023  00000-0  00000+0 0  9999
2 41175  54.9159 182.8375 0005007 286.7069  73.3214  1.70474165 14805
1 41175U 15079B   18125.66387773  .00000025  00000-0  00000+0 0  9990
2 41175  54.9158 182.8051 0005036 286.5898  73.4348  1.70474168 14829
1 41175U 15079B   18126.83703882  .00000030  00000-0  00000+0 0  9999
2 41175  54.9183 182.7727 0005121 286.5563  73.4652  1.70474159 14840
1 41175U 15079B   18126.83703882  .00000030  00000-0  00000-0 0  9990
2 41175  54.9183 182.7727 0005121 286.5563  73.4652  1.70474159 14840
1 41175U 15079B   18127.42362050  .00000032  00000-0  00000-0 0  9996
2 41175  54.9182 182.7565 0005138 286.5160  73.5051  1.70474157 14853
1 41175U 15079B   18128.01020312  .00000035  00000-0  00000+0 0  9996
2 41175  54.9180 182.7403 0005168 286.3908  73.6302  1.70474153 14860
1 41175U 15079B   18129.18337165  .00000042  00000-0  00000-0 0  9991
2 41175  54.9181 182.7080 0005220 286.4067  73.6162  1.70474132 14881
1 41175U 15079B   18129.18337169  .00000042  00000-0  00000+0 0  9994
2 41175  54.9180 182.7080 0005204 286.4017  73.6213  1.70474139 14881
1 41175U 15079B   18130.35654445  .00000050  00000-0  00000+0 0  9993
2 41175  54.9178 182.6756 0005218 286.4780  73.5496  1.70474117 14900
1 41175U 15079B   18130.94313177  .00000054  00000-0  00000-0 0  9997
2 41175  54.9177 182.6595 0005238 286.5203  73.5100  1.70474093 14919
1 41175U 15079B   18135.63581365  .00000075  00000-0  00000+0 0  9996
2 41175  54.9183 182.5298 0005355 286.5793  73.4633  1.70473986 14997
1 41175U 15079B   18135.63581365  .00000075  00000-0  00000-0 0  9997
2 41175  54.9183 182.5298 0005355 286.5793  73.4633  1.70473986 14997
1 41175U 15079B   18136.80897149  .00000070  00000-0  00000+0 0  9991
2 41175  54.9183 182.4974 0005577 286.6985  73.3366  1.70473895 15012
1 41175U 15079B   18137.39554888  .00000066  00000-0  00000-0 0  9992
2 41175  54.9182 182.4812 0005399 286.6966  73.3368  1.70473920 15025
1 41175U 15079B   18139.74185279  .00000049  00000-0  00000+0 0  9997
2 41175  54.9180 182.4164 0005445 286.9565  73.0597  1.70473891 15065
1 41175U 15079B   18141.50159128  .00000045  00000-0  00000+0 0  9994
2 41175  54.9181 182.3677 0005460 287.0430  72.9666  1.70473892 15093
1 41175U 15079B   18142.08817449  .00000046  00000-0  00000-0 0  9997
2 41175  54.9187 182.3514 0005473 286.9583  73.0508  1.70473888 15104
1 41175U 15079B   18143.84793044  .00000053  00000-0  00000+0 0  9993
2 41175  54.9184 182.3029 0005507 287.1072  72.9058  1.70473896 15136
1 41175U 15079B   18143.84793044  .00000053  00000-0  00000-0 0  9994
2 41175  54.9184 182.3029 0005507 287.1072  72.9058  1.70473896 15136
1 41175U 15079B   18145.60768993  .00000061  00000-0  00000+0 0  9993
2 41175  54.9186 182.2544 0005566 287.1825  72.8367  1.70473937 15161
1 41175U 15079B   18146.19427582  .00000063  00000-0  00000-0 0  9997
2 41175  54.9186 182.2383 0005581 287.2337  72.7871  1.70473945 15177
1 41175U 15079B   18146.78086084  .00000064  00000-0  00000+0 0  9990
2 41175  54.9186 182.2221 0005594 287.2858  72.7359  1.70473950 15188
1 41175U 15079B   18147.95402756  .00000063  00000-0  00000+0 0  9997
2 41175  54.9185 182.1898 0005625 287.3503  72.6713  1.70473949 15203
1 41175U 15079B   18147.95402761  .00000063  00000-0  00000-0 0  9994
2 41175  54.9185 182.1898 0005631 287.3555  72.6660  1.70473954 15204
1 41175U 15079B   18150.30034806  .00000059  00000-0  00000+0 0  9992
2 41175  54.9186 182.1248 0005669 287.6034  72.4103  1.70473967 15248
1 41175U 15079B   18151.47350455  .00000058  00000-0  00000+0 0  9991
2 41175  54.9188 182.0924 0005698 287.6295  72.3779  1.70473976 15261
1 41175U 15079B   18153.23324023  .00000060  00000-0  00000+0 0  9992
2 41175  54.9198 182.0440 0005642 287.3438  72.6555  1.70473988 15291
1 41175U 15079B   18155.57956389  .00000068  00000-0  00000+0 0  9995
2 41175  54.9199 181.9792 0005686 287.4036  72.5898  1.70473969 15336
1 41175U 15079B   18156.75273173  .00000075  00000-0  00000+0 0  9997
2 41175  54.9199 181.9468 0005706 287.4746  72.5194  1.70473951 15359
1 41175U 15079B   18157.33931738  .00000078  00000-0  00000-0 0  9994
2 41175  54.9199 181.9306 0005703 287.5116  72.4837  1.70473942 15363
1 41175U 15079B   18157.33931846  .00000078  00000-0  00000-0 0  9994
2 41175  54.9198 181.9307 0005693 287.4887  72.5067  1.70473921 15368
1 41175U 15079B   18157.92590451  .00000082  00000-0  00000+0 0  9996
2 41175  54.9198 181.9145 0005703 287.5228  72.4742  1.70473910 15378
1 41175U 15079B   18158.51249106  .00000086  00000-0  00000-0 0  9995
2 41175  54.9198 181.8983 0005702 287.5310  72.4679  1.70473905 15382
1 41175U 15079B   18159.09907797  .00000090  00000-0  00000+0 0  9990
2 41175  54.9199 181.8820 0005705 287.5799  72.4212  1.70473888 15391
1 41175U 15079B   18160.85883604  .00000099  00000-0  00000-0 0  9996
2 41175  54.9200 181.8334 0005727 287.6596  72.3461  1.70473839 15429
1 41175U 15079B   18160.85883616  .00000099  00000-0  00000+0 0  9998
2 41175  54.9203 181.8332 0005740 287.6221  72.3834  1.70473828 15422
1 41175U 15079B   18160.85883637  .00000099  00000-0  00000-0 0  9992
2 41175  54.9202 181.8333 0005760 287.5294  72.4759  1.70473814 15425
1 41175U 15079B   18162.03200328  .00000102  00000-0  00000+0 0  9998
2 41175  54.9203 181.8008 0005758 287.5998  72.4055  1.70473790 15447
1 41175U 15079B   18162.61858415  .00000101  00000-0  00000-0 0  9998
2 41175  54.9203 181.7846 0005775 287.7047  72.2990  1.70473767 15453
1 41175U 15079B   18164.37831884  .00000093  00000-0  00000+0 0  9993
2 41175  54.9208 181.7362 0005792 288.1750  71.8185  1.70473721 15480
1 41175U 15079B   18164.96489513  .00000088  00000-0  00000-0 0  9991
2 41175  54.9209 181.7201 0005796 288.3180  71.6706  1.70473705 15496
1 41175U 15079B   18166.72462145  .00000073  00000-0  00000-0 0  9993
2 41175  54.9212 181.6714 0005804 288.4342  71.5389  1.70473687 15528
1 41175U 15079B   18166.72462149  .00000073  00000-0  00000+0 0  9996
2 41175  54.9212 181.6714 0005809 288.4245  71.5485  1.70473684 15529
1 41175U 15079B   18167.89777613  .00000067  00000-0  00000+0 0  9993
2 41175  54.9214 181.6390 0005818 288.5851  71.3799  1.70473678 15546
1 41175U 15079B   18168.48435597  .00000065  00000-0  00000-0 0  9990
2 41175  54.9214 181.6228 0005825 288.6529  71.3095  1.70473674 15553
1 41175U 15079B   18169.07093877  .00000064  00000-0  00000+0 0  9995
2 41175  54.9214 181.6067 0005826 288.7770  71.1838  1.70473631 15561
1 41175U 15079B   18169.65752187  .00000065  00000-0  00000-0 0  9997
2 41175  54.9215 181.5905 0005827 288.8112  71.1490  1.70473634 15572
1 41175U 15079B   18170.24410630  .00000066  00000-0  00000+0 0  9998
2 41175  54.9216 181.5743 0005823 288.7844  71.1761  1.70473641 15580
1 41175U 15079B   18170.24410631  .00000066  00000-0  00000-0 0  9990
2 41175  54.9216 181.5743 0005823 288.7816  71.1789  1.70473642 15580
1 41175U 15079B   18172.00386475  .00000073  00000-0  00000+0 0  9991
2 41175  54.9218 181.5258 0005834 288.9429  71.0216  1.70473661 15616
1 41175U 15079B   18175.52337189  .00000073  00000-0  00000+0 0  9999
2 41175  54.9222 181.4287 0005847 289.3881  70.5783  1.70473715 15672
1 41175U 15079B   18175.52337189  .00000073  00000-0  00000-0 0  9990
2 41175  54.9222 181.4287 0005847 289.3881  70.5783  1.70473715 15672
1 41175U 15079B   18176.10995307  .00000071  00000-0  00000-0 0  9995
2 41175  54.9223 181.4125 0005838 289.4665  70.4981  1.70473729 15680
1 41175U 15079B   18177.28311456  .00000066  00000-0  00000+0 0  9995
2 41175  54.9224 181.3801 0005831 289.3143  70.6447  1.70473707 15702
1 41175U 15079B   18177.86969370  .00000064  00000-0  00000-0 0  9992
2 41175  54.9223 181.3639 0005811 289.4033  70.5527  1.70473699 15716
1 41175U 15079B   18177.86969392  .00000064  00000-0  00000-0 0  9996
2 41175  54.9222 181.3639 0005824 289.5203  70.4356  1.70473686 15714
1 41175U 15079B   18179.62942932  .00000061  00000-0  00000+0 0  9999
2 41175  54.9227 181.3154 0005829 289.4839  70.4614  1.70473689 15743
1 41175U 15079B   18179.62942976  .00000061  00000-0  00000-0 0  9998
2 41175  54.9223 181.3155 0005818 289.6786  70.2669  1.70473686 15746
1 41175U 15079B   18180.21600858  .00000061  00000-0  00000-0 0  9995
2 41175  54.9227 181.2992 0005821 289.5415  70.4008  1.70473689 15753
1 41175U 15079B   18181.38916867  .00000063  00000-0  00000+0 0  9995
2 41175  54.9228 181.2669 0005820 289.4929  70.4444  1.70473688 15778
1 41175U 15079B   18181.97575059  .00000065  00000-0  00000-0 0  9997
2 41175  54.9229 181.2508 0005814 289.6632  70.2725  1.70473682 15782
1 41175U 15079B   18182.56233259  .00000067  00000-0  00000+0 0  9997
2 41175  54.9229 181.2346 0005828 289.2664  70.6679  1.70473674 15792
1 41175U 15079B   18182.56233264  .00000067  00000-0  00000-0 0  9994
2 41175  54.9229 181.2345 0005830 289.2922  70.6420  1.70473672 15793
1 41175U 15079B   18183.14891609  .00000069  00000-0  00000-0 0  9994
2 41175  54.9230 181.2183 0005830 289.3504  70.5834  1.70473670 15800
1 41175U 15079B   18183.73550087  .00000071  00000-0  00000+0 0  9993
2 41175  54.9231 181.2022 0005823 289.4401  70.4941  1.70473663 15813
1 41175U 15079B   18184.32208706  .00000074  00000-0  00000-0 0  9991
2 41175  54.9232 181.1860 0005814 289.6604  70.2748  1.70473644 15823
1 41175U 15079B   18185.49526129  .00000080  00000-0  00000+0 0  9998
2 41175  54.9234 181.1536 0005818 289.9205  70.0179  1.70473604 15843
1 41175U 15079B   18187.84161119  .00000091  00000-0  00000+0 0  9995
2 41175  54.9236 181.0889 0005809 290.1864  69.7592  1.70473537 15883
1 41175U 15079B   18189.60136447  .00000093  00000-0  00000-0 0  9990
2 41175  54.9237 181.0403 0005812 290.2749  69.6706  1.70473495 15916
1 41175U 15079B   18190.18794662  .00000092  00000-0  00000+0 0  9992
2 41175  54.9237 181.0241 0005801 290.6475  69.2965  1.70473485 15927
1 41175U 15079B   18190.77452776  .00000089  00000-0  00000-0 0  9991
2 41175  54.9238 181.0079 0005776 291.2935  68.6481  1.70473465 15931
1 41175U 15079B   18191.94768383  .00000080  00000-0  00000+0 0  9995
2 41175  54.9239 180.9755 0005773 291.4523  68.4812  1.70473440 15954
1 41175U 15079B   18192.53426063  .00000074  00000-0  00000-0 0  9991
2 41175  54.9239 180.9593 0005770 291.5780  68.3508  1.70473434 15962
1 41175U 15079B   18193.12083705  .00000069  00000-0  00000+0 0  9992
2 41175  54.9239 180.9431 0005765 291.5178  68.4059  1.70473424 15970
1 41175U 15079B   18194.88056999  .00000053  00000-0  00000-0 0  9995
2 41175  54.9241 180.8945 0005743 291.9330  67.9777  1.70473410 16003
1 41175U 15079B   18194.88057028  .00000053  00000-0  00000+0 0  9998
2 41175  54.9241 180.8945 0005755 291.6410  68.2695  1.70473403 16007
1 41175U 15079B   18197.22690139  .00000048  00000-0  00000+0 0  9999
2 41175  54.9243 180.8298 0005721 292.1123  67.7932  1.70473410 16040
1 41175U 15079B   18197.81348912  .00000049  00000-0  00000-0 0  9995
2 41175  54.9244 180.8136 0005693 291.6005  68.3061  1.70473381 16051
1 41175U 15079B   18199.57325335  .00000053  00000-0  00000+0 0  9998
2 41175  54.9246 180.7650 0005681 291.7605  68.1517  1.70473406 16082
1 41175U 15079B   18199.57325335  .00000053  00000-0  00000-0 0  9999
2 41175  54.9246 180.7650 0005681 291.7605  68.1517  1.70473406 16082
1 41175U 15079B   18200.15984138  .00000054  00000-0  00000-0 0  9999
2 41175  54.9246 180.7488 0005676 291.8442  68.0700  1.70473416 16090
1 41175U 15079B   18201.91960074  .00000051  00000-0  00000+0 0  9993
2 41175  54.9247 180.7002 0005665 291.9725  67.9445  1.70473444 16125
1 41175U 15079B   18202.50618522  .00000049  00000-0  00000-0 0  9995
2 41175  54.9248 180.6840 0005657 292.1354  67.7813  1.70473453 16135
1 41175U 15079B   18204.85251578  .00000037  00000-0  00000-0 0  9996
2 41175  54.9249 180.6194 0005638 292.9028  67.0068  1.70473425 16171
1 41175U 15079B   18207.19883838  .00000031  00000-0  00000-0 0  9990
2 41175  54.9250 180.5548 0005599 293.1375  66.7613  1.70473451 16215
1 41175U 15079B   18207.78541983  .00000030  00000-0  00000-0 0  9996
2 41175  54.9250 180.5387 0005594 293.1723  66.7244  1.70473454 16222
1 41175U 15079B   18208.95858527  .00000032  00000-0  00000-0 0  9993
2 41175  54.9250 180.5063 0005590 293.2397  66.6542  1.70473452 16247
1 41175U 15079B   18210.13175515  .00000035  00000-0  00000-0 0  9998
2 41175  54.9249 180.4740 0005571 293.4232  66.4705  1.70473444 16267
1 41175U 15079B   18211.89152122  .00000041  00000-0  00000+0 0  9997
2 41175  54.9248 180.4257 0005500 293.7699  66.1289  1.70473376 16292
1 41175U 15079B   18213.06470079  .00000047  00000-0  00000+0 0  9998
2 41175  54.9249 180.3934 0005472 294.0386  65.8659  1.70473352 16313
1 41175U 15079B   18214.23788141  .00000052  00000-0  00000+0 0  9996
2 41175  54.9249 180.3610 0005451 294.2168  65.6938  1.70473320 16336
1 41175U 15079B   18215.99764825  .00000057  00000-0  00000+0 0  9998
2 41175  54.9248 180.3125 0005422 294.5358  65.3813  1.70473265 16368
1 41175U 15079B   18216.58423483  .00000057  00000-0  00000-0 0  9997
2 41175  54.9248 180.2962 0005426 294.5113  65.4063  1.70473254 16376
1 41175U 15079B   18217.17081992  .00000056  00000-0  00000+0 0  9996
2 41175  54.9248 180.2801 0005423 294.5829  65.3345  1.70473239 16385
1 41175U 15079B   18218.93056647  .00000045  00000-0  00000+0 0  9998
2 41175  54.9248 180.2315 0005377 294.9974  64.9143  1.70473211 16413
1 41175U 15079B   18220.10372728  .00000034  00000-0  00000+0 0  9999
2 41175  54.9248 180.1991 0005343 295.7374  64.1674  1.70473174 16439
1 41175U 15079B   18221.27688654  .00000023  00000-0  00000+0 0  9994
2 41175  54.9248 180.1668 0005316 296.0203  63.8773  1.70473164 16452
1 41175U 15079B   18221.86346761  .00000018  00000-0  00000-0 0  9994
2 41175  54.9248 180.1505 0005310 296.1794  63.7152  1.70473155 16463
1 41175U 15079B   18223.62321905  .00000009  00000-0  00000-0 0  9993
2 41175  54.9248 180.1020 0005262 296.5425  63.3490  1.70473158 16493
1 41175U 15079B   18224.20980625  .00000008  00000-0  00000-0 0  9997
2 41175  54.9248 180.0858 0005248 296.6603  63.2321  1.70473162 16503
1 41175U 15079B   18225.38298457  .00000010  00000-0  00000-0 0  9995
2 41175  54.9253 180.0533 0005232 296.6027  63.2940  1.70473166 16525
1 41175U 15079B   18225.96957511  .00000011  00000-0  00000-0 0  9993
2 41175  54.9253 180.0372 0005227 296.6609  63.2389  1.70473171 16530
1 41175U 15079B   18226.55616813  .00000012  00000-0  00000+0 0  9996
2 41175  54.9248 180.0211 0005204 296.9790  62.9243  1.70473163 16542
1 41175U 15079B   18227.14275937  .00000013  00000-0  00000-0 0  9992
2 41175  54.9248 180.0049 0005197 297.1401  62.7665  1.70473169 16557
1 41175U 15079B   18228.31594000  .00000013  00000-0  00000+0 0  9996
2 41175  54.9248 179.9725 0005172 297.3936  62.5186  1.70473190 16575
1 41175U 15079B   18229.48911707  .00000010  00000-0  00000+0 0  9999
2 41175  54.9248 179.9402 0005147 297.7056  62.2099  1.70473205 16595
1 41175U 15079B   18230.07570399  .00000007  00000-0  00000-0 0  9991
2 41175  54.9249 179.9240 0005134 297.8720  62.0442  1.70473210 16609
1 41175U 15079B   18231.24887466  .00000001  00000-0  00000+0 0  9990
2 41175  54.9250 179.8917 0005104 298.1662  61.7493  1.70473221 16623
1 41175U 15079B   18231.24887466  .00000001  00000-0  00000-0 0  9991
2 41175  54.9250 179.8917 0005104 298.1662  61.7493  1.70473221 16623
1 41175U 15079B   18231.83545977 -.00000002  00000-0  00000-0 0  9996
2 41175  54.9251 179.8755 0005061 298.4367  61.4781  1.70473219 16636
1 41175U 15079B   18234.76837892 -.00000011  00000-0  00000+0 0  9990
2 41175  54.9249 179.7948 0004962 298.7783  61.1302  1.70473224 16687
1 41175U 15079B   18235.94154981 -.00000010  00000-0  00000+0 0  9991
2 41175  54.9248 179.7624 0004933 299.0478  60.8603  1.70473230 16700
1 41175U 15079B   18236.52813688 -.00000008  00000-0  00000-0 0  9990
2 41175  54.9248 179.7463 0004925 299.1617  60.7470  1.70473224 16713
1 41175U 15079B   18237.11472473 -.00000007  00000-0  00000+0 0  9997
2 41175  54.9248 179.7301 0004914 299.2793  60.6307  1.70473222 16725
1 41175U 15079B   18238.28790377 -.00000002  00000-0  00000+0 0  9997
2 41175  54.9247 179.6978 0004884 299.5585  60.3561  1.70473213 16742
1 41175U 15079B   18238.28790377 -.00000002  00000-0  00000-0 0  9998
2 41175  54.9247 179.6978 0004884 299.5585  60.3561  1.70473213 16742
1 41175U 15079B   18240.04767985  .00000007  00000-0  00000+0 0  9997
2 41175  54.9246 179.6492 0004824 300.0848  59.8412  1.70473173 16772
1 41175U 15079B   18241.22086634  .00000013  00000-0  00000+0 0  9990
2 41175  54.9246 179.6169 0004783 300.5475  59.3874  1.70473145 16796
1 41175U 15079B   18241.80746023  .00000016  00000-0  00000-0 0  9993
2 41175  54.9245 179.6007 0004741 300.9268  59.0126  1.70473123 16809
1 41175U 15079B   18242.39405254  .00000019  00000-0  00000+0 0  9998
2 41175  54.9245 179.5844 0004727 301.0623  58.8809  1.70473103 16812
1 41175U 15079B   18244.15382360  .00000021  00000-0  00000+0 0  9999
2 41175  54.9245 179.5361 0004700 301.4146  58.5359  1.70473032 16842
1 41175U 15079B   18244.15382360  .00000021  00000-0  00000-0 0  9990
2 41175  54.9245 179.5361 0004700 301.4146  58.5359  1.70473032 16842
1 41175U 15079B   18245.32699637  .00000018  00000-0  00000+0 0  9993
2 41175  54.9244 179.5038 0004672 301.7474  58.2035  1.70473010 16863
1 41175U 15079B   18245.91358053  .00000014  00000-0  00000-0 0  9999
2 41175  54.9244 179.4875 0004660 301.9151  58.0347  1.70472999 16872
1 41175U 15079B   18247.08674587  .00000005  00000-0  00000+0 0  9991
2 41175  54.9243 179.4552 0004635 302.2408  57.7048  1.70472981 16891
1 41175U 15079B   18248.84649243 -.00000011  00000-0  00000+0 0  9995
2 41175  54.9244 179.4064 0004598 302.5767  57.3617  1.70472961 16929
1 41175U 15079B   18248.84649310 -.00000011  00000-0  00000-0 0  9991
2 41175  54.9244 179.4065 0004578 302.7635  57.1752  1.70472961 16922
1 41175U 15079B   18249.43307731 -.00000015  00000-0  00000-0 0  9999
2 41175  54.9243 179.3903 0004554 303.0961  56.8413  1.70472957 16937
1 41175U 15079B   18250.01966281 -.00000018  00000-0  00000+0 0  9998
2 41175  54.9243 179.3742 0004541 303.2267  56.7102  1.70472958 16941
1 41175U 15079B   18250.60624985 -.00000020  00000-0  00000-0 0  9999
2 41175  54.9243 179.3580 0004522 303.4184  56.5190  1.70472960 16959
1 41175U 15079B   18254.12579994 -.00000013  00000-0  00000+0 0  9990
2 41175  54.9243 179.2609 0004419 304.4138  55.5440  1.70472999 17012
1 41175U 15079B   18255.88557755 -.00000012  00000-0  00000+0 0  9994
2 41175  54.9242 179.2124 0004362 304.9902  54.9792  1.70473029 17045
1 41175U 15079B   18259.99169067 -.00000027  00000-0  00000+0 0  9991
2 41175  54.9240 179.0991 0004240 306.4004  53.5744  1.70473088 17113
1 41175U 15079B   18259.99169067 -.00000027  00000-0  00000-0 0  9992
2 41175  54.9240 179.0991 0004240 306.4004  53.5744  1.70473088 17113
1 41175U 15079B   18261.75144796 -.00000030  00000-0  00000+0 0  9994
2 41175  54.9239 179.0506 0004170 307.0661  52.9076  1.70473101 17141
1 41175U 15079B   18262.33803424 -.00000029  00000-0  00000-0 0  9998
2 41175  54.9239 179.0344 0004151 307.2348  52.7390  1.70473109 17150
1 41175U 15079B   18264.68438819 -.00000020  00000-0  00000-0 0  9991
2 41175  54.9238 178.9697 0004085 307.8219  52.1578  1.70473107 17191
1 41175U 15079B   18268.79053964  .00000006  00000-0  00000+0 0  9993
2 41175  54.9236 178.8565 0003983 308.9337  51.0760  1.70473048 17264
1 41175U 15079B   18268.79054023  .00000006  00000-0  00000-0 0  9991
2 41175  54.9236 178.8565 0003968 309.0874  50.9225  1.70473044 17265
1 41175U 15079B   18269.96372688  .00000013  00000-0  00000+0 0  9998
2 41175  54.9236 178.8241 0003931 309.5920  50.4267  1.70473016 17285
1 41175U 15079B   18271.13690910  .00000017  00000-0  00000+0 0  9995
2 41175  54.9235 178.7918 0003906 309.9523  50.0722  1.70472989 17302
1 41175U 15079B   18274.65642216  .00000004  00000-0  00000+0 0  9997
2 41175  54.9234 178.6947 0003819 311.3336  48.6881  1.70472915 17368
1 41175U 15079B   18277.00275666 -.00000011  00000-0  00000+0 0  9999
2 41175  54.9234 178.6298 0003743 312.4863  47.5290  1.70472901 17402
1 41175U 15079B   18278.76252205 -.00000012  00000-0  00000+0 0  9998
2 41175  54.9234 178.5812 0003669 313.4922  46.5269  1.70472900 17434
1 41175U 15079B   18279.34911324 -.00000010  00000-0  00000-0 0  9996
2 41175  54.9235 178.5650 0003653 313.7323  46.2898  1.70472906 17448
1 41175U 15079B   18279.93570550 -.00000008  00000-0  00000+0 0  9999
2 41175  54.9235 178.5488 0003637 313.9843  46.0415  1.70472916 17453
1 41175U 15079B   18281.69548466 -.00000001  00000-0  00000+0 0  9999
2 41175  54.9235 178.5003 0003613 314.3890  45.6493  1.70472941 17489
1 41175U 15079B   18282.28207759  .00000001  00000-0  00000-0 0  9992
2 41175  54.9235 178.4841 0003593 314.6561  45.3863  1.70472955 17497
1 41175U 15079B   18286.97478137 -.00000008  00000-0  00000+0 0  9999
2 41175  54.9234 178.3546 0003445 316.7536  43.2980  1.70473068 17570
1 41175U 15079B   18288.73453441 -.00000009  00000-0  00000+0 0  9997
2 41175  54.9234 178.3060 0003397 317.3403  42.7083  1.70473100 17606
1 41175U 15079B   18289.32111934 -.00000008  00000-0  00000-0 0  9991
2 41175  54.9234 178.2899 0003377 317.6057  42.4424  1.70473117 17616
1 41175U 15079B   18291.08087830 -.00000000  00000-0  00000+0 0  9995
2 41175  54.9235 178.2412 0003334 318.1058  41.9435  1.70473146 17649
1 41175U 15079B   18292.25405580  .00000007  00000-0  00000+0 0  9997
2 41175  54.9234 178.2089 0003308 318.6489  41.4043  1.70473161 17661
1 41175U 15079B   18293.42723717  .00000016  00000-0  00000+0 0  9992
2 41175  54.9234 178.1765 0003288 319.1625  40.8969  1.70473163 17680
1 41175U 15079B   18293.42723717  .00000016  00000-0  00000-0 0  9993
2 41175  54.9234 178.1765 0003288 319.1625  40.8969  1.70473163 17680
1 41175U 15079B   18294.60042184  .00000025  00000-0  00000+0 0  9995
2 41175  54.9234 178.1441 0003254 319.7482  40.3191  1.70473149 17700
1 41175U 15079B   18294.60042184  .00000025  00000-0  00000-0 0  9996
2 41175  54.9234 178.1441 0003254 319.7482  40.3191  1.70473149 17700
1 41175U 15079B   18295.77360692  .00000035  00000-0  00000+0 0  9992
2 41175  54.9234 178.1118 0003227 320.2344  39.8414  1.70473135 17723
1 41175U 15079B   18295.77360718  .00000035  00000-0  00000-0 0  9992
2 41175  54.9234 178.1118 0003224 320.3662  39.7098  1.70473131 17727
1 41175U 15079B   18296.94679137  .00000044  00000-0  00000+0 0  9999
2 41175  54.9234 178.0794 0003196 320.8673  39.2162  1.70473103 17749
1 41175U 15079B   18296.94679137  .00000044  00000-0  00000-0 0  9990
2 41175  54.9234 178.0794 0003196 320.8673  39.2162  1.70473103 17749
1 41175U 15079B   18299.29314566  .00000053  00000-0  00000+0 0  9992
2 41175  54.9236 178.0146 0003142 321.7302  38.3601  1.70473053 17788
1 41175U 15079B   18301.63947676  .00000045  00000-0  00000+0 0  9999
2 41175  54.9237 177.9498 0003089 322.8023  37.2807  1.70473016 17829
1 41175U 15079B   18302.81263814  .00000038  00000-0  00000+0 0  9997
2 41175  54.9238 177.9174 0003058 323.5024  36.5744  1.70473012 17846
1 41175U 15079B   18303.98580104  .00000032  00000-0  00000+0 0  9994
2 41175  54.9239 177.8851 0003029 324.0516  36.0201  1.70473012 17863
1 41175U 15079B   18304.57238403  .00000030  00000-0  00000-0 0  9991
2 41175  54.9239 177.8689 0003016 324.3145  35.7557  1.70473020 17879
1 41175U 15079B   18305.15896862  .00000029  00000-0  00000+0 0  9992
2 41175  54.9240 177.8526 0003003 324.5558  35.5138  1.70473024 17885
1 41175U 15079B   18309.26509380  .00000044  00000-0  00000+0 0  9991
2 41175  54.9244 177.7392 0002927 326.1153  33.9701  1.70473090 17951
1 41175U 15079B   18309.85168361  .00000046  00000-0  00000-0 0  9999
2 41175  54.9245 177.7230 0002918 326.3405  33.7473  1.70473099 17969
1 41175U 15079B   18310.43827193  .00000046  00000-0  00000+0 0  9999
2 41175  54.9245 177.7069 0002904 326.4875  33.6022  1.70473119 17979
1 41175U 15079B   18311.02485923  .00000046  00000-0  00000-0 0  9997
2 41175  54.9244 177.6907 0002892 326.7881  33.3027  1.70473132 17982
1 41175U 15079B   18311.61144551  .00000045  00000-0  00000+0 0  9999
2 41175  54.9244 177.6745 0002877 327.1988  32.8924  1.70473148 17996
1 41175U 15079B   18313.95777943  .00000038  00000-0  00000+0 0  9997
2 41175  54.9247 177.6098 0002818 328.5470  31.5390  1.70473210 18035
1 41175U 15079B   18316.30410653  .00000037  00000-0  00000+0 0  9990
2 41175  54.9247 177.5451 0002758 329.8439  30.2330  1.70473267 18075
1 41175U 15079B   18318.06385330  .00000043  00000-0  00000+0 0  9995
2 41175  54.9250 177.4965 0002744 329.0442  31.0282  1.70473331 18100
1 41175U 15079B   18318.65043819  .00000047  00000-0  00000-0 0  9998
2 41175  54.9250 177.4803 0002739 329.4390  30.6333  1.70473338 18111
1 41175U 15079B   18319.82361159  .00000055  00000-0  00000+0 0  9996
2 41175  54.9252 177.4479 0002716 330.1424  29.9316  1.70473343 18134
1 41175U 15079B   18320.99678764  .00000064  00000-0  00000+0 0  9999
2 41175  54.9255 177.4156 0002692 330.7630  29.3150  1.70473352 18159
1 41175U 15079B   18322.16996648  .00000074  00000-0  00000-0 0  9996
2 41175  54.9256 177.3832 0002674 331.2937  28.7896  1.70473342 18177
1 41175U 15079B   18322.75655607  .00000079  00000-0  00000-0 0  9993
2 41175  54.9257 177.3670 0002667 331.5125  28.5735  1.70473333 18183
1 41175U 15079B   18324.51632255  .00000091  00000-0  00000+0 0  9996
2 41175  54.9259 177.3184 0002646 332.2001  27.8926  1.70473305 18210
1 41175U 15079B   18326.27607893  .00000098  00000-0  00000+0 0  9998
2 41175  54.9260 177.2698 0002627 332.6202  27.4732  1.70473261 18242
1 41175U 15079B   18328.62240013  .00000092  00000-0  00000+0 0  9990
2 41175  54.9263 177.2050 0002603 333.2724  26.8091  1.70473216 18282
1 41175U 15079B   18330.96871129  .00000077  00000-0  00000-0 0  9992
2 41175  54.9267 177.1402 0002566 334.3490  25.7149  1.70473192 18326
1 41175U 15079B   18330.96871290  .00000077  00000-0  00000+0 0  9990
2 41175  54.9267 177.1402 0002564 334.5529  25.5110  1.70473181 18323
1 41175U 15079B   18333.31503810  .00000072  00000-0  00000+0 0  9997
2 41175  54.9270 177.0754 0002538 334.9543  25.1013  1.70473211 18363
1 41175U 15079B   18333.90162244  .00000074  00000-0  00000-0 0  9997
2 41175  54.9272 177.0592 0002550 334.7547  25.3009  1.70473224 18373
1 41175U 15079B   18334.48820861  .00000076  00000-0  00000+0 0  9998
2 41175  54.9272 177.0430 0002541 334.8346  25.2219  1.70473239 18381
1 41175U 15079B   18335.66138389  .00000081  00000-0  00000+0 0  9992
2 41175  54.9274 177.0106 0002523 335.0342  25.0255  1.70473257 18403
1 41175U 15079B   18338.59431384  .00000083  00000-0  00000+0 0  9990
2 41175  54.9278 176.9297 0002504 335.3891  24.6732  1.70473313 18450
1 41175U 15079B   18340.35405796  .00000075  00000-0  00000+0 0  9996
2 41175  54.9281 176.8811 0002472 335.8573  24.1985  1.70473369 18480
1 41175U 15079B   18342.11379511  .00000068  00000-0  00000+0 0  9999
2 41175  54.9284 176.8326 0002437 336.1114  23.9336  1.70473415 18513
1 41175U 15079B   18343.28694909  .00000066  00000-0  00000+0 0  9997
2 41175  54.9283 176.8000 0002414 336.0198  24.0178  1.70473588 18536
1 41175U 15079B   18343.87352840  .00000067  00000-0  00000-0 0  9999
2 41175  54.9285 176.7837 0002407 335.9382  24.0961  1.70473585 18548
1 41175U 15079B   18345.63327060  .00000072  00000-0  00000+0 0  9996
2 41175  54.9288 176.7352 0002403 335.8968  24.1308  1.70473605 18570
1 41175U 15079B   18346.80643708  .00000078  00000-0  00000+0 0  9992
2 41175  54.9290 176.7028 0002391 335.9223  24.1040  1.70473621 18597
1 41175U 15079B   18346.80643708  .00000078  00000-0  00000-0 0  9993
2 41175  54.9290 176.7028 0002391 335.9223  24.1040  1.70473621 18597
1 41175U 15079B   18347.97960782  .00000086  00000-0  00000+0 0  9994
2 41175  54.9292 176.6705 0002377 336.0671  23.9604  1.70473617 18614
1 41175U 15079B   18350.32595627  .00000102  00000-0  00000+0 0  9998
2 41175  54.9296 176.6057 0002352 336.3512  23.6827  1.70473571 18655
1 41175U 15079B   18351.49912982  .00000108  00000-0  00000+0 0  9990
2 41175  54.9295 176.5734 0002345 336.5262  23.5102  1.70473545 18679
1 41175U 15079B   18352.67229901  .00000113  00000-0  00000+0 0  9999
2 41175  54.9296 176.5410 0002339 336.3202  23.7164  1.70473511 18691
1 41175U 15079B   18353.25888150  .00000114  00000-0  00000-0 0  9993
2 41175  54.9297 176.5248 0002338 336.1896  23.8459  1.70473497 18700
1 41175U 15079B   18358.53807939  .00000085  00000-0  00000+0 0  9991
2 41175  54.9310 176.3790 0002337 335.8811  24.1157  1.70473394 18792
1 41175U 15079B   18359.71123617  .00000079  00000-0  00000-0 0  9990
2 41175  54.9309 176.3466 0002320 335.5154  24.4750  1.70473404 18816
1 41175U 15079B   18359.71123661  .00000079  00000-0  00000+0 0  9998
2 41175  54.9309 176.3466 0002325 335.6144  24.3760  1.70473404 18811
1 41175U 15079B   18361.47098632  .00000078  00000-0  00000+0 0  9992
2 41175  54.9309 176.2979 0002325 335.7135  24.2746  1.70473407 18849
1 41175U 15079B   18361.47098632  .00000078  00000-0  00000-0 0  9993
2 41175  54.9309 176.2979 0002325 335.7135  24.2746  1.70473407 18849
1 41175U 15079B   18362.64415828  .00000081  00000-0  00000+0 0  9996
2 41175  54.9311 176.2656 0002319 335.3524  24.6375  1.70473419 18862
1 41175U 15079B   18363.81733060  .00000083  00000-0  00000+0 0  9999
2 41175  54.9310 176.2331 0002323 335.3130  24.6792  1.70473440 18888
1 41175U 15079B   18365.57708407  .00000079  00000-0  00000+0 0  9996
2 41175  54.9313 176.1846 0002322 334.8946  25.0975  1.70473468 18911

