1 41550U 16030B   18002.89532020 -.00000052  00000-0  00000+0 0  9992
2 41550  57.0060 306.4500 0003398 272.6798  87.2826  1.70474006 10011
1 41550U 16030B   18002.89532020 -.00000052  00000-0  00000-0 0  9993
2 41550  57.0060 306.4500 0003398 272.6798  87.2826  1.70474006 10033
1 41550U 16030B   18004.06850802 -.00000054  00000-0  00000-0 0  9997
2 41550  57.0049 306.4182 0003346 273.3223  86.6457  1.70473984 10059
1 41550U 16030B   18004.06850823 -.00000054  00000-0  00000-0 0  9990
2 41550  57.0050 306.4181 0003343 273.3560  86.6120  1.70473977 10050
1 41550U 16030B   18007.00146100 -.00000065  00000-0  00000+0 0  9994
2 41550  57.0024 306.3385 0003249 274.4285  85.5463  1.70474066 10088
1 41550U 16030B   18008.76122430 -.00000073  00000-0  00000-0 0  9998
2 41550  57.0009 306.2906 0003213 275.0292  84.9438  1.70474070 10131
1 41550U 16030B   18012.28074943 -.00000071  00000-0  00000+0 0  9992
2 41550  56.9981 306.1950 0003099 276.8069  83.1640  1.70474220 10176
1 41550U 16030B   18012.28074943 -.00000071  00000-0  00000-0 0  9993
2 41550  56.9981 306.1950 0003099 276.8069  83.1640  1.70474220 10198
1 41550U 16030B   18015.21370787 -.00000056  00000-0  00000+0 0  9996
2 41550  56.9956 306.1154 0003004 277.9671  82.0142  1.70474254 10229
1 41550U 16030B   18015.80030173 -.00000052  00000-0  00000-0 0  9990
2 41550  56.9952 306.0995 0002976 278.2347  81.7501  1.70474251 10253
1 41550U 16030B   18019.90645618 -.00000031  00000-0  00000+0 0  9997
2 41550  56.9919 305.9880 0002829 279.9171  80.0910  1.70474196 10318
1 41550U 16030B   18021.66622690 -.00000028  00000-0  00000-0 0  9995
2 41550  56.9908 305.9403 0002754 280.5152  79.4970  1.70474154 10357
1 41550U 16030B   18022.83940352 -.00000029  00000-0  00000+0 0  9993
2 41550  56.9898 305.9083 0002714 280.5781  79.4335  1.70474085 10362
1 41550U 16030B   18029.87846160 -.00000039  00000-0  00000+0 0  9997
2 41550  56.9853 305.7165 0002455 282.9315  77.0811  1.70474022 10480
1 41550U 16030B   18035.15777683 -.00000054  00000-0  00000+0 0  9995
2 41550  56.9795 305.5727 0002266 285.2679  74.7572  1.70474113 10575
1 41550U 16030B   18036.91753261 -.00000059  00000-0  00000-0 0  9992
2 41550  56.9780 305.5247 0002206 286.3351  73.6868  1.70474265 10618
1 41550U 16030B   18037.50411987 -.00000060  00000-0  00000+0 0  9995
2 41550  56.9775 305.5087 0002187 286.7143  73.3066  1.70474256 10612
1 41550U 16030B   18037.50411987 -.00000060  00000-0  00000-0 0  9996
2 41550  56.9775 305.5087 0002187 286.7143  73.3066  1.70474256 10623
1 41550U 16030B   18038.67729295 -.00000058  00000-0  00000-0 0  9996
2 41550  56.9763 305.4767 0002171 286.9844  73.0349  1.70474280 10647
1 41550U 16030B   18042.19683324 -.00000040  00000-0  00000+0 0  9990
2 41550  56.9734 305.3809 0002044 288.9715  71.0558  1.70474371 10695
1 41550U 16030B   18043.95660677 -.00000029  00000-0  00000-0 0  9999
2 41550  56.9724 305.3331 0001999 288.6821  71.3541  1.70474479 10736
1 41550U 16030B   18043.95661016 -.00000029  00000-0  00000-0 0  9997
2 41550  56.9719 305.3330 0002000 289.3480  70.6883  1.70474387 10731
1 41550U 16030B   18047.47615974 -.00000012  00000-0  00000+0 0  9991
2 41550  56.9696 305.2372 0001880 289.7041  70.3479  1.70474349 10783
1 41550U 16030B   18047.77549319 -.00000011  00000-0  00000+0 0  9992
2 41550  56.9658 305.2350 0002265 291.9726 251.7778  1.70474208 10781
1 41550U 16030B   18054.51518820 -.00000018  00000-0  00000-0 0  9993
2 41550  56.9640 305.0452 0001582 291.5162  68.5242  1.70474275 10902
1 41550U 16030B   18054.51518820 -.00000018  00000-0  00000-0 0  9993
2 41550  56.9640 305.0452 0001582 291.5162  68.5242  1.70474275 10913
1 41550U 16030B   18058.62132163 -.00000019  00000-0  00000+0 0  9991
2 41550  56.9607 304.9330 0001402 293.2671  66.7834  1.70474146 10974
1 41550U 16030B   18059.79449827 -.00000022  00000-0  00000-0 0  9993
2 41550  56.9599 304.9010 0001390 293.3698  66.6829  1.70474247 11005
1 41550U 16030B   18059.79449837 -.00000022  00000-0  00000-0 0  9994
2 41550  56.9599 304.9010 0001395 293.4665  66.5861  1.70474237 11009
1 41550U 16030B   18062.14084480 -.00000033  00000-0  00000+0 0  9997
2 41550  56.9580 304.8370 0001300 293.6338  66.4172  1.70474313 11034
1 41550U 16030B   18066.83351936 -.00000037  00000-0  00000+0 0  9994
2 41550  56.9544 304.7088 0001207 296.2137  63.8235  1.70474514 11114
1 41550U 16030B   18067.42010740 -.00000035  00000-0  00000-0 0  9994
2 41550  56.9539 304.6928 0001193 296.3943  63.6428  1.70474498 11135
1 41550U 16030B   18072.11282002 -.00000008  00000-0  00000+0 0  9997
2 41550  56.9504 304.5649 0001090 295.9071  64.1430  1.70474643 11208
1 41550U 16030B   18074.45917717  .00000002  00000-0  00000+0 0  9997
2 41550  56.9486 304.5010 0001101 295.4399  64.6157  1.70474541 11242
1 41550U 16030B   18075.63235529  .00000005  00000-0  00000-0 0  9996
2 41550  56.9478 304.4690 0000952 295.3739  64.6831  1.70474480 11270
1 41550U 16030B   18076.21893828  .00000005  00000-0  00000-0 0  9993
2 41550  56.9471 304.4530 0000936 295.1892  64.8669  1.70474528 11281
1 41550U 16030B   18076.80552457  .00000005  00000-0  00000+0 0  9997
2 41550  56.9468 304.4371 0000910 294.6629  65.3918  1.70474461 11283
1 41550U 16030B   18079.73843482 -.00000001  00000-0  00000-0 0  9991
2 41550  56.9447 304.3571 0000817 292.6811  67.3604  1.70474449 11345
1 41550U 16030B   18079.73843665 -.00000001  00000-0  00000+0 0  9993
2 41550  56.9464 304.3566 0000925 295.1791  64.8658  1.70474658 11335
1 41550U 16030B   18082.08476796 -.00000006  00000-0  00000+0 0  9997
2 41550  56.9429 304.2931 0000750 291.3534  68.6800  1.70474443 11377
1 41550U 16030B   18085.60429533 -.00000008  00000-0  00000-0 0  9998
2 41550  56.9402 304.1975 0000652 287.9988  72.0380  1.70474426 11430
1 41550U 16030B   18089.12381013 -.00000024  00000-0  00000+0 0  9996
2 41550  56.9379 304.1007 0000550 283.2790  76.7551  1.70474548 11498
1 41550U 16030B   18090.29697531 -.00000030  00000-0  00000-0 0  9999
2 41550  56.9370 304.0687 0000551 282.9749  77.0537  1.70474542 11529
1 41550U 16030B   18090.88355597 -.00000033  00000-0  00000-0 0  9990
2 41550  56.9366 304.0527 0000545 282.2713  77.7543  1.70474590 11532
1 41550U 16030B   18092.64330176 -.00000036  00000-0  00000+0 0  9994
2 41550  56.9353 304.0048 0000529 280.5226  79.4944  1.70474631 11550
1 41550U 16030B   18093.22988359 -.00000036  00000-0  00000-0 0  9992
2 41550  56.9349 303.9888 0000515 279.3207  80.6942  1.70474689 11572
1 41550U 16030B   18093.81646526 -.00000035  00000-0  00000-0 0  9993
2 41550  56.9344 303.9728 0000502 277.6912  82.3220  1.70474781 11582
1 41550U 16030B   18093.81646543 -.00000035  00000-0  00000+0 0  9991
2 41550  56.9245 303.9768 0000920 297.7789  62.2298  1.70474849 11560
1 41550U 16030B   18093.81646709 -.00000035  00000-0  00000+0 0  9995
2 41550  56.9321 303.9767 0000889 297.1111  62.8961  1.70474478 11573
1 41550U 16030B   18099.68234182 -.00000008  00000-0  00000-0 0  9995
2 41550  56.9299 303.8131 0000449 259.5996 100.4212  1.70474773 11684
1 41550U 16030B   18099.68234188 -.00000008  00000-0  00000+0 0  9990
2 41550  56.9299 303.8131 0000451 261.2259  98.7949  1.70474767 11677
1 41550U 16030B   18100.26892956 -.00000005  00000-0  00000-0 0  9998
2 41550  56.9297 303.7971 0000435 256.3931 103.6293  1.70474782 11697
1 41550U 16030B   18102.02869054  .00000000  00000-0  00000+0 0  9990
2 41550  56.9284 303.7491 0000432 250.7052 109.3191  1.70474746 11712
1 41550U 16030B   18103.78844137  .00000002  00000-0  00000-0 0  9992
2 41550  56.9272 303.7012 0000429 244.6800 115.3413  1.70474768 11759
1 41550U 16030B   18107.30793133 -.00000007  00000-0  00000+0 0  9998
2 41550  56.9247 303.6053 0000465 230.4127 129.5909  1.70474598 11804
1 41550U 16030B   18107.89451118 -.00000009  00000-0  00000-0 0  9999
2 41550  56.9243 303.5893 0000484 227.4051 132.5955  1.70474624 11821
1 41550U 16030B   18109.06767462 -.00000012  00000-0  00000-0 0  9996
2 41550  56.9235 303.5573 0000503 224.2707 135.7257  1.70474663 11847
1 41550U 16030B   18112.00060650 -.00000015  00000-0  00000+0 0  9991
2 41550  56.9213 303.4774 0000537 218.7487 141.2477  1.70474606 11882
1 41550U 16030B   18112.58719553 -.00000016  00000-0  00000-0 0  9999
2 41550  56.9209 303.4614 0000549 216.9396 143.0578  1.70474576 11903
1 41550U 16030B   18114.93353713 -.00000025  00000-0  00000+0 0  9991
2 41550  56.9191 303.3975 0000574 213.7814 146.2167  1.70474715 11937
1 41550U 16030B   18116.69328726 -.00000037  00000-0  00000-0 0  9996
2 41550  56.9179 303.3496 0000643 210.3976 149.5950  1.70474723 11979
1 41550U 16030B   18117.27986695 -.00000040  00000-0  00000+0 0  9999
2 41550  56.9175 303.3335 0000653 211.1551 148.8346  1.70474778 11966
1 41550U 16030B   18119.03961033 -.00000049  00000-0  00000-0 0  9994
2 41550  56.9162 303.2857 0000697 209.5430 150.4374  1.70474811 12010
1 41550U 16030B   18119.62619182 -.00000050  00000-0  00000+0 0  9995
2 41550  56.9157 303.2697 0000707 209.5251 150.4525  1.70474812 12007
1 41550U 16030B   18121.97252247 -.00000047  00000-0  00000+0 0  9997
2 41550  56.9140 303.2059 0000760 207.7541 152.2172  1.70474931 12046
1 41550U 16030B   18121.97252255 -.00000047  00000-0  00000-0 0  9997
2 41550  56.9140 303.2059 0000765 207.3529 152.6185  1.70474943 12066
1 41550U 16030B   18123.73228171 -.00000040  00000-0  00000-0 0  9996
2 41550  56.9127 303.1581 0000818 206.3676 153.6049  1.70474970 12094
1 41550U 16030B   18124.31886907 -.00000037  00000-0  00000+0 0  9993
2 41550  56.9122 303.1422 0000823 206.2615 153.7123  1.70474976 12080
1 41550U 16030B   18126.07863190 -.00000029  00000-0  00000-0 0  9999
2 41550  56.9108 303.0943 0000901 205.4329 154.5462  1.70475046 12131
1 41550U 16030B   18126.66522157 -.00000026  00000-0  00000+0 0  9995
2 41550  56.9103 303.0784 0000917 205.4997 154.4812  1.70474996 12127
1 41550U 16030B   18126.66522236 -.00000026  00000-0  00000-0 0  9994
2 41550  56.9105 303.0784 0000918 205.4526 154.5283  1.70474977 12142
1 41550U 16030B   18127.83839685 -.00000022  00000-0  00000-0 0  9999
2 41550  56.9097 303.0465 0000932 205.3760 154.6082  1.70475007 12168
1 41550U 16030B   18129.59815454 -.00000017  00000-0  00000+0 0  9995
2 41550  56.9090 302.9987 0000992 204.4582 155.5280  1.70475007 12177
1 41550U 16030B   18129.59815591 -.00000017  00000-0  00000-0 0  9998
2 41550  56.9089 302.9987 0000976 204.6987 155.2876  1.70474975 12191
1 41550U 16030B   18130.77132505 -.00000017  00000-0  00000-0 0  9997
2 41550  56.9078 302.9669 0001040 203.4023 156.5826  1.70474904 12211
1 41550U 16030B   18131.35790749 -.00000017  00000-0  00000-0 0  9992
2 41550  56.9073 302.9510 0001051 203.4135 156.5698  1.70474901 12222
1 41550U 16030B   18134.29081057 -.00000025  00000-0  00000-0 0  9992
2 41550  56.9051 302.8712 0001148 202.6067 157.3637  1.70474900 12279
1 41550U 16030B   18134.87739252 -.00000027  00000-0  00000-0 0  9995
2 41550  56.9045 302.8553 0001185 202.6399 157.3278  1.70474843 12282
1 41550U 16030B   18136.05055858 -.00000030  00000-0  00000+0 0  9993
2 41550  56.9036 302.8234 0001225 202.6442 157.3197  1.70474779 12280
1 41550U 16030B   18138.39689799 -.00000033  00000-0  00000+0 0  9992
2 41550  56.9018 302.7596 0001287 202.6072 157.3568  1.70474827 12328
1 41550U 16030B   18138.98348461 -.00000033  00000-0  00000-0 0  9996
2 41550  56.9013 302.7436 0001305 202.5981 157.3672  1.70474849 12347
1 41550U 16030B   18139.57007324 -.00000034  00000-0  00000-0 0  9993
2 41550  56.9007 302.7277 0001333 202.5746 157.3921  1.70474821 12362
1 41550U 16030B   18140.74324703 -.00000037  00000-0  00000+0 0  9999
2 41550  56.8997 302.6958 0001370 202.5770 157.3925  1.70474871 12361
1 41550U 16030B   18141.32983366 -.00000040  00000-0  00000-0 0  9995
2 41550  56.8993 302.6799 0001370 202.3915 157.5789  1.70474878 12399
1 41550U 16030B   18142.50300590 -.00000046  00000-0  00000-0 0  9994
2 41550  56.8983 302.6480 0001374 202.6034 157.3672  1.70474855 12411
1 41550U 16030B   18143.08958870 -.00000050  00000-0  00000+0 0  9992
2 41550  56.8978 302.6321 0001409 202.9218 157.0477  1.70474896 12409
1 41550U 16030B   18143.67617142 -.00000054  00000-0  00000-0 0  9996
2 41550  56.8974 302.6161 0001414 202.8258 157.1422  1.70474905 12431
1 41550U 16030B   18145.43591416 -.00000065  00000-0  00000-0 0  9999
2 41550  56.8960 302.5683 0001483 203.5583 156.4027  1.70474991 12460
1 41550U 16030B   18146.02249578 -.00000068  00000-0  00000-0 0  9997
2 41550  56.8955 302.5524 0001506 203.8092 156.1493  1.70474993 12479
1 41550U 16030B   18146.60907652 -.00000069  00000-0  00000-0 0  9996
2 41550  56.8951 302.5364 0001528 204.0921 155.8639  1.70475031 12488
1 41550U 16030B   18147.19565946 -.00000070  00000-0  00000-0 0  9999
2 41550  56.8946 302.5205 0001549 204.4458 155.5083  1.70475025 12492
1 41550U 16030B   18148.36882396 -.00000070  00000-0  00000+0 0  9999
2 41550  56.8937 302.4887 0001563 204.6221 155.3297  1.70475089 12498
1 41550U 16030B   18151.30175426 -.00000058  00000-0  00000+0 0  9992
2 41550  56.8914 302.4091 0001667 205.3592 154.5966  1.70475179 12544
1 41550U 16030B   18151.88834285 -.00000055  00000-0  00000-0 0  9998
2 41550  56.8909 302.3932 0001705 205.5856 154.3724  1.70475197 12572
1 41550U 16030B   18153.06151959 -.00000050  00000-0  00000-0 0  9995
2 41550  56.8900 302.3614 0001725 205.8267 154.1366  1.70475225 12595
1 41550U 16030B   18153.64810952 -.00000047  00000-0  00000+0 0  9999
2 41550  56.8895 302.3455 0001747 206.0386 153.9274  1.70475199 12584
1 41550U 16030B   18154.23469872 -.00000044  00000-0  00000-0 0  9994
2 41550  56.8891 302.3296 0001789 206.3823 153.5862  1.70475187 12618
1 41550U 16030B   18155.40787468 -.00000040  00000-0  00000-0 0  9994
2 41550  56.8881 302.2978 0001831 206.6747 153.2983  1.70475184 12639
1 41550U 16030B   18157.75421909 -.00000035  00000-0  00000+0 0  9992
2 41550  56.8862 302.2341 0001934 207.0770 152.8995  1.70475113 12659
1 41550U 16030B   18160.10054948 -.00000038  00000-0  00000+0 0  9993
2 41550  56.8843 302.1703 0002032 207.5292 152.4425  1.70475045 12695
1 41550U 16030B   18162.44687210 -.00000043  00000-0  00000+0 0  9992
2 41550  56.8825 302.1065 0002102 207.9821 151.9824  1.70475106 12736
1 41550U 16030B   18163.03345369 -.00000045  00000-0  00000-0 0  9997
2 41550  56.8820 302.0905 0002121 208.1817 151.7817  1.70475127 12768
1 41550U 16030B   18165.37980136 -.00000047  00000-0  00000+0 0  9994
2 41550  56.8801 302.0267 0002200 208.8287 151.1368  1.70474930 12782
1 41550U 16030B   18165.96638915 -.00000047  00000-0  00000-0 0  9995
2 41550  56.8796 302.0108 0002206 208.9686 150.9989  1.70474943 12813
1 41550U 16030B   18168.31274011 -.00000051  00000-0  00000+0 0  9994
2 41550  56.8776 301.9470 0002275 209.6360 150.3401  1.70475004 12838
1 41550U 16030B   18169.48591211 -.00000056  00000-0  00000-0 0  9993
2 41550  56.8773 301.9151 0002303 210.0328 149.9455  1.70475038 12877
1 41550U 16030B   18170.07249711 -.00000060  00000-0  00000-0 0  9990
2 41550  56.8767 301.8992 0002313 210.3045 149.6740  1.70475046 12886
1 41550U 16030B   18170.65908145 -.00000063  00000-0  00000+0 0  9999
2 41550  56.8762 301.8832 0002331 210.5153 149.4626  1.70475040 12870
1 41550U 16030B   18171.24566352 -.00000067  00000-0  00000-0 0  9990
2 41550  56.8757 301.8673 0002367 210.9808 148.9958  1.70475075 12901
1 41550U 16030B   18171.24566559 -.00000067  00000-0  00000-0 0  9999
2 41550  56.8758 301.8673 0002347 210.7488 149.2280  1.70475016 12909
1 41550U 16030B   18172.41882668 -.00000074  00000-0  00000-0 0  9999
2 41550  56.8747 301.8354 0002384 211.2515 148.7220  1.70475114 12920
1 41550U 16030B   18173.00540738 -.00000077  00000-0  00000+0 0  9996
2 41550  56.8742 301.8195 0002422 211.7761 148.1953  1.70475156 12911
1 41550U 16030B   18173.00540738 -.00000077  00000-0  00000-0 0  9997
2 41550  56.8742 301.8195 0002422 211.7761 148.1953  1.70475156 12933
1 41550U 16030B   18175.35173809 -.00000080  00000-0  00000+0 0  9991
2 41550  56.8718 301.7557 0002497 212.5882 147.3784  1.70475188 12952
1 41550U 16030B   18175.35173940 -.00000080  00000-0  00000-0 0  9998
2 41550  56.8718 301.7557 0002506 212.7135 147.2530  1.70475163 12979
1 41550U 16030B   18176.52490538 -.00000077  00000-0  00000-0 0  9999
2 41550  56.8709 301.7239 0002549 213.2691 146.6981  1.70475316 12991
1 41550U 16030B   18176.52490915 -.00000077  00000-0  00000-0 0  9998
2 41550  56.8708 301.7238 0002515 212.9766 146.9909  1.70475200 12996
1 41550U 16030B   18180.04443711 -.00000058  00000-0  00000-0 0  9991
2 41550  56.8679 301.6284 0002665 214.4637 145.5183  1.70475296 13033
1 41550U 16030B   18180.04443711 -.00000058  00000-0  00000-0 0  9991
2 41550  56.8679 301.6284 0002665 214.4637 145.5183  1.70475296 13055
1 41550U 16030B   18182.97737860 -.00000045  00000-0  00000+0 0  9991
2 41550  56.8656 301.5487 0002761 215.3336 144.6637  1.70475369 13085
1 41550U 16030B   18184.15055284 -.00000041  00000-0  00000-0 0  9993
2 41550  56.8646 301.5169 0002802 215.6639 144.3368  1.70475333 13120
1 41550U 16030B   18184.73714034 -.00000040  00000-0  00000-0 0  9991
2 41550  56.8641 301.5009 0002815 215.7099 144.2919  1.70475271 13136
1 41550U 16030B   18185.32372427 -.00000039  00000-0  00000+0 0  9990
2 41550  56.8636 301.4850 0002838 215.9054 144.0967  1.70475275 13125
1 41550U 16030B   18185.91030872 -.00000039  00000-0  00000-0 0  9991
2 41550  56.8630 301.4691 0002878 216.1331 143.8686  1.70475214 13158
1 41550U 16030B   18187.67005525 -.00000040  00000-0  00000+0 0  9994
2 41550  56.8616 301.4212 0002922 216.4199 143.5789  1.70475207 13160
1 41550U 16030B   18189.42980080 -.00000043  00000-0  00000-0 0  9991
2 41550  56.8601 301.3733 0003011 217.1940 142.8005  1.70475130 13217
1 41550U 16030B   18190.60297005 -.00000044  00000-0  00000+0 0  9991
2 41550  56.8591 301.3413 0003030 217.3928 142.6008  1.70475057 13218
1 41550U 16030B   18191.18955202 -.00000045  00000-0  00000-0 0  9997
2 41550  56.8586 301.3254 0003067 217.7748 142.2190  1.70475095 13242
1 41550U 16030B   18192.36272512 -.00000044  00000-0  00000-0 0  9993
2 41550  56.8577 301.2934 0003072 217.8303 142.1664  1.70475090 13262
1 41550U 16030B   18192.94931103 -.00000044  00000-0  00000+0 0  9994
2 41550  56.8572 301.2774 0003089 218.0447 141.9541  1.70475132 13256
1 41550U 16030B   18192.94931103 -.00000044  00000-0  00000-0 0  9995
2 41550  56.8572 301.2774 0003089 218.0447 141.9541  1.70475132 13278
1 41550U 16030B   18195.88225276 -.00000047  00000-0  00000+0 0  9990
2 41550  56.8547 301.1975 0003171 218.9255 141.0856  1.70475108 13307
1 41550U 16030B   18195.88225276 -.00000047  00000-0  00000-0 0  9991
2 41550  56.8547 301.1975 0003171 218.9255 141.0856  1.70475108 13329
1 41550U 16030B   18198.22860240 -.00000059  00000-0  00000+0 0  9990
2 41550  56.8523 301.1336 0003256 219.8314 140.1811  1.70474856 13346
1 41550U 16030B   18199.40176009 -.00000066  00000-0  00000-0 0  9993
2 41550  56.8504 301.1017 0003339 220.6656 139.3436  1.70475032 13386
1 41550U 16030B   18199.98833694 -.00000069  00000-0  00000+0 0  9998
2 41550  56.8500 301.0857 0003362 220.9817 139.0258  1.70475171 13373
1 41550U 16030B   18202.33466603 -.00000072  00000-0  00000+0 0  9998
2 41550  56.8480 301.0218 0003442 222.0823 137.9199  1.70475205 13414
1 41550U 16030B   18204.09442134 -.00000066  00000-0  00000-0 0  9990
2 41550  56.8466 300.9739 0003525 223.2498 136.7533  1.70475247 13467
1 41550U 16030B   18206.44077253 -.00000053  00000-0  00000-0 0  9993
2 41550  56.8444 300.9101 0003512 223.1701 136.8437  1.70475337 13484
1 41550U 16030B   18209.37371884 -.00000036  00000-0  00000-0 0  9996
2 41550  56.8433 300.8304 0003589 223.7718 136.2584  1.70475345 13547
1 41550U 16030B   18209.96030258 -.00000033  00000-0  00000-0 0  9995
2 41550  56.8429 300.8145 0003619 224.0518 135.9809  1.70475459 13565
1 41550U 16030B   18212.30665396 -.00000026  00000-0  00000+0 0  9995
2 41550  56.8411 300.7507 0003682 224.7005 135.3377  1.70475206 13581
1 41550U 16030B   18214.65298531 -.00000024  00000-0  00000+0 0  9996
2 41550  56.8392 300.6868 0003748 225.2182 134.8169  1.70475133 13620
1 41550U 16030B   18215.23956760 -.00000025  00000-0  00000-0 0  9998
2 41550  56.8387 300.6707 0003747 225.3920 134.6417  1.70475109 13656
1 41550U 16030B   18218.17247783 -.00000027  00000-0  00000+0 0  9993
2 41550  56.8363 300.5908 0003863 226.6232 133.4045  1.70475061 13685
1 41550U 16030B   18219.34565041 -.00000026  00000-0  00000-0 0  9993
2 41550  56.8354 300.5587 0003887 227.0909 132.9382  1.70474994 13727
1 41550U 16030B   18220.51882315 -.00000025  00000-0  00000+0 0  9998
2 41550  56.8345 300.5267 0003945 227.8921 132.1401  1.70474994 13723
1 41550U 16030B   18221.10541152 -.00000024  00000-0  00000-0 0  9995
2 41550  56.8340 300.5107 0003960 228.0931 131.9413  1.70474982 13752
1 41550U 16030B   18224.03834774 -.00000030  00000-0  00000-0 0  9992
2 41550  56.8317 300.4306 0004025 228.9626 131.0801  1.70474986 13799
1 41550U 16030B   18225.21151430 -.00000036  00000-0  00000-0 0  9990
2 41550  56.8307 300.3986 0004055 229.2870 130.7547  1.70475023 13829
1 41550U 16030B   18226.38467862 -.00000043  00000-0  00000+0 0  9995
2 41550  56.8297 300.3666 0004052 229.2529 130.7860  1.70475031 13827
1 41550U 16030B   18227.55784174 -.00000049  00000-0  00000-0 0  9990
2 41550  56.8288 300.3345 0004088 229.7129 130.3214  1.70475006 13866
1 41550U 16030B   18228.14442003 -.00000050  00000-0  00000-0 0  9990
2 41550  56.8283 300.3185 0004105 230.0682 129.9637  1.70475083 13871
1 41550U 16030B   18228.73100208 -.00000051  00000-0  00000+0 0  9993
2 41550  56.8278 300.3024 0004124 230.5213 129.5084  1.70475073 13863
1 41550U 16030B   18229.31758323 -.00000051  00000-0  00000-0 0  9996
2 41550  56.8274 300.2864 0004136 230.7722 129.2559  1.70475112 13891
1 41550U 16030B   18231.66392064 -.00000043  00000-0  00000+0 0  9993
2 41550  56.8256 300.2223 0004167 231.3462 128.6817  1.70475147 13913
1 41550U 16030B   18232.25050699 -.00000040  00000-0  00000-0 0  9992
2 41550  56.8251 300.2063 0004182 231.6571 128.3720  1.70475172 13942
1 41550U 16030B   18233.42368165 -.00000033  00000-0  00000-0 0  9994
2 41550  56.8242 300.1744 0004209 231.9665 128.0668  1.70475207 13963
1 41550U 16030B   18234.59686139 -.00000026  00000-0  00000+0 0  9998
2 41550  56.8233 300.1424 0004252 232.5005 127.5377  1.70475144 13962
1 41550U 16030B   18234.59686139 -.00000026  00000-0  00000-0 0  9999
2 41550  56.8233 300.1424 0004252 232.5005 127.5377  1.70475144 13984
1 41550U 16030B   18236.35662458 -.00000016  00000-0  00000-0 0  9992
2 41550  56.8220 300.0944 0004283 232.9229 127.1231  1.70475200 14015
1 41550U 16030B   18238.11638653 -.00000009  00000-0  00000+0 0  9999
2 41550  56.8207 300.0464 0004332 233.6666 126.3840  1.70475124 14028
1 41550U 16030B   18238.70297077 -.00000007  00000-0  00000-0 0  9994
2 41550  56.8203 300.0304 0004326 233.6437 126.4077  1.70475151 14052
1 41550U 16030B   18240.46272252 -.00000003  00000-0  00000+0 0  9993
2 41550  56.8189 299.9824 0004364 234.1063 125.9434  1.70475057 14068
1 41550U 16030B   18241.63588548 -.00000003  00000-0  00000-0 0  9992
2 41550  56.8180 299.9504 0004392 234.4534 125.5926  1.70475042 14102
1 41550U 16030B   18242.22246779 -.00000003  00000-0  00000-0 0  9995
2 41550  56.8176 299.9345 0004404 234.5934 125.4504  1.70474981 14112
1 41550U 16030B   18242.80904801 -.00000003  00000-0  00000+0 0  9995
2 41550  56.8171 299.9184 0004430 234.9316 125.1095  1.70474939 14109
1 41550U 16030B   18243.39562787 -.00000004  00000-0  00000-0 0  9995
2 41550  56.8167 299.9024 0004437 234.9657 125.0731  1.70474965 14130
1 41550U 16030B   18243.39562790 -.00000004  00000-0  00000-0 0  9999
2 41550  56.8167 299.9024 0004442 235.0963 124.9424  1.70474942 14130
1 41550U 16030B   18245.74195703 -.00000005  00000-0  00000+0 0  9996
2 41550  56.8149 299.8384 0004476 235.6901 124.3427  1.70474899 14153
1 41550U 16030B   18246.91512870 -.00000004  00000-0  00000-0 0  9994
2 41550  56.8140 299.8063 0004494 236.1225 123.9106  1.70474831 14192
1 41550U 16030B   18248.67488884 -.00000002  00000-0  00000+0 0  9993
2 41550  56.8127 299.7582 0004514 236.6444 123.3925  1.70474826 14202
1 41550U 16030B   18249.84806605 -.00000003  00000-0  00000-0 0  9990
2 41550  56.8118 299.7261 0004538 237.2512 122.7882  1.70474711 14247
1 41550U 16030B   18253.36756255 -.00000021  00000-0  00000+0 0  9996
2 41550  56.8091 299.6299 0004589 238.3112 121.7223  1.70474861 14290
1 41550U 16030B   18253.95414204 -.00000024  00000-0  00000-0 0  9990
2 41550  56.8086 299.6139 0004597 238.5495 121.4810  1.70474887 14312
1 41550U 16030B   18255.12730345 -.00000030  00000-0  00000-0 0  9995
2 41550  56.8078 299.5817 0004624 239.3286 120.6950  1.70474847 14337
1 41550U 16030B   18255.71388280 -.00000032  00000-0  00000+0 0  9998
2 41550  56.8073 299.5657 0004632 239.6178 120.4026  1.70474880 14335
1 41550U 16030B   18256.88704424 -.00000033  00000-0  00000-0 0  9991
2 41550  56.8064 299.5336 0004645 240.0025 120.0130  1.70474913 14362
1 41550U 16030B   18257.47362715 -.00000032  00000-0  00000-0 0  9999
2 41550  56.8060 299.5175 0004658 240.4728 119.5408  1.70474921 14378
1 41550U 16030B   18258.64679439 -.00000028  00000-0  00000+0 0  9997
2 41550  56.8052 299.4854 0004667 240.8355 119.1767  1.70474968 14388
1 41550U 16030B   18259.23337997 -.00000025  00000-0  00000-0 0  9991
2 41550  56.8048 299.4694 0004681 241.1809 118.8314  1.70474974 14403
1 41550U 16030B   18260.40655147 -.00000018  00000-0  00000-0 0  9994
2 41550  56.8039 299.4374 0004686 241.3245 118.6900  1.70475032 14426
1 41550U 16030B   18261.57972931 -.00000012  00000-0  00000+0 0  9999
2 41550  56.8030 299.4053 0004700 241.6266 118.3912  1.70474979 14434
1 41550U 16030B   18262.16631780 -.00000009  00000-0  00000-0 0  9996
2 41550  56.8026 299.3893 0004690 241.4430 118.5770  1.70474977 14453
1 41550U 16030B   18263.33949219 -.00000003  00000-0  00000-0 0  9999
2 41550  56.8018 299.3572 0004707 241.9087 118.1147  1.70475003 14477
1 41550U 16030B   18265.09925384  .00000004  00000-0  00000-0 0  9991
2 41550  56.8007 299.3092 0004719 242.3383 117.6881  1.70474922 14499
1 41550U 16030B   18265.68583769  .00000006  00000-0  00000-0 0  9995
2 41550  56.8002 299.2932 0004727 242.5835 117.4429  1.70474942 14510
1 41550U 16030B   18266.27242286  .00000007  00000-0  00000-0 0  9998
2 41550  56.7998 299.2771 0004732 242.9459 117.0798  1.70474890 14524
1 41550U 16030B   18268.03216931  .00000009  00000-0  00000-0 0  9994
2 41550  56.7985 299.2291 0004739 243.2798 116.7412  1.70474875 14548
1 41550U 16030B   18269.20532981  .00000009  00000-0  00000-0 0  9990
2 41550  56.7977 299.1971 0004748 243.5385 116.4771  1.70474856 14575
1 41550U 16030B   18269.79191220  .00000008  00000-0  00000-0 0  9990
2 41550  56.7973 299.1811 0004751 243.6938 116.3186  1.70474754 14580
1 41550U 16030B   18272.13823433  .00000005  00000-0  00000-0 0  9997
2 41550  56.7956 299.1170 0004768 244.4189 115.5825  1.70474713 14625
1 41550U 16030B   18272.13823549  .00000005  00000-0  00000+0 0  9994
2 41550  56.7955 299.1170 0004766 244.2356 115.7659  1.70474706 14603
1 41550U 16030B   18272.72481727  .00000005  00000-0  00000-0 0  9998
2 41550  56.7951 299.1010 0004773 244.5224 115.4774  1.70474700 14639
1 41550U 16030B   18275.07115968  .00000006  00000-0  00000+0 0  9990
2 41550  56.7934 299.0368 0004769 245.2164 114.7825  1.70474609 14650
1 41550U 16030B   18275.07115978  .00000006  00000-0  00000-0 0  9992
2 41550  56.7934 299.0368 0004773 245.2936 114.7052  1.70474596 14671
1 41550U 16030B   18277.41750654  .00000003  00000-0  00000+0 0  9994
2 41550  56.7917 298.9727 0004768 246.0213 113.9805  1.70474593 14696
1 41550U 16030B   18280.35042324 -.00000014  00000-0  00000-0 0  9993
2 41550  56.7894 298.8925 0004775 247.0673 112.9267  1.70474589 14751
1 41550U 16030B   18282.69674215 -.00000028  00000-0  00000+0 0  9996
2 41550  56.7877 298.8284 0004781 248.0154 111.9637  1.70474630 14782
1 41550U 16030B   18283.28332242 -.00000030  00000-0  00000-0 0  9997
2 41550  56.7872 298.8123 0004778 248.3305 111.6451  1.70474644 14816
1 41550U 16030B   18284.45648570 -.00000031  00000-0  00000-0 0  9992
2 41550  56.7863 298.7803 0004775 248.7483 111.2220  1.70474651 14838
1 41550U 16030B   18286.80282343 -.00000024  00000-0  00000+0 0  9996
2 41550  56.7845 298.7162 0004764 249.6679 110.2992  1.70474734 14850
1 41550U 16030B   18289.14917471 -.00000013  00000-0  00000+0 0  9991
2 41550  56.7828 298.6521 0004765 250.3735 109.5984  1.70474740 14895
1 41550U 16030B   18290.32234988 -.00000009  00000-0  00000-0 0  9994
2 41550  56.7820 298.6200 0004762 250.7449 109.2301  1.70474783 14936
1 41550U 16030B   18292.08211330 -.00000003  00000-0  00000+0 0  9998
2 41550  56.7806 298.5720 0004754 251.2983 108.6796  1.70474715 14943
1 41550U 16030B   18294.42845259  .00000001  00000-0  00000+0 0  9998
2 41550  56.7789 298.5080 0004731 251.8236 108.1517  1.70474650 14982
1 41550U 16030B   18294.42845286  .00000001  00000-0  00000-0 0  9999
2 41550  56.7789 298.5080 0004733 251.8401 108.1351  1.70474639 15005
1 41550U 16030B   18295.01503486  .00000001  00000-0  00000-0 0  9998
2 41550  56.7785 298.4920 0004726 251.9821 107.9912  1.70474637 15011
1 41550U 16030B   18296.18819896  .00000000  00000-0  00000-0 0  9991
2 41550  56.7776 298.4600 0004715 252.3332 107.6349  1.70474580 15036
1 41550U 16030B   18297.36136038 -.00000001  00000-0  00000+0 0  9993
2 41550  56.7768 298.4279 0004705 252.6240 107.3381  1.70474566 15036
1 41550U 16030B   18297.36136038 -.00000001  00000-0  00000-0 0  9994
2 41550  56.7768 298.4279 0004705 252.6240 107.3381  1.70474566 15058
1 41550U 16030B   18299.70768949 -.00000005  00000-0  00000+0 0  9999
2 41550  56.7750 298.3639 0004688 253.3640 106.5880  1.70474464 15074
1 41550U 16030B   18300.29427461 -.00000005  00000-0  00000-0 0  9998
2 41550  56.7745 298.3479 0004684 253.4899 106.4609  1.70474414 15100
1 41550U 16030B   18303.22720901 -.00000006  00000-0  00000+0 0  9999
2 41550  56.7723 298.2678 0004638 254.6212 105.3316  1.70474374 15138
1 41550U 16030B   18304.40038600 -.00000008  00000-0  00000-0 0  9991
2 41550  56.7714 298.2358 0004623 255.0470 104.9078  1.70474333 15177
1 41550U 16030B   18304.98697367 -.00000010  00000-0  00000-0 0  9998
2 41550  56.7709 298.2197 0004615 255.1706 104.7847  1.70474319 15183
1 41550U 16030B   18306.16014203 -.00000017  00000-0  00000+0 0  9998
2 41550  56.7700 298.1877 0004599 255.8031 104.1510  1.70474398 15185
1 41550U 16030B   18306.74672741 -.00000021  00000-0  00000-0 0  9995
2 41550  56.7696 298.1716 0004595 255.9108 104.0417  1.70474359 15219
1 41550U 16030B   18309.09305550 -.00000039  00000-0  00000+0 0  9995
2 41550  56.7677 298.1076 0004571 256.8231 103.1174  1.70474353 15234
1 41550U 16030B   18309.67963655 -.00000043  00000-0  00000-0 0  9991
2 41550  56.7672 298.0916 0004561 257.2491 102.6879  1.70474361 15261
1 41550U 16030B   18310.85279869 -.00000047  00000-0  00000-0 0  9994
2 41550  56.7663 298.0596 0004544 257.6864 102.2446  1.70474415 15282
1 41550U 16030B   18311.43938023 -.00000048  00000-0  00000+0 0  9993
2 41550  56.7659 298.0436 0004530 257.9736 101.9551  1.70474476 15275
1 41550U 16030B   18313.19913886 -.00000046  00000-0  00000-0 0  9997
2 41550  56.7645 297.9956 0004495 258.7873 101.1387  1.70474421 15321
1 41550U 16030B   18313.78572451 -.00000044  00000-0  00000+0 0  9998
2 41550  56.7640 297.9796 0004486 258.9817 100.9447  1.70474483 15319
1 41550U 16030B   18314.37230931 -.00000042  00000-0  00000-0 0  9997
2 41550  56.7636 297.9636 0004490 258.9526 100.9747  1.70474571 15343
1 41550U 16030B   18316.71867111 -.00000032  00000-0  00000+0 0  9991
2 41550  56.7618 297.8996 0004461 259.7112 100.2238  1.70474514 15366
1 41550U 16030B   18319.06502782 -.00000024  00000-0  00000-0 0  9994
2 41550  56.7599 297.8357 0004417 260.7429  99.1998  1.70474560 15426
1 41550U 16030B   18319.06502839 -.00000024  00000-0  00000+0 0  9996
2 41550  56.7599 297.8357 0004418 260.7620  99.1808  1.70474543 15409
1 41550U 16030B   18320.82479309 -.00000021  00000-0  00000-0 0  9995
2 41550  56.7585 297.7878 0004352 261.6172  98.3275  1.70474444 15454
1 41550U 16030B   18321.41137770 -.00000021  00000-0  00000+0 0  9993
2 41550  56.7580 297.7718 0004343 261.8216  98.1226  1.70474471 15446
1 41550U 16030B   18323.75771559 -.00000021  00000-0  00000+0 0  9991
2 41550  56.7563 297.7078 0004287 262.5282  97.4099  1.70474354 15488
1 41550U 16030B   18325.51746654 -.00000024  00000-0  00000-0 0  9999
2 41550  56.7549 297.6598 0004261 262.8384  97.0933  1.70474256 15536
1 41550U 16030B   18326.10404948 -.00000025  00000-0  00000+0 0  9992
2 41550  56.7545 297.6438 0004246 263.0164  96.9137  1.70474277 15523
1 41550U 16030B   18326.69063417 -.00000025  00000-0  00000-0 0  9999
2 41550  56.7540 297.6278 0004230 263.2422  96.6868  1.70474266 15551
1 41550U 16030B   18328.45039593 -.00000026  00000-0  00000+0 0  9993
2 41550  56.7527 297.5799 0004188 263.8694  96.0598  1.70474200 15565
1 41550U 16030B   18330.79675631 -.00000026  00000-0  00000+0 0  9992
2 41550  56.7507 297.5159 0004127 264.7361  95.2002  1.70474152 15609
1 41550U 16030B   18330.79675678 -.00000026  00000-0  00000-0 0  9994
2 41550  56.7507 297.5159 0004130 264.6954  95.2409  1.70474138 15627
1 41550U 16030B   18331.38334538 -.00000027  00000-0  00000-0 0  9998
2 41550  56.7502 297.4999 0004111 264.9560  94.9825  1.70474186 15630
1 41550U 16030B   18336.07603828 -.00000056  00000-0  00000+0 0  9991
2 41550  56.7463 297.3719 0003999 266.9917  92.9428  1.70474149 15698
1 41550U 16030B   18337.24920292 -.00000063  00000-0  00000-0 0  9997
2 41550  56.7452 297.3399 0003975 267.5337  92.3958  1.70474220 15734
1 41550U 16030B   18338.42237263 -.00000067  00000-0  00000+0 0  9990
2 41550  56.7443 297.3079 0003932 268.3118  91.6142  1.70474217 15731
1 41550U 16030B   18339.00895852 -.00000067  00000-0  00000-0 0  9990
2 41550  56.7438 297.2919 0003929 268.4547  91.4701  1.70474205 15769
1 41550U 16030B   18340.76872120 -.00000063  00000-0  00000+0 0  9993
2 41550  56.7423 297.2440 0003870 269.3891  90.5373  1.70474298 15777
1 41550U 16030B   18343.11508697 -.00000053  00000-0  00000+0 0  9999
2 41550  56.7404 297.1801 0003816 270.2665  89.6701  1.70474314 15814
1 41550U 16030B   18344.87486115 -.00000046  00000-0  00000-0 0  9996
2 41550  56.7389 297.1322 0003785 270.7986  89.1477  1.70474393 15867
1 41550U 16030B   18345.46145449 -.00000044  00000-0  00000+0 0  9991
2 41550  56.7384 297.1162 0003760 271.2422  88.7072  1.70474368 15855
1 41550U 16030B   18348.39440445 -.00000036  00000-0  00000+0 0  9991
2 41550  56.7359 297.0363 0003668 272.3151  87.6435  1.70474320 15902
1 41550U 16030B   18348.39440465 -.00000036  00000-0  00000-0 0  9994
2 41550  56.7358 297.0364 0003653 272.5022  87.4565  1.70474321 15920
1 41550U 16030B   18348.98099378 -.00000036  00000-0  00000-0 0  9992
2 41550  56.7353 297.0203 0003650 272.5206  87.4383  1.70474254 15932
1 41550U 16030B   18350.15416618 -.00000035  00000-0  00000-0 0  9993
2 41550  56.7343 296.9884 0003600 272.9571  87.0012  1.70474232 15951
1 41550U 16030B   18351.91391950 -.00000035  00000-0  00000+0 0  9998
2 41550  56.7328 296.9404 0003564 273.3666  86.5885  1.70474268 15963
1 41550U 16030B   18351.91391950 -.00000035  00000-0  00000-0 0  9999
2 41550  56.7328 296.9404 0003564 273.3666  86.5885  1.70474268 15985
1 41550U 16030B   18353.08709432 -.00000036  00000-0  00000-0 0  9998
2 41550  56.7318 296.9084 0003521 274.0690  85.8844  1.70474134 16009
1 41550U 16030B   18355.43344727 -.00000036  00000-0  00000+0 0  9990
2 41550  56.7298 296.8443 0003446 275.1478  84.8076  1.70474050 16021
1 41550U 16030B   18356.02004222 -.00000035  00000-0  00000-0 0  9999
2 41550  56.7293 296.8284 0003420 275.5282  84.4293  1.70473913 16055
1 41550U 16030B   18357.77981114 -.00000034  00000-0  00000+0 0  9994
2 41550  56.7277 296.7804 0003358 276.3736  83.5925  1.70474090 16067
1 41550U 16030B   18358.36640339 -.00000034  00000-0  00000-0 0  9992
2 41550  56.7272 296.7644 0003340 276.6249  83.3441  1.70474087 16097
1 41550U 16030B   18359.53958982 -.00000036  00000-0  00000-0 0  9990
2 41550  56.7262 296.7324 0003322 276.9595  83.0145  1.70473975 16114
1 41550U 16030B   18360.12617734 -.00000038  00000-0  00000-0 0  9996
2 41550  56.7257 296.7164 0003299 277.3033  82.6726  1.70474055 16126
1 41550U 16030B   18360.12617819 -.00000038  00000-0  00000+0 0  9999
2 41550  56.7257 296.7164 0003307 277.2767  82.6990  1.70474025 16107
1 41550U 16030B   18362.47252664 -.00000053  00000-0  00000+0 0  9999
2 41550  56.7235 296.6524 0003235 278.4553  81.5202  1.70474062 16147
1 41550U 16030B   18364.23227912 -.00000064  00000-0  00000-0 0  9996
2 41550  56.7220 296.6043 0003190 279.4021  80.5683  1.70474128 16198
1 41550U 16030B   18365.99203511 -.00000069  00000-0  00000+0 0  9993
2 41550  56.7205 296.5563 0003157 280.2273  79.7396  1.70474164 16202
1 41550U 16030B   18365.99203717 -.00000069  00000-0  00000-0 0  9992
2 41550  56.7205 296.5563 0003141 280.4447  79.5224  1.70474125 16227
1 41550U 16030B   18365.99203942 -.00000069  00000-0  00000-0 0  9992
2 41550  56.7205 296.5563 0003129 280.6686  79.2986  1.70474068 16228

