1 40545U 15017B   18002.21504323 -.00000052  00000-0  00000-0 0  9991
2 40545  55.7749  66.4201 0002557 217.6792 142.3661  1.70475572 17222
1 40545U 15017B   18002.80162622 -.00000054  00000-0  00000+0 0  9999
2 40545  55.7753  66.4036 0002558 217.9745 142.0718  1.70475567 17230
1 40545U 15017B   18003.38820734 -.00000055  00000-0  00000-0 0  9990
2 40545  55.7758  66.3870 0002556 218.3915 141.6551  1.70475578 17245
1 40545U 15017B   18005.14794581 -.00000063  00000-0  00000+0 0  9994
2 40545  55.7772  66.3374 0002555 219.8531 140.1905  1.70475589 17271
1 40545U 15017B   18005.14794581 -.00000063  00000-0  00000-0 0  9995
2 40545  55.7772  66.3374 0002555 219.8531 140.1905  1.70475589 17271
1 40545U 15017B   18006.32110141 -.00000069  00000-0  00000-0 0  9996
2 40545  55.7781  66.3042 0002558 220.8833 139.1565  1.70475612 17292
1 40545U 15017B   18008.08083482 -.00000075  00000-0  00000+0 0  9994
2 40545  55.7795  66.2546 0002566 222.3136 137.7209  1.70475670 17324
1 40545U 15017B   18009.25399441 -.00000076  00000-0  00000-0 0  9991
2 40545  55.7805  66.2216 0002571 223.5526 136.4802  1.70475699 17340
1 40545U 15017B   18012.18690724 -.00000067  00000-0  00000+0 0  9994
2 40545  55.7828  66.1390 0002580 225.9431 134.0956  1.70475798 17397
1 40545U 15017B   18014.53324767 -.00000054  00000-0  00000+0 0  9992
2 40545  55.7843  66.0731 0002586 231.0074 129.0401  1.70475757 17438
1 40545U 15017B   18014.53324767 -.00000054  00000-0  00000-0 0  9993
2 40545  55.7843  66.0731 0002586 231.0074 129.0401  1.70475757 17438
1 40545U 15017B   18016.29299819 -.00000044  00000-0  00000-0 0  9996
2 40545  55.7858  66.0236 0002571 230.0743 129.9804  1.70475836 17467
1 40545U 15017B   18018.05274352 -.00000036  00000-0  00000+0 0  9997
2 40545  55.7872  65.9742 0002573 230.2539 129.8037  1.70475838 17492
1 40545U 15017B   18018.63932611 -.00000034  00000-0  00000-0 0  9999
2 40545  55.7877  65.9578 0002567 231.6820 128.3751  1.70475746 17502
1 40545U 15017B   18020.39906282 -.00000030  00000-0  00000+0 0  9995
2 40545  55.7890  65.9083 0002556 233.3413 126.7127  1.70475708 17533
1 40545U 15017B   18020.39906282 -.00000030  00000-0  00000-0 0  9996
2 40545  55.7890  65.9083 0002556 233.3413 126.7127  1.70475708 17533
1 40545U 15017B   18021.57221864 -.00000029  00000-0  00000-0 0  9991
2 40545  55.7899  65.8753 0002553 233.9688 126.0818  1.70475695 17559
1 40545U 15017B   18023.33195232 -.00000029  00000-0  00000+0 0  9995
2 40545  55.7913  65.8258 0002547 235.5953 124.4502  1.70475651 17589
1 40545U 15017B   18023.91853234 -.00000030  00000-0  00000-0 0  9995
2 40545  55.7918  65.8092 0002542 236.3259 123.7185  1.70475586 17590
1 40545U 15017B   18030.37093476 -.00000033  00000-0  00000+0 0  9999
2 40545  55.7970  65.6277 0002551 241.2359 118.8141  1.70475492 17703
1 40545U 15017B   18030.95751270 -.00000035  00000-0  00000-0 0  9999
2 40545  55.7975  65.6111 0002552 242.0525 117.9964  1.70475538 17715
1 40545U 15017B   18030.95751440 -.00000035  00000-0  00000-0 0  9998
2 40545  55.7975  65.6112 0002550 241.7386 118.3104  1.70475495 17718
1 40545U 15017B   18033.89040051 -.00000048  00000-0  00000+0 0  9996
2 40545  55.7999  65.5285 0002559 243.9995 116.0370  1.70475543 17762
1 40545U 15017B   18034.47697489 -.00000051  00000-0  00000-0 0  9999
2 40545  55.8004  65.5120 0002553 243.9968 116.0371  1.70475628 17778
1 40545U 15017B   18035.06355076 -.00000053  00000-0  00000-0 0  9990
2 40545  55.8009  65.4955 0002558 244.4272 115.6040  1.70475663 17785
1 40545U 15017B   18040.34278229 -.00000041  00000-0  00000+0 0  9997
2 40545  55.8054  65.3470 0002559 248.2293 111.8009  1.70475726 17875
1 40545U 15017B   18043.27569931 -.00000025  00000-0  00000+0 0  9997
2 40545  55.8078  65.2645 0002541 250.0179 110.0195  1.70475740 17928
1 40545U 15017B   18043.86228141 -.00000022  00000-0  00000-0 0  9995
2 40545  55.8082  65.2481 0002541 250.0964 109.9418  1.70475732 17930
1 40545U 15017B   18045.03544187 -.00000017  00000-0  00000-0 0  9991
2 40545  55.8092  65.2152 0002534 251.1574 108.8806  1.70475754 17952
1 40545U 15017B   18045.62202253 -.00000014  00000-0  00000+0 0  9997
2 40545  55.8097  65.1987 0002531 251.5741 108.4630  1.70475714 17967
1 40545U 15017B   18045.62202253 -.00000014  00000-0  00000-0 0  9998
2 40545  55.8097  65.1987 0002531 251.5741 108.4630  1.70475714 17967
1 40545U 15017B   18045.91186706 -.00000013  00000-0  00000+0 0  9992
2 40545  55.8095  65.1918 0002667 237.5196 300.4007  1.70475621 17966
1 40545U 15017B   18049.14148955 -.00000008  00000-0  00000+0 0  9999
2 40545  55.8128  65.1000 0002507 254.1325 105.8923  1.70475606 18022
1 40545U 15017B   18052.07438272 -.00000010  00000-0  00000+0 0  9992
2 40545  55.8152  65.0177 0002485 256.1712 103.8439  1.70475455 18077
1 40545U 15017B   18053.24754290 -.00000011  00000-0  00000-0 0  9995
2 40545  55.8163  64.9847 0002482 256.8123 103.2019  1.70475456 18092
1 40545U 15017B   18055.00729093 -.00000011  00000-0  00000+0 0  9993
2 40545  55.8178  64.9352 0002476 258.1274 101.8881  1.70475369 18122
1 40545U 15017B   18057.94019529 -.00000015  00000-0  00000+0 0  9998
2 40545  55.8203  64.8529 0002462 259.8516 100.1626  1.70475421 18171
1 40545U 15017B   18058.52677381 -.00000018  00000-0  00000-0 0  9993
2 40545  55.8207  64.8364 0002458 260.2114  99.8009  1.70475427 18183
1 40545U 15017B   18064.97912565 -.00000039  00000-0  00000+0 0  9997
2 40545  55.8262  64.6553 0002421 263.2599  96.7236  1.70475563 18293
1 40545U 15017B   18069.08520753 -.00000022  00000-0  00000+0 0  9990
2 40545  55.8297  64.5404 0002361 265.9697  94.0201  1.70475650 18364
1 40545U 15017B   18070.25837361 -.00000017  00000-0  00000-0 0  9992
2 40545  55.8305  64.5076 0002352 266.1464  93.8453  1.70475647 18388
1 40545U 15017B   18072.60469814 -.00000008  00000-0  00000-0 0  9997
2 40545  55.8324  64.4420 0002322 267.2005  92.7908  1.70475646 18428
1 40545U 15017B   18074.95101510 -.00000003  00000-0  00000+0 0  9997
2 40545  55.8344  64.3763 0002287 268.7987  91.1856  1.70475528 18462
1 40545U 15017B   18075.53759337 -.00000003  00000-0  00000-0 0  9999
2 40545  55.8348  64.3599 0002275 269.4966  90.4852  1.70475491 18473
1 40545U 15017B   18079.05706366 -.00000006  00000-0  00000+0 0  9996
2 40545  55.8377  64.2614 0002216 271.4982  88.4710  1.70475378 18539
1 40545U 15017B   18079.64364321 -.00000007  00000-0  00000-0 0  9994
2 40545  55.8382  64.2450 0002211 271.6235  88.3449  1.70475394 18548
1 40545U 15017B   18081.98997494 -.00000009  00000-0  00000+0 0  9998
2 40545  55.8401  64.1793 0002182 272.7669  87.2024  1.70475273 18586
1 40545U 15017B   18086.09604657 -.00000020  00000-0  00000+0 0  9994
2 40545  55.8434  64.0643 0002108 275.3441  84.6228  1.70475256 18656
1 40545U 15017B   18089.02893202 -.00000038  00000-0  00000+0 0  9995
2 40545  55.8457  63.9821 0002053 276.7596  83.1924  1.70475358 18708
1 40545U 15017B   18090.20208866 -.00000044  00000-0  00000-0 0  9991
2 40545  55.8466  63.9493 0002035 277.1803  82.7666  1.70475370 18723
1 40545U 15017B   18091.96182769 -.00000046  00000-0  00000+0 0  9999
2 40545  55.8480  63.9000 0002009 277.7934  82.1500  1.70475472 18752
1 40545U 15017B   18093.13499489 -.00000045  00000-0  00000-0 0  9990
2 40545  55.8491  63.8671 0001988 278.3677  81.5764  1.70475456 18772
1 40545U 15017B   18094.30816300 -.00000041  00000-0  00000+0 0  9990
2 40545  55.8500  63.8343 0001963 278.9568  80.9899  1.70475496 18795
1 40545U 15017B   18097.24108910 -.00000030  00000-0  00000+0 0  9995
2 40545  55.8523  63.7523 0001871 280.6378  79.3181  1.70475516 18841
1 40545U 15017B   18097.24108910 -.00000030  00000-0  00000-0 0  9996
2 40545  55.8523  63.7523 0001871 280.6378  79.3181  1.70475516 18841
1 40545U 15017B   18100.17400515 -.00000021  00000-0  00000+0 0  9998
2 40545  55.8546  63.6703 0001802 282.2391  77.7197  1.70475448 18890
1 40545U 15017B   18100.76058546 -.00000020  00000-0  00000-0 0  9996
2 40545  55.8550  63.6539 0001806 282.0040  77.9539  1.70475441 18902
1 40545U 15017B   18101.34716531 -.00000019  00000-0  00000-0 0  9994
2 40545  55.8554  63.6376 0001793 282.4181  77.5387  1.70475442 18919
1 40545U 15017B   18102.52032595 -.00000018  00000-0  00000+0 0  9994
2 40545  55.8564  63.6047 0001769 283.3353  76.6186  1.70475373 18931
1 40545U 15017B   18105.45322272 -.00000021  00000-0  00000+0 0  9997
2 40545  55.8586  63.5227 0001692 285.1106  74.8359  1.70475351 18988
1 40545U 15017B   18106.03980610 -.00000022  00000-0  00000-0 0  9990
2 40545  55.8591  63.5064 0001667 285.5910  74.3550  1.70475284 18996
1 40545U 15017B   18107.21297104 -.00000024  00000-0  00000-0 0  9992
2 40545  55.8598  63.4736 0001632 286.3031  73.6431  1.70475263 19014
1 40545U 15017B   18107.21297114 -.00000024  00000-0  00000-0 0  9993
2 40545  55.8598  63.4736 0001623 286.5445  73.4018  1.70475252 19012
1 40545U 15017B   18108.38614076 -.00000026  00000-0  00000+0 0  9993
2 40545  55.8605  63.4407 0001605 286.7833  73.1650  1.70475197 19038
1 40545U 15017B   18108.38614076 -.00000026  00000-0  00000-0 0  9994
2 40545  55.8605  63.4407 0001605 286.7833  73.1650  1.70475197 19038
1 40545U 15017B   18108.97272619 -.00000027  00000-0  00000-0 0  9993
2 40545  55.8610  63.4243 0001589 287.1453  72.8046  1.70475173 19046
1 40545U 15017B   18110.14589701 -.00000028  00000-0  00000-0 0  9999
2 40545  55.8618  63.3915 0001563 287.8105  72.1426  1.70475147 19060
1 40545U 15017B   18110.73248064 -.00000029  00000-0  00000+0 0  9998
2 40545  55.8623  63.3751 0001550 288.1346  71.8200  1.70475179 19073
1 40545U 15017B   18112.49223236 -.00000035  00000-0  00000-0 0  9995
2 40545  55.8635  63.3258 0001504 289.1443  70.8117  1.70475136 19109
1 40545U 15017B   18113.66539269 -.00000041  00000-0  00000+0 0  9997
2 40545  55.8644  63.2930 0001470 289.7828  70.1713  1.70475200 19129
1 40545U 15017B   18114.25197594 -.00000045  00000-0  00000-0 0  9999
2 40545  55.8648  63.2766 0001442 290.2607  69.6918  1.70475117 19139
1 40545U 15017B   18115.42513210 -.00000053  00000-0  00000-0 0  9995
2 40545  55.8656  63.2439 0001419 290.5863  69.3618  1.70475193 19156
1 40545U 15017B   18117.18487041 -.00000064  00000-0  00000+0 0  9993
2 40545  55.8668  63.1946 0001370 291.1779  68.7643  1.70475240 19187
1 40545U 15017B   18117.77145111 -.00000066  00000-0  00000-0 0  9990
2 40545  55.8672  63.1782 0001355 291.3886  68.5526  1.70475262 19197
1 40545U 15017B   18118.94461597 -.00000068  00000-0  00000-0 0  9991
2 40545  55.8681  63.1454 0001328 291.8565  68.0842  1.70475287 19218
1 40545U 15017B   18119.53119909 -.00000069  00000-0  00000-0 0  9995
2 40545  55.8685  63.1290 0001308 292.2097  67.7319  1.70475335 19223
1 40545U 15017B   18120.11778388 -.00000068  00000-0  00000-0 0  9992
2 40545  55.8689  63.1126 0001294 292.4706  67.4723  1.70475354 19236
1 40545U 15017B   18120.70436929 -.00000067  00000-0  00000-0 0  9998
2 40545  55.8694  63.0962 0001283 292.6809  67.2638  1.70475364 19248
1 40545U 15017B   18121.29095724 -.00000065  00000-0  00000-0 0  9995
2 40545  55.8698  63.0798 0001254 293.3830  66.5642  1.70475355 19257
1 40545U 15017B   18121.87754416 -.00000064  00000-0  00000+0 0  9997
2 40545  55.8702  63.0635 0001228 293.7548  66.1952  1.70475378 19260
1 40545U 15017B   18122.46413127 -.00000062  00000-0  00000-0 0  9993
2 40545  55.8706  63.0471 0001210 294.0613  65.8915  1.70475391 19271
1 40545U 15017B   18123.05071888 -.00000059  00000-0  00000-0 0  9999
2 40545  55.8710  63.0307 0001197 294.4270  65.5287  1.70475381 19280
1 40545U 15017B   18124.22389215 -.00000055  00000-0  00000+0 0  9990
2 40545  55.8719  62.9979 0001155 295.1132  64.8481  1.70475418 19303
1 40545U 15017B   18124.22389215 -.00000055  00000-0  00000-0 0  9991
2 40545  55.8719  62.9979 0001155 295.1132  64.8481  1.70475418 19303
1 40545U 15017B   18124.81047863 -.00000053  00000-0  00000-0 0  9994
2 40545  55.8723  62.9815 0001136 295.4290  64.5348  1.70475419 19315
1 40545U 15017B   18125.39706562 -.00000051  00000-0  00000-0 0  9994
2 40545  55.8727  62.9651 0001118 295.8151  64.1508  1.70475387 19326
1 40545U 15017B   18125.98365002 -.00000049  00000-0  00000-0 0  9996
2 40545  55.8731  62.9487 0001101 296.1834  63.7843  1.70475410 19337
1 40545U 15017B   18127.15681880 -.00000046  00000-0  00000+0 0  9998
2 40545  55.8739  62.9160 0001066 297.0865  62.8835  1.70475392 19359
1 40545U 15017B   18127.74340188 -.00000045  00000-0  00000-0 0  9996
2 40545  55.8743  62.8996 0001056 297.1724  62.7980  1.70475381 19363
1 40545U 15017B   18128.32998382 -.00000044  00000-0  00000-0 0  9995
2 40545  55.8747  62.8832 0001037 298.0659  61.9047  1.70475393 19371
1 40545U 15017B   18129.50314970 -.00000043  00000-0  00000+0 0  9999
2 40545  55.8756  62.8504 0001005 299.3678  60.6023  1.70475305 19392
1 40545U 15017B   18130.67631235 -.00000043  00000-0  00000-0 0  9996
2 40545  55.8765  62.8177 0000967 300.7624  59.2064  1.70475285 19411
1 40545U 15017B   18131.84947673 -.00000044  00000-0  00000+0 0  9992
2 40545  55.8773  62.7849 0000929 301.9774  57.9904  1.70475222 19433
1 40545U 15017B   18132.43605695 -.00000044  00000-0  00000-0 0  9994
2 40545  55.8777  62.7685 0000911 302.5717  57.3959  1.70475263 19440
1 40545U 15017B   18134.78239636 -.00000048  00000-0  00000+0 0  9995
2 40545  55.8794  62.7028 0000835 304.9228  55.0484  1.70475131 19484
1 40545U 15017B   18140.06167096 -.00000058  00000-0  00000+0 0  9994
2 40545  55.8831  62.5550 0000681 311.1372  48.8516  1.70475074 19575
1 40545U 15017B   18141.23483531 -.00000064  00000-0  00000-0 0  9997
2 40545  55.8839  62.5221 0000632 312.8088  47.1794  1.70475102 19590
1 40545U 15017B   18141.82141741 -.00000068  00000-0  00000-0 0  9990
2 40545  55.8844  62.5057 0000603 313.7591  46.2281  1.70475086 19604
1 40545U 15017B   18143.58115717 -.00000079  00000-0  00000+0 0  9990
2 40545  55.8856  62.4564 0000542 315.8310  44.1520  1.70475189 19633
1 40545U 15017B   18143.58115717 -.00000079  00000-0  00000-0 0  9991
2 40545  55.8856  62.4564 0000542 315.8310  44.1520  1.70475189 19633
1 40545U 15017B   18144.16774048 -.00000082  00000-0  00000-0 0  9998
2 40545  55.8860  62.4400 0000523 316.5084  43.4735  1.70475142 19642
1 40545U 15017B   18145.34090830 -.00000087  00000-0  00000-0 0  9994
2 40545  55.8870  62.4072 0000480 318.6399  41.3414  1.70475097 19664
1 40545U 15017B   18146.51407216 -.00000088  00000-0  00000+0 0  9994
2 40545  55.8878  62.3744 0000444 320.9962  38.9868  1.70475281 19681
1 40545U 15017B   18148.86042187 -.00000084  00000-0  00000+0 0  9992
2 40545  55.8895  62.3087 0000374 327.3711  32.6221  1.70475305 19721
1 40545U 15017B   18150.62018685 -.00000077  00000-0  00000-0 0  9998
2 40545  55.8908  62.2595 0000330 333.3311  26.6724  1.70475342 19759
1 40545U 15017B   18151.20677586 -.00000075  00000-0  00000+0 0  9991
2 40545  55.8912  62.2431 0000307 338.3748  21.6324  1.70475346 19762
1 40545U 15017B   18151.20677586 -.00000075  00000-0  00000-0 0  9992
2 40545  55.8912  62.2431 0000307 338.3748  21.6324  1.70475346 19762
1 40545U 15017B   18152.96653789 -.00000068  00000-0  00000-0 0  9997
2 40545  55.8924  62.1939 0000263 348.8063  11.2094  1.70475355 19796
1 40545U 15017B   18154.72629447 -.00000063  00000-0  00000+0 0  9991
2 40545  55.8937  62.1447 0000236   0.4765 359.5443  1.70475327 19823
1 40545U 15017B   18156.48604467 -.00000059  00000-0  00000-0 0  9997
2 40545  55.8949  62.0955 0000227  14.9538 345.0685  1.70475300 19859
1 40545U 15017B   18158.83237342 -.00000057  00000-0  00000+0 0  9999
2 40545  55.8965  62.0298 0000234  33.4199 326.6018  1.70475266 19894
1 40545U 15017B   18158.83237342 -.00000057  00000-0  00000-0 0  9990
2 40545  55.8965  62.0298 0000234  33.4199 326.6018  1.70475266 19894
1 40545U 15017B   18160.00554458 -.00000058  00000-0  00000-0 0  9993
2 40545  55.8972  61.9969 0000255  47.9898 312.0328  1.70475119 19917
1 40545U 15017B   18161.17871003 -.00000059  00000-0  00000+0 0  9990
2 40545  55.8981  61.9641 0000274  57.3455 302.6792  1.70475198 19938
1 40545U 15017B   18162.93847079 -.00000059  00000-0  00000-0 0  9992
2 40545  55.8993  61.9148 0000299  66.3739 293.6571  1.70475105 19960
1 40545U 15017B   18165.87140818 -.00000061  00000-0  00000-0 0  9998
2 40545  55.9014  61.8325 0000363  79.2382 280.8059  1.70475043 20018
1 40545U 15017B   18167.04458017 -.00000064  00000-0  00000-0 0  9995
2 40545  55.9021  61.7997 0000390  82.8024 277.2442  1.70474994 20035
1 40545U 15017B   18168.21774392 -.00000069  00000-0  00000+0 0  9996
2 40545  55.9030  61.7668 0000426  86.9380 273.1087  1.70475080 20059
1 40545U 15017B   18169.97748870 -.00000079  00000-0  00000-0 0  9994
2 40545  55.9043  61.7174 0000481  92.3227 267.7207  1.70475080 20083
1 40545U 15017B   18170.56407352 -.00000082  00000-0  00000+0 0  9991
2 40545  55.9047  61.7009 0000504  94.4155 265.6265  1.70474985 20098
1 40545U 15017B   18171.73723354 -.00000088  00000-0  00000-0 0  9991
2 40545  55.9056  61.6681 0000538  97.3920 262.6479  1.70475096 20113
1 40545U 15017B   18172.91039531 -.00000091  00000-0  00000+0 0  9992
2 40545  55.9065  61.6352 0000568  99.8372 260.2024  1.70475239 20130
1 40545U 15017B   18174.08356724 -.00000091  00000-0  00000-0 0  9999
2 40545  55.9073  61.6023 0000605 101.9398 258.1019  1.70475212 20152
1 40545U 15017B   18178.18967936 -.00000077  00000-0  00000+0 0  9990
2 40545  55.9103  61.4874 0000749 107.2026 252.8594  1.70475379 20225
1 40545U 15017B   18178.77626823 -.00000074  00000-0  00000-0 0  9990
2 40545  55.9108  61.4710 0000756 108.0725 251.9924  1.70475336 20233
1 40545U 15017B   18179.36285563 -.00000072  00000-0  00000-0 0  9996
2 40545  55.9112  61.4546 0000778 108.6748 251.3929  1.70475340 20245
1 40545U 15017B   18180.53602632 -.00000067  00000-0  00000+0 0  9990
2 40545  55.9121  61.4218 0000828 110.0271 250.0451  1.70475408 20268
1 40545U 15017B   18181.12261517 -.00000065  00000-0  00000-0 0  9998
2 40545  55.9126  61.4054 0000848 110.7973 249.2764  1.70475300 20278
1 40545U 15017B   18181.70920095 -.00000062  00000-0  00000-0 0  9992
2 40545  55.9130  61.3890 0000870 111.4388 248.6360  1.70475262 20286
1 40545U 15017B   18182.88236190 -.00000059  00000-0  00000+0 0  9993
2 40545  55.9139  61.3563 0000906 111.8994 248.1765  1.70475424 20306
1 40545U 15017B   18183.46894355 -.00000057  00000-0  00000-0 0  9990
2 40545  55.9143  61.3399 0000913 112.1936 247.8822  1.70475432 20316
1 40545U 15017B   18183.46894408 -.00000057  00000-0  00000-0 0  9999
2 40545  55.9143  61.3399 0000919 112.0843 247.9915  1.70475422 20311
1 40545U 15017B   18185.22869491 -.00000054  00000-0  00000+0 0  9995
2 40545  55.9156  61.2906 0000978 112.9309 247.1437  1.70475236 20346
1 40545U 15017B   18189.92136572 -.00000051  00000-0  00000+0 0  9990
2 40545  55.9195  61.1592 0001119 116.4293 243.6491  1.70475061 20424
1 40545U 15017B   18189.92136639 -.00000051  00000-0  00000-0 0  9995
2 40545  55.9194  61.1592 0001125 116.2731 243.8054  1.70475064 20425
1 40545U 15017B   18190.50794907 -.00000051  00000-0  00000-0 0  9999
2 40545  55.9199  61.1428 0001140 116.7437 243.3369  1.70475137 20439
1 40545U 15017B   18190.50794909 -.00000051  00000-0  00000-0 0  9991
2 40545  55.9199  61.1427 0001145 117.1042 242.9764  1.70475131 20438
1 40545U 15017B   18192.85429365 -.00000050  00000-0  00000+0 0  9990
2 40545  55.9217  61.0770 0001210 118.6595 241.4294  1.70475125 20470
1 40545U 15017B   18194.02746161 -.00000052  00000-0  00000-0 0  9990
2 40545  55.9226  61.0441 0001248 119.4255 240.6654  1.70475153 20492
1 40545U 15017B   18195.20062887 -.00000056  00000-0  00000+0 0  9990
2 40545  55.9234  61.0112 0001301 120.3667 239.7236  1.70475098 20510
1 40545U 15017B   18195.78721144 -.00000058  00000-0  00000-0 0  9994
2 40545  55.9238  60.9947 0001324 120.8019 239.2873  1.70475059 20529
1 40545U 15017B   18197.54694697 -.00000067  00000-0  00000+0 0  9991
2 40545  55.9252  60.9454 0001383 122.0401 238.0431  1.70475200 20550
1 40545U 15017B   18197.54694697 -.00000067  00000-0  00000-0 0  9992
2 40545  55.9252  60.9454 0001383 122.0401 238.0431  1.70475200 20550
1 40545U 15017B   18199.89326784 -.00000077  00000-0  00000-0 0  9992
2 40545  55.9271  60.8796 0001445 123.6238 236.4527  1.70475262 20593
1 40545U 15017B   18199.89326976 -.00000077  00000-0  00000+0 0  9994
2 40545  55.9271  60.8797 0001447 123.5960 236.4806  1.70475210 20590
1 40545U 15017B   18200.47985549 -.00000077  00000-0  00000-0 0  9999
2 40545  55.9275  60.8633 0001470 124.1502 235.9260  1.70475133 20602
1 40545U 15017B   18201.06643446 -.00000077  00000-0  00000-0 0  9992
2 40545  55.9280  60.8468 0001485 124.4365 235.6400  1.70475280 20617
1 40545U 15017B   18202.82618922 -.00000073  00000-0  00000+0 0  9993
2 40545  55.9294  60.7976 0001528 125.4219 234.6585  1.70475338 20642
1 40545U 15017B   18204.58595108 -.00000066  00000-0  00000-0 0  9991
2 40545  55.9307  60.7484 0001578 126.0701 234.0172  1.70475337 20677
1 40545U 15017B   18207.51887737 -.00000052  00000-0  00000-0 0  9994
2 40545  55.9331  60.6664 0001686 127.7429 232.3539  1.70475456 20724
1 40545U 15017B   18209.27862561 -.00000045  00000-0  00000-0 0  9999
2 40545  55.9345  60.6173 0001739 128.7445 231.3535  1.70475492 20750
1 40545U 15017B   18211.62495178 -.00000038  00000-0  00000+0 0  9998
2 40545  55.9363  60.5518 0001785 129.4120 230.6823  1.70475389 20792
1 40545U 15017B   18212.21153111 -.00000037  00000-0  00000-0 0  9992
2 40545  55.9368  60.5354 0001810 129.7232 230.3697  1.70475399 20800
1 40545U 15017B   18215.14443567 -.00000033  00000-0  00000+0 0  9999
2 40545  55.9391  60.4535 0001889 130.7824 229.3051  1.70475313 20854
1 40545U 15017B   18217.49076702 -.00000031  00000-0  00000+0 0  9990
2 40545  55.9403  60.3877 0001941 132.3216 227.7677  1.70475297 20899
1 40545U 15017B   18218.66393755 -.00000030  00000-0  00000-0 0  9990
2 40545  55.9415  60.3548 0001964 132.9666 227.1250  1.70475234 20912
1 40545U 15017B   18219.83710955 -.00000030  00000-0  00000+0 0  9994
2 40545  55.9425  60.3221 0001992 133.3931 226.7008  1.70475143 20939
1 40545U 15017B   18220.42368915 -.00000030  00000-0  00000-0 0  9997
2 40545  55.9435  60.3057 0002024 133.9990 226.0955  1.70475245 20943
1 40545U 15017B   18221.59685526 -.00000032  00000-0  00000-0 0  9998
2 40545  55.9443  60.2728 0002062 134.7539 225.3400  1.70475194 20968
1 40545U 15017B   18223.94317314 -.00000042  00000-0  00000-0 0  9997
2 40545  55.9462  60.2071 0002143 136.3866 223.6987  1.70475200 21006
1 40545U 15017B   18224.52975153 -.00000045  00000-0  00000-0 0  9996
2 40545  55.9467  60.1907 0002156 136.6383 223.4440  1.70475187 21016
1 40545U 15017B   18225.70290494 -.00000051  00000-0  00000-0 0  9992
2 40545  55.9476  60.1579 0002151 136.6069 223.4691  1.70475267 21036
1 40545U 15017B   18226.28948333 -.00000054  00000-0  00000-0 0  9991
2 40545  55.9480  60.1415 0002160 136.9188 223.1544  1.70475278 21042
1 40545U 15017B   18226.87606206 -.00000056  00000-0  00000+0 0  9997
2 40545  55.9486  60.1250 0002176 137.2801 222.7909  1.70475307 21052
1 40545U 15017B   18227.46264228 -.00000057  00000-0  00000-0 0  9999
2 40545  55.9492  60.1086 0002191 137.6556 222.4136  1.70475318 21066
1 40545U 15017B   18228.04922502 -.00000057  00000-0  00000-0 0  9990
2 40545  55.9497  60.0922 0002207 138.0099 222.0582  1.70475287 21071
1 40545U 15017B   18229.22238776 -.00000056  00000-0  00000+0 0  9992
2 40545  55.9507  60.0594 0002229 138.5700 221.4978  1.70475392 21097
1 40545U 15017B   18231.56872566 -.00000048  00000-0  00000+0 0  9994
2 40545  55.9526  59.9939 0002285 139.6205 220.4518  1.70475469 21131
1 40545U 15017B   18231.56872566 -.00000048  00000-0  00000-0 0  9995
2 40545  55.9526  59.9939 0002285 139.6205 220.4518  1.70475469 21131
1 40545U 15017B   18234.50164654 -.00000036  00000-0  00000+0 0  9990
2 40545  55.9550  59.9120 0002357 140.9264 219.1513  1.70475533 21187
1 40545U 15017B   18236.84797328 -.00000027  00000-0  00000+0 0  9999
2 40545  55.9569  59.8466 0002403 141.9964 218.0794  1.70475523 21222
1 40545U 15017B   18238.60771241 -.00000022  00000-0  00000-0 0  9997
2 40545  55.9584  59.7976 0002436 142.7997 217.2708  1.70475477 21252
1 40545U 15017B   18241.54060740 -.00000018  00000-0  00000-0 0  9994
2 40545  55.9607  59.7158 0002475 143.8299 216.2305  1.70475416 21301
1 40545U 15017B   18241.54060753 -.00000018  00000-0  00000+0 0  9997
2 40545  55.9607  59.7159 0002459 143.2633 216.7972  1.70475431 21302
1 40545U 15017B   18242.12718729 -.00000018  00000-0  00000-0 0  9996
2 40545  55.9611  59.6995 0002494 144.3732 215.6857  1.70475404 21316
1 40545U 15017B   18242.71376869 -.00000017  00000-0  00000-0 0  9995
2 40545  55.9616  59.6831 0002501 144.6048 215.4531  1.70475370 21322
1 40545U 15017B   18243.88693119 -.00000017  00000-0  00000+0 0  9993
2 40545  55.9625  59.6504 0002520 145.2842 214.7728  1.70475368 21348
1 40545U 15017B   18246.23326515 -.00000015  00000-0  00000+0 0  9996
2 40545  55.9645  59.5848 0002551 146.6283 213.4306  1.70475291 21385
1 40545U 15017B   18247.40643217 -.00000015  00000-0  00000-0 0  9998
2 40545  55.9653  59.5521 0002562 147.0865 212.9730  1.70475264 21403
1 40545U 15017B   18248.57959260 -.00000017  00000-0  00000+0 0  9996
2 40545  55.9665  59.5193 0002576 147.7370 212.3214  1.70475327 21427
1 40545U 15017B   18249.16617505 -.00000019  00000-0  00000-0 0  9998
2 40545  55.9668  59.5029 0002575 147.7120 212.3449  1.70475270 21438
1 40545U 15017B   18249.75275344 -.00000021  00000-0  00000-0 0  9997
2 40545  55.9674  59.4865 0002600 148.3000 211.7548  1.70475284 21444
1 40545U 15017B   18250.33933263 -.00000024  00000-0  00000-0 0  9997
2 40545  55.9679  59.4701 0002617 148.8849 211.1670  1.70475251 21457
1 40545U 15017B   18250.92590969 -.00000027  00000-0  00000+0 0  9996
2 40545  55.9683  59.4538 0002625 149.0419 211.0069  1.70475270 21468
1 40545U 15017B   18251.51248690 -.00000031  00000-0  00000-0 0  9999
2 40545  55.9688  59.4374 0002625 149.1710 210.8743  1.70475272 21475
1 40545U 15017B   18252.09906153 -.00000034  00000-0  00000-0 0  9991
2 40545  55.9692  59.4210 0002646 149.9092 210.1322  1.70475334 21489
1 40545U 15017B   18257.37827999 -.00000046  00000-0  00000+0 0  9999
2 40545  55.9735  59.2735 0002727 152.9585 207.0673  1.70475472 21575
1 40545U 15017B   18258.55144827 -.00000042  00000-0  00000-0 0  9999
2 40545  55.9745  59.2408 0002736 153.3778 206.6500  1.70475486 21593
1 40545U 15017B   18258.55144830 -.00000042  00000-0  00000-0 0  9993
2 40545  55.9745  59.2408 0002739 153.3858 206.6420  1.70475491 21592
1 40545U 15017B   18260.89778304 -.00000034  00000-0  00000+0 0  9992
2 40545  55.9763  59.1754 0002778 154.5731 205.4586  1.70475589 21634
1 40545U 15017B   18260.89778331 -.00000034  00000-0  00000-0 0  9993
2 40545  55.9763  59.1754 0002785 154.7598 205.2719  1.70475593 21636
1 40545U 15017B   18263.24411162 -.00000027  00000-0  00000-0 0  9993
2 40545  55.9782  59.1100 0002811 155.9488 204.0824  1.70475599 21677
1 40545U 15017B   18266.17700968 -.00000021  00000-0  00000-0 0  9997
2 40545  55.9805  59.0282 0002820 157.0784 202.9446  1.70475554 21729
1 40545U 15017B   18267.35016633 -.00000019  00000-0  00000-0 0  9994
2 40545  55.9814  58.9956 0002827 157.6320 202.3867  1.70475553 21746
1 40545U 15017B   18268.52332543 -.00000018  00000-0  00000-0 0  9994
2 40545  55.9823  58.9629 0002834 158.3590 201.6558  1.70475488 21766
1 40545U 15017B   18269.69648533 -.00000018  00000-0  00000-0 0  9992
2 40545  55.9832  58.9302 0002847 158.8663 201.1460  1.70475477 21781
1 40545U 15017B   18270.28306653 -.00000018  00000-0  00000-0 0  9993
2 40545  55.9836  58.9139 0002854 159.4919 200.5195  1.70475437 21797
1 40545U 15017B   18270.86964824 -.00000018  00000-0  00000+0 0  9996
2 40545  55.9841  58.8975 0002856 159.8366 200.1745  1.70475425 21808
1 40545U 15017B   18272.62939872 -.00000018  00000-0  00000-0 0  9998
2 40545  55.9855  58.8484 0002859 160.6796 199.3329  1.70475366 21832
1 40545U 15017B   18273.21598078 -.00000018  00000-0  00000-0 0  9993
2 40545  55.9860  58.8321 0002860 161.2346 198.7786  1.70475379 21843
1 40545U 15017B   18273.21598118 -.00000018  00000-0  00000+0 0  9997
2 40545  55.9859  58.8321 0002861 161.0892 198.9241  1.70475376 21841
1 40545U 15017B   18274.38914881 -.00000018  00000-0  00000-0 0  9996
2 40545  55.9869  58.7994 0002869 161.9520 198.0624  1.70475335 21865
1 40545U 15017B   18275.56231243 -.00000020  00000-0  00000+0 0  9993
2 40545  55.9878  58.7666 0002876 162.6649 197.3495  1.70475350 21886
1 40545U 15017B   18275.56231243 -.00000020  00000-0  00000-0 0  9994
2 40545  55.9878  58.7666 0002876 162.6649 197.3495  1.70475350 21886
1 40545U 15017B   18277.32205325 -.00000027  00000-0  00000-0 0  9999
2 40545  55.9891  58.7175 0002887 163.5664 196.4434  1.70475327 21916
1 40545U 15017B   18277.90863083 -.00000031  00000-0  00000-0 0  9999
2 40545  55.9896  58.7011 0002894 164.2834 195.7234  1.70475331 21921
1 40545U 15017B   18277.90863148 -.00000031  00000-0  00000+0 0  9990
2 40545  55.9896  58.7011 0002896 164.0795 195.9275  1.70475319 21920
1 40545U 15017B   18280.84151756 -.00000049  00000-0  00000-0 0  9992
2 40545  55.9918  58.6193 0002917 165.9167 194.0744  1.70475380 21976
1 40545U 15017B   18282.60125568 -.00000056  00000-0  00000+0 0  9997
2 40545  55.9932  58.5701 0002934 167.3115 192.6741  1.70475440 22007
1 40545U 15017B   18285.53417146 -.00000054  00000-0  00000+0 0  9996
2 40545  55.9954  58.4884 0002948 168.9750 191.0136  1.70475554 22051
1 40545U 15017B   18288.46709481 -.00000046  00000-0  00000+0 0  9998
2 40545  55.9976  58.4066 0002969 170.5097 189.4863  1.70475629 22100
1 40545U 15017B   18288.46709502 -.00000046  00000-0  00000-0 0  9993
2 40545  55.9976  58.4066 0002967 170.7690 189.2268  1.70475621 22108
1 40545U 15017B   18290.22684304 -.00000042  00000-0  00000-0 0  9998
2 40545  55.9989  58.3576 0002975 171.8396 188.1575  1.70475652 22137
1 40545U 15017B   18291.40000632 -.00000040  00000-0  00000+0 0  9992
2 40545  55.9997  58.3249 0002979 172.7731 187.2230  1.70475627 22152
1 40545U 15017B   18291.98658452 -.00000039  00000-0  00000-0 0  9993
2 40545  56.0002  58.3086 0002977 173.1589 186.8362  1.70475691 22167
1 40545U 15017B   18293.15974697 -.00000037  00000-0  00000-0 0  9994
2 40545  56.0010  58.2759 0002971 173.8658 186.1267  1.70475598 22185
1 40545U 15017B   18295.50606588 -.00000035  00000-0  00000+0 0  9993
2 40545  56.0028  58.2105 0002969 175.3376 184.6495  1.70475570 22221
1 40545U 15017B   18297.85239349 -.00000035  00000-0  00000-0 0  9991
2 40545  56.0045  58.1451 0002974 176.6877 183.2982  1.70475494 22264
1 40545U 15017B   18298.43897684 -.00000035  00000-0  00000+0 0  9997
2 40545  56.0049  58.1288 0002974 177.1037 182.8830  1.70475479 22271
1 40545U 15017B   18298.43897684 -.00000035  00000-0  00000-0 0  9998
2 40545  56.0049  58.1288 0002974 177.1037 182.8830  1.70475479 22271
1 40545U 15017B   18300.19872985 -.00000035  00000-0  00000-0 0  9992
2 40545  56.0061  58.0797 0002973 178.4906 181.5000  1.70475438 22301
1 40545U 15017B   18301.37189971 -.00000036  00000-0  00000-0 0  9990
2 40545  56.0069  58.0469 0002975 179.3335 180.6602  1.70475401 22323
1 40545U 15017B   18301.95848378 -.00000036  00000-0  00000-0 0  9997
2 40545  56.0073  58.0306 0002971 180.1200 179.8747  1.70475370 22331
1 40545U 15017B   18302.54506791 -.00000037  00000-0  00000-0 0  9994
2 40545  56.0077  58.0142 0002975 180.2354 179.7602  1.70475368 22345
1 40545U 15017B   18304.30481093 -.00000044  00000-0  00000+0 0  9994
2 40545  56.0090  57.9651 0002976 181.8670 178.1271  1.70475401 22378
1 40545U 15017B   18304.30481093 -.00000044  00000-0  00000-0 0  9995
2 40545  56.0090  57.9651 0002976 181.8670 178.1271  1.70475401 22378
1 40545U 15017B   18305.47797042 -.00000051  00000-0  00000-0 0  9996
2 40545  56.0099  57.9323 0002977 182.2272 177.7634  1.70475401 22397
1 40545U 15017B   18306.06454898 -.00000055  00000-0  00000-0 0  9995
2 40545  56.0103  57.9159 0002983 183.0740 176.9140  1.70475385 22402
1 40545U 15017B   18306.65112792 -.00000059  00000-0  00000-0 0  9998
2 40545  56.0107  57.8995 0002987 183.4940 176.4914  1.70475371 22413
1 40545U 15017B   18306.65112818 -.00000059  00000-0  00000+0 0  9996
2 40545  56.0107  57.8995 0002989 183.3854 176.6002  1.70475363 22419
1 40545U 15017B   18308.41086342 -.00000070  00000-0  00000-0 0  9998
2 40545  56.0120  57.8503 0002995 184.4932 175.4858  1.70475434 22443
1 40545U 15017B   18308.99744413 -.00000073  00000-0  00000+0 0  9993
2 40545  56.0124  57.8340 0002997 184.8786 175.0991  1.70475435 22455
1 40545U 15017B   18310.17060496 -.00000076  00000-0  00000-0 0  9992
2 40545  56.0132  57.8012 0003001 185.8154 174.1615  1.70475541 22470
1 40545U 15017B   18311.34377463 -.00000077  00000-0  00000+0 0  9997
2 40545  56.0140  57.7685 0003005 187.1575 172.8210  1.70475512 22496
1 40545U 15017B   18312.51694607 -.00000075  00000-0  00000-0 0  9998
2 40545  56.0149  57.7357 0003004 187.7373 172.2452  1.70475524 22510
1 40545U 15017B   18314.86328837 -.00000069  00000-0  00000-0 0  9990
2 40545  56.0166  57.6703 0003010 189.2288 170.7631  1.70475639 22555
1 40545U 15017B   18315.44987173 -.00000068  00000-0  00000-0 0  9998
2 40545  56.0170  57.6540 0003012 189.6777 170.3162  1.70475707 22560
1 40545U 15017B   18317.20962957 -.00000064  00000-0  00000+0 0  9992
2 40545  56.0182  57.6049 0003013 190.8701 169.1279  1.70475592 22599
1 40545U 15017B   18317.79621037 -.00000063  00000-0  00000-0 0  9997
2 40545  56.0186  57.5885 0003013 191.3487 168.6500  1.70475659 22604
1 40545U 15017B   18317.79621045 -.00000063  00000-0  00000-0 0  9996
2 40545  56.0186  57.5885 0003016 191.0787 168.9201  1.70475661 22601
1 40545U 15017B   18318.96937349 -.00000061  00000-0  00000-0 0  9991
2 40545  56.0194  57.5558 0003010 192.4451 167.5537  1.70475687 22621
1 40545U 15017B   18320.14253576 -.00000058  00000-0  00000+0 0  9992
2 40545  56.0202  57.5231 0003007 193.0861 166.9120  1.70475690 22644
1 40545U 15017B   18321.31569818 -.00000057  00000-0  00000-0 0  9991
2 40545  56.0210  57.4903 0002999 194.1758 165.8210  1.70475639 22667
1 40545U 15017B   18323.07544160 -.00000055  00000-0  00000+0 0  9996
2 40545  56.0223  57.4412 0002996 195.1328 164.8628  1.70475631 22694
1 40545U 15017B   18324.83519138 -.00000054  00000-0  00000-0 0  9998
2 40545  56.0236  57.3921 0002996 196.3870 163.6101  1.70475548 22721
1 40545U 15017B   18327.76811605 -.00000053  00000-0  00000+0 0  9995
2 40545  56.0256  57.3102 0002997 199.3918 160.6142  1.70475470 22772
1 40545U 15017B   18329.52787156 -.00000053  00000-0  00000-0 0  9995
2 40545  56.0268  57.2610 0002995 200.3333 159.6788  1.70475484 22803
1 40545U 15017B   18331.28762198 -.00000058  00000-0  00000+0 0  9994
2 40545  56.0281  57.2118 0002999 201.8922 158.1213  1.70475428 22833
1 40545U 15017B   18331.87420319 -.00000060  00000-0  00000-0 0  9999
2 40545  56.0285  57.1954 0002999 202.3144 157.6984  1.70475423 22841
1 40545U 15017B   18334.22052087 -.00000074  00000-0  00000+0 0  9998
2 40545  56.0302  57.1297 0003012 204.0552 155.9507  1.70475434 22888
1 40545U 15017B   18335.98025898 -.00000084  00000-0  00000-0 0  9994
2 40545  56.0315  57.0805 0003027 205.8720 154.1290  1.70475494 22918
1 40545U 15017B   18338.32659027 -.00000089  00000-0  00000+0 0  9996
2 40545  56.0332  57.0148 0003035 207.8184 152.1840  1.70475567 22956
1 40545U 15017B   18338.32659027 -.00000089  00000-0  00000-0 0  9997
2 40545  56.0332  57.0148 0003035 207.8184 152.1840  1.70475567 22956
1 40545U 15017B   18338.91317484 -.00000088  00000-0  00000-0 0  9999
2 40545  56.0337  56.9985 0003036 207.9197 152.0847  1.70475606 22965
1 40545U 15017B   18340.08634749 -.00000086  00000-0  00000-0 0  9994
2 40545  56.0345  56.9657 0003033 208.5555 151.4538  1.70475623 22983
1 40545U 15017B   18341.25951299 -.00000083  00000-0  00000+0 0  9992
2 40545  56.0355  56.9330 0003037 209.2594 150.7554  1.70475854 23007
1 40545U 15017B   18343.01928218 -.00000077  00000-0  00000+0 0  9996
2 40545  56.0368  56.8838 0003041 210.6190 149.4029  1.70475590 23038
1 40545U 15017B   18343.01928218 -.00000077  00000-0  00000-0 0  9997
2 40545  56.0368  56.8838 0003041 210.6190 149.4029  1.70475590 23038
1 40545U 15017B   18345.95220176 -.00000070  00000-0  00000+0 0  9992
2 40545  56.0389  56.8020 0003046 213.1040 146.9228  1.70475577 23084
1 40545U 15017B   18347.12535805 -.00000067  00000-0  00000-0 0  9998
2 40545  56.0394  56.7692 0003040 213.9052 146.1215  1.70475765 23109
1 40545U 15017B   18348.88510523 -.00000063  00000-0  00000+0 0  9997
2 40545  56.0406  56.7201 0003035 214.8054 145.2202  1.70475639 23134
1 40545U 15017B   18348.88510523 -.00000063  00000-0  00000-0 0  9998
2 40545  56.0406  56.7201 0003035 214.8054 145.2202  1.70475639 23134
1 40545U 15017B   18351.23143199 -.00000059  00000-0  00000+0 0  9996
2 40545  56.0423  56.6544 0003035 217.0072 143.0179  1.70475581 23176
1 40545U 15017B   18352.99118353 -.00000056  00000-0  00000-0 0  9992
2 40545  56.0436  56.6052 0003040 218.5989 141.4293  1.70475519 23207
1 40545U 15017B   18354.16435577 -.00000054  00000-0  00000-0 0  9991
2 40545  56.0445  56.5724 0003043 219.2408 140.7913  1.70475467 23224
1 40545U 15017B   18355.33752511 -.00000053  00000-0  00000-0 0  9990
2 40545  56.0453  56.5396 0003048 220.2474 139.7890  1.70475494 23242
1 40545U 15017B   18356.51069210 -.00000052  00000-0  00000+0 0  9996
2 40545  56.0462  56.5067 0003052 221.8550 138.1848  1.70475540 23264
1 40545U 15017B   18357.68386395 -.00000053  00000-0  00000-0 0  9993
2 40545  56.0470  56.4738 0003059 223.3321 136.7094  1.70475387 23285
1 40545U 15017B   18359.44360622 -.00000058  00000-0  00000+0 0  9998
2 40545  56.0483  56.4246 0003059 223.5115 136.5288  1.70475465 23310
1 40545U 15017B   18359.44360690 -.00000058  00000-0  00000-0 0  9994
2 40545  56.0483  56.4246 0003059 223.6508 136.3895  1.70475432 23313
1 40545U 15017B   18361.20334603 -.00000068  00000-0  00000-0 0  9997
2 40545  56.0496  56.3753 0003066 224.4499 135.5844  1.70475395 23341
1 40545U 15017B   18363.54966260 -.00000079  00000-0  00000+0 0  9997
2 40545  56.0514  56.3096 0003080 226.0125 134.0143  1.70475452 23386
1 40545U 15017B   18363.54966260 -.00000079  00000-0  00000-0 0  9998
2 40545  56.0514  56.3096 0003080 226.0125 134.0143  1.70475452 23386
1 40545U 15017B   18364.72282637 -.00000081  00000-0  00000-0 0  9991
2 40545  56.0523  56.2767 0003091 227.1643 132.8616  1.70475476 23409
1 40545U 15017B   18365.89599293 -.00000081  00000-0  00000+0 0  9998
2 40545  56.0532  56.2439 0003090 227.8586 132.1691  1.70475541 23428

