1 44506U 19056A   20001.37527493 -.00000075  00000-0  00000+0 0  9995
2 44506  55.1135  65.0138 0004121 198.3658 207.1514  2.00487015  2753
1 44506U 19056A   20002.43483591 -.00000074  00000-0  00000+0 0  9992
2 44506  55.1141  64.9712 0004126 198.7380 251.5433  2.00487008  2774
1 44506U 19056A   20003.47745699 -.00000071  00000-0  00000+0 0  9994
2 44506  55.1149  64.9289 0004089 200.2062 282.6170  2.00487517  2795
1 44506U 19056A   20005.30118810 -.00000063  00000-0  00000+0 0  9998
2 44506  55.1160  64.8556 0004166 199.4224 159.7261  2.00487310  2830
1 44506U 19056A   20006.31225771 -.00000056  00000-0  00000+0 0  9997
2 44506  55.1167  64.8149 0004096 202.6796 166.2317  2.00487014  2856
1 44506U 19056A   20009.52266354 -.00000037  00000-0  00000+0 0  9994
2 44506  55.1188  64.6852 0004237 200.6543 325.4508  2.00487062  2914
1 44506U 19056A   20010.28434887 -.00000034  00000-0  00000+0 0  9994
2 44506  55.1194  64.6544 0004256 200.8799 154.9907  2.00487030  2930
1 44506U 19056A   20012.52278296 -.00000035  00000-0  00000+0 0  9994
2 44506  55.1213  64.5637 0004317 201.9275 329.5887  2.00486912  2972
1 44506U 19056A   20012.78566590 -.00000036  00000-0  00000+0 0  9990
2 44506  55.1215  64.5530 0004332 201.9503 159.3087  2.00486922  2980
1 44506U 19056A   20012.78566590 -.00000036  00000-0  00000-0 0  9991
2 44506  55.1215  64.5530 0004332 201.9503 159.3087  2.00486922  2991
1 44506U 19056A   20014.73026620 -.00000047  00000-0  00000-0 0  9995
2 44506  55.1229  64.4740 0004482 199.5679 125.2545  2.00486881  3020
1 44506U 19056A   20016.32953412 -.00000059  00000-0  00000+0 0  9992
2 44506  55.1207  64.4091 0004459 202.0151 197.1196  2.00487001  3052
1 44506U 19056A   20017.55449028 -.00000065  00000-0  00000-0 0  9999
2 44506  55.1210  64.3596 0004482 201.9749   1.3014  2.00486983  3088
1 44506U 19056A   20020.25674236 -.00000066  00000-0  00000+0 0  9991
2 44506  55.1237  64.2506 0004545 202.1348 151.5582  2.00487059  3134
1 44506U 19056A   20022.76350782 -.00000058  00000-0  00000+0 0  9997
2 44506  55.1297  64.1506 0005523 197.5232 165.4762  2.00484663  3182
1 44506U 19056A   20023.25294226 -.00000057  00000-0  00000-0 0  9992
2 44506  55.1346  64.1291 0004530 201.4372 154.8181  2.00484248  3192
1 44506U 19056A   20024.00169015 -.00000055  00000-0  00000+0 0  9990
2 44506  55.1341  64.0988 0004503 202.2175 334.4568  2.00484250  3209
1 44506U 19056A   20024.24885587 -.00000055  00000-0  00000-0 0  9996
2 44506  55.1329  64.0888 0004512 202.1706 152.8992  2.00484247  3213
1 44506U 19056A   20025.00670380 -.00000055  00000-0  00000-0 0  9994
2 44506  55.1339  64.0582 0004507 202.2737 339.7837  2.00484267  3232
1 44506U 19056A   20026.24424453 -.00000055  00000-0  00000+0 0  9998
2 44506  55.1338  64.0084 0004533 202.0773 153.1929  2.00484268  3258
1 44506U 19056A   20027.48545812 -.00000057  00000-0  00000-0 0  9991
2 44506  55.1330  63.9585 0004593 201.6376 329.4960  2.00484259  3280
1 44506U 19056A   20029.23858625 -.00000057  00000-0  00000+0 0  9994
2 44506  55.1343  63.8881 0004598 201.7331 154.7462  2.00484283  3316
1 44506U 19056A   20030.37372510 -.00000055  00000-0  00000-0 0  9994
2 44506  55.1352  63.8424 0004599 201.8899 253.8924  2.00484281  3345
1 44506U 19056A   20031.47587417 -.00000050  00000-0  00000+0 0  9994
2 44506  55.1359  63.7981 0004612 201.8628 329.4118  2.00484271  3350
1 44506U 19056A   20031.73630172 -.00000049  00000-0  00000-0 0  9999
2 44506  55.1361  63.7876 0004612 201.8896 157.3524  2.00484267  3368
1 44506U 19056A   20032.39206569 -.00000045  00000-0  00000-0 0  9997
2 44506  55.1365  63.7612 0004610 202.0735 270.4757  2.00484250  3382
1 44506U 19056A   20033.43166525 -.00000038  00000-0  00000-0 0  9992
2 44506  55.1372  63.7193 0004611 202.3108 300.5844  2.00484208  3400
1 44506U 19056A   20033.97954781 -.00000034  00000-0  00000+0 0  9995
2 44506  55.1376  63.6973 0004614 202.4133 335.9239  2.00484181  3401
1 44506U 19056A   20034.98461413 -.00000027  00000-0  00000-0 0  9995
2 44506  55.1384  63.6567 0004610 202.7752 340.9831  2.00484132  3438
1 44506U 19056A   20037.21423927 -.00000015  00000-0  00000+0 0  9998
2 44506  55.1400  63.5666 0004639 203.2915 149.7302  2.00484014  3475
1 44506U 19056A   20037.21423927 -.00000015  00000-0  00000-0 0  9999
2 44506  55.1400  63.5666 0004639 203.2915 149.7302  2.00484014  3475
1 44506U 19056A   20038.46252721 -.00000012  00000-0  00000-0 0  9996
2 44506  55.1410  63.5160 0004681 203.2940 330.6969  2.00483948  3509
1 44506U 19056A   20039.45755078 -.00000013  00000-0  00000+0 0  9999
2 44506  55.1419  63.4758 0004674 203.7312 328.4314  2.00483899  3515
1 44506U 19056A   20041.71414075 -.00000023  00000-0  00000+0 0  9991
2 44506  55.1438  63.3844 0004723 204.0957 156.7908  2.00483822  3567
1 44506U 19056A   20041.71414075 -.00000023  00000-0  00000-0 0  9992
2 44506  55.1438  63.3844 0004723 204.0957 156.7908  2.00483822  3578
1 44506U 19056A   20044.65075231 -.00000042  00000-0  00000+0 0  9995
2 44506  55.1464  63.2655 0004882 202.9860 117.4391  2.00483838  3625
1 44506U 19056A   20044.65075231 -.00000042  00000-0  00000-0 0  9996
2 44506  55.1464  63.2655 0004882 202.9860 117.4391  2.00483838  3625
1 44506U 19056A   20049.46139869 -.00000040  00000-0  00000+0 0  9995
2 44506  55.1500  63.0711 0005040 202.4057 350.1705  2.00484090  3713
1 44506U 19056A   20049.46139869 -.00000040  00000-0  00000-0 0  9996
2 44506  55.1500  63.0711 0005040 202.4057 350.1705  2.00484090  3724
1 44506U 19056A   20050.75224934 -.00000037  00000-0  00000-0 0  9994
2 44506  55.1513  63.0192 0004916 202.9020 201.3646  2.00484274  3755
1 44506U 19056A   20051.28469083 -.00000036  00000-0  00000-0 0  9998
2 44506  55.1517  62.9978 0004919 202.8182 225.7458  2.00484309  3761
1 44506U 19056A   20051.69198975 -.00000036  00000-0  00000+0 0  9991
2 44506  55.1521  62.9814 0004937 202.6304 159.9077  2.00484346  3765
1 44506U 19056A   20052.44345000 -.00000036  00000-0  00000-0 0  9999
2 44506  55.1526  62.9512 0004950 202.6052 342.3101  2.00484367  3781
1 44506U 19056A   20053.31382501 -.00000037  00000-0  00000-0 0  9994
2 44506  55.1533  62.9162 0004955 202.4628 250.6587  2.00484401  3803
1 44506U 19056A   20053.92937847 -.00000038  00000-0  00000+0 0  9990
2 44506  55.1538  62.8915 0004965 202.3443 335.0620  2.00484423  3808
1 44506U 19056A   20053.92937847 -.00000038  00000-0  00000-0 0  9991
2 44506  55.1538  62.8915 0004965 202.3443 335.0620  2.00484423  3819
1 44506U 19056A   20054.26387333 -.00000039  00000-0  00000-0 0  9999
2 44506  55.1540  62.8780 0004962 202.3537 216.4793  2.00484430  3825
1 44506U 19056A   20056.40953966 -.00000041  00000-0  00000+0 0  9990
2 44506  55.1555  62.7919 0004906 202.1885 325.3116  2.00484489  3852
1 44506U 19056A   20056.73160729 -.00000040  00000-0  00000-0 0  9993
2 44506  55.1557  62.7790 0004908 202.1479 197.8093  2.00484490  3872
1 44506U 19056A   20061.66959779 -.00000017  00000-0  00000+0 0  9995
2 44506  55.1592  62.5807 0004985 201.9173 162.1092  2.00484401  3967
1 44506U 19056A   20062.90789542 -.00000009  00000-0  00000-0 0  9994
2 44506  55.1601  62.5309 0005012 201.8817 335.9045  2.00484340  3994
1 44506U 19056A   20063.91289012 -.00000004  00000-0  00000-0 0  9998
2 44506  55.1609  62.4904 0005037 201.8397 341.3163  2.00484285  4005
1 44506U 19056A   20063.91289012 -.00000004  00000-0  00000-0 0  9998
2 44506  55.1609  62.4904 0005037 201.8397 341.3163  2.00484285  4016
1 44506U 19056A   20065.41229862  .00000000  00000-0  00000-0 0  9997
2 44506  55.1620  62.4299 0005084 201.8184 343.5576  2.00484201  4045
1 44506U 19056A   20066.15612076  .00000000  00000-0  00000+0 0  9991
2 44506  55.1626  62.3998 0005113 201.8226 160.4180  2.00484171  4050
1 44506U 19056A   20066.38856734 -.00000000  00000-0  00000-0 0  9999
2 44506  55.1628  62.3904 0005122 201.8354 328.1767  2.00484154  4067
1 44506U 19056A   20067.39149188 -.00000003  00000-0  00000-0 0  9992
2 44506  55.1650  62.3500 0004971 202.3796 331.5084  2.00484176  4087
1 44506U 19056A   20068.37310111 -.00000008  00000-0  00000+0 0  9991
2 44506  55.1671  62.3103 0005002 202.4542 319.9242  2.00484140  4093
1 44506U 19056A   20070.33508640 -.00000022  00000-0  00000-0 0  9993
2 44506  55.1660  62.2309 0005007 201.9371 296.5316  2.00484089  4147
1 44506U 19056A   20073.39077361 -.00000038  00000-0  00000+0 0  9999
2 44506  55.1690  62.1072 0005063 201.1107 342.8435  2.00484146  4193
1 44506U 19056A   20074.24844885 -.00000038  00000-0  00000-0 0  9998
2 44506  55.1701  62.0726 0005068 200.7964 242.1977  2.00484197  4225
1 44506U 19056A   20075.24164368 -.00000037  00000-0  00000-0 0  9999
2 44506  55.1708  62.0326 0005116 200.6930 239.1546  2.00484274  4240
1 44506U 19056A   20076.47463160 -.00000035  00000-0  00000+0 0  9994
2 44506  55.1718  61.9829 0005153 200.4245  49.3505  2.00484371  4261
1 44506U 19056A   20077.37209024 -.00000034  00000-0  00000-0 0  9991
2 44506  55.1725  61.9468 0005149 200.0892 337.4399  2.00484440  4288
1 44506U 19056A   20079.87135896 -.00000035  00000-0  00000+0 0  9993
2 44506  55.1743  61.8465 0005131 199.2415 342.1733  2.00484611  4336
1 44506U 19056A   20079.87135896 -.00000035  00000-0  00000-0 0  9994
2 44506  55.1743  61.8465 0005131 199.2415 342.1733  2.00484611  4336
1 44506U 19056A   20080.37385986 -.00000036  00000-0  00000-0 0  9999
2 44506  55.1746  61.8263 0005129 199.0834 345.0192  2.00484635  4343
1 44506U 19056A   20081.37809328 -.00000038  00000-0  00000-0 0  9993
2 44506  55.1753  61.7861 0005124 198.7761 350.1477  2.00484674  4362
1 44506U 19056A   20083.85968750 -.00000043  00000-0  00000+0 0  9998
2 44506  55.1772  61.6866 0005336 199.0513 340.9986  2.00484685  4411
1 44506U 19056A   20085.36646604 -.00000041  00000-0  00000-0 0  9996
2 44506  55.1780  61.6263 0005173 198.3350 349.2624  2.00484815  4440
1 44506U 19056A   20087.34985265 -.00000032  00000-0  00000+0 0  9994
2 44506  55.1792  61.5469 0005193 198.0656 341.0741  2.00484824  4482
1 44506U 19056A   20089.35036331 -.00000021  00000-0  00000+0 0  9996
2 44506  55.1806  61.4667 0005212 197.8628 345.1784  2.00484775  4527
1 44506U 19056A   20089.59307574 -.00000019  00000-0  00000-0 0  9990
2 44506  55.1807  61.4569 0005186 197.5594 160.6631  2.00484756  4528
1 44506U 19056A   20092.84132103 -.00000008  00000-0  00000+0 0  9993
2 44506  55.1828  61.3262 0005189 196.7586 345.9368  2.00484595  4598
1 44506U 19056A   20093.33261112 -.00000008  00000-0  00000-0 0  9992
2 44506  55.1831  61.3065 0005198 196.6490 340.6428  2.00484571  4601
1 44506U 19056A   20094.25586269 -.00000010  00000-0  00000-0 0  9990
2 44506  55.1839  61.2692 0005222 196.6920 286.9712  2.00484536  4621
1 44506U 19056A   20095.22992992 -.00000015  00000-0  00000-0 0  9997
2 44506  55.1847  61.2299 0005232 196.5067 270.2046  2.00484502  4646
1 44506U 19056A   20095.32800437 -.00000016  00000-0  00000+0 0  9990
2 44506  55.1847  61.2260 0005246 196.4236 341.0746  2.00484504  4642
1 44506U 19056A   20096.22653545 -.00000022  00000-0  00000-0 0  9994
2 44506  55.1855  61.1897 0005274 196.3329 269.6941  2.00484481  4667
1 44506U 19056A   20097.34509736 -.00000030  00000-0  00000+0 0  9998
2 44506  55.1867  61.1445 0005306 195.8063 357.5602  2.00484482  4688
1 44506U 19056A   20098.32940157 -.00000038  00000-0  00000-0 0  9992
2 44506  55.1873  61.1048 0005347 195.6233 348.1801  2.00484494  4709
1 44506U 19056A   20099.18068736 -.00000044  00000-0  00000-0 0  9998
2 44506  55.1881  61.0703 0005384 195.5789 242.6536  2.00484512  4727
1 44506U 19056A   20100.21611142 -.00000048  00000-0  00000+0 0  9993
2 44506  55.1889  61.0285 0005422 195.3701 270.1961  2.00484551  4748
1 44506U 19056A   20101.17019920 -.00000051  00000-0  00000-0 0  9990
2 44506  55.1896  60.9899 0005465 195.3133 238.8813  2.00484608  4763
1 44506U 19056A   20102.17549876 -.00000051  00000-0  00000-0 0  9999
2 44506  55.1904  60.9493 0005494 194.9831 244.8026  2.00484668  4786
1 44506U 19056A   20103.05605071 -.00000050  00000-0  00000+0 0  9995
2 44506  55.1911  60.9139 0005481 194.1373 161.2007  2.00484721  4792
1 44506U 19056A   20103.30807104 -.00000050  00000-0  00000-0 0  9995
2 44506  55.1913  60.9037 0005475 193.8580 343.3796  2.00484745  4806
1 44506U 19056A   20104.05706964 -.00000049  00000-0  00000-0 0  9998
2 44506  55.1919  60.8736 0005506 193.8247 164.0151  2.00484803  4811
1 44506U 19056A   20105.06210097 -.00000049  00000-0  00000+0 0  9996
2 44506  55.1926  60.8332 0005530 193.5715 169.6663  2.00484887  4838
1 44506U 19056A   20105.28459181 -.00000049  00000-0  00000-0 0  9990
2 44506  55.1928  60.8243 0005515 193.3514 330.4728  2.00484912  4849
1 44506U 19056A   20106.31596546 -.00000050  00000-0  00000-0 0  9994
2 44506  55.1935  60.7829 0005527 192.8322 355.4033  2.00484997  4861
1 44506U 19056A   20107.82500684 -.00000054  00000-0  00000+0 0  9992
2 44506  55.1944  60.7224 0005537 192.0143   5.3977  2.00485099  4888
1 44506U 19056A   20108.20793664 -.00000055  00000-0  00000-0 0  9999
2 44506  55.1946  60.7070 0005536 191.8372 281.9610  2.00485117  4909
1 44506U 19056A   20109.04910623 -.00000058  00000-0  00000-0 0  9991
2 44506  55.1951  60.6733 0005536 191.4067 169.5203  2.00485152  4927
1 44506U 19056A   20109.54847714 -.00000060  00000-0  00000-0 0  9999
2 44506  55.1955  60.6533 0005557 191.5364 169.8206  2.00485177  4937
1 44506U 19056A   20110.04285581 -.00000061  00000-0  00000+0 0  9994
2 44506  55.1958  60.6335 0005560 191.3606 166.8228  2.00485194  4931
1 44506U 19056A   20110.29437701 -.00000062  00000-0  00000-0 0  9996
2 44506  55.1959  60.6234 0005557 191.0894 348.6340  2.00485209  4945
1 44506U 19056A   20111.79163733 -.00000063  00000-0  00000-0 0  9994
2 44506  55.1968  60.5635 0005569 190.6436 349.7543  2.00485257  4972
1 44506U 19056A   20112.16518546 -.00000063  00000-0  00000-0 0  9992
2 44506  55.1970  60.5486 0005570 190.5427 259.4704  2.00485263  4973
1 44506U 19056A   20113.27475844 -.00000060  00000-0  00000-0 0  9995
2 44506  55.1977  60.5041 0005575 190.1159 340.7512  2.00485275  5009
1 44506U 19056A   20114.03482146 -.00000057  00000-0  00000-0 0  9999
2 44506  55.1982  60.4737 0005595 190.1770 169.2796  2.00485283  5015
1 44506U 19056A   20114.27282038 -.00000056  00000-0  00000+0 0  9991
2 44506  55.1983  60.4642 0005593 190.0146 341.2220  2.00485287  5013
1 44506U 19056A   20115.27491897 -.00000050  00000-0  00000-0 0  9992
2 44506  55.1990  60.4241 0005596 189.7382 344.7819  2.00485319  5047
1 44506U 19056A   20116.39076649 -.00000044  00000-0  00000+0 0  9992
2 44506  55.1996  60.3794 0005612 189.4637  70.4395  2.00485299  5054
1 44506U 19056A   20117.28297775 -.00000039  00000-0  00000-0 0  9991
2 44506  55.2002  60.3436 0005622 189.2228 354.6499  2.00485277  5082
1 44506U 19056A   20118.52118583 -.00000033  00000-0  00000+0 0  9991
2 44506  55.2009  60.2939 0005652 189.0982 168.4735  2.00485231  5101
1 44506U 19056A   20120.76432347 -.00000031  00000-0  00000+0 0  9995
2 44506  55.2023  60.2037 0005708 188.4722 348.1237  2.00485131  5140
1 44506U 19056A   20121.76938803 -.00000033  00000-0  00000-0 0  9997
2 44506  55.2030  60.1632 0005738 188.1566 353.8622  2.00485093  5175
1 44506U 19056A   20122.26447534 -.00000036  00000-0  00000-0 0  9992
2 44506  55.2033  60.1433 0005752 187.9906 351.3661  2.00485077  5187
1 44506U 19056A   20122.76854375 -.00000038  00000-0  00000+0 0  9993
2 44506  55.2037  60.1229 0005766 187.6763 355.5007  2.00485066  5185
1 44506U 19056A   20123.25189663 -.00000042  00000-0  00000-0 0  9995
2 44506  55.2040  60.1034 0005782 187.5324 344.5129  2.00485054  5206
1 44506U 19056A   20123.75278966 -.00000045  00000-0  00000-0 0  9998
2 44506  55.2044  60.0832 0005798 187.3690 346.2045  2.00485045  5213
1 44506U 19056A   20124.24935682 -.00000049  00000-0  00000-0 0  9992
2 44506  55.2047  60.0632 0005818 187.6256 344.3543  2.00485048  5224
1 44506U 19056A   20125.13909713 -.00000056  00000-0  00000+0 0  9994
2 44506  55.2054  60.0272 0005845 187.4182 266.7474  2.00485046  5237
1 44506U 19056A   20126.18202955 -.00000063  00000-0  00000-0 0  9993
2 44506  55.2062  59.9851 0005881 187.2656 299.6548  2.00485063  5269
1 44506U 19056A   20127.23045197 -.00000069  00000-0  00000+0 0  9998
2 44506  55.2070  59.9428 0005929 186.9194 336.7181  2.00485090  5271
1 44506U 19056A   20127.23045197 -.00000069  00000-0  00000-0 0  9999
2 44506  55.2070  59.9428 0005929 186.9194 336.7181  2.00485090  5282
1 44506U 19056A   20128.24185338 -.00000072  00000-0  00000-0 0  9997
2 44506  55.2077  59.9020 0005969 186.3367 347.2975  2.00485130  5303
1 44506U 19056A   20128.75118888 -.00000072  00000-0  00000-0 0  9999
2 44506  55.2081  59.8814 0005998 186.3797 354.8769  2.00485164  5310
1 44506U 19056A   20129.26972576 -.00000073  00000-0  00000+0 0  9998
2 44506  55.2085  59.8605 0006022 186.1262   9.3938  2.00485198  5313
1 44506U 19056A   20129.26972576 -.00000073  00000-0  00000-0 0  9999
2 44506  55.2085  59.8605 0006022 186.1262   9.3938  2.00485198  5324
1 44506U 19056A   20130.74034019 -.00000072  00000-0  00000-0 0  9994
2 44506  55.2096  59.8011 0006072 185.4301 351.5327  2.00485308  5358
1 44506U 19056A   20131.74706983 -.00000071  00000-0  00000+0 0  9999
2 44506  55.2104  59.7606 0006103 184.9534 358.6349  2.00485392  5360
1 44506U 19056A   20132.23595399 -.00000071  00000-0  00000-0 0  9992
2 44506  55.2107  59.7410 0006116 184.6992 351.7503  2.00485434  5380
1 44506U 19056A   20133.24224025 -.00000072  00000-0  00000-0 0  9990
2 44506  55.2114  59.7005 0006147 184.2094 358.5462  2.00485528  5407
1 44506U 19056A   20134.48382734 -.00000075  00000-0  00000+0 0  9991
2 44506  55.2122  59.6507 0006183 184.1108 174.7843  2.00485630  5424
1 44506U 19056A   20134.48382734 -.00000075  00000-0  00000-0 0  9992
2 44506  55.2122  59.6507 0006183 184.1108 174.7843  2.00485630  5424
1 44506U 19056A   20135.22828663 -.00000077  00000-0  00000-0 0  9993
2 44506  55.2127  59.6208 0006202 183.8283 352.3946  2.00485694  5449
1 44506U 19056A   20136.23343816 -.00000081  00000-0  00000-0 0  9992
2 44506  55.2133  59.5805 0006226 183.4402 358.2703  2.00485755  5469
1 44506U 19056A   20149.92964120 -.00000054  00000-0  00000+0 0  9998
2 44506  55.2214  59.0301 0004347 173.0705 177.8165  2.00557568  5737
1 44506U 19056A   20149.92964120 -.00000054  00000-0  00000-0 0  9999
2 44506  55.2214  59.0301 0004347 173.0705 177.8165  2.00557568  5737
1 44506U 19056A   20162.15223005 -.00000087  00000-0  00000+0 0  9994
2 44506  55.2304  58.5370 0004949 169.3096   6.6386  2.00558112  5972
1 44506U 19056A   20162.15223005 -.00000087  00000-0  00000-0 0  9995
2 44506  55.2304  58.5370 0004949 169.3096   6.6386  2.00558112  5983
1 44506U 19056A   20163.15205264 -.00000090  00000-0  00000-0 0  9997
2 44506  55.2310  58.4969 0004992 168.9473   8.9029  2.00558181  6004
1 44506U 19056A   20164.15711649 -.00000092  00000-0  00000+0 0  9998
2 44506  55.2317  58.4565 0005031 168.6707  14.8660  2.00558242  6011
1 44506U 19056A   20165.15256757 -.00000094  00000-0  00000-0 0  9996
2 44506  55.2322  58.4166 0005046 168.2343  14.0482  2.00558293  6045
1 44506U 19056A   20167.11895441 -.00000092  00000-0  00000+0 0  9990
2 44506  55.2335  58.3378 0005127 167.9377 354.1365  2.00558350  6071
1 44506U 19056A   20167.63848988 -.00000090  00000-0  00000-0 0  9990
2 44506  55.2338  58.3169 0005146 167.9148   9.2801  2.00558360  6095
1 44506U 19056A   20169.16035205 -.00000082  00000-0  00000+0 0  9990
2 44506  55.2347  58.2558 0005201 167.6705  28.3559  2.00558372  6112
1 44506U 19056A   20169.63799295 -.00000079  00000-0  00000-0 0  9995
2 44506  55.2350  58.2366 0005218 167.7218  13.1761  2.00558369  6136
1 44506U 19056A   20172.12493421 -.00000062  00000-0  00000+0 0  9996
2 44506  55.2365  58.1367 0005313 167.5751   8.9711  2.00558335  6172
1 44506U 19056A   20172.63007416 -.00000059  00000-0  00000-0 0  9994
2 44506  55.2368  58.1164 0005333 167.4844  13.7882  2.00558322  6195
1 44506U 19056A   20173.13002668 -.00000057  00000-0  00000-0 0  9992
2 44506  55.2372  58.0963 0005354 167.4750  14.7787  2.00558308  6206
1 44506U 19056A   20175.13493668 -.00000051  00000-0  00000+0 0  9991
2 44506  55.2385  58.0155 0005446 167.1310  22.7285  2.00558232  6235
1 44506U 19056A   20177.61647052 -.00000056  00000-0  00000+0 0  9999
2 44506  55.2403  57.9155 0005562 167.3230  14.2793  2.00558147  6286
1 44506U 19056A   20178.12271484 -.00000059  00000-0  00000-0 0  9992
2 44506  55.2407  57.8950 0005583 167.5323  19.5939  2.00558133  6308
1 44506U 19056A   20178.60952115 -.00000062  00000-0  00000-0 0  9996
2 44506  55.2411  57.8754 0005603 167.6810  10.9343  2.00558126  6317
1 44506U 19056A   20181.07151885 -.00000075  00000-0  00000+0 0  9999
2 44506  55.2430  57.7760 0005795 167.3998 348.8515  2.00558100  6350
1 44506U 19056A   20182.10274600 -.00000079  00000-0  00000-0 0  9990
2 44506  55.2430  57.7343 0005865 167.4520  13.3765  2.00558123  6386
1 44506U 19056A   20185.59380885 -.00000078  00000-0  00000+0 0  9997
2 44506  55.2462  57.5936 0006077 167.1340  14.3477  2.00558302  6447
1 44506U 19056A   20188.57602856 -.00000078  00000-0  00000+0 0  9993
2 44506  55.2485  57.4736 0006286 166.7756   7.9609  2.00558518  6508
1 44506U 19056A   20189.32618817 -.00000079  00000-0  00000-0 0  9993
2 44506  55.2494  57.4435 0006253 165.8577 190.5169  2.00558585  6525
1 44506U 19056A   20190.08451983 -.00000081  00000-0  00000-0 0  9990
2 44506  55.2500  57.4131 0006282 165.6906  18.2233  2.00558651  6546
1 44506U 19056A   20191.05935836 -.00000084  00000-0  00000+0 0  9994
2 44506  55.2502  57.3739 0006364 165.6169   2.1613  2.00558702  6555
1 44506U 19056A   20191.32862081 -.00000084  00000-0  00000-0 0  9996
2 44506  55.2497  57.3630 0006372 165.4109 196.7830  2.00558707  6577
1 44506U 19056A   20195.07410388 -.00000080  00000-0  00000+0 0  9996
2 44506  55.2513  57.2127 0006531 165.1415  21.4115  2.00558840  6635
1 44506U 19056A   20195.56205740 -.00000077  00000-0  00000-0 0  9991
2 44506  55.2512  57.1932 0006542 165.2139  13.6571  2.00558838  6651
1 44506U 19056A   20199.57378251 -.00000049  00000-0  00000+0 0  9992
2 44506  55.2560  57.0321 0006688 165.4238  30.0419  2.00558786  6722
1 44506U 19056A   20200.04847266 -.00000046  00000-0  00000-0 0  9992
2 44506  55.2566  57.0130 0006707 165.4788  12.7282  2.00558765  6742
1 44506U 19056A   20200.54632604 -.00000043  00000-0  00000-0 0  9992
2 44506  55.2570  56.9930 0006730 165.5186  12.1545  2.00558751  6754
1 44506U 19056A   20201.05351763 -.00000041  00000-0  00000-0 0  9991
2 44506  55.2573  56.9726 0006752 165.5735  18.3082  2.00558734  6760
1 44506U 19056A   20203.29672774 -.00000037  00000-0  00000+0 0  9991
2 44506  55.2592  56.8822 0006899 165.6677 197.8831  2.00558644  6805
1 44506U 19056A   20203.53937994 -.00000037  00000-0  00000-0 0  9997
2 44506  55.2596  56.8724 0006918 165.7353  13.0179  2.00558631  6815
1 44506U 19056A   20204.53495817 -.00000040  00000-0  00000-0 0  9995
2 44506  55.2604  56.8323 0006967 165.8955  11.6966  2.00558589  6835
1 44506U 19056A   20205.53995167 -.00000044  00000-0  00000+0 0  9992
2 44506  55.2612  56.7917 0007026 166.0124  17.2165  2.00558554  6846
1 44506U 19056A   20205.53995167 -.00000044  00000-0  00000-0 0  9993
2 44506  55.2612  56.7917 0007026 166.0124  17.2165  2.00558554  6857
1 44506U 19056A   20206.77813558 -.00000050  00000-0  00000-0 0  9990
2 44506  55.2624  56.7418 0007102 165.9875 191.2491  2.00558521  6873
1 44506U 19056A   20209.02135883 -.00000060  00000-0  00000+0 0  9999
2 44506  55.2646  56.6513 0007230 166.0881  10.8259  2.00558516  6910
1 44506U 19056A   20210.02645105 -.00000062  00000-0  00000-0 0  9997
2 44506  55.2655  56.6108 0007286 166.1195  16.5025  2.00558541  6945
1 44506U 19056A   20211.26460684 -.00000062  00000-0  00000+0 0  9990
2 44506  55.2664  56.5609 0007364 166.0855 190.5239  2.00558594  6969
1 44506U 19056A   20212.26964014 -.00000061  00000-0  00000-0 0  9997
2 44506  55.2671  56.5205 0007432 166.0682 196.2067  2.00558644  6994
1 44506U 19056A   20213.50779399 -.00000059  00000-0  00000+0 0  9991
2 44506  55.2681  56.4707 0007551 166.1066  10.1544  2.00558723  7005
1 44506U 19056A   20214.51277844 -.00000059  00000-0  00000-0 0  9992
2 44506  55.2689  56.4303 0007598 166.0751  15.8168  2.00558803  7032
1 44506U 19056A   20215.03862380 -.00000059  00000-0  00000-0 0  9995
2 44506  55.2690  56.4092 0007618 166.0461  35.5233  2.00558848  7042
1 44506U 19056A   20215.99375566 -.00000061  00000-0  00000+0 0  9997
2 44506  55.2694  56.3708 0007643 166.0451   5.1605  2.00558924  7058
1 44506U 19056A   20218.24354818 -.00000066  00000-0  00000+0 0  9990
2 44506  55.2715  56.2806 0007749 165.9227 189.7067  2.00559071  7107
1 44506U 19056A   20220.23799212 -.00000069  00000-0  00000-0 0  9997
2 44506  55.2733  56.2007 0007839 165.8991 189.7850  2.00559174  7145
1 44506U 19056A   20221.00696465 -.00000068  00000-0  00000+0 0  9997
2 44506  55.2757  56.1699 0007893 165.9672  24.9405  2.00559200  7151
1 44506U 19056A   20225.72877471 -.00000040  00000-0  00000+0 0  9998
2 44506  55.2780  55.9806 0008033 166.2101 194.0014  2.00559194  7250
1 44506U 19056A   20227.97203552 -.00000026  00000-0  00000+0 0  9994
2 44506  55.2779  55.8904 0008100 166.4816  13.4381  2.00559111  7290
1 44506U 19056A   20228.48173081 -.00000024  00000-0  00000-0 0  9993
2 44506  55.2767  55.8700 0008105 166.5337  21.4025  2.00559085  7312
1 44506U 19056A   20229.21993549 -.00000021  00000-0  00000-0 0  9991
2 44506  55.2770  55.8403 0008148 166.6378 194.3067  2.00559061  7331
1 44506U 19056A   20229.49787979 -.00000021  00000-0  00000-0 0  9999
2 44506  55.2772  55.8290 0008152 166.7004  34.9289  2.00559046  7337
1 44506U 19056A   20230.21519773 -.00000020  00000-0  00000+0 0  9994
2 44506  55.2777  55.8001 0008188 166.8004 192.7562  2.00559016  7347
1 44506U 19056A   20231.03414840 -.00000021  00000-0  00000-0 0  9996
2 44506  55.2778  55.7671 0008248 166.9630  63.9029  2.00558983  7364
1 44506U 19056A   20232.45844014 -.00000025  00000-0  00000+0 0  9996
2 44506  55.2796  55.7097 0008303 167.2135  12.0375  2.00558914  7387
1 44506U 19056A   20232.45844014 -.00000025  00000-0  00000-0 0  9997
2 44506  55.2796  55.7097 0008303 167.2135  12.0375  2.00558914  7398
1 44506U 19056A   20234.70158799 -.00000036  00000-0  00000+0 0  9996
2 44506  55.2819  55.6192 0008436 167.4584 191.4181  2.00558843  7439
1 44506U 19056A   20236.94485762 -.00000044  00000-0  00000-0 0  9997
2 44506  55.2853  55.5290 0008638 167.7093  10.8795  2.00558825  7476
1 44506U 19056A   20240.19305889 -.00000045  00000-0  00000+0 0  9990
2 44506  55.2873  55.3984 0008751 167.6709 196.2243  2.00558986  7548
1 44506U 19056A   20240.19305889 -.00000045  00000-0  00000-0 0  9991
2 44506  55.2873  55.3984 0008751 167.6709 196.2243  2.00558986  7559
1 44506U 19056A   20241.43129205 -.00000045  00000-0  00000-0 0  9995
2 44506  55.2885  55.3487 0008783 167.6635  10.2761  2.00559073  7573
1 44506U 19056A   20244.17271630 -.00000050  00000-0  00000+0 0  9994
2 44506  55.2903  55.2388 0008942 167.8165 189.5229  2.00559286  7621
1 44506U 19056A   20244.67951441 -.00000052  00000-0  00000-0 0  9997
2 44506  55.2905  55.2184 0008950 167.7702 195.4944  2.00559318  7640
1 44506U 19056A   20245.61676604 -.00000055  00000-0  00000-0 0  9990
2 44506  55.2911  55.1809 0009031 168.0688 151.9225  2.00559366  7651
1 44506U 19056A   20245.91768068 -.00000056  00000-0  00000-0 0  9990
2 44506  55.2914  55.1689 0009047 168.1003   9.1615  2.00559382  7665
1 44506U 19056A   20246.92275730 -.00000058  00000-0  00000+0 0  9992
2 44506  55.2920  55.1287 0009062 168.2132  14.7482  2.00559432  7678
1 44506U 19056A   20248.16084503 -.00000058  00000-0  00000-0 0  9997
2 44506  55.2927  55.0791 0009090 168.2404 188.6628  2.00559485  7702
1 44506U 19056A   20249.64686347 -.00000054  00000-0  00000+0 0  9990
2 44506  55.2931  55.0196 0009103 168.2475 181.6120  2.00559521  7733
1 44506U 19056A   20251.40909439 -.00000044  00000-0  00000-0 0  9997
2 44506  55.2948  54.9490 0009199 168.5487  13.7017  2.00559512  7771
1 44506U 19056A   20252.65340170 -.00000035  00000-0  00000+0 0  9995
2 44506  55.2957  54.8992 0009227 168.6414 192.0416  2.00559501  7794
1 44506U 19056A   20253.65231660 -.00000029  00000-0  00000-0 0  9993
2 44506  55.2964  54.8592 0009312 168.8630 193.0705  2.00559466  7821
1 44506U 19056A   20255.89551802 -.00000017  00000-0  00000+0 0  9990
2 44506  55.2980  54.7693 0009418 169.4874  12.1138  2.00559377  7859
1 44506U 19056A   20258.06501892 -.00000015  00000-0  00000+0 0  9994
2 44506  55.2994  54.6821 0009393 169.4568 138.5975  2.00559281  7900
1 44506U 19056A   20258.13863200 -.00000016  00000-0  00000-0 0  9998
2 44506  55.2994  54.6791 0009411 169.4616 191.7437  2.00559273  7917
1 44506U 19056A   20259.65177284 -.00000020  00000-0  00000-0 0  9991
2 44506  55.3005  54.6183 0009491 169.6742 204.0694  2.00559202  7944
1 44506U 19056A   20260.38182237 -.00000024  00000-0  00000+0 0  9990
2 44506  55.3012  54.5889 0009564 170.1194  10.7438  2.00559161  7945
1 44506U 19056A   20262.12410507 -.00000033  00000-0  00000-0 0  9999
2 44506  55.3025  54.5187 0009633 170.3262 188.5232  2.00559107  7985
1 44506U 19056A   20263.85028093 -.00000041  00000-0  00000+0 0  9993
2 44506  55.3040  54.4492 0009768 170.5413 354.6639  2.00559088  8019
1 44506U 19056A   20263.85028093 -.00000041  00000-0  00000-0 0  9994
2 44506  55.3040  54.4492 0009768 170.5413 354.6639  2.00559088  8020
1 44506U 19056A   20264.61673611 -.00000043  00000-0  00000-0 0  9993
2 44506  55.3041  54.4183 0009731 170.2454 188.3661  2.00559107  8030
1 44506U 19056A   20265.11091003 -.00000043  00000-0  00000-0 0  9998
2 44506  55.3049  54.3984 0009750 170.7083 184.7118  2.00559053  8048
1 44506U 19056A   20266.61954681 -.00000044  00000-0  00000-0 0  9995
2 44506  55.3061  54.3377 0009814 170.8047 193.9014  2.00559140  8077
1 44506U 19056A   20266.61954681 -.00000044  00000-0  00000-0 0  9995
2 44506  55.3061  54.3377 0009814 170.8047 193.9014  2.00559140  8088
1 44506U 19056A   20267.11138803 -.00000044  00000-0  00000-0 0  9991
2 44506  55.3065  54.3179 0009838 170.8418 188.9901  2.00559177  8089
1 44506U 19056A   20267.60880459 -.00000045  00000-0  00000-0 0  9997
2 44506  55.3069  54.2979 0009865 170.8931 188.0903  2.00559218  8090
1 44506U 19056A   20268.61288963 -.00000045  00000-0  00000-0 0  9991
2 44506  55.3078  54.2576 0009907 170.8280 193.1388  2.00559309  8126
1 44506U 19056A   20268.94066455 -.00000046  00000-0  00000+0 0  9997
2 44506  55.3079  54.2445 0009892 170.7416  69.8897  2.00559339  8122
1 44506U 19056A   20269.55545775 -.00000047  00000-0  00000-0 0  9994
2 44506  55.3086  54.2198 0009985 171.1170 153.4153  2.00559375  8136
1 44506U 19056A   20269.71508711 -.00000048  00000-0  00000-0 0  9992
2 44506  55.3086  54.2134 0010005 171.1515 268.6386  2.00559385  8143
1 44506U 19056A   20270.35743819 -.00000050  00000-0  00000-0 0  9997
2 44506  55.3091  54.1876 0010029 171.1959  12.3934  2.00559440  8155
1 44506U 19056A   20270.64864479 -.00000051  00000-0  00000-0 0  9996
2 44506  55.3093  54.1760 0010036 171.2314 222.6192  2.00559460  8168
1 44506U 19056A   20271.43933449 -.00000054  00000-0  00000+0 0  9990
2 44506  55.3098  54.1443 0010066 171.2773  73.4783  2.00559525  8174
1 44506U 19056A   20271.59779201 -.00000054  00000-0  00000-0 0  9992
2 44506  55.3099  54.1379 0010069 171.2993 187.8682  2.00559532  8176
1 44506U 19056A   20272.60139883 -.00000059  00000-0  00000-0 0  9996
2 44506  55.3106  54.0978 0010099 171.4078 192.3984  2.00559597  8209
1 44506U 19056A   20272.69238497 -.00000059  00000-0  00000-0 0  9996
2 44506  55.3106  54.0942 0010102 171.3895 258.1118  2.00559598  8202
1 44506U 19056A   20273.55323302 -.00000062  00000-0  00000-0 0  9996
2 44506  55.3111  54.0597 0010127 171.4679 159.5956  2.00559652  8218
1 44506U 19056A   20273.84096529 -.00000063  00000-0  00000-0 0  9997
2 44506  55.3113  54.0482 0010136 171.4843   7.3319  2.00559663  8222
1 44506U 19056A   20274.57498944 -.00000064  00000-0  00000+0 0  9995
2 44506  55.3118  54.0189 0010153 171.5635 177.2439  2.00559702  8235
1 44506U 19056A   20274.57498944 -.00000064  00000-0  00000-0 0  9996
2 44506  55.3118  54.0189 0010153 171.5635 177.2439  2.00559702  8235
1 44506U 19056A   20275.55206602 -.00000064  00000-0  00000-0 0  9993
2 44506  55.3124  53.9798 0010176 171.6679 162.6231  2.00559744  8256
1 44506U 19056A   20276.67649977 -.00000062  00000-0  00000+0 0  9990
2 44506  55.3130  53.9349 0010203 171.8084 254.3634  2.00559775  8270
1 44506U 19056A   20277.56348997 -.00000059  00000-0  00000-0 0  9994
2 44506  55.3135  53.8994 0010227 171.9955 174.6143  2.00559788  8299
1 44506U 19056A   20277.61502590 -.00000058  00000-0  00000-0 0  9990
2 44506  55.3136  53.8974 0010229 172.0011 211.8194  2.00559785  8304
1 44506U 19056A   20278.32736060 -.00000055  00000-0  00000-0 0  9997
2 44506  55.3141  53.8689 0010252 172.2294   5.9216  2.00559781  8318
1 44506U 19056A   20278.63452962 -.00000053  00000-0  00000-0 0  9995
2 44506  55.3142  53.8565 0010249 172.0637 227.8741  2.00559773  8327
1 44506U 19056A   20279.10934472 -.00000050  00000-0  00000+0 0  9995
2 44506  55.3144  53.8376 0010263 172.3003 210.4704  2.00559760  8328
1 44506U 19056A   20279.61786177 -.00000047  00000-0  00000-0 0  9995
2 44506  55.3148  53.8173 0010275 172.3988 217.5391  2.00559756  8349
1 44506U 19056A   20280.18668946 -.00000043  00000-0  00000-0 0  9998
2 44506  55.3151  53.7945 0010290 172.5182 268.1333  2.00559749  8355
1 44506U 19056A   20280.65788125 -.00000040  00000-0  00000-0 0  9999
2 44506  55.3154  53.7756 0010301 172.6002 248.2684  2.00559741  8364
1 44506U 19056A   20281.13118410 -.00000037  00000-0  00000+0 0  9992
2 44506  55.3157  53.7567 0010313 172.6913 229.9186  2.00559731  8363
1 44506U 19056A   20281.67400421 -.00000035  00000-0  00000-0 0  9996
2 44506  55.3160  53.7350 0010328 172.8094 261.7358  2.00559715  8384
1 44506U 19056A   20282.52258701 -.00000031  00000-0  00000-0 0  9999
2 44506  55.3166  53.7010 0010347 172.9111 154.3406  2.00559695  8394
1 44506U 19056A   20282.92262868 -.00000029  00000-0  00000-0 0  9999
2 44506  55.3169  53.6850 0010360 173.0317  83.0640  2.00559675  8401
1 44506U 19056A   20283.29924427 -.00000028  00000-0  00000+0 0  9994
2 44506  55.3171  53.6698 0010373 173.1208 354.9046  2.00559654  8405
1 44506U 19056A   20283.51946419 -.00000028  00000-0  00000-0 0  9995
2 44506  55.3173  53.6610 0010377 173.1630 153.8689  2.00559654  8414
1 44506U 19056A   20283.81865419 -.00000027  00000-0  00000-0 0  9997
2 44506  55.3175  53.6490 0010389 173.2406   9.8169  2.00559633  8428
1 44506U 19056A   20284.57257205 -.00000027  00000-0  00000-0 0  9999
2 44506  55.3180  53.6188 0010412 173.3868 194.0258  2.00559608  8448
1 44506U 19056A   20285.53967781 -.00000028  00000-0  00000+0 0  9993
2 44506  55.3187  53.5799 0010447 173.6086 172.0879  2.00559564  8452
1 44506U 19056A   20286.53480918 -.00000031  00000-0  00000-0 0  9991
2 44506  55.3194  53.5399 0010482 173.8279 170.3877  2.00559515  8478
1 44506U 19056A   20286.65729590 -.00000031  00000-0  00000-0 0  9996
2 44506  55.3195  53.5350 0010488 173.8662 258.7891  2.00559504  8484
1 44506U 19056A   20287.57417484 -.00000035  00000-0  00000+0 0  9997
2 44506  55.3201  53.4981 0010521 174.0372 200.6362  2.00559466  8497
1 44506U 19056A   20287.57417484 -.00000035  00000-0  00000-0 0  9998
2 44506  55.3201  53.4981 0010521 174.0372 200.6362  2.00559466  8509
1 44506U 19056A   20288.59857427 -.00000041  00000-0  00000-0 0  9993
2 44506  55.3209  53.4569 0010560 174.2185 220.1063  2.00559419  8510
1 44506U 19056A   20288.80049473 -.00000042  00000-0  00000-0 0  9992
2 44506  55.3211  53.4488 0010559 174.1030   6.0150  2.00559407  8525
1 44506U 19056A   20289.64105396 -.00000047  00000-0  00000-0 0  9997
2 44506  55.3217  53.4149 0010595 174.2988 252.7315  2.00559378  8540
1 44506U 19056A   20290.49826352 -.00000051  00000-0  00000-0 0  9999
2 44506  55.3223  53.3804 0010632 174.4062 151.5586  2.00559369  8558
1 44506U 19056A   20291.55662755 -.00000055  00000-0  00000+0 0  9995
2 44506  55.3231  53.3378 0010679 174.5601 195.5795  2.00559364  8571
1 44506U 19056A   20291.90203073 -.00000056  00000-0  00000-0 0  9990
2 44506  55.3234  53.3238 0010693 174.6175  84.9148  2.00559370  8583
1 44506U 19056A   20292.55505410 -.00000057  00000-0  00000-0 0  9993
2 44506  55.3239  53.2975 0010720 174.7144 196.3231  2.00559384  8602
1 44506U 19056A   20292.79141722 -.00000057  00000-0  00000-0 0  9991
2 44506  55.3241  53.2880 0010727 174.7373   6.9624  2.00559391  8601
1 44506U 19056A   20293.22440149 -.00000058  00000-0  00000-0 0  9996
2 44506  55.3244  53.2705 0010744 174.8540 319.4750  2.00559406  8616
1 44506U 19056A   20293.62330890 -.00000058  00000-0  00000-0 0  9991
2 44506  55.3247  53.2544 0010762 174.8923 247.4615  2.00559422  8613
1 44506U 19056A   20294.48891917 -.00000059  00000-0  00000-0 0  9999
2 44506  55.3253  53.2196 0010791 174.9632 152.3910  2.00559484  8635
1 44506U 19056A   20296.48224170 -.00000062  00000-0  00000-0 0  9996
2 44506  55.3267  53.1395 0010848 175.0568 151.5454  2.00559651  8677
1 44506U 19056A   20296.53598539 -.00000062  00000-0  00000-0 0  9995
2 44506  55.3268  53.1373 0010849 175.0476 190.3594  2.00559654  8683
1 44506U 19056A   20297.48005527 -.00000065  00000-0  00000-0 0  9993
2 44506  55.3274  53.0995 0010872 175.1061 151.9524  2.00559739  8697
1 44506U 19056A   20297.91051685 -.00000067  00000-0  00000-0 0  9999
2 44506  55.3277  53.0823 0010884 175.1474 102.7193  2.00559774  8708
1 44506U 19056A   20298.15008007 -.00000068  00000-0  00000-0 0  9997
2 44506  55.3278  53.0726 0010887 175.1666 275.6732  2.00559789  8713
1 44506U 19056A   20298.62628705 -.00000070  00000-0  00000-0 0  9995
2 44506  55.3281  53.0535 0010898 175.2107 259.4675  2.00559826  8727
1 44506U 19056A   20299.52094844 -.00000074  00000-0  00000+0 0  9999
2 44506  55.3286  53.0177 0010918 175.3006 185.3549  2.00559892  8737
1 44506U 19056A   20299.63931925 -.00000075  00000-0  00000-0 0  9993
2 44506  55.3287  53.0129 0010920 175.3110 270.8125  2.00559898  8741
1 44506U 19056A   20300.47491344 -.00000078  00000-0  00000-0 0  9997
2 44506  55.3292  52.9794 0010938 175.4246 154.0277  2.00559950  8754
1 44506U 19056A   20300.88554446 -.00000080  00000-0  00000-0 0  9998
2 44506  55.3294  52.9630 0010948 175.4838  90.4587  2.00559968  8760
1 44506U 19056A   20301.35409128 -.00000081  00000-0  00000-0 0  9998
2 44506  55.3297  52.9442 0010956 175.6029  68.6470  2.00559988  8778
1 44506U 19056A   20303.43038457 -.00000082  00000-0  00000+0 0  9992
2 44506  55.3310  52.8612 0010985 175.9317 127.4771  2.00560075  8819
1 44506U 19056A   20303.43038457 -.00000082  00000-0  00000-0 0  9993
2 44506  55.3310  52.8612 0010985 175.9317 127.4771  2.00560075  8819
1 44506U 19056A   20304.00736788 -.00000081  00000-0  00000-0 0  9998
2 44506  55.3312  52.8382 0010992 175.9390 184.0728  2.00560091  8824
1 44506U 19056A   20304.43069791 -.00000079  00000-0  00000-0 0  9995
2 44506  55.3315  52.8213 0010998 175.9923 129.6793  2.00560104  8831
1 44506U 19056A   20305.47181744 -.00000074  00000-0  00000+0 0  9997
2 44506  55.3320  52.7797 0011012 176.1916 161.2059  2.00560119  8851
1 44506U 19056A   20305.64688858 -.00000073  00000-0  00000-0 0  9994
2 44506  55.3321  52.7727 0011016 176.2227 287.5824  2.00560115  8864
1 44506U 19056A   20306.50757328 -.00000068  00000-0  00000-0 0  9993
2 44506  55.3326  52.7382 0011028 176.4240 188.8265  2.00560117  8882
1 44506U 19056A   20306.59440361 -.00000068  00000-0  00000-0 0  9998
2 44506  55.3326  52.7348 0011030 176.4413 251.5039  2.00560115  8884
1 44506U 19056A   20307.50491812 -.00000062  00000-0  00000+0 0  9990
2 44506  55.3332  52.6984 0011041 176.6446 188.7251  2.00560112  8891
1 44506U 19056A   20307.60771608 -.00000062  00000-0  00000-0 0  9996
2 44506  55.3332  52.6942 0011045 176.6682 262.9253  2.00560108  8905
1 44506U 19056A   20308.50502380 -.00000056  00000-0  00000-0 0  9998
2 44506  55.3338  52.6583 0011056 176.8643 190.6180  2.00560097  8928
1 44506U 19056A   20309.50520017 -.00000051  00000-0  00000+0 0  9990
2 44506  55.3344  52.6183 0011074 177.0503 192.5957  2.00560070  8934
1 44506U 19056A   20309.86574230 -.00000050  00000-0  00000-0 0  9995
2 44506  55.3346  52.6039 0011083 177.1259  92.8445  2.00560055  8943
1 44506U 19056A   20310.50876709 -.00000047  00000-0  00000-0 0  9990
2 44506  55.3350  52.5781 0011097 177.2098 197.0478  2.00560031  8968
1 44506U 19056A   20310.64344709 -.00000047  00000-0  00000-0 0  9995
2 44506  55.3351  52.5727 0011102 177.2488 294.2526  2.00560019  8969
1 44506U 19056A   20311.38882689 -.00000046  00000-0  00000-0 0  9990
2 44506  55.3355  52.5428 0011114 177.3920 112.3004  2.00559995  8979
1 44506U 19056A   20312.49028243 -.00000046  00000-0  00000+0 0  9990
2 44506  55.3362  52.4986 0011139 177.6124 187.3707  2.00559947  8992
1 44506U 19056A   20312.60128655 -.00000046  00000-0  00000-0 0  9992
2 44506  55.3363  52.4942 0011144 177.6434 267.4886  2.00559937  9005
1 44506U 19056A   20316.10778493 -.00000059  00000+0  00000+0 0  9994
2 44506  55.3388  52.3532 0011233 178.2929 278.6559  2.00559782  9077
1 44506U 19056A   20316.46577019 -.00000061  00000+0  00000+0 0  9997
2 44506  55.3391  52.3387 0011245 178.3074 177.1195  2.00559774  9074
1 44506U 19056A   20318.60097229 -.00000070  00000-0  00000-0 0  9997
2 44506  55.3406  52.2526 0011313 178.5319 278.5865  2.00559733  9126
1 44506U 19056A   20319.46007861 -.00000072  00000-0  00000-0 0  9997
2 44506  55.3412  52.2180 0011339 178.6290 178.7944  2.00559739  9132
1 44506U 19056A   20320.33859196 -.00000074  00000-0  00000-0 0  9993
2 44506  55.3418  52.1825 0011362 178.7161  93.0252  2.00559768  9152
1 44506U 19056A   20320.57114469 -.00000074  00000-0  00000-0 0  9996
2 44506  55.3420  52.1733 0011369 178.7694 260.8830  2.00559768  9168
1 44506U 19056A   20321.35786677 -.00000074  00000-0  00000-0 0  9999
2 44506  55.3426  52.1416 0011389 178.8241 108.8698  2.00559813  9178
1 44506U 19056A   20321.58119941 -.00000075  00000-0  00000+0 0  9998
2 44506  55.3427  52.1326 0011393 178.8553 270.0927  2.00559824  9179
1 44506U 19056A   20321.58119941 -.00000075  00000-0  00000-0 0  9999
2 44506  55.3427  52.1326 0011393 178.8553 270.0927  2.00559824  9180
1 44506U 19056A   20322.42018020 -.00000075  00000-0  00000-0 0  9999
2 44506  55.3433  52.0988 0011409 178.9518 155.7702  2.00559878  9190
1 44506U 19056A   20322.83203743 -.00000076  00000-0  00000-0 0  9993
2 44506  55.3436  52.0822 0011416 178.9761  93.1215  2.00559909  9209
1 44506U 19056A   20323.53318321 -.00000077  00000-0  00000-0 0  9991
2 44506  55.3441  52.0540 0011428 179.0268 239.3235  2.00559973  9228
1 44506U 19056A   20323.61227954 -.00000077  00000-0  00000+0 0  9990
2 44506  55.3442  52.0508 0011430 179.0210 296.4397  2.00559980  9213
1 44506U 19056A   20324.65061956 -.00000081  00000-0  00000-0 0  9999
2 44506  55.3449  52.0091 0011447 179.0803 326.0996  2.00560078  9241
1 44506U 19056A   20325.41503007 -.00000084  00000-0  00000-0 0  9995
2 44506  55.3454  51.9784 0011459 179.1511 157.9611  2.00560150  9251
1 44506U 19056A   20326.35308833 -.00000088  00000-0  00000+0 0  9992
2 44506  55.3459  51.9407 0011472 179.2146 115.2101  2.00560232  9272
1 44506U 19056A   20326.82031970 -.00000090  00000-0  00000-0 0  9993
2 44506  55.3462  51.9220 0011477 179.2532  92.5299  2.00560265  9285
1 44506U 19056A   20327.53636140 -.00000093  00000-0  00000-0 0  9995
2 44506  55.3467  51.8932 0011480 179.3399 249.4518  2.00560316  9302
1 44506U 19056A   20327.83053963 -.00000094  00000-0  00000-0 0  9995
2 44506  55.3468  51.8814 0011485 179.3675 101.8317  2.00560337  9305
1 44506U 19056A   20328.38720625 -.00000095  00000-0  00000+0 0  9992
2 44506  55.3472  51.8591 0011488 179.4156 143.7178  2.00560371  9319
1 44506U 19056A   20329.47683854 -.00000097  00000-0  00000-0 0  9998
2 44506  55.3478  51.8155 0011492 179.5461 210.3427  2.00560430  9343
1 44506U 19056A   20330.32879462 -.00000097  00000-0  00000-0 0  9996
2 44506  55.3483  51.7814 0011497 179.6864 105.3466  2.00560466  9359
1 44506U 19056A   20330.80502213 -.00000096  00000-0  00000-0 0  9995
2 44506  55.3486  51.7623 0011500 179.7622  89.1250  2.00560481  9366
1 44506U 19056A   20331.45348605 -.00000094  00000-0  00000-0 0  9998
2 44506  55.3490  51.7363 0011501 179.8179 197.2848  2.00560504  9383
1 44506U 19056A   20331.81426428 -.00000092  00000-0  00000-0 0  9996
2 44506  55.3491  51.7219 0011503 179.8956  97.7026  2.00560512  9380
1 44506U 19056A   20332.36370196 -.00000090  00000-0  00000-0 0  9995
2 44506  55.3494  51.6999 0011507 179.9772 134.3357  2.00560525  9398
1 44506U 19056A   20332.59216397 -.00000088  00000-0  00000-0 0  9999
2 44506  55.3496  51.6908 0011507 180.0209 299.2502  2.00560528  9406
1 44506U 19056A   20332.82763868 -.00000087  00000-0  00000+0 0  9993
2 44506  55.3497  51.6814 0011509 180.0666 109.2261  2.00560533  9400
1 44506U 19056A   20333.32794205 -.00000084  00000-0  00000-0 0  9996
2 44506  55.3500  51.6613 0011513 180.1360 110.3948  2.00560543  9416
1 44506U 19056A   20334.31370424 -.00000078  00000-0  00000-0 0  9992
2 44506  55.3505  51.6218 0011517 180.3478 101.9407  2.00560549  9432
1 44506U 19056A   20334.60666465 -.00000076  00000-0  00000-0 0  9995
2 44506  55.3507  51.6100 0011520 180.3971 313.4199  2.00560546  9442
1 44506U 19056A   20335.32409035 -.00000071  00000-0  00000+0 0  9997
2 44506  55.3511  51.5813 0011524 180.5325 111.2932  2.00560549  9459
1 44506U 19056A   20335.58350657 -.00000069  00000-0  00000-0 0  9998
2 44506  55.3513  51.5709 0011527 180.5740 298.5601  2.00560544  9467
1 44506U 19056A   20335.79954146 -.00000068  00000-0  00000-0 0  9993
2 44506  55.3514  51.5623 0011527 180.6171  94.5023  2.00560544  9464
1 44506U 19056A   20336.54417931 -.00000063  00000-0  00000-0 0  9998
2 44506  55.3518  51.5324 0011535 180.7402 272.0361  2.00560530  9488
1 44506U 19056A   20337.04506589 -.00000061  00000-0  00000-0 0  9990
2 44506  55.3521  51.5124 0011541 180.8329 273.6025  2.00560518  9497
1 44506U 19056A   20337.82545222 -.00000058  00000-0  00000+0 0  9998
2 44506  55.3526  51.4811 0011549 180.9634 116.9405  2.00560500  9506
1 44506U 19056A   20337.82545222 -.00000058  00000-0  00000-0 0  9999
2 44506  55.3526  51.4811 0011549 180.9634 116.9405  2.00560500  9506
1 44506U 19056A   20338.41916639 -.00000056  00000-0  00000-0 0  9997
2 44506  55.3530  51.4572 0011560 181.0410 185.5470  2.00560479  9523
1 44506U 19056A   20338.54033476 -.00000056  00000-0  00000-0 0  9990
2 44506  55.3531  51.4524 0011563 181.0657 273.0105  2.00560470  9526
1 44506U 19056A   20339.78768979 -.00000055  00000-0  00000-0 0  9999
2 44506  55.3539  51.4023 0011581 181.2677  93.4459  2.00560425  9540
1 44506U 19056A   20340.49719236 -.00000055  00000-0  00000+0 0  9990
2 44506  55.3543  51.3738 0011593 181.3949 245.6064  2.00560393  9551
1 44506U 19056A   20340.80084234 -.00000056  00000-0  00000-0 0  9990
2 44506  55.3545  51.3616 0011597 181.4451 104.8028  2.00560381  9565
1 44506U 19056A   20340.90281806 -.00000056  00000-0  00000-0 0  9995
2 44506  55.3546  51.3575 0011599 181.4611 178.4171  2.00560378  9562
1 44506U 19056A   20341.49333356 -.00000057  00000-0  00000-0 0  9999
2 44506  55.3550  51.3338 0011609 181.5591 244.6935  2.00560350  9580
1 44506U 19056A   20341.81050008 -.00000058  00000-0  00000-0 0  9996
2 44506  55.3552  51.3210 0011614 181.5990 113.6597  2.00560340  9588
1 44506U 19056A   20342.04314250 -.00000059  00000-0  00000-0 0  9995
2 44506  55.3554  51.3116 0011619 181.6425 281.5928  2.00560327  9593
1 44506U 19056A   20342.47225587 -.00000061  00000-0  00000-0 0  9999
2 44506  55.3557  51.2944 0011626 181.6928 231.3784  2.00560312  9609
1 44506U 19056A   20343.05675221 -.00000063  00000-0  00000-0 0  9990
2 44506  55.3561  51.2709 0011636 181.7695 293.3298  2.00560290  9610
1 44506U 19056A   20343.54288255 -.00000065  00000-0  00000-0 0  9993
2 44506  55.3565  51.2513 0011647 181.8149 284.2886  2.00560273  9628
1 44506U 19056A   20344.06546064 -.00000068  00000-0  00000+0 0  9998
2 44506  55.3569  51.2303 0011656 181.8788 301.5455  2.00560258  9626
1 44506U 19056A   20344.78136163 -.00000070  00000-0  00000-0 0  9996
2 44506  55.3574  51.2014 0011671 181.9276  98.4039  2.00560248  9642
1 44506U 19056A   20345.36782300 -.00000072  00000-0  00000-0 0  9993
2 44506  55.3578  51.1778 0011685 181.9715 161.8070  2.00560240  9658
1 44506U 19056A   20345.79837861 -.00000073  00000-0  00000-0 0  9994
2 44506  55.3581  51.1605 0011694 182.0038 112.6519  2.00560239  9662
1 44506U 19056A   20346.43164008 -.00000075  00000-0  00000+0 0  9993
2 44506  55.3586  51.1349 0011708 182.0546 209.8395  2.00560240  9676
1 44506U 19056A   20346.80810537 -.00000075  00000-0  00000-0 0  9990
2 44506  55.3589  51.1198 0011716 182.0720 121.6440  2.00560248  9685
1 44506U 19056A   20347.81754505 -.00000076  00000-0  00000-0 0  9995
2 44506  55.3596  51.0791 0011736 182.1508 130.4185  2.00560278  9708
1 44506U 19056A   20348.77247056 -.00000076  00000-0  00000+0 0  9998
2 44506  55.3603  51.0406 0011751 182.1970  99.8643  2.00560324  9721
1 44506U 19056A   20348.77247056 -.00000076  00000-0  00000-0 0  9999
2 44506  55.3603  51.0406 0011751 182.1970  99.8643  2.00560324  9721
1 44506U 19056A   20349.54685375 -.00000076  00000-0  00000-0 0  9995
2 44506  55.3609  51.0094 0011760 182.2305 298.9647  2.00560375  9747
1 44506U 19056A   20350.40596962 -.00000077  00000-0  00000-0 0  9996
2 44506  55.3615  50.9748 0011770 182.2760 199.2334  2.00560442  9767
1 44506U 19056A   20350.55761523 -.00000078  00000-0  00000-0 0  9990
2 44506  55.3616  50.9687 0011770 182.2701 308.7331  2.00560452  9760
1 44506U 19056A   20350.88038118 -.00000078  00000-0  00000+0 0  9992
2 44506  55.3618  50.9557 0011774 182.2888 181.7638  2.00560478  9765
1 44506U 19056A   20351.53181659 -.00000080  00000-0  00000-0 0  9998
2 44506  55.3623  50.9295 0011778 182.3064 292.1073  2.00560544  9787
1 44506U 19056A   20352.46699184 -.00000083  00000-0  00000-0 0  9991
2 44506  55.3630  50.8919 0011779 182.3702 247.2760  2.00560629  9808
1 44506U 19056A   20353.35807372 -.00000086  00000-0  00000+0 0  9992
2 44506  55.3635  50.8561 0011784 182.4155 170.6261  2.00560715  9817
1 44506U 19056A   20353.35807372 -.00000086  00000-0  00000-0 0  9993
2 44506  55.3635  50.8561 0011784 182.4155 170.6261  2.00560715  9817
1 44506U 19056A   20354.36170299 -.00000090  00000-0  00000-0 0  9991
2 44506  55.3642  50.8158 0011786 182.4862 175.2148  2.00560803  9839
1 44506U 19056A   20354.77994228 -.00000091  00000-0  00000-0 0  9993
2 44506  55.3645  50.7990 0011790 182.5057 117.1804  2.00560839  9841
1 44506U 19056A   20355.41170573 -.00000093  00000-0  00000+0 0  9995
2 44506  55.3648  50.7737 0011784 182.5787 213.2655  2.00560888  9853
1 44506U 19056A   20355.41170573 -.00000093  00000-0  00000-0 0  9996
2 44506  55.3648  50.7737 0011784 182.5787 213.2655  2.00560888  9864
1 44506U 19056A   20355.79163747 -.00000094  00000-0  00000-0 0  9993
2 44506  55.3651  50.7584 0011787 182.6063 127.5635  2.00560916  9866
1 44506U 19056A   20356.38790157 -.00000095  00000-0  00000-0 0  9991
2 44506  55.3655  50.7345 0011785 182.6601 198.0360  2.00560954  9883
1 44506U 19056A   20356.50264713 -.00000095  00000-0  00000-0 0  9999
2 44506  55.3655  50.7299 0011785 182.6696 280.8773  2.00560960  9880
1 44506U 19056A   20357.42319334 -.00000094  00000-0  00000+0 0  9999
2 44506  55.3661  50.6930 0011782 182.7761 225.4417  2.00561013  9890
1 44506U 19056A   20357.42319334 -.00000094  00000-0  00000-0 0  9990
2 44506  55.3661  50.6930 0011782 182.7761 225.4417  2.00561013  9902
1 44506U 19056A   20358.38729108 -.00000092  00000-0  00000-0 0  9998
2 44506  55.3667  50.6544 0011779 182.8978 201.4371  2.00561059  9921
1 44506U 19056A   20359.53400243 -.00000087  00000-0  00000+0 0  9995
2 44506  55.3674  50.6084 0011774 183.0413 309.2651  2.00561100  9936
1 44506U 19056A   20359.85293204 -.00000085  00000-0  00000-0 0  9996
2 44506  55.3675  50.5957 0011774 183.0901 179.4962  2.00561110  9952
1 44506U 19056A   20360.54319278 -.00000080  00000-0  00000-0 0  9999
2 44506  55.3679  50.5680 0011772 183.1720 317.8103  2.00561128  9962
1 44506U 19056A   20360.78704594 -.00000078  00000-0  00000-0 0  9991
2 44506  55.3681  50.5582 0011773 183.2128 133.8413  2.00561134  9967
1 44506U 19056A   20361.48117021 -.00000073  00000-0  00000-0 0  9997
2 44506  55.3685  50.5305 0011770 183.3068 274.9330  2.00561146  9985
1 44506U 19056A   20361.79762778 -.00000071  00000-0  00000+0 0  9993
2 44506  55.3687  50.5177 0011771 183.3522 143.3828  2.00561152  9988
1 44506U 19056A   20361.79762778 -.00000071  00000-0  00000-0 0  9994
2 44506  55.3687  50.5177 0011771 183.3522 143.3828  2.00561152  9988
1 44506U 19056A   20362.46491344 -.00000066  00000-0  00000-0 0  9991
2 44506  55.3691  50.4910 0011770 183.4476 265.0946  2.00561156 10007
1 44506U 19056A   20363.25926413 -.00000061  00000-0  00000-0 0  9994
2 44506  55.3696  50.4592 0011768 183.5836 118.5117  2.00561159 10012
1 44506U 19056A   20363.75765816 -.00000058  00000-0  00000-0 0  9993
2 44506  55.3699  50.4392 0011770 183.6521 118.3039  2.00561156 10027
1 44506U 19056A   20364.47251310 -.00000054  00000-0  00000+0 0  9997
2 44506  55.3704  50.4105 0011774 183.7540 274.3560  2.00561145 10033
1 44506U 19056A   20364.47251310 -.00000054  00000-0  00000-0 0  9998
2 44506  55.3704  50.4105 0011774 183.7540 274.3560  2.00561145 10044
1 44506U 19056A   20364.76840962 -.00000052  00000-0  00000-0 0  9995
2 44506  55.3706  50.3986 0011775 183.7944 127.9649  2.00561145 10042
1 44506U 19056A   20365.38696199 -.00000050  00000-0  00000-0 0  9993
2 44506  55.3710  50.3737 0011781 183.8859 214.4932  2.00561130 10067
1 44506U 19056A   20365.78493934 -.00000048  00000-0  00000-0 0  9996
2 44506  55.3713  50.3578 0011783 183.9423 141.7924  2.00561122 10067
1 44506U 19056A   20366.40283149 -.00000047  00000-0  00000-0 0  9990
2 44506  55.3717  50.3329 0011790 184.0262 227.8515  2.00561101 10087
1 44506U 19056A   20366.49617288 -.00000047  00000-0  00000+0 0  9993
2 44506  55.3717  50.3292 0011791 184.0388 295.2351  2.00561096 10075
1 44506U 19056A   20366.49617288 -.00000047  00000-0  00000-0 0  9994
2 44506  55.3717  50.3292 0011791 184.0388 295.2351  2.00561096 10086
1 44506U 19056A   21001.26903682 -.00000046  00000-0  00000-0 0  9991
2 44506  55.3723  50.2982 0011797 184.1368 133.1757  2.00561073 10099
1 44506U 19056A   21001.74085628 -.00000046  00000-0  00000-0 0  9995
2 44506  55.3726  50.2791 0011803 184.1805 113.8047  2.00561057 10105
1 44506U 19056A   21002.52268663 -.00000047  00000-0  00000-0 0  9995
2 44506  55.3732  50.2477 0011810 184.2730 318.2251  2.00561027 10126
1 44506U 19056A   21002.75749705 -.00000047  00000-0  00000+0 0  9990
2 44506  55.3734  50.2383 0011812 184.2873 127.7533  2.00561021 10124
1 44506U 19056A   21002.82550747 -.00000048  00000-0  00000-0 0  9996
2 44506  55.3734  50.2355 0011813 184.2953 176.8516  2.00561018 10136
1 44506U 19056A   21003.53001285 -.00000049  00000-0  00000-0 0  9994
2 44506  55.3739  50.2072 0011820 184.3695 325.4583  2.00560990 10144
1 44506U 19056A   21003.76856552 -.00000050  00000-0  00000-0 0  9996
2 44506  55.3741  50.1976 0011823 184.3791 137.6933  2.00560985 10145
1 44506U 19056A   21004.53949633 -.00000053  00000-0  00000-0 0  9998
2 44506  55.3747  50.1666 0011828 184.4659 334.2493  2.00560961 10168
1 44506U 19056A   21004.78050852 -.00000053  00000-0  00000+0 0  9990
2 44506  55.3749  50.1569 0011832 184.4697 148.2658  2.00560957 10160
1 44506U 19056A   21005.46851160 -.00000056  00000-0  00000-0 0  9991
2 44506  55.3754  50.1292 0011840 184.5100 284.9912  2.00560940 10183
1 44506U 19056A   21005.73205525 -.00000057  00000-0  00000-0 0  9990
2 44506  55.3756  50.1186 0011846 184.5077 115.2825  2.00560941 10186
1 44506U 19056A   21006.46156058 -.00000059  00000-0  00000-0 0  9999
2 44506  55.3762  50.0893 0011855 184.5406 281.9814  2.00560930 10203
1 44506U 19056A   21006.74257101 -.00000059  00000-0  00000-0 0  9991
2 44506  55.3764  50.0780 0011862 184.5356 124.8871  2.00560933 10203
1 44506U 19056A   21007.06646656 -.00000060  00000-0  00000+0 0  9995
2 44506  55.3766  50.0649 0011865 184.5490 358.7392  2.00560931 10205
1 44506U 19056A   21007.45385946 -.00000060  00000-0  00000-0 0  9991
2 44506  55.3769  50.0493 0011866 184.5828 278.4185  2.00560932 10222
1 44506U 19056A   21007.51163498 -.00000061  00000-0  00000-0 0  9995
2 44506  55.3770  50.0470 0011866 184.5824 320.1351  2.00560934 10227
1 44506U 19056A   21008.46750294 -.00000061  00000-0  00000-0 0  9996
2 44506  55.3777  50.0085 0011877 184.6066 290.2856  2.00560951 10245
1 44506U 19056A   21008.76640837 -.00000062  00000-0  00000-0 0  9991
2 44506  55.3779  49.9965 0011883 184.6063 146.1076  2.00560963 10241
1 44506U 19056A   21009.47973187 -.00000062  00000-0  00000+0 0  9996
2 44506  55.3784  49.9678 0011886 184.6171 301.1448  2.00560991 10259
1 44506U 19056A   21009.47973187 -.00000062  00000-0  00000-0 0  9997
2 44506  55.3784  49.9678 0011886 184.6171 301.1448  2.00560991 10260
1 44506U 19056A   21009.77810655 -.00000062  00000-0  00000-0 0  9990
2 44506  55.3787  49.9558 0011891 184.6260 156.5744  2.00561006 10264
1 44506U 19056A   21010.54584260 -.00000062  00000-0  00000-0 0  9997
2 44506  55.3792  49.9249 0011898 184.6045 350.9322  2.00561055 10283
1 44506U 19056A   21010.72622278 -.00000062  00000-0  00000-0 0  9999
2 44506  55.3794  49.9176 0011904 184.6108 121.1676  2.00561067 10285
1 44506U 19056A   21011.54431314 -.00000062  00000-0  00000-0 0  9999
2 44506  55.3800  49.8847 0011902 184.5979 351.8748  2.00561129 10304
1 44506U 19056A   21011.79799250 -.00000063  00000-0  00000-0 0  9993
2 44506  55.3802  49.8745 0011904 184.6176 175.0218  2.00561147 10303
1 44506U 19056A   21012.30224477 -.00000064  00000-0  00000-0 0  9996
2 44506  55.3805  49.8542 0011904 184.6147 179.1152  2.00561189 10329
1 44506U 19056A   21013.30068910 -.00000066  00000-0  00000+0 0  9996
2 44506  55.3813  49.8140 0011903 184.6105 180.0368  2.00561280 10338
1 44506U 19056A   21013.30068910 -.00000066  00000-0  00000-0 0  9997
2 44506  55.3813  49.8140 0011903 184.6105 180.0368  2.00561280 10349
1 44506U 19056A   21014.47906968 -.00000070  00000-0  00000-0 0  9995
2 44506  55.3821  49.7667 0011901 184.5781 310.9084  2.00561397 10368
1 44506U 19056A   21014.77462670 -.00000071  00000-0  00000-0 0  9996
2 44506  55.3823  49.7548 0011905 184.5835 164.3074  2.00561424 10363
1 44506U 19056A   21015.53808324 -.00000074  00000-0  00000+0 0  9993
2 44506  55.3828  49.7242 0011899 184.5897 355.5484  2.00561497 10379
1 44506U 19056A   21015.53808324 -.00000074  00000-0  00000-0 0  9994
2 44506  55.3828  49.7242 0011899 184.5897 355.5484  2.00561497 10380
1 44506U 19056A   21015.72033847 -.00000075  00000-0  00000-0 0  9996
2 44506  55.3830  49.7168 0011899 184.6194 127.1149  2.00561517 10385
1 44506U 19056A   21016.32440330 -.00000077  00000-0  00000-0 0  9994
2 44506  55.3834  49.6926 0011894 184.6276 203.2667  2.00561572 10401
1 44506U 19056A   21016.73267337 -.00000078  00000-0  00000-0 0  9994
2 44506  55.3836  49.6762 0011897 184.6377 138.0447  2.00561606 10405
1 44506U 19056A   21017.51344962 -.00000079  00000-0  00000-0 0  9992
2 44506  55.3841  49.6449 0011893 184.6585 341.7772  2.00561667 10423
1 44506U 19056A   21017.74712839 -.00000079  00000-0  00000+0 0  9998
2 44506  55.3843  49.6355 0011893 184.6813 150.4803  2.00561684 10424
1 44506U 19056A   21017.74712839 -.00000079  00000-0  00000-0 0  9999
2 44506  55.3843  49.6355 0011893 184.6813 150.4803  2.00561684 10424
1 44506U 19056A   21018.30982984 -.00000079  00000-0  00000-0 0  9992
2 44506  55.3847  49.6129 0011886 184.7175 196.7384  2.00561723 10444
1 44506U 19056A   21018.51574330 -.00000079  00000-0  00000-0 0  9997
2 44506  55.3848  49.6047 0011887 184.7298 345.4045  2.00561736 10442
1 44506U 19056A   21019.47377685 -.00000077  00000-0  00000-0 0  9995
2 44506  55.3853  49.5663 0011876 184.7766 317.0985  2.00561791 10460
1 44506U 19056A   21019.52817590 -.00000077  00000-0  00000-0 0  9995
2 44506  55.3854  49.5641 0011878 184.7754 356.3782  2.00561793 10469
1 44506U 19056A   21019.94919137 -.00000075  00000-0  00000+0 0  9998
2 44506  55.3856  49.5473 0011872 184.8017 300.3430  2.00561816 10466
1 44506U 19056A   21020.53535764 -.00000072  00000-0  00000-0 0  9993
2 44506  55.3860  49.5238 0011865 184.8512   3.5306  2.00561839 10483
1 44506U 19056A   21020.77044837 -.00000071  00000-0  00000-0 0  9994
2 44506  55.3862  49.5144 0011864 184.8719 173.2555  2.00561849 10481
1 44506U 19056A   21021.49713948 -.00000067  00000-0  00000-0 0  9995
2 44506  55.3866  49.4853 0011858 184.9175 337.9119  2.00561871 10504
1 44506U 19056A   21021.77543054 -.00000065  00000-0  00000-0 0  9993
2 44506  55.3868  49.4741 0011857 184.9478 178.8197  2.00561880 10516
1 44506U 19056A   21021.97261953 -.00000063  00000-0  00000+0 0  9997
2 44506  55.3869  49.4663 0011855 184.9575 321.1888  2.00561885 10500
1 44506U 19056A   21022.50378826 -.00000060  00000-0  00000-0 0  9993
2 44506  55.3873  49.4450 0011853 184.9969 344.6761  2.00561895 10527
1 44506U 19056A   21022.74399714 -.00000058  00000-0  00000-0 0  9995
2 44506  55.3874  49.4353 0011853 185.0281 158.0860  2.00561901 10524
1 44506U 19056A   21023.51553444 -.00000052  00000-0  00000-0 0  9997
2 44506  55.3879  49.4045 0011852 185.0811 355.1162  2.00561912 10544
1 44506U 19056A   21024.01854212 -.00000049  00000-0  00000+0 0  9995
2 44506  55.3882  49.3843 0011852 185.1214 358.2690  2.00561915 10544
1 44506U 19056A   21024.52060848 -.00000045  00000-0  00000-0 0  9992
2 44506  55.3886  49.3642 0011853 185.1539   0.7501  2.00561918 10561
1 44506U 19056A   21025.37403209 -.00000040  00000-0  00000-0 0  9993
2 44506  55.3892  49.3300 0011855 185.2225 256.8901  2.00561916 10582
1 44506U 19056A   21025.53368003 -.00000039  00000-0  00000-0 0  9991
2 44506  55.3893  49.3237 0011857 185.2727  12.1134  2.00561969 10580
1 44506U 19056A   21026.26165012 -.00000035  00000-0  00000+0 0  9992
2 44506  55.3898  49.2944 0011858 185.3331 177.6788  2.00561960 10596
1 44506U 19056A   21026.26165012 -.00000035  00000-0  00000-0 0  9993
2 44506  55.3898  49.2944 0011858 185.3331 177.6788  2.00561960 10608
1 44506U 19056A   21026.72695372 -.00000034  00000-0  00000-0 0  9990
2 44506  55.3902  49.2758 0011860 185.3693 153.6118  2.00561950 10601
1 44506U 19056A   21027.50649049 -.00000031  00000-0  00000-0 0  9994
2 44506  55.3907  49.2445 0011864 185.4292 356.4110  2.00561929 10622
1 44506U 19056A   21028.45087544 -.00000030  00000-0  00000+0 0  9993
2 44506  55.3915  49.2066 0011869 185.4967 318.2300  2.00561898 10637
1 44506U 19056A   21028.50477146 -.00000030  00000-0  00000-0 0  9991
2 44506  55.3915  49.2044 0011870 185.5003 357.1416  2.00561896 10646
1 44506U 19056A   21029.42538022 -.00000030  00000-0  00000-0 0  9994
2 44506  55.3922  49.1674 0011873 185.5579 301.8028  2.00561859 10669
1 44506U 19056A   21029.74294280 -.00000030  00000-0  00000-0 0  9994
2 44506  55.3925  49.1547 0011873 185.5620 171.0925  2.00561850 10662
1 44506U 19056A   21030.27687934 -.00000031  00000-0  00000-0 0  9997
2 44506  55.3929  49.1332 0011876 185.5861 196.5933  2.00561828 10686
1 44506U 19056A   21031.72511046 -.00000035  00000-0  00000-0 0  9992
2 44506  55.3940  49.0750 0011888 185.6126 162.2515  2.00561773 10708
1 44506U 19056A   21032.25312198 -.00000037  00000-0  00000+0 0  9999
2 44506  55.3945  49.0537 0011893 185.6059 183.5050  2.00561759 10712
1 44506U 19056A   21032.25312198 -.00000037  00000-0  00000-0 0  9990
2 44506  55.3945  49.0537 0011893 185.6059 183.5050  2.00561759 10723
1 44506U 19056A   21033.50190978 -.00000041  00000-0  00000-0 0  9994
2 44506  55.3954  49.0035 0011905 185.5816   5.2072  2.00561737 10742
1 44506U 19056A   21034.30456810 -.00000042  00000-0  00000+0 0  9993
2 44506  55.3961  48.9713 0011915 185.5505 224.7916  2.00561727 10752
1 44506U 19056A   21034.30456810 -.00000042  00000-0  00000-0 0  9994
2 44506  55.3961  48.9713 0011915 185.5505 224.7916  2.00561727 10763
1 44506U 19056A   21035.26051582 -.00000044  00000-0  00000-0 0  9999
2 44506  55.3968  48.9328 0011924 185.5164 195.0605  2.00561735 10789
1 44506U 19056A   21036.42778463 -.00000045  00000-0  00000+0 0  9992
2 44506  55.3978  48.8859 0011931 185.4558 317.9388  2.00561771 10796
1 44506U 19056A   21036.47919465 -.00000045  00000-0  00000-0 0  9997
2 44506  55.3978  48.8839 0011933 185.4466 355.0683  2.00561776 10802
1 44506U 19056A   21037.43997970 -.00000045  00000-0  00000-0 0  9991
2 44506  55.3986  48.8453 0011935 185.4220 328.8203  2.00561810 10820
1 44506U 19056A   21038.45107684 -.00000046  00000-0  00000+0 0  9999
2 44506  55.3994  48.8047 0011945 185.3418 338.9575  2.00561961 10839
1 44506U 19056A   21038.45107684 -.00000046  00000-0  00000-0 0  9990
2 44506  55.3994  48.8047 0011945 185.3418 338.9575  2.00561961 10840
1 44506U 19056A   21039.51351149 -.00000048  00000-0  00000-0 0  9997
2 44506  55.4002  48.7621 0011948 185.2563  26.1669  2.00562049 10861
1 44506U 19056A   21039.72026406 -.00000049  00000-0  00000-0 0  9996
2 44506  55.4003  48.7538 0011948 185.2606 175.4469  2.00562061 10878
1 44506U 19056A   21040.46869409 -.00000051  00000-0  00000+0 0  9999
2 44506  55.4007  48.7237 0011954 185.1767 355.9298  2.00562130 10874
1 44506U 19056A   21040.46869409 -.00000051  00000-0  00000-0 0  9990
2 44506  55.4007  48.7237 0011954 185.1767 355.9298  2.00562130 10885
1 44506U 19056A   21041.47499949 -.00000055  00000-0  00000-0 0  9994
2 44506  55.4014  48.6833 0011950 185.1051   2.5981  2.00562222 10905
1 44506U 19056A   21041.92087963 -.00000057  00000-0  00000-0 0  9995
2 44506  55.4017  48.6655 0011954 185.0797 324.5685  2.00562262 10913
1 44506U 19056A   21042.46731376 -.00000059  00000-0  00000-0 0  9991
2 44506  55.4021  48.6435 0011949 185.0621 359.1357  2.00562314 10923
1 44506U 19056A   21043.12169812 -.00000062  00000-0  00000+0 0  9998
2 44506  55.4025  48.6173 0011954 185.0496 111.6428  2.00562373 10938
1 44506U 19056A   21043.49708205 -.00000063  00000-0  00000-0 0  9995
2 44506  55.4028  48.6022 0011953 185.0266  22.7097  2.00562407 10941
1 44506U 19056A   21044.50965900 -.00000066  00000-0  00000-0 0  9998
2 44506  55.4034  48.5617 0011948 184.9965  33.8656  2.00562488 10960
1 44506U 19056A   21044.90498948 -.00000067  00000-0  00000-0 0  9996
2 44506  55.4037  48.5459 0011945 184.9846 319.3239  2.00562521 10970
1 44506U 19056A   21045.21272661 -.00000067  00000-0  00000+0 0  9992
2 44506  55.4039  48.5336 0011944 184.9891 181.5195  2.00562542 10978
1 44506U 19056A   21045.45999677 -.00000067  00000-0  00000-0 0  9992
2 44506  55.4041  48.5237 0011944 184.9749   0.0739  2.00562559 10981
1 44506U 19056A   21045.90153772 -.00000067  00000-0  00000-0 0  9990
2 44506  55.4044  48.5060 0011942 184.9765 318.8847  2.00562587 10996
1 44506U 19056A   21046.44960708 -.00000066  00000-0  00000-0 0  9994
2 44506  55.4047  48.4841 0011942 184.9761 354.6161  2.00562619 11007
1 44506U 19056A   21047.48286979 -.00000063  00000-0  00000+0 0  9996
2 44506  55.4055  48.4427 0011934 184.9860  20.6688  2.00562669 11017
1 44506U 19056A   21047.48286979 -.00000063  00000-0  00000-0 0  9997
2 44506  55.4055  48.4427 0011934 184.9860  20.6688  2.00562669 11028
1 44506U 19056A   21048.26706906 -.00000059  00000-0  00000-0 0  9996
2 44506  55.4060  48.4114 0011924 184.9789 226.9033  2.00562699 11046
1 44506U 19056A   21049.97780244 -.00000049  00000-0  00000+0 0  9990
2 44506  55.4071  48.3430 0011923 185.0083  22.1016  2.00562742 11075
1 44506U 19056A   21050.45507104 -.00000045  00000-0  00000-0 0  9994
2 44506  55.4075  48.3239 0011918 185.0109   6.7088  2.00562748 11083
1 44506U 19056A   21051.46729403 -.00000039  00000-0  00000-0 0  9997
2 44506  55.4082  48.2834 0011917 185.0282  17.5629  2.00562755 11104
1 44506U 19056A   21052.00449087 -.00000036  00000-0  00000+0 0  9991
2 44506  55.4085  48.2619 0011922 185.0439  45.4279  2.00562754 11119
1 44506U 19056A   21052.48074090 -.00000033  00000-0  00000-0 0  9999
2 44506  55.4089  48.2429 0011920 185.0570  29.2892  2.00562752 11126
1 44506U 19056A   21053.29076115 -.00000029  00000-0  00000-0 0  9994
2 44506  55.4095  48.2105 0011914 185.0624 254.1555  2.00562739 11149
1 44506U 19056A   21053.91655031 -.00000027  00000-0  00000-0 0  9991
2 44506  55.4099  48.1854 0011917 185.0637 346.0025  2.00562727 11151
1 44506U 19056A   21054.42197008 -.00000025  00000-0  00000+0 0  9990
2 44506  55.4103  48.1653 0011918 185.0740 350.9284  2.00562713 11167
1 44506U 19056A   21054.42197008 -.00000025  00000-0  00000-0 0  9991
2 44506  55.4103  48.1653 0011918 185.0740 350.9284  2.00562713 11167
1 44506U 19056A   21054.50456644 -.00000025  00000-0  00000-0 0  9994
2 44506  55.4102  48.1618 0011931 185.0676  50.5744  2.00562799 11168
1 44506U 19056A   21055.45647618 -.00000024  00000-0  00000-0 0  9991
2 44506  55.4109  48.1237 0011943 185.0814  17.8830  2.00562766 11187
1 44506U 19056A   21056.46482463 -.00000024  00000-0  00000+0 0  9997
2 44506  55.4117  48.0833 0011954 185.0840  25.9541  2.00562723 11203
1 44506U 19056A   21056.46482463 -.00000024  00000-0  00000-0 0  9998
2 44506  55.4117  48.0833 0011954 185.0840  25.9541  2.00562723 11203
1 44506U 19056A   21057.47800017 -.00000025  00000-0  00000-0 0  9990
2 44506  55.4125  48.0426 0011948 185.0311  37.5659  2.00562678 11226
1 44506U 19056A   21057.90004831 -.00000026  00000-0  00000-0 0  9999
2 44506  55.4128  48.0257 0011951 185.0125 342.3224  2.00562661 11236
1 44506U 19056A   21058.49100285 -.00000028  00000-0  00000+0 0  9995
2 44506  55.4133  48.0020 0011958 184.9758  49.0552  2.00562639 11248
1 44506U 19056A   21058.49100285 -.00000028  00000-0  00000-0 0  9996
2 44506  55.4133  48.0020 0011958 184.9758  49.0552  2.00562639 11248
1 44506U 19056A   21058.90588507 -.00000029  00000-0  00000-0 0  9990
2 44506  55.4136  47.9854 0011963 184.9481 348.6466  2.00562621 11257
1 44506U 19056A   21059.26429698 -.00000031  00000-0  00000-0 0  9998
2 44506  55.4139  47.9710 0011964 184.9142 247.4702  2.00562606 11269
1 44506U 19056A   21059.91445396 -.00000033  00000-0  00000-0 0  9995
2 44506  55.4144  47.9449 0011971 184.8599 356.9674  2.00562588 11271
1 44506U 19056A   21060.21193265 -.00000034  00000-0  00000-0 0  9996
2 44506  55.4146  47.9329 0011987 184.8614 211.7591  2.00562578 11281
1 44506U 19056A   21060.91332316 -.00000036  00000-0  00000+0 0  9996
2 44506  55.4151  47.9048 0011997 184.7985 358.2576  2.00562567 11295
1 44506U 19056A   21060.91332316 -.00000036  00000-0  00000-0 0  9997
2 44506  55.4151  47.9048 0011997 184.7985 358.2576  2.00562567 11295
1 44506U 19056A   21061.46234715 -.00000037  00000-0  00000-0 0  9993
2 44506  55.4155  47.8827 0012004 184.7333  34.7431  2.00562562 11303
1 44506U 19056A   21062.39779689 -.00000039  00000-0  00000-0 0  9992
2 44506  55.4163  47.8452 0012019 184.6289 350.2846  2.00562564 11321
1 44506U 19056A   21063.12651653 -.00000041  00000-0  00000+0 0  9996
2 44506  55.4168  47.8159 0012032 184.5507 156.5315  2.00562575 11338
1 44506U 19056A   21063.25441737 -.00000041  00000-0  00000-0 0  9991
2 44506  55.4169  47.8108 0012032 184.5394 248.8929  2.00562578 11347
1 44506U 19056A   21064.39253186 -.00000042  00000-0  00000-0 0  9997
2 44506  55.4178  47.7651 0012044 184.3911 350.8117  2.00562635 11364
1 44506U 19056A   21065.16053088 -.00000043  00000-0  00000+0 0  9992
2 44506  55.4183  47.7343 0012054 184.2998 185.4335  2.00562681 11379
1 44506U 19056A   21065.44935747 -.00000044  00000-0  00000-0 0  9996
2 44506  55.4185  47.7227 0012055 184.2388  34.0406  2.00562708 11385
1 44506U 19056A   21066.46081552 -.00000046  00000-0  00000-0 0  9997
2 44506  55.4193  47.6822 0012064 184.1001  44.4984  2.00562787 11401
1 44506U 19056A   21066.86225611 -.00000048  00000-0  00000-0 0  9999
2 44506  55.4196  47.6661 0012065 184.0435 334.4136  2.00562821 11417
1 44506U 19056A   21067.17106212 -.00000049  00000-0  00000+0 0  9999
2 44506  55.4197  47.6537 0012069 184.0332 197.3962  2.00562845 11419
1 44506U 19056A   21067.47314941 -.00000050  00000-0  00000-0 0  9995
2 44506  55.4199  47.6416 0012073 183.9713  55.5791  2.00562877 11424
1 44506U 19056A   21067.64258958 -.00000051  00000-0  00000-0 0  9990
2 44506  55.4200  47.6348 0012073 183.9673 177.9268  2.00562887 11436
1 44506U 19056A   21068.48536369 -.00000054  00000-0  00000-0 0  9991
2 44506  55.4206  47.6011 0012081 183.8382  66.5780  2.00562969 11448
1 44506U 19056A   21069.18714910 -.00000058  00000-0  00000+0 0  9992
2 44506  55.4210  47.5730 0012083 183.7674 213.3706  2.00563029 11454
1 44506U 19056A   21069.43347899 -.00000059  00000-0  00000-0 0  9990
2 44506  55.4212  47.5631 0012087 183.7186  31.2812  2.00563056 11464
1 44506U 19056A   21069.88567148 -.00000062  00000-0  00000-0 0  9994
2 44506  55.4215  47.5450 0012087 183.6671 357.8368  2.00563096 11472
1 44506U 19056A   21070.38805914 -.00000064  00000-0  00000-0 0  9999
2 44506  55.4218  47.5249 0012090 183.6186   0.6328  2.00563138 11483
1 44506U 19056A   21070.98105551 -.00000067  00000-0  00000-0 0  9998
2 44506  55.4221  47.5011 0012091 183.5343  68.8889  2.00563200 11498
1 44506U 19056A   21071.68552637 -.00000069  00000-0  00000+0 0  9998
2 44506  55.4226  47.4730 0012084 183.4690 217.6156  2.00563254 11508
1 44506U 19056A   21071.68552637 -.00000069  00000-0  00000-0 0  9999
2 44506  55.4226  47.4730 0012084 183.4690 217.6156  2.00563254 11519
1 44506U 19056A   21072.46948899 -.00000071  00000-0  00000-0 0  9998
2 44506  55.4231  47.4417 0012092 183.4132  63.7298  2.00563315 11523
1 44506U 19056A   21072.88736767 -.00000072  00000-0  00000-0 0  9994
2 44506  55.4233  47.4250 0012093 183.3797   5.4917  2.00563344 11531
1 44506U 19056A   21073.48224539 -.00000071  00000-0  00000-0 0  9999
2 44506  55.4237  47.4012 0012093 183.3391  75.0626  2.00563382 11544
1 44506U 19056A   21073.95649706 -.00000071  00000-0  00000+0 0  9997
2 44506  55.4240  47.3823 0012097 183.3219  57.5122  2.00563410 11548
1 44506U 19056A   21074.42994493 -.00000070  00000-0  00000-0 0  9996
2 44506  55.4242  47.3634 0012093 183.2962  39.3909  2.00563475 11564
1 44506U 19056A   21074.48446483 -.00000070  00000-0  00000-0 0  9993
2 44506  55.4243  47.3612 0012094 183.2986  78.7545  2.00563477 11563
1 44506U 19056A   21075.35166987 -.00000066  00000-0  00000-0 0  9993
2 44506  55.4248  47.3266 0012090 183.2310 344.9860  2.00563517 11585
1 44506U 19056A   21075.91097009 -.00000064  00000-0  00000-0 0  9991
2 44506  55.4252  47.3043 0012090 183.1974  28.8616  2.00563537 11598
1 44506U 19056A   21075.97798916 -.00000063  00000-0  00000+0 0  9990
2 44506  55.4252  47.3016 0012091 183.2009  77.2491  2.00563538 11599
1 44506U 19056A   21076.45528831 -.00000061  00000-0  00000-0 0  9990
2 44506  55.4255  47.2826 0012093 183.1819  61.9012  2.00563552 11607
1 44506U 19056A   21076.92077126 -.00000058  00000-0  00000-0 0  9994
2 44506  55.4258  47.2640 0012093 183.1575  38.0269  2.00563565 11617
1 44506U 19056A   21077.46641397 -.00000055  00000-0  00000-0 0  9998
2 44506  55.4261  47.2422 0012095 183.1386  72.0264  2.00563574 11625
1 44506U 19056A   21077.93541970 -.00000052  00000-0  00000-0 0  9993
2 44506  55.4264  47.2235 0012098 183.1169  50.6931  2.00563581 11634
1 44506U 19056A   21078.13919814 -.00000051  00000-0  00000+0 0  9990
2 44506  55.4265  47.2154 0012100 183.1094 197.8385  2.00563580 11632
1 44506U 19056A   21078.41193639 -.00000049  00000-0  00000-0 0  9998
2 44506  55.4267  47.2045 0012098 183.0782  34.8000  2.00563584 11641
1 44506U 19056A   21078.69020845 -.00000048  00000-0  00000-0 0  9995
2 44506  55.4269  47.1934 0012104 183.0813 235.7228  2.00563582 11655
1 44506U 19056A   21079.34569282 -.00000044  00000-0  00000-0 0  9997
2 44506  55.4273  47.1672 0012108 183.0437 349.0521  2.00563583 11662
1 44506U 19056A   21079.89953642 -.00000041  00000-0  00000-0 0  9991
2 44506  55.4276  47.1451 0012112 182.9985  28.9995  2.00563582 11679
1 44506U 19056A   21080.35282641 -.00000039  00000-0  00000+0 0  9994
2 44506  55.4279  47.1270 0012117 182.9772 356.3182  2.00563575 11689
1 44506U 19056A   21080.35282641 -.00000039  00000-0  00000-0 0  9995
2 44506  55.4279  47.1270 0012117 182.9772 356.3182  2.00563575 11689
1 44506U 19056A   21080.91249895 -.00000037  00000-0  00000-0 0  9999
2 44506  55.4282  47.1047 0012125 182.9516  40.4546  2.00563568 11698
1 44506U 19056A   21081.45167365 -.00000036  00000-0  00000-0 0  9999
2 44506  55.4286  47.0832 0012131 182.9323  69.7843  2.00563557 11700
1 44506U 19056A   21082.37443830 -.00000034  00000-0  00000+0 0  9992
2 44506  55.4292  47.0463 0012147 182.8960  16.1014  2.00563531 11720
1 44506U 19056A   21082.46486844 -.00000034  00000-0  00000-0 0  9995
2 44506  55.4292  47.0426 0012148 182.8877  81.4048  2.00563531 11729
1 44506U 19056A   21082.93484896 -.00000034  00000-0  00000-0 0  9992
2 44506  55.4295  47.0238 0012155 182.8659  60.7753  2.00563516 11736
1 44506U 19056A   21083.70313889 -.00000034  00000-0  00000-0 0  9991
2 44506  55.4301  46.9931 0012167 182.8140 255.5698  2.00563486 11750
1 44506U 19056A   21084.20271956 -.00000035  00000-0  00000-0 0  9996
2 44506  55.4304  46.9731 0012178 182.7959 256.3094  2.00563464 11766
1 44506U 19056A   21084.64756140 -.00000036  00000-0  00000+0 0  9997
2 44506  55.4307  46.9553 0012186 182.7611 217.5414  2.00563443 11767
1 44506U 19056A   21084.64756140 -.00000036  00000-0  00000-0 0  9998
2 44506  55.4307  46.9553 0012186 182.7611 217.5414  2.00563443 11778
1 44506U 19056A   21084.84215869 -.00000036  00000-0  00000-0 0  9998
2 44506  55.4309  46.9475 0012191 182.7516 358.0595  2.00563438 11778
1 44506U 19056A   21085.58725008 -.00000039  00000-0  00000-0 0  9994
2 44506  55.4314  46.9176 0012206 182.6625 176.1406  2.00563402 11781
1 44506U 19056A   21086.43844703 -.00000041  00000-0  00000-0 0  9996
2 44506  55.4320  46.8835 0012223 182.5727  70.8368  2.00563423 11803
1 44506U 19056A   21087.13600059 -.00000044  00000-0  00000+0 0  9990
2 44506  55.4325  46.8555 0012240 182.4707 214.6060  2.00563389 11812
1 44506U 19056A   21087.45104465 -.00000045  00000-0  00000-0 0  9997
2 44506  55.4327  46.8429 0012246 182.4271  82.1267  2.00563385 11820
1 44506U 19056A   21087.90145841 -.00000047  00000-0  00000-0 0  9992
2 44506  55.4330  46.8248 0012257 182.3606  47.4135  2.00563372 11831
1 44506U 19056A   21088.24813678 -.00000048  00000-0  00000-0 0  9991
2 44506  55.4333  46.8109 0012266 182.3076 297.7850  2.00563359 11841
1 44506U 19056A   21088.83508059 -.00000049  00000-0  00000-0 0  9991
2 44506  55.4337  46.7874 0012280 182.1973   1.6970  2.00563356 11856
1 44506U 19056A   21089.17365755 -.00000050  00000-0  00000+0 0  9994
2 44506  55.4339  46.7737 0012293 182.1943 246.1689  2.00563348 11851
1 44506U 19056A   21089.17365755 -.00000050  00000-0  00000-0 0  9995
2 44506  55.4339  46.7737 0012293 182.1943 246.1689  2.00563348 11862
1 44506U 19056A   21089.89465623 -.00000052  00000-0  00000-0 0  9991
2 44506  55.4344  46.7448 0012311 182.0647  46.8944  2.00563359 11870
1 44506U 19056A   21090.15925510 -.00000053  00000-0  00000-0 0  9999
2 44506  55.4346  46.7341 0012320 182.0343 237.9779  2.00563355 11883
1 44506U 19056A   21091.07841899 -.00000054  00000-0  00000-0 0  9999
2 44506  55.4352  46.6972 0012342 181.8837 181.8091  2.00563381 11904
1 44506U 19056A   21091.31383684 -.00000055  00000-0  00000+0 0  9999
2 44506  55.4354  46.6878 0012345 181.8348 351.8411  2.00563396 11902
1 44506U 19056A   21091.43562584 -.00000055  00000-0  00000-0 0  9991
2 44506  55.4355  46.6829 0012349 181.8143  79.7992  2.00563401 11903
1 44506U 19056A   21092.44841882 -.00000057  00000-0  00000-0 0  9996
2 44506  55.4362  46.6422 0012370 181.6222  91.2769  2.00563461 11929
1 44506U 19056A   21092.92879853 -.00000058  00000-0  00000-0 0  9999
2 44506  55.4365  46.6230 0012378 181.5278  78.2288  2.00563496 11937
1 44506U 19056A   21093.32151543 -.00000059  00000-0  00000+0 0  9993
2 44506  55.4368  46.6073 0012382 181.4404   1.8769  2.00563529 11944
1 44506U 19056A   21093.40383050 -.00000059  00000-0  00000-0 0  9993
2 44506  55.4368  46.6039 0012385 181.4220  61.3308  2.00563535 11942
1 44506U 19056A   21093.69821431 -.00000060  00000-0  00000-0 0  9996
2 44506  55.4370  46.5922 0012387 181.3715 273.9407  2.00563557 11951
1 44506U 19056A   21094.41725977 -.00000063  00000-0  00000-0 0  9998
2 44506  55.4374  46.5634 0012402 181.2252  73.2730  2.00563623 11963
1 44506U 19056A   21095.90104897 -.00000071  00000-0  00000+0 0  9993
2 44506  55.4383  46.5040 0012436 180.9924  64.8746  2.00563764 11995
1 44506U 19056A   21095.90104897 -.00000071  00000-0  00000-0 0  9994
2 44506  55.4383  46.5040 0012436 180.9924  64.8746  2.00563764 11995
1 44506U 19056A   21096.67061639 -.00000075  00000-0  00000-0 0  9999
2 44506  55.4388  46.4733 0012444 180.8738 260.6589  2.00563829 12016
1 44506U 19056A   21097.80466285 -.00000081  00000-0  00000-0 0  9998
2 44506  55.4394  46.4279 0012464 180.6753 359.6956  2.00563936 12033
1 44506U 19056A   21098.09570713 -.00000083  00000-0  00000+0 0  9993
2 44506  55.4396  46.4162 0012472 180.7927 209.7268  2.00563956 12032
1 44506U 19056A   21098.40275420 -.00000084  00000-0  00000-0 0  9997
2 44506  55.4397  46.4039 0012479 180.7153  71.5078  2.00563990 12047
1 44506U 19056A   21098.93908281 -.00000086  00000-0  00000-0 0  9995
2 44506  55.4400  46.3824 0012488 180.6475  98.8318  2.00564033 12058
1 44506U 19056A   21099.41612455 -.00000088  00000-0  00000-0 0  9996
2 44506  55.4403  46.3634 0012493 180.5726  83.3549  2.00564071 12062
1 44506U 19056A   21099.94933896 -.00000089  00000-0  00000-0 0  9990
2 44506  55.4406  46.3421 0012495 180.4581 108.4781  2.00564154 12079
1 44506U 19056A   21100.16314248 -.00000089  00000-0  00000+0 0  9990
2 44506  55.4407  46.3336 0012494 180.4335 262.8795  2.00564168 12076
1 44506U 19056A   21100.42800038 -.00000089  00000-0  00000-0 0  9997
2 44506  55.4409  46.3231 0012500 180.4077  94.1462  2.00564185 12080
1 44506U 19056A   21100.90021778 -.00000089  00000-0  00000-0 0  9996
2 44506  55.4411  46.3042 0012506 180.3392  75.1797  2.00564219 12097
1 44506U 19056A   21101.44174309 -.00000088  00000-0  00000-0 0  9994
2 44506  55.4414  46.2826 0012512 180.2871 106.2407  2.00564248 12105
1 44506U 19056A   21101.91326904 -.00000087  00000-0  00000-0 0  9995
2 44506  55.4417  46.2638 0012520 180.2631  86.7305  2.00564274 12111
1 44506U 19056A   21102.38632809 -.00000086  00000-0  00000-0 0  9990
2 44506  55.4419  46.2450 0012525 180.2187  68.3476  2.00564298 12128
1 44506U 19056A   21104.12514950 -.00000077  00000-0  00000+0 0  9999
2 44506  55.4429  46.1757 0012549 180.0564 244.0282  2.00564360 12152
1 44506U 19056A   21104.53673771 -.00000075  00000-0  00000-0 0  9990
2 44506  55.4431  46.1592 0012556 180.0324 181.2400  2.00564368 12178
1 44506U 19056A   21105.42556757 -.00000070  00000-0  00000-0 0  9998
2 44506  55.4436  46.1238 0012569 179.9594 103.0940  2.00564386 12182
1 44506U 19056A   21105.89754209 -.00000067  00000-0  00000-0 0  9997
2 44506  55.4438  46.1050 0012577 179.9094  83.9339  2.00564391 12195
1 44506U 19056A   21106.27278005 -.00000065  00000-0  00000+0 0  9992
2 44506  55.4441  46.0900 0012584 179.8766 354.9077  2.00564391 12195
1 44506U 19056A   21106.27278005 -.00000065  00000-0  00000-0 0  9993
2 44506  55.4441  46.0900 0012584 179.8766 354.9077  2.00564391 12207
1 44506U 19056A   21106.91288516 -.00000062  00000-0  00000-0 0  9999
2 44506  55.4444  46.0645 0012597 179.8339  97.1394  2.00564391 12215
1 44506U 19056A   21107.38367463 -.00000060  00000-0  00000-0 0  9998
2 44506  55.4447  46.0457 0012607 179.7999  77.1077  2.00564388 12225
1 44506U 19056A   21107.92127681 -.00000058  00000-0  00000-0 0  9991
2 44506  55.4450  46.0242 0012619 179.7592 105.3248  2.00564380 12230
1 44506U 19056A   21108.39768160 -.00000056  00000-0  00000-0 0  9994
2 44506  55.4452  46.0052 0012631 179.7239  89.3488  2.00564371 12241
1 44506U 19056A   21108.93316329 -.00000055  00000-0  00000-0 0  9999
2 44506  55.4455  45.9838 0012645 179.6870 116.0312  2.00564360 12252
1 44506U 19056A   21109.40950517 -.00000054  00000-0  00000-0 0  9994
2 44506  55.4458  45.9648 0012656 179.6515 100.0099  2.00564348 12264
1 44506U 19056A   21109.88223174 -.00000054  00000-0  00000-0 0  9998
2 44506  55.4461  45.9459 0012669 179.6148  81.3796  2.00564336 12277
1 44506U 19056A   21110.42440591 -.00000054  00000-0  00000+0 0  9993
2 44506  55.4464  45.9243 0012683 179.5533 112.9187  2.00564318 12280
1 44506U 19056A   21110.42440591 -.00000054  00000-0  00000-0 0  9994
2 44506  55.4464  45.9243 0012683 179.5533 112.9187  2.00564318 12280
1 44506U 19056A   21110.89508326 -.00000054  00000-0  00000-0 0  9996
2 44506  55.4467  45.9055 0012695 179.4900  92.8353  2.00564304 12291
1 44506U 19056A   21111.26605922 -.00000054  00000-0  00000-0 0  9998
2 44506  55.4469  45.8906 0012707 179.4793   0.7096  2.00564292 12301
1 44506U 19056A   21111.73537472 -.00000055  00000-0  00000-0 0  9995
2 44506  55.4472  45.8719 0012720 179.4233 339.6355  2.00564274 12314
1 44506U 19056A   21112.02316144 -.00000055  00000-0  00000-0 0  9999
2 44506  55.4474  45.8606 0012726 179.4999 187.3563  2.00564291 12325
1 44506U 19056A   21113.02951420 -.00000058  00000-0  00000+0 0  9994
2 44506  55.4481  45.8203 0012758 179.3875 194.1068  2.00564244 12338
1 44506U 19056A   21113.16042508 -.00000058  00000-0  00000-0 0  9998
2 44506  55.4482  45.8150 0012763 179.3809 288.6378  2.00564239 12341
1 44506U 19056A   21113.26431207 -.00000058  00000-0  00000-0 0  9997
2 44506  55.4482  45.8109 0012766 179.3712   3.6591  2.00564238 12342
1 44506U 19056A   21114.40725892 -.00000062  00000-0  00000-0 0  9995
2 44506  55.4490  45.7651 0012805 179.1989 109.0974  2.00564187 12361
1 44506U 19056A   21114.87955161 -.00000063  00000-0  00000-0 0  9991
2 44506  55.4493  45.7461 0012822 179.1294  90.1862  2.00564171 12371
1 44506U 19056A   21115.10525251 -.00000064  00000-0  00000+0 0  9991
2 44506  55.4494  45.7371 0012832 179.0944 253.1887  2.00564153 12372
1 44506U 19056A   21115.42107907 -.00000065  00000-0  00000-0 0  9992
2 44506  55.4496  45.7244 0012844 179.0442 121.2818  2.00564150 12386
1 44506U 19056A   21115.89282852 -.00000066  00000-0  00000-0 0  9997
2 44506  55.4499  45.7055 0012862 178.9683 101.9849  2.00564139 12391
1 44506U 19056A   21116.36672604 -.00000068  00000-0  00000-0 0  9990
2 44506  55.4502  45.6864 0012880 178.8915  84.2398  2.00564131 12406
1 44506U 19056A   21116.70019547 -.00000068  00000-0  00000-0 0  9999
2 44506  55.4504  45.6730 0012893 178.8311 325.0820  2.00564122 12411
1 44506U 19056A   21117.15047865 -.00000069  00000-0  00000+0 0  9993
2 44506  55.4507  45.6549 0012911 178.7606 290.2798  2.00564118 12411
1 44506U 19056A   21117.37564949 -.00000070  00000-0  00000-0 0  9997
2 44506  55.4509  45.6459 0012920 178.7172  92.9082  2.00564126 12424
1 44506U 19056A   21117.91432208 -.00000071  00000-0  00000-0 0  9990
2 44506  55.4512  45.6242 0012942 178.6258 121.9488  2.00564133 12438
1 44506U 19056A   21118.86594958 -.00000072  00000-0  00000-0 0  9997
2 44506  55.4519  45.5860 0012975 178.4706  89.2275  2.00564163 12457
1 44506U 19056A   21119.40588394 -.00000073  00000-0  00000-0 0  9996
2 44506  55.4522  45.5643 0012995 178.3883 119.1700  2.00564187 12460
1 44506U 19056A   21119.87892302 -.00000074  00000-0  00000-0 0  9995
2 44506  55.4525  45.5453 0013011 178.2498 100.8670  2.00564217 12471
1 44506U 19056A   21120.40900253 -.00000076  00000-0  00000+0 0  9992
2 44506  55.4529  45.5240 0013029 178.1694 123.6921  2.00564254 12489
1 44506U 19056A   21120.40900253 -.00000076  00000-0  00000-0 0  9993
2 44506  55.4529  45.5240 0013029 178.1694 123.6921  2.00564254 12489
1 44506U 19056A   21120.89197594 -.00000077  00000-0  00000-0 0  9993
2 44506  55.4532  45.5046 0013045 178.0847 112.5084  2.00564295 12497
