1 29486U 06042A   19001.58307744 -.00000008  00000-0  00000+0 0  9998
2 29486  55.0755 259.7188 0091561 356.0303 252.4123  2.00547806 89918
1 29486U 06042A   19001.58307744 -.00000008  00000-0  00000-0 0  9999
2 29486  55.0755 259.7188 0091561 356.0303 252.4123  2.00547806 89806
1 29486U 06042A   19002.12420986 -.00000002  00000-0  00000+0 0  9997
2 29486  55.0752 259.6971 0091565 356.0482 283.0895  2.00547786 89920
1 29486U 06042A   19002.83141970  .00000005  00000-0  00000-0 0  9991
2 29486  55.0748 259.6688 0091568 356.0773  73.6625  2.00547754 89835
1 29486U 06042A   19003.37238484  .00000010  00000-0  00000+0 0  9993
2 29486  55.0745 259.6471 0091572 356.0969 104.2172  2.00547733 89952
1 29486U 06042A   19004.62747130  .00000018  00000-0  00000+0 0  9993
2 29486  55.0739 259.5968 0091584 356.1455 290.3348  2.00547679 89972
1 29486U 06042A   19005.63707296  .00000021  00000-0  00000+0 0  9998
2 29486  55.0734 259.5563 0091591 356.1825 299.2251  2.00547634 89991
1 29486U 06042A   19006.34029167  .00000021  00000-0  00000+0 0  9991
2 29486  55.0731 259.5281 0091592 356.2114  86.9163  2.00547599 90016
1 29486U 06042A   19007.60036411  .00000018  00000-0  00000+0 0  9997
2 29486  55.0725 259.4776 0091604 356.2639 276.6291  2.00547528 90037
1 29486U 06042A   19008.53503215  .00000014  00000-0  00000+0 0  9997
2 29486  55.0720 259.4402 0091606 356.3032 231.4148  2.00547473 90059
1 29486U 06042A   19008.53503215  .00000014  00000-0  00000-0 0  9998
2 29486  55.0720 259.4402 0091606 356.3032 231.4148  2.00547473 89945
1 29486U 06042A   19009.54944946  .00000012  00000-0  00000+0 0  9997
2 29486  55.0715 259.3996 0091610 356.3461 243.7750  2.00547406 90074
1 29486U 06042A   19009.54944946  .00000012  00000-0  00000-0 0  9998
2 29486  55.0715 259.3996 0091610 356.3461 243.7750  2.00547406 89960
1 29486U 06042A   19009.62596764  .00000011  00000-0  00000-0 0  9997
2 29486  55.0715 259.3965 0091612 356.3482 299.0187  2.00547404 89967
1 29486U 06042A   19010.48486227  .00000011  00000-0  00000+0 0  9994
2 29486  55.0710 259.3621 0091608 356.3819 199.1015  2.00547345 90090
1 29486U 06042A   19011.43782757  .00000012  00000-0  00000+0 0  9998
2 29486  55.0706 259.3239 0091607 356.4185 167.0997  2.00547276 90115
1 29486U 06042A   19012.12439184  .00000015  00000-0  00000+0 0  9991
2 29486  55.0702 259.2963 0091610 356.4465 302.7663  2.00547216 90122
1 29486U 06042A   19013.13642029  .00000020  00000-0  00000+0 0  9993
2 29486  55.0697 259.2556 0092645 356.5137 313.5097  2.00578402 90143
1 29486U 06042A   19013.61059875  .00000024  00000-0  00000+0 0  9991
2 29486  55.0695 259.2366 0092647 356.5276 295.9026  2.00578361 90156
1 29486U 06042A   19013.83978380  .00000026  00000-0  00000-0 0  9999
2 29486  55.0694 259.2274 0092655 356.5329 101.3931  2.00578343 90055
1 29486U 06042A   19014.08175583  .00000028  00000-0  00000+0 0  9992
2 29486  55.0693 259.2177 0092661 356.5400 276.1154  2.00578333 90162
1 29486U 06042A   19014.76358272  .00000034  00000-0  00000-0 0  9993
2 29486  55.0690 259.1903 0092659 356.5699  48.4362  2.00578270 90073
1 29486U 06042A   19015.09428707  .00000037  00000-0  00000+0 0  9993
2 29486  55.0688 259.1771 0092667 356.5809 287.2285  2.00578239 90189
1 29486U 06042A   19016.10950274  .00000047  00000-0  00000+0 0  9996
2 29486  55.0683 259.1363 0092678 356.6145 300.2869  2.00578143 90208
1 29486U 06042A   19016.57619362  .00000051  00000-0  00000-0 0  9993
2 29486  55.0681 259.1176 0092681 356.6310 277.2701  2.00578106 90102
1 29486U 06042A   19017.59657946  .00000059  00000-0  00000+0 0  9993
2 29486  55.0676 259.0766 0092685 356.6721 294.0543  2.00578026 90236
1 29486U 06042A   19017.59657946  .00000059  00000-0  00000-0 0  9994
2 29486  55.0676 259.0766 0092685 356.6721 294.0543  2.00578026 90124
1 29486U 06042A   19018.38401858  .00000063  00000-0  00000+0 0  9995
2 29486  55.0672 259.0450 0092686 356.6992 142.6403  2.00577964 90258
1 29486U 06042A   19019.08272909  .00000064  00000-0  00000+0 0  9997
2 29486  55.0669 259.0169 0092693 356.7262 287.1551  2.00577908 90268
1 29486U 06042A   19019.08272909  .00000064  00000-0  00000-0 0  9998
2 29486  55.0669 259.0169 0092693 356.7262 287.1551  2.00577908 90156
1 29486U 06042A   19019.62167832  .00000064  00000-0  00000-0 0  9996
2 29486  55.0666 258.9953 0092695 356.7421 316.3166  2.00577868 90164
1 29486U 06042A   19020.63334785  .00000059  00000-0  00000-0 0  9996
2 29486  55.0661 258.9546 0092698 356.7738 326.8154  2.00577798 90290
1 29486U 06042A   19021.10737750  .00000055  00000-0  00000-0 0  9994
2 29486  55.0659 258.9356 0092701 356.7882 309.0995  2.00577764 90302
1 29486U 06042A   19021.92904705  .00000047  00000-0  00000+0 0  9990
2 29486  55.0655 258.9026 0092703 356.8161 182.4021  2.00577710 90321
1 29486U 06042A   19022.59513663  .00000039  00000-0  00000-0 0  9995
2 29486  55.0651 258.8759 0092707 356.8403 303.3635  2.00577667 90227
1 29486U 06042A   19023.44953080  .00000029  00000-0  00000+0 0  9999
2 29486  55.0647 258.8415 0092708 356.8737 200.2910  2.00577623 90359
1 29486U 06042A   19024.54517965  .00000018  00000-0  00000+0 0  9997
2 29486  55.0642 258.7975 0092715 356.9119 271.4243  2.00577563 90371
1 29486U 06042A   19024.63678535  .00000017  00000-0  00000-0 0  9998
2 29486  55.0641 258.7939 0092713 356.9157 337.5692  2.00577557 90263
1 29486U 06042A   19024.68834637  .00000016  00000-0  00000+0 0  9998
2 29486  55.0641 258.7918 0092714 356.9162  14.8010  2.00577555 90387
1 29486U 06042A   19024.68834637  .00000016  00000-0  00000-0 0  9999
2 29486  55.0641 258.7918 0092714 356.9162  14.8010  2.00577555 90275
1 29486U 06042A   19025.68229941  .00000011  00000-0  00000-0 0  9991
2 29486  55.0637 258.7518 0092720 356.9477  12.5058  2.00577506 90297
1 29486U 06042A   19026.41588247  .00000011  00000-0  00000+0 0  9999
2 29486  55.0634 258.7224 0092725 356.9742 182.2016  2.00577473 90414
1 29486U 06042A   19026.41588247  .00000011  00000-0  00000-0 0  9990
2 29486  55.0634 258.7224 0092725 356.9742 182.2016  2.00577473 90302
1 29486U 06042A   19027.04892153  .00000013  00000-0  00000+0 0  9995
2 29486  55.0631 258.6969 0092728 356.9976 279.2973  2.00577445 90427
1 29486U 06042A   19027.04892153  .00000013  00000-0  00000-0 0  9996
2 29486  55.0631 258.6969 0092728 356.9976 279.2973  2.00577445 90315
1 29486U 06042A   19028.60720986  .00000024  00000-0  00000+0 0  9994
2 29486  55.0624 258.6343 0092733 357.0477 324.4907  2.00577384 90454
1 29486U 06042A   19028.60720986  .00000024  00000-0  00000-0 0  9995
2 29486  55.0624 258.6343 0092733 357.0477 324.4907  2.00577384 90342
1 29486U 06042A   19030.56626189  .00000042  00000-0  00000+0 0  9992
2 29486  55.0615 258.5557 0092734 357.1103 299.0632  2.00577307 90499
1 29486U 06042A   19030.90273295  .00000045  00000-0  00000-0 0  9990
2 29486  55.0614 258.5422 0092730 357.1232 182.0167  2.00577295 90397
1 29486U 06042A   19031.43957084  .00000048  00000-0  00000+0 0  9996
2 29486  55.0611 258.5206 0092729 357.1419 209.6497  2.00577277 90515
1 29486U 06042A   19032.51260650  .00000051  00000-0  00000+0 0  9996
2 29486  55.0607 258.4775 0092730 357.1744 264.4578  2.00577231 90534
1 29486U 06042A   19032.59303580  .00000051  00000-0  00000-0 0  9995
2 29486  55.0606 258.4743 0092732 357.1730 322.5375  2.00577233 90426
1 29486U 06042A   19033.52763944  .00000050  00000-0  00000+0 0  9991
2 29486  55.0602 258.4368 0092731 357.2021 277.3868  2.00577185 90552
1 29486U 06042A   19034.62085797  .00000047  00000-0  00000+0 0  9992
2 29486  55.0598 258.3929 0092731 357.2373 346.7658  2.00577124 90571
1 29486U 06042A   19035.38954212  .00000043  00000-0  00000+0 0  9999
2 29486  55.0595 258.3621 0092723 357.2659 181.8048  2.00577083 90592
1 29486U 06042A   19035.63959170  .00000042  00000-0  00000-0 0  9995
2 29486  55.0594 258.3520 0092726 357.2767   2.3551  2.00577068 90489
1 29486U 06042A   19036.49994906  .00000038  00000-0  00000+0 0  9990
2 29486  55.0590 258.3175 0092721 357.3049 263.5914  2.00577017 90613
1 29486U 06042A   19036.57749288  .00000038  00000-0  00000-0 0  9991
2 29486  55.0590 258.3144 0092720 357.3095 319.5814  2.00577013 90504
1 29486U 06042A   19037.51340720  .00000036  00000-0  00000+0 0  9991
2 29486  55.0586 258.2769 0092712 357.3397 275.3752  2.00576949 90638
1 29486U 06042A   19037.59141170  .00000036  00000-0  00000-0 0  9998
2 29486  55.0586 258.2737 0092712 357.3432 331.6988  2.00576947 90526
1 29486U 06042A   19038.06238778  .00000035  00000-0  00000+0 0  9990
2 29486  55.0583 258.2548 0092708 357.3573 311.7766  2.00576913 90643
1 29486U 06042A   19038.06238778  .00000035  00000-0  00000-0 0  9991
2 29486  55.0583 258.2548 0092708 357.3573 311.7766  2.00576913 90531
1 29486U 06042A   19039.62162375  .00000039  00000-0  00000+0 0  9996
2 29486  55.0577 258.1923 0092691 357.4035 357.6548  2.00576800 90672
1 29486U 06042A   19039.87636983  .00000040  00000-0  00000-0 0  9997
2 29486  55.0576 258.1821 0092686 357.4100 181.6004  2.00576783 90576
1 29486U 06042A   19040.56304749  .00000044  00000-0  00000+0 0  9990
2 29486  55.0573 258.1545 0092685 357.4318 317.4284  2.00576732 90692
1 29486U 06042A   19041.49825750  .00000051  00000-0  00000+0 0  9991
2 29486  55.0569 258.1170 0092682 357.4583 272.7165  2.00576657 90712
1 29486U 06042A   19042.11981473  .00000056  00000-0  00000+0 0  9991
2 29486  55.0566 258.0920 0092679 357.4788   1.5220  2.00576603 90726
1 29486U 06042A   19042.59025764  .00000061  00000-0  00000-0 0  9992
2 29486  55.0564 258.0731 0092682 357.4912 341.2161  2.00576569 90625
1 29486U 06042A   19043.60599066  .00000069  00000-0  00000+0 0  9993
2 29486  55.0560 258.0323 0092681 357.5218 354.6454  2.00576488 90754
1 29486U 06042A   19044.54976372  .00000076  00000-0  00000+0 0  9994
2 29486  55.0556 257.9943 0092674 357.5549 316.1097  2.00576415 90772
1 29486U 06042A   19045.62266365  .00000081  00000-0  00000+0 0  9994
2 29486  55.0551 257.9512 0092677 357.5841  10.8199  2.00576331 90809
1 29486U 06042A   19046.57658262  .00000082  00000-0  00000+0 0  9991
2 29486  55.0547 257.9129 0092676 357.6117 339.6156  2.00576258 90818
1 29486U 06042A   19047.04499022  .00000081  00000-0  00000+0 0  9990
2 29486  55.0545 257.8941 0092676 357.6221 317.8414  2.00576225 90823
1 29486U 06042A   19047.59109962  .00000078  00000-0  00000-0 0  9998
2 29486  55.0542 257.8722 0092672 357.6362 352.1720  2.00576188 90728
1 29486U 06042A   19048.53357736  .00000070  00000-0  00000+0 0  9998
2 29486  55.0538 257.8343 0092666 357.6639 312.7055  2.00576123 90858
1 29486U 06042A   19048.85001376  .00000066  00000-0  00000-0 0  9995
2 29486  55.0537 257.8216 0092665 357.6692 181.1982  2.00576102 90757
1 29486U 06042A   19049.54598221  .00000058  00000-0  00000+0 0  9992
2 29486  55.0533 257.7936 0092663 357.6899 323.7348  2.00576063 90877
1 29486U 06042A   19050.47343060  .00000046  00000-0  00000+0 0  9992
2 29486  55.0529 257.7564 0092666 357.7123 273.4204  2.00576003 90891
1 29486U 06042A   19050.63152253  .00000043  00000-0  00000+0 0  9999
2 29486  55.0529 257.7500 0092666 357.7132  27.5775  2.00575997 90905
1 29486U 06042A   19050.63152253  .00000043  00000-0  00000-0 0  9990
2 29486  55.0529 257.7500 0092666 357.7132  27.5775  2.00575997 90792
1 29486U 06042A   19053.33673306  .00000021  00000-0  00000+0 0  9992
2 29486  55.0517 257.6413 0092669 357.7836 180.9313  2.00575840 90952
1 29486U 06042A   19054.54606590  .00000022  00000-0  00000+0 0  9998
2 29486  55.0513 257.5927 0092663 357.8178 334.1527  2.00575801 90970
1 29486U 06042A   19055.59747566  .00000028  00000-0  00000-0 0  9990
2 29486  55.0508 257.5505 0092662 357.8436  13.3461  2.00575756 91009
1 29486U 06042A   19056.57235012  .00000036  00000-0  00000+0 0  9995
2 29486  55.0504 257.5113 0092656 357.8654 357.2776  2.00575725 91011
1 29486U 06042A   19057.59153400  .00000044  00000-0  00000+0 0  9997
2 29486  55.0500 257.4704 0092653 357.8875  13.2040  2.00575679 91048
1 29486U 06042A   19057.83200422  .00000046  00000-0  00000-0 0  9994
2 29486  55.0499 257.4608 0092649 357.8928 186.8413  2.00575669 90939
1 29486U 06042A   19058.32479963  .00000048  00000-0  00000+0 0  9998
2 29486  55.0497 257.4410 0092643 357.9046 182.6750  2.00575648 91053
1 29486U 06042A   19058.60118144  .00000050  00000-0  00000-0 0  9994
2 29486  55.0496 257.4299 0092643 357.9119  22.2418  2.00575640 90958
1 29486U 06042A   19059.54312293  .00000052  00000-0  00000+0 0  9990
2 29486  55.0492 257.3921 0092638 357.9319 342.3936  2.00575597 91077
1 29486U 06042A   19059.86234078  .00000052  00000-0  00000-0 0  9990
2 29486  55.0490 257.3793 0092630 357.9382 212.8931  2.00575585 90975
1 29486U 06042A   19060.06696031  .00000051  00000-0  00000-0 0  9994
2 29486  55.0490 257.3711 0092628 357.9452   0.6410  2.00575576 90975
1 29486U 06042A   19060.56074076  .00000050  00000-0  00000+0 0  9996
2 29486  55.0487 257.3513 0092625 357.9562 357.1865  2.00575550 91090
1 29486U 06042A   19060.87575038  .00000049  00000-0  00000-0 0  9993
2 29486  55.0486 257.3386 0092622 357.9619 224.6479  2.00575534 90996
1 29486U 06042A   19061.57236179  .00000046  00000-0  00000+0 0  9997
2 29486  55.0483 257.3107 0092618 357.9807   7.6488  2.00575498 91122
1 29486U 06042A   19061.57236179  .00000046  00000-0  00000-0 0  9998
2 29486  55.0483 257.3107 0092618 357.9807   7.6488  2.00575498 91010
1 29486U 06042A   19062.31160417  .00000041  00000-0  00000-0 0  9997
2 29486  55.0480 257.2810 0092608 357.9960 181.4368  2.00575450 91023
1 29486U 06042A   19063.60984609  .00000033  00000-0  00000+0 0  9997
2 29486  55.0475 257.2289 0092601 358.0319  38.8547  2.00575373 91163
1 29486U 06042A   19065.56712150  .00000027  00000-0  00000+0 0  9997
2 29486  55.0467 257.1505 0092587 358.0767  12.1474  2.00575235 91200
1 29486U 06042A   19066.79711637  .00000028  00000-0  00000+0 0  9993
2 29486  55.0462 257.1012 0092571 358.0975 180.2984  2.00575140 91222
1 29486U 06042A   19068.32526164  .00000036  00000-0  00000+0 0  9992
2 29486  55.0456 257.0400 0092547 358.1276 203.7327  2.00575031 91257
1 29486U 06042A   19068.32526164  .00000036  00000-0  00000-0 0  9993
2 29486  55.0456 257.0400 0092547 358.1276 203.7327  2.00575031 91145
1 29486U 06042A   19070.61342226  .00000054  00000-0  00000+0 0  9992
2 29486  55.0446 256.9482 0092533 358.1777  55.9481  2.00574845 91301
1 29486U 06042A   19070.61342226  .00000054  00000-0  00000-0 0  9993
2 29486  55.0446 256.9482 0092533 358.1777  55.9481  2.00574845 91198
1 29486U 06042A   19071.28428627  .00000058  00000-0  00000+0 0  9990
2 29486  55.0444 256.9213 0092529 358.1895 180.3625  2.00574794 91314
1 29486U 06042A   19072.28274883  .00000064  00000-0  00000+0 0  9991
2 29486  55.0439 256.8813 0092531 358.2131 181.3213  2.00574713 91337
1 29486U 06042A   19073.28261486  .00000066  00000-0  00000+0 0  9999
2 29486  55.0434 256.8412 0092523 358.2333 183.2970  2.00574635 91358
1 29486U 06042A   19073.52735616  .00000066  00000-0  00000-0 0  9998
2 29486  55.0433 256.8313 0092519 358.2408   0.0154  2.00574619 91245
1 29486U 06042A   19074.28248469  .00000064  00000-0  00000+0 0  9994
2 29486  55.0430 256.8011 0092514 358.2507 185.2779  2.00574563 91373
1 29486U 06042A   19074.92153758  .00000060  00000-0  00000+0 0  9997
2 29486  55.0425 256.7754 0092492 358.2608 286.7229  2.00574516 91383
1 29486U 06042A   19074.92153758  .00000060  00000-0  00000-0 0  9998
2 29486  55.0425 256.7754 0092492 358.2608 286.7229  2.00574516 91271
1 29486U 06042A   19075.77068326  .00000052  00000-0  00000-0 0  9999
2 29486  55.0422 256.7414 0092488 358.2720 179.8731  2.00574459 91299
1 29486U 06042A   19076.52641807  .00000043  00000-0  00000+0 0  9993
2 29486  55.0418 256.7110 0092491 358.2879   5.5671  2.00574407 91422
1 29486U 06042A   19077.30278955  .00000032  00000-0  00000+0 0  9998
2 29486  55.0415 256.6799 0092489 358.2972 206.1691  2.00574356 91437
1 29486U 06042A   19078.01415391  .00000022  00000-0  00000+0 0  9993
2 29486  55.0412 256.6513 0092478 358.3110 359.8254  2.00574314 91447
1 29486U 06042A   19078.58847578  .00000014  00000-0  00000-0 0  9993
2 29486  55.0410 256.6283 0092475 358.3187  54.5306  2.00574283 91352
1 29486U 06042A   19079.30320670  .00000006  00000-0  00000+0 0  9993
2 29486  55.0406 256.5996 0092475 358.3292 210.6210  2.00574242 91471
1 29486U 06042A   19080.25756571 -.00000001  00000-0  00000+0 0  9998
2 29486  55.0402 256.5613 0092471 358.3471 179.7374  2.00574197 91495
1 29486U 06042A   19081.26267083 -.00000003  00000-0  00000+0 0  9997
2 29486  55.0399 256.5210 0092461 358.3592 185.5026  2.00574156 91513
1 29486U 06042A   19082.51289684  .00000001  00000-0  00000-0 0  9995
2 29486  55.0393 256.4709 0092443 358.3767   8.2615  2.00574100 91540
1 29486U 06042A   19083.56688046  .00000008  00000-0  00000+0 0  9992
2 29486  55.0389 256.4286 0092433 358.3919  49.3176  2.00574058 91565
1 29486U 06042A   19084.48924579  .00000015  00000-0  00000+0 0  9996
2 29486  55.0385 256.3917 0092427 358.4057 355.3345  2.00574015 91570
1 29486U 06042A   19086.28547015  .00000023  00000-0  00000+0 0  9991
2 29486  55.0375 256.3198 0092402 358.4307 212.3447  2.00573937 91613
1 29486U 06042A   19087.48585267  .00000021  00000-0  00000+0 0  9993
2 29486  55.0370 256.2717 0092388 358.4471 359.1120  2.00573885 91631
1 29486U 06042A   19089.23103546  .00000012  00000-0  00000+0 0  9994
2 29486  55.0362 256.2018 0092401 358.4815 179.2554  2.00573790 91675
1 29486U 06042A   19090.46787861  .00000003  00000-0  00000+0 0  9999
2 29486  55.0356 256.1522 0092405 358.5109 352.3368  2.00573715 91694
1 29486U 06042A   19092.27970227 -.00000006  00000-0  00000+0 0  9994
2 29486  55.0347 256.0796 0092360 358.5327 220.6125  2.00573607 91731
1 29486U 06042A   19092.27970227 -.00000006  00000-0  00000-0 0  9995
2 29486  55.0347 256.0796 0092360 358.5327 220.6125  2.00573607 91731
1 29486U 06042A   19094.72288378 -.00000004  00000-0  00000+0 0  9993
2 29486  55.0335 255.9818 0092324 358.5610 184.7763  2.00573421 91783
1 29486U 06042A   19095.32036017 -.00000000  00000-0  00000+0 0  9997
2 29486  55.0334 255.9579 0092304 358.5594 256.2085  2.00573386 91798
1 29486U 06042A   19096.26718421  .00000006  00000-0  00000+0 0  9992
2 29486  55.0330 255.9201 0092285 358.5645 219.8935  2.00573320 91811
1 29486U 06042A   19096.96629103  .00000012  00000-0  00000+0 0  9994
2 29486  55.0326 255.8921 0092276 358.5744   4.6997  2.00573262 91839
1 29486U 06042A   19098.20449444  .00000021  00000-0  00000+0 0  9991
2 29486  55.0320 255.8425 0092264 358.5847 178.7801  2.00573159 91857
1 29486U 06042A   19099.20960760  .00000028  00000-0  00000+0 0  9998
2 29486  55.0315 255.8022 0092261 358.6002 184.5437  2.00573081 91871
1 29486U 06042A   19099.78061029  .00000030  00000-0  00000-0 0  9995
2 29486  55.0313 255.7794 0092260 358.6094 236.8478  2.00573036 91779
1 29486U 06042A   19100.44797310  .00000031  00000-0  00000+0 0  9990
2 29486  55.0310 255.7527 0092247 358.6162 358.7348  2.00572983 91894
1 29486U 06042A   19101.80671455  .00000028  00000-0  00000-0 0  9999
2 29486  55.0303 255.6983 0092235 358.6255 259.8539  2.00572875 91816
1 29486U 06042A   19102.45936716  .00000024  00000-0  00000+0 0  9990
2 29486  55.0299 255.6722 0092235 358.6369  11.1139  2.00572828 91944
1 29486U 06042A   19102.69124771  .00000022  00000-0  00000-0 0  9995
2 29486  55.0298 255.6629 0092236 358.6358 178.5527  2.00572812 91838
1 29486U 06042A   19103.69638846  .00000010  00000-0  00000+0 0  9995
2 29486  55.0293 255.6226 0092228 358.6426 184.3437  2.00572739 91960
1 29486U 06042A   19103.69638846  .00000010  00000-0  00000-0 0  9996
2 29486  55.0293 255.6226 0092228 358.6426 184.3437  2.00572739 91858
1 29486U 06042A   19105.44056660 -.00000014  00000-0  00000+0 0  9993
2 29486  55.0284 255.5528 0092213 358.6574   3.7748  2.00572631 92008
1 29486U 06042A   19105.79139726 -.00000018  00000-0  00000-0 0  9991
2 29486  55.0282 255.5387 0092213 358.6591 257.1027  2.00572612 91898
1 29486U 06042A   19106.33552819 -.00000025  00000-0  00000+0 0  9991
2 29486  55.0279 255.5169 0092209 358.6632 290.0076  2.00572582 92014
1 29486U 06042A   19107.88752942 -.00000035  00000-0  00000-0 0  9993
2 29486  55.0271 255.4547 0092202 358.6796 330.6680  2.00572501 91932
1 29486U 06042A   19107.88752942 -.00000035  00000-0  00000-0 0  9993
2 29486  55.0271 255.4547 0092202 358.6796 330.6680  2.00572501 92045
1 29486U 06042A   19109.40232192 -.00000034  00000-0  00000+0 0  9991
2 29486  55.0264 255.3940 0092186 358.6893 344.4664  2.00572419 92078
1 29486U 06042A   19110.47979971 -.00000028  00000-0  00000+0 0  9996
2 29486  55.0259 255.3509 0092183 358.7011  42.4848  2.00572384 92107
1 29486U 06042A   19111.49350381 -.00000020  00000-0  00000+0 0  9999
2 29486  55.0254 255.3103 0092177 358.7101  54.4555  2.00572341 92128
1 29486U 06042A   19111.91229869 -.00000017  00000-0  00000-0 0  9999
2 29486  55.0252 255.2935 0092179 358.7188 356.8518  2.00572325 92013
1 29486U 06042A   19112.66995076 -.00000013  00000-0  00000+0 0  9997
2 29486  55.0248 255.2632 0092164 358.7159 183.9431  2.00572297 92149
1 29486U 06042A   19112.92203149 -.00000012  00000-0  00000-0 0  9999
2 29486  55.0247 255.2531 0092163 358.7194   5.9630  2.00572287 92046
1 29486U 06042A   19113.46758803 -.00000010  00000-0  00000+0 0  9998
2 29486  55.0244 255.2313 0092157 358.7228  39.8970  2.00572259 92167
1 29486U 06042A   19113.46758803 -.00000010  00000-0  00000-0 0  9999
2 29486  55.0244 255.2313 0092157 358.7228  39.8970  2.00572259 92055
1 29486U 06042A   19114.46569753 -.00000010  00000-0  00000+0 0  9993
2 29486  55.0239 255.1914 0092149 358.7288  40.6094  2.00572210 92180
1 29486U 06042A   19114.46569753 -.00000010  00000-0  00000-0 0  9994
2 29486  55.0239 255.1914 0092149 358.7288  40.6094  2.00572210 92078
1 29486U 06042A   19116.15158745 -.00000018  00000-0  00000+0 0  9994
2 29486  55.0230 255.1239 0092134 358.7395 177.9515  2.00572121 92211
1 29486U 06042A   19116.97226366 -.00000024  00000-0  00000-0 0  9997
2 29486  55.0225 255.0911 0092128 358.7507  50.5368  2.00572081 92126
1 29486U 06042A   19117.39424124 -.00000027  00000-0  00000+0 0  9998
2 29486  55.0223 255.0742 0092129 358.7565 355.2337  2.00572053 92233
1 29486U 06042A   19117.92081413 -.00000030  00000-0  00000-0 0  9992
2 29486  55.0221 255.0532 0092122 358.7615  15.4579  2.00572019 92142
1 29486U 06042A   19118.39499744 -.00000033  00000-0  00000+0 0  9996
2 29486  55.0218 255.0342 0092115 358.7650 357.8540  2.00571990 92258
1 29486U 06042A   19119.47462630 -.00000037  00000-0  00000+0 0  9994
2 29486  55.0213 254.9910 0092099 358.7741  57.4260  2.00571916 92287
1 29486U 06042A   19120.41336976 -.00000038  00000-0  00000+0 0  9994
2 29486  55.0208 254.9535 0092089 358.7801  15.2700  2.00571851 92302
1 29486U 06042A   19120.63832972 -.00000038  00000-0  00000+0 0  9995
2 29486  55.0207 254.9445 0092085 358.7783 177.7113  2.00571834 92309
1 29486U 06042A   19120.63832972 -.00000038  00000-0  00000-0 0  9996
2 29486  55.0207 254.9445 0092085 358.7783 177.7113  2.00571834 92196
1 29486U 06042A   19121.85943539 -.00000034  00000-0  00000-0 0  9999
2 29486  55.0201 254.8956 0092064 358.7815 339.4466  2.00571752 92219
1 29486U 06042A   19122.43687421 -.00000030  00000-0  00000+0 0  9994
2 29486  55.0198 254.8725 0092060 358.7855  36.4008  2.00571715 92347
1 29486U 06042A   19122.88163715 -.00000027  00000-0  00000-0 0  9995
2 29486  55.0196 254.8547 0092056 358.7853 357.5561  2.00571680 92230
1 29486U 06042A   19123.44905774 -.00000022  00000-0  00000+0 0  9991
2 29486  55.0193 254.8321 0092048 358.7877  47.2776  2.00571634 92368
1 29486U 06042A   19123.88679240 -.00000018  00000-0  00000-0 0  9991
2 29486  55.0191 254.8146 0092049 358.7919   3.3533  2.00571596 92269
1 29486U 06042A   19124.39805112 -.00000014  00000-0  00000+0 0  9992
2 29486  55.0188 254.7941 0092045 358.7949  12.5205  2.00571552 92389
1 29486U 06042A   19125.24612728 -.00000006  00000-0  00000+0 0  9997
2 29486  55.0184 254.7602 0092044 358.7993 264.8958  2.00571481 92396
1 29486U 06042A   19126.43132203  .00000003  00000-0  00000+0 0  9990
2 29486  55.0177 254.7128 0092033 358.8096  40.6918  2.00571380 92422
1 29486U 06042A   19127.20408285  .00000007  00000-0  00000+0 0  9996
2 29486  55.0173 254.6819 0092033 358.8151 238.6818  2.00571317 92435
1 29486U 06042A   19128.34775122  .00000009  00000-0  00000+0 0  9991
2 29486  55.0167 254.6361 0092021 358.8197 344.4978  2.00571231 92457
1 29486U 06042A   19129.37068560  .00000006  00000-0  00000+0 0  9993
2 29486  55.0162 254.5952 0092014 358.8216   3.1364  2.00571152 92484
1 29486U 06042A   19130.37075344 -.00000002  00000-0  00000+0 0  9990
2 29486  55.0156 254.5551 0092009 358.8243   5.2623  2.00571065 92503
1 29486U 06042A   19130.61680502 -.00000005  00000-0  00000+0 0  9998
2 29486  55.0155 254.5453 0092011 358.8219 182.9335  2.00571047 92502
1 29486U 06042A   19130.61680502 -.00000005  00000-0  00000-0 0  9999
2 29486  55.0155 254.5453 0092011 358.8219 182.9335  2.00571047 92399
1 29486U 06042A   19131.89616376 -.00000020  00000-0  00000-0 0  9995
2 29486  55.0148 254.4941 0092003 358.8273  26.7268  2.00570953 92422
1 29486U 06042A   19132.36238841 -.00000026  00000-0  00000+0 0  9990
2 29486  55.0146 254.4754 0092006 358.8306   3.3747  2.00570923 92545
1 29486U 06042A   19132.86026059 -.00000033  00000-0  00000-0 0  9990
2 29486  55.0143 254.4555 0092005 358.8319   2.8765  2.00570890 92440
1 29486U 06042A   19133.44605844 -.00000039  00000-0  00000+0 0  9995
2 29486  55.0140 254.4320 0092003 358.8319  65.8689  2.00570854 92562
1 29486U 06042A   19133.69027704 -.00000041  00000-0  00000+0 0  9998
2 29486  55.0139 254.4222 0092007 358.8307 242.2151  2.00570839 92560
1 29486U 06042A   19133.69027704 -.00000041  00000-0  00000-0 0  9999
2 29486  55.0139 254.4222 0092007 358.8307 242.2151  2.00570839 92458
1 29486U 06042A   19134.34232590 -.00000047  00000-0  00000-0 0  9999
2 29486  55.0136 254.3961 0092002 358.8339 353.0426  2.00570800 92469
1 29486U 06042A   19135.46421344 -.00000050  00000-0  00000+0 0  9993
2 29486  55.0130 254.3512 0092000 358.8372  83.1304  2.00570735 92609
1 29486U 06042A   19136.34632553 -.00000049  00000-0  00000+0 0  9995
2 29486  55.0125 254.3159 0091999 358.8431   0.0784  2.00570689 92611
1 29486U 06042A   19137.34696635 -.00000043  00000-0  00000+0 0  9991
2 29486  55.0121 254.2758 0091996 358.8473   2.6153  2.00570643 92645
1 29486U 06042A   19139.34158227 -.00000026  00000-0  00000+0 0  9994
2 29486  55.0111 254.1960 0091991 358.8563   2.8741  2.00570545 92683
1 29486U 06042A   19139.69854391 -.00000024  00000-0  00000-0 0  9996
2 29486  55.0109 254.1817 0091992 358.8577 260.6268  2.00570534 92571
1 29486U 06042A   19140.40565226 -.00000020  00000-0  00000+0 0  9998
2 29486  55.0105 254.1534 0091986 358.8603  51.2112  2.00570502 92708
1 29486U 06042A   19141.44475938 -.00000018  00000-0  00000+0 0  9990
2 29486  55.0100 254.1118 0091984 358.8662  81.5210  2.00570454 92727
1 29486U 06042A   19141.83370428 -.00000019  00000-0  00000-0 0  9993
2 29486  55.0098 254.0963 0091986 358.8690   2.3665  2.00570437 92628
1 29486U 06042A   19142.34239478 -.00000020  00000-0  00000+0 0  9990
2 29486  55.0096 254.0759 0091985 358.8716   9.6774  2.00570402 92743
1 29486U 06042A   19142.67277917 -.00000021  00000-0  00000-0 0  9998
2 29486  55.0094 254.0627 0091985 358.8706 248.2413  2.00570383 92631
1 29486U 06042A   19143.39296247 -.00000025  00000-0  00000+0 0  9998
2 29486  55.0091 254.0339 0091980 358.8759  48.2637  2.00570347 92761
1 29486U 06042A   19144.32706800 -.00000031  00000-0  00000+0 0  9990
2 29486  55.0086 253.9966 0091980 358.8857   2.7496  2.00570289 92783
1 29486U 06042A   19145.38272649 -.00000037  00000-0  00000+0 0  9992
2 29486  55.0081 253.9543 0091973 358.8944  45.0073  2.00570231 92809
1 29486U 06042A   19145.82264253 -.00000039  00000-0  00000-0 0  9996
2 29486  55.0078 253.9367 0091970 358.8948   2.6597  2.00570197 92700
1 29486U 06042A   19146.32045105 -.00000041  00000-0  00000+0 0  9997
2 29486  55.0076 253.9168 0091967 358.8971   2.1130  2.00570163 92812
1 29486U 06042A   19147.32847581 -.00000042  00000-0  00000+0 0  9997
2 29486  55.0071 253.8765 0091959 358.9016   9.9789  2.00570091 92849
1 29486U 06042A   19148.42500012 -.00000039  00000-0  00000+0 0  9990
2 29486  55.0066 253.8326 0091948 358.9018  81.7524  2.00570013 92867
1 29486U 06042A   19148.68323630 -.00000038  00000-0  00000-0 0  9997
2 29486  55.0064 253.8223 0091951 358.8997 268.2204  2.00569994 92751
1 29486U 06042A   19149.15635806 -.00000035  00000-0  00000+0 0  9997
2 29486  55.0062 253.8033 0091946 358.8957 249.8539  2.00569952 92871
1 29486U 06042A   19150.40163021 -.00000024  00000-0  00000+0 0  9990
2 29486  55.0056 253.7535 0091936 358.8987  69.0309  2.00569849 92908
1 29486U 06042A   19150.80704741 -.00000020  00000-0  00000-0 0  9991
2 29486  55.0054 253.7373 0091938 358.8992   1.7720  2.00569814 92805
1 29486U 06042A   19151.43872874 -.00000014  00000-0  00000+0 0  9996
2 29486  55.0051 253.7120 0091935 358.9019  97.8904  2.00569755 92927
1 29486U 06042A   19152.30561958 -.00000005  00000-0  00000+0 0  9991
2 29486  55.0047 253.6773 0091938 358.9062   3.8459  2.00569683 92940
1 29486U 06042A   19152.66585395 -.00000001  00000-0  00000-0 0  9998
2 29486  55.0045 253.6629 0091941 358.9046 263.9633  2.00569646 92834
1 29486U 06042A   19153.42405538  .00000006  00000-0  00000+0 0  9996
2 29486  55.0042 253.6326 0091935 358.9091  91.4366  2.00569578 92963
1 29486U 06042A   19154.28208972  .00000012  00000-0  00000+0 0  9991
2 29486  55.0037 253.5982 0091937 358.9131 350.9967  2.00569498 92973
1 29486U 06042A   19154.78895941  .00000015  00000-0  00000-0 0  9998
2 29486  55.0035 253.5779 0091934 358.9115 356.9957  2.00569454 92870
1 29486U 06042A   19155.39531972  .00000017  00000-0  00000+0 0  9998
2 29486  55.0032 253.5537 0091934 358.9156  74.8282  2.00569393 93009
1 29486U 06042A   19156.88806240  .00000014  00000-0  00000-0 0  9994
2 29486  55.0024 253.4939 0091934 358.9171  72.6965  2.00569263 92922
1 29486U 06042A   19157.40666068  .00000010  00000-0  00000+0 0  9990
2 29486  55.0022 253.4732 0091935 358.9166  87.1628  2.00569220 93040
1 29486U 06042A   19157.66648556  .00000008  00000-0  00000-0 0  9998
2 29486  55.0020 253.4628 0091942 358.9182 274.7737  2.00569197 92933
1 29486U 06042A   19158.27822410  .00000002  00000-0  00000+0 0  9992
2 29486  55.0017 253.4382 0091941 358.9217 356.4899  2.00569143 93056
1 29486U 06042A   19159.27145154 -.00000009  00000-0  00000+0 0  9994
2 29486  55.0013 253.3984 0091945 358.9217 353.6723  2.00569065 93073
1 29486U 06042A   19159.78046906 -.00000015  00000-0  00000+0 0  9992
2 29486  55.0010 253.3780 0091947 358.9221   1.2194  2.00569026 93087
1 29486U 06042A   19159.78046906 -.00000015  00000-0  00000-0 0  9993
2 29486  55.0010 253.3780 0091947 358.9221   1.2194  2.00569026 92985
1 29486U 06042A   19161.26855852 -.00000029  00000-0  00000-0 0  9992
2 29486  55.0003 253.3184 0091958 358.9279 355.7214  2.00568910 93117
1 29486U 06042A   19162.26844706 -.00000033  00000-0  00000+0 0  9993
2 29486  54.9999 253.2784 0091964 358.9314 357.7096  2.00568853 93139
1 29486U 06042A   19164.40791433 -.00000026  00000-0  00000+0 0  9991
2 29486  54.9989 253.1926 0091973 358.9341 102.5549  2.00568716 93187
1 29486U 06042A   19164.85486142 -.00000022  00000-0  00000-0 0  9995
2 29486  54.9987 253.1747 0091975 358.9384  65.2781  2.00568688 93085
1 29486U 06042A   19165.33122549 -.00000018  00000-0  00000+0 0  9991
2 29486  54.9985 253.1557 0091975 358.9393  49.2459  2.00568661 93201
1 29486U 06042A   19168.75389764  .00000003  00000-0  00000+0 0  9997
2 29486  54.9970 253.0186 0091986 358.9459   0.6497  2.00568477 93261
1 29486U 06042A   19169.33577098  .00000003  00000-0  00000+0 0  9991
2 29486  54.9968 252.9953 0091986 358.9455  60.8034  2.00568439 93289
1 29486U 06042A   19173.60427212 -.00000017  00000-0  00000+0 0  9994
2 29486  54.9949 252.8244 0091999 358.9611 262.9417  2.00568166 93364
1 29486U 06042A   19174.24132956 -.00000018  00000-0  00000+0 0  9994
2 29486  54.9946 252.7989 0091996 358.9697   2.9323  2.00568119 93385
1 29486U 06042A   19175.23511318 -.00000016  00000-0  00000+0 0  9995
2 29486  54.9942 252.7591 0091994 358.9681   0.5140  2.00568046 93392
1 29486U 06042A   19176.33862058 -.00000010  00000-0  00000+0 0  9991
2 29486  54.9938 252.7149 0091996 358.9705  77.3191  2.00567954 93424
1 29486U 06042A   19176.57864762 -.00000008  00000-0  00000-0 0  9999
2 29486  54.9937 252.7053 0092002 358.9700 250.6354  2.00567935 93315
1 29486U 06042A   19177.28671084 -.00000001  00000-0  00000+0 0  9993
2 29486  54.9934 252.6770 0092006 358.9873  41.8878  2.00567868 93442
1 29486U 06042A   19177.72728500  .00000003  00000-0  00000-0 0  9990
2 29486  54.9932 252.6593 0092011 358.9904   0.0091  2.00567831 93336
1 29486U 06042A   19178.28348815  .00000009  00000-0  00000+0 0  9994
2 29486  54.9930 252.6370 0092013 358.9931  41.6227  2.00567784 93462
1 29486U 06042A   19181.38207196  .00000041  00000-0  00000+0 0  9991
2 29486  54.9917 252.5129 0092036 359.0087 118.9923  2.00567495 93524
1 29486U 06042A   19182.36199987  .00000047  00000-0  00000+0 0  9994
2 29486  54.9913 252.4736 0092046 359.0199 106.5542  2.00567402 93548
1 29486U 06042A   19183.29743330  .00000048  00000-0  00000+0 0  9995
2 29486  54.9909 252.4361 0092054 359.0272  61.9916  2.00567309 93565
1 29486U 06042A   19185.34854575  .00000037  00000-0  00000+0 0  9995
2 29486  54.9900 252.3539 0092070 359.0237 103.0329  2.00567114 93606
1 29486U 06042A   19186.70053247  .00000023  00000-0  00000+0 0  9998
2 29486  54.9895 252.2996 0092092 359.0290 359.2502  2.00566998 93627
1 29486U 06042A   19189.23927003  .00000002  00000-0  00000+0 0  9996
2 29486  54.9885 252.1978 0092129 359.0472  32.3649  2.00566803 93680
1 29486U 06042A   19190.18730211  .00000001  00000-0  00000+0 0  9994
2 29486  54.9882 252.1598 0092144 359.0671 356.8851  2.00566738 93690
1 29486U 06042A   19191.16386517  .00000005  00000-0  00000+0 0  9993
2 29486  54.9878 252.1206 0092160 359.0770 342.0163  2.00566678 93718
1 29486U 06042A   19192.19233309  .00000013  00000-0  00000+0 0  9996
2 29486  54.9875 252.0793 0092172 359.0883   4.6242  2.00566615 93746
1 29486U 06042A   19194.54355160  .00000033  00000-0  00000+0 0  9999
2 29486  54.9866 251.9851 0092203 359.0844 262.3563  2.00566473 93786
1 29486U 06042A   19195.18544917  .00000036  00000-0  00000+0 0  9993
2 29486  54.9864 251.9594 0092204 359.0900   5.8409  2.00566430 93807
1 29486U 06042A   19195.67391088  .00000037  00000-0  00000+0 0  9997
2 29486  54.9862 251.9398 0092210 359.0947 358.5362  2.00566402 93800
1 29486U 06042A   19195.67391088  .00000037  00000-0  00000-0 0  9998
2 29486  54.9862 251.9398 0092210 359.0947 358.5362  2.00566402 93697
1 29486U 06042A   19196.67908670  .00000037  00000-0  00000+0 0  9999
2 29486  54.9858 251.8995 0092222 359.1048   4.3259  2.00566342 93830
1 29486U 06042A   19196.67908670  .00000037  00000-0  00000-0 0  9990
2 29486  54.9858 251.8995 0092222 359.1048   4.3259  2.00566342 93728
1 29486U 06042A   19200.24899713  .00000017  00000-0  00000+0 0  9993
2 29486  54.9846 251.7564 0092261 359.1435  61.9835  2.00566111 93902
1 29486U 06042A   19200.24899713  .00000017  00000-0  00000-0 0  9994
2 29486  54.9846 251.7563 0092262 359.1386  61.9882  2.00566083 93794
1 29486U 06042A   19201.29676323  .00000014  00000-0  00000+0 0  9996
2 29486  54.9843 251.7144 0092268 359.1521  98.5260  2.00566014 93928
1 29486U 06042A   19204.26712147  .00000027  00000-0  00000+0 0  9995
2 29486  54.9832 251.5954 0092300 359.1663  83.2908  2.00565788 93980
1 29486U 06042A   19204.64728448  .00000031  00000-0  00000-0 0  9994
2 29486  54.9831 251.5802 0092301 359.1863 357.7715  2.00565757 93873
1 29486U 06042A   19205.65238304  .00000042  00000-0  00000+0 0  9994
2 29486  54.9828 251.5399 0092304 359.2092   3.4901  2.00565672 94013
1 29486U 06042A   19205.65238304  .00000042  00000-0  00000-0 0  9995
2 29486  54.9828 251.5399 0092304 359.2092   3.4901  2.00565672 93900
1 29486U 06042A   19205.65238304  .00000042  00000-0  00000-0 0  9995
2 29486  54.9828 251.5399 0092304 359.2092   3.4901  2.00565672 94013
1 29486U 06042A   19209.13393039  .00000075  00000-0  00000-0 0  9995
2 29486  54.9816 251.4003 0092355 359.2775 357.3058  2.00565349 94076
1 29486U 06042A   19210.19004358  .00000078  00000-0  00000-0 0  9999
2 29486  54.9812 251.3580 0092365 359.3019  39.8570  2.00565247 94106
1 29486U 06042A   19211.97558473  .00000072  00000-0  00000-0 0  9992
2 29486  54.9804 251.2864 0092450 359.2315 249.1906  2.00565051 94139
1 29486U 06042A   19213.35130191  .00000059  00000-0  00000-0 0  9994
2 29486  54.9800 251.2312 0092472 359.2455 162.5238  2.00564917 94161
1 29486U 06042A   19214.61583479  .00000045  00000-0  00000-0 0  9990
2 29486  54.9795 251.1804 0092494 359.2714 355.5630  2.00564804 94076
1 29486U 06042A   19215.12048049  .00000040  00000-0  00000+0 0  9990
2 29486  54.9793 251.1601 0092497 359.2868 359.9305  2.00564759 94191
1 29486U 06042A   19215.12048049  .00000040  00000-0  00000-0 0  9991
2 29486  54.9793 251.1601 0092497 359.2868 359.9305  2.00564759 94191
1 29486U 06042A   19219.11236785  .00000035  00000-0  00000+0 0  9993
2 29486  54.9781 251.0000 0092596 359.3392   2.2461  2.00564474 94288
1 29486U 06042A   19219.11236785  .00000035  00000-0  00000-0 0  9994
2 29486  54.9781 251.0000 0092596 359.3392   2.2461  2.00564474 94288
1 29486U 06042A   19221.84604469  .00000056  00000-0  00000+0 0  9997
2 29486  54.9772 250.8905 0092666 359.3503 176.1009  2.00564301 94335
1 29486U 06042A   19221.84604469  .00000056  00000-0  00000-0 0  9998
2 29486  54.9772 250.8905 0092666 359.3503 176.1009  2.00564301 94223
1 29486U 06042A   19223.59899299  .00000058  00000-0  00000-0 0  9991
2 29486  54.9765 250.8201 0092696 359.3905   1.7852  2.00564182 94263
1 29486U 06042A   19225.09506167  .00000050  00000-0  00000+0 0  9998
2 29486  54.9761 250.7602 0092699 359.4244   1.9944  2.00564092 94403
1 29486U 06042A   19228.08565418  .00000030  00000-0  00000+0 0  9992
2 29486  54.9750 250.6403 0092763 359.4942   1.2934  2.00563896 94454
1 29486U 06042A   19228.08565418  .00000030  00000-0  00000-0 0  9993
2 29486  54.9750 250.6403 0092763 359.4942   1.2934  2.00563896 94454
1 29486U 06042A   19230.32891209  .00000030  00000-0  00000-0 0  9993
2 29486  54.9742 250.5506 0092815 359.5256 181.0125  2.00563700 94504
1 29486U 06042A   19231.78251951  .00000040  00000-0  00000+0 0  9998
2 29486  54.9737 250.4924 0092837 359.5403 150.5784  2.00563570 94539
1 29486U 06042A   19231.78251951  .00000040  00000-0  00000-0 0  9999
2 29486  54.9737 250.4924 0092837 359.5403 150.5784  2.00563570 94427
1 29486U 06042A   19232.55683816  .00000048  00000-0  00000+0 0  9991
2 29486  54.9734 250.4614 0092857 359.5581 349.6591  2.00563501 94543
1 29486U 06042A   19232.55683816  .00000048  00000-0  00000-0 0  9992
2 29486  54.9734 250.4614 0092857 359.5581 349.6591  2.00563501 94431
1 29486U 06042A   19234.81557594  .00000071  00000-0  00000-0 0  9992
2 29486  54.9727 250.3708 0092952 359.5901 180.5526  2.00563294 94482
1 29486U 06042A   19235.07247330  .00000073  00000-0  00000+0 0  9996
2 29486  54.9726 250.3605 0092905 359.6066   6.0290  2.00563253 94607
1 29486U 06042A   19236.30501890  .00000081  00000-0  00000+0 0  9996
2 29486  54.9716 250.3113 0092934 359.6194 175.9768  2.00563130 94626
1 29486U 06042A   19237.05898015  .00000084  00000-0  00000+0 0  9990
2 29486  54.9713 250.2810 0092953 359.6390   0.3555  2.00563056 94638
1 29486U 06042A   19239.04195733  .00000078  00000-0  00000+0 0  9991
2 29486  54.9708 250.2016 0093006 359.6794 352.1241  2.00562853 94676
1 29486U 06042A   19240.04424271  .00000069  00000-0  00000+0 0  9995
2 29486  54.9704 250.1614 0093033 359.6972 355.8065  2.00562763 94699
1 29486U 06042A   19243.78889559  .00000029  00000-0  00000+0 0  9999
2 29486  54.9695 250.0111 0093182 359.7702 179.5572  2.00562447 94778
1 29486U 06042A   19244.04198678  .00000028  00000-0  00000+0 0  9993
2 29486  54.9694 250.0010 0093182 359.7794   2.2920  2.00562421 94788
1 29486U 06042A   19247.05281941  .00000036  00000-0  00000+0 0  9992
2 29486  54.9683 249.8803 0093209 359.8521  16.1858  2.00562226 94845
1 29486U 06042A   19248.27544689  .00000044  00000-0  00000+0 0  9997
2 29486  54.9680 249.8313 0093253 359.8755 178.9571  2.00562140 94862
1 29486U 06042A   19249.02966000  .00000048  00000-0  00000+0 0  9990
2 29486  54.9677 249.8011 0093277 359.8940   3.5159  2.00562091 94887
1 29486U 06042A   19250.51888289  .00000049  00000-0  00000+0 0  9999
2 29486  54.9673 249.7414 0093324 359.9285 358.7698  2.00561991 94909
1 29486U 06042A   19252.76217365  .00000035  00000-0  00000+0 0  9994
2 29486  54.9668 249.6516 0093393 359.9761 178.4821  2.00561844 94957
1 29486U 06042A   19253.14168757  .00000031  00000-0  00000+0 0  9993
2 29486  54.9664 249.6364 0093399 359.9909  92.4937  2.00561814 94965
1 29486U 06042A   19253.76697221  .00000025  00000-0  00000+0 0  9997
2 29486  54.9662 249.6113 0093428 359.9985 183.9705  2.00561778 94971
1 29486U 06042A   19253.76697221  .00000025  00000-0  00000-0 0  9998
2 29486  54.9662 249.6113 0093428 359.9985 183.9705  2.00561778 94869
1 29486U 06042A   19257.00693340  .00000010  00000-0  00000+0 0  9990
2 29486  54.9649 249.4817 0093464   0.0910   3.2771  2.00561541 95041
1 29486U 06042A   19257.24875463  .00000011  00000-0  00000+0 0  9995
2 29486  54.9649 249.4721 0093458   0.0834 177.8904  2.00561525 95041
1 29486U 06042A   19258.25388675  .00000015  00000-0  00000+0 0  9995
2 29486  54.9645 249.4319 0093496   0.1209 183.6028  2.00561436 95064
1 29486U 06042A   19259.49212417  .00000024  00000-0  00000+0 0  9992
2 29486  54.9640 249.3823 0093540   0.1631 357.6229  2.00561325 95082
1 29486U 06042A   19260.49725729  .00000034  00000-0  00000+0 0  9990
2 29486  54.9636 249.3421 0093578   0.1891   3.3471  2.00561221 95113
1 29486U 06042A   19261.14781934  .00000040  00000-0  00000+0 0  9990
2 29486  54.9633 249.3160 0093590   0.1998 113.0707  2.00561158 95123
1 29486U 06042A   19261.14781934  .00000040  00000-0  00000-0 0  9991
2 29486  54.9633 249.3160 0093590   0.1998 113.0707  2.00561158 95011
1 29486U 06042A   19262.74048744  .00000054  00000-0  00000-0 0  9998
2 29486  54.9627 249.2523 0093645   0.2426 183.0032  2.00560998 95046
1 29486U 06042A   19262.98938426  .00000055  00000-0  00000+0 0  9999
2 29486  54.9626 249.2423 0093653   0.2539   2.7062  2.00560973 95164
1 29486U 06042A   19263.97875392  .00000060  00000-0  00000+0 0  9997
2 29486  54.9622 249.2027 0093688   0.2859 357.0415  2.00560873 95171
1 29486U 06042A   19266.22207600  .00000054  00000-0  00000+0 0  9992
2 29486  54.9612 249.1129 0093765   0.3448 176.7561  2.00560650 95220
1 29486U 06042A   19267.22711649  .00000045  00000-0  00000+0 0  9996
2 29486  54.9608 249.0726 0093795   0.3702 182.4120  2.00560550 95249
1 29486U 06042A   19268.46539025  .00000030  00000-0  00000+0 0  9993
2 29486  54.9603 249.0230 0093819   0.4046 356.4628  2.00560440 95269
1 29486U 06042A   19269.47052207  .00000017  00000-0  00000+0 0  9992
2 29486  54.9599 248.9828 0093860   0.4405   2.1735  2.00560352 95298
1 29486U 06042A   19269.47052207  .00000017  00000-0  00000-0 0  9993
2 29486  54.9599 248.9828 0093860   0.4405   2.1735  2.00560352 95186
1 29486U 06042A   19270.80643807  .00000004  00000-0  00000+0 0  9999
2 29486  54.9594 248.9293 0093901   0.4743 246.7258  2.00560239 95313
1 29486U 06042A   19270.80643807  .00000004  00000-0  00000-0 0  9990
2 29486  54.9594 248.9293 0093901   0.4743 246.7258  2.00560239 95201
1 29486U 06042A   19271.71380108 -.00000001  00000-0  00000-0 0  9991
2 29486  54.9591 248.8929 0093938   0.4989 181.8541  2.00560169 95223
1 29486U 06042A   19272.00430744 -.00000001  00000-0  00000+0 0  9995
2 29486  54.9590 248.8813 0093935   0.5082  31.6022  2.00560148 95342
1 29486U 06042A   19272.95201061 -.00000000  00000-0  00000+0 0  9996
2 29486  54.9587 248.8433 0093968   0.5417 355.8484  2.00560077 95359
1 29486U 06042A   19274.08758791  .00000005  00000-0  00000+0 0  9993
2 29486  54.9583 248.7978 0094001   0.5790  95.7432  2.00559993 95382
1 29486U 06042A   19275.19531361  .00000012  00000-0  00000+0 0  9996
2 29486  54.9578 248.7535 0094036   0.6132 175.5309  2.00559921 95408
1 29486U 06042A   19276.93452282  .00000019  00000-0  00000+0 0  9990
2 29486  54.9571 248.6839 0094087   0.6689 351.2526  2.00559821 95436
1 29486U 06042A   19278.18761747  .00000016  00000-0  00000+0 0  9995
2 29486  54.9566 248.6338 0094123   0.7036 176.0005  2.00559728 95466
1 29486U 06042A   19281.65603009 -.00000014  00000-0  00000+0 0  9996
2 29486  54.9548 248.4950 0094236   0.8328 160.1987  2.00559539 95535
1 29486U 06042A   19282.93025553 -.00000023  00000-0  00000+0 0  9990
2 29486  54.9546 248.4440 0094290   0.8929   0.1767  2.00559419 95552
1 29486U 06042A   19284.93849235 -.00000023  00000-0  00000-0 0  9994
2 29486  54.9537 248.3637 0094287   0.9367  10.1544  2.00559262 95495
1 29486U 06042A   19285.08137253 -.00000023  00000-0  00000+0 0  9990
2 29486  54.9536 248.3580 0094287   0.9389 113.3169  2.00559253 95607
1 29486U 06042A   19285.17354354 -.00000022  00000-0  00000+0 0  9992
2 29486  54.9536 248.3543 0094294   0.9391 179.8675  2.00559239 95600
1 29486U 06042A   19289.66017215  .00000017  00000-0  00000+0 0  9995
2 29486  54.9516 248.1750 0094424   1.0943 179.2204  2.00558844 95698
1 29486U 06042A   19290.61227104  .00000023  00000-0  00000+0 0  9999
2 29486  54.9511 248.1369 0094452   1.1270 146.6368  2.00558755 95717
1 29486U 06042A   19290.61227104  .00000023  00000-0  00000-0 0  9990
2 29486  54.9511 248.1369 0094452   1.1270 146.6368  2.00558755 95605
1 29486U 06042A   19291.90351645  .00000027  00000-0  00000+0 0  9994
2 29486  54.9504 248.0852 0094503   1.1883 358.8996  2.00558623 95732
1 29486U 06042A   19292.65348709  .00000026  00000-0  00000-0 0  9994
2 29486  54.9501 248.0553 0094522   1.2056 180.3870  2.00558543 95641
1 29486U 06042A   19293.35952218  .00000023  00000-0  00000+0 0  9994
2 29486  54.9498 248.0271 0094543   1.2356 330.1386  2.00558476 95764
1 29486U 06042A   19294.64976480  .00000012  00000-0  00000-0 0  9993
2 29486  54.9492 247.9755 0094585   1.2767 181.6971  2.00558367 95684
1 29486U 06042A   19295.16090890  .00000006  00000-0  00000+0 0  9995
2 29486  54.9488 247.9550 0094615   1.2980 190.7392  2.00558321 95805
1 29486U 06042A   19296.39012759 -.00000009  00000-0  00000+0 0  9993
2 29486  54.9481 247.9059 0094658   1.3509 358.2235  2.00558211 95824
1 29486U 06042A   19297.13660354 -.00000017  00000-0  00000+0 0  9995
2 29486  54.9478 247.8760 0094683   1.3727 177.1824  2.00558149 95842
1 29486U 06042A   19297.91356288 -.00000024  00000-0  00000+0 0  9997
2 29486  54.9475 247.8449 0094681   1.3929  18.1525  2.00558082 95865
1 29486U 06042A   19297.91356288 -.00000024  00000-0  00000-0 0  9998
2 29486  54.9475 247.8449 0094681   1.3929  18.1525  2.00558082 95753
1 29486U 06042A   19298.63330135 -.00000028  00000-0  00000-0 0  9995
2 29486  54.9471 247.8161 0094710   1.4166 177.8037  2.00558024 95765
1 29486U 06042A   19299.13174469 -.00000030  00000-0  00000+0 0  9999
2 29486  54.9469 247.7962 0094728   1.4357 177.6769  2.00557981 95885
1 29486U 06042A   19300.66076399 -.00000026  00000-0  00000+0 0  9998
2 29486  54.9462 247.7350 0094775   1.4973 201.6170  2.00557874 95914
1 29486U 06042A   19301.52791829 -.00000021  00000-0  00000+0 0  9991
2 29486  54.9460 247.7003 0094796   1.5301 107.6976  2.00557819 95936
1 29486U 06042A   19302.65108498 -.00000013  00000-0  00000+0 0  9991
2 29486  54.9456 247.6553 0094830   1.5703 198.6196  2.00557750 95955
1 29486U 06042A   19303.12001993 -.00000011  00000-0  00000+0 0  9994
2 29486  54.9454 247.6365 0094842   1.5862 177.1896  2.00557720 95960
1 29486U 06042A   19304.57779494 -.00000007  00000-0  00000-0 0  9998
2 29486  54.9449 247.5783 0094887   1.6430 149.6924  2.00557645 95881
1 29486U 06042A   19305.36317913 -.00000009  00000-0  00000+0 0  9991
2 29486  54.9445 247.5468 0094912   1.6752 356.7322  2.00557601 96003
1 29486U 06042A   19307.60662677 -.00000026  00000-0  00000+0 0  9999
2 29486  54.9435 247.4571 0094968   1.7529 176.4929  2.00557467 96055
1 29486U 06042A   19307.90020744 -.00000029  00000-0  00000+0 0  9998
2 29486  54.9433 247.4454 0094976   1.7667  28.4532  2.00557443 96066
1 29486U 06042A   19307.90020744 -.00000029  00000-0  00000-0 0  9999
2 29486  54.9433 247.4454 0094976   1.7667  28.4532  2.00557443 95953
1 29486U 06042A   19308.61167240 -.00000035  00000-0  00000+0 0  9997
2 29486  54.9430 247.4169 0094995   1.7932 182.1261  2.00557397 96078
1 29486U 06042A   19308.61167240 -.00000035  00000-0  00000-0 0  9998
2 29486  54.9430 247.4169 0094995   1.7932 182.1261  2.00557397 95965
1 29486U 06042A   19309.84987635 -.00000044  00000-0  00000-0 0  9992
2 29486  54.9424 247.3673 0095025   1.8453 356.0949  2.00557323 95987
1 29486U 06042A   19310.57184233 -.00000047  00000-0  00000+0 0  9999
2 29486  54.9420 247.3384 0095038   1.8710 157.3503  2.00557278 96115
1 29486U 06042A   19311.57804513 -.00000046  00000-0  00000+0 0  9999
2 29486  54.9416 247.2982 0095059   1.9128 163.8169  2.00557209 96136
1 29486U 06042A   19313.58546374 -.00000033  00000-0  00000+0 0  9996
2 29486  54.9407 247.2180 0095102   1.9834 173.1613  2.00557055 96170
1 29486U 06042A   19314.58512314 -.00000023  00000-0  00000+0 0  9993
2 29486  54.9402 247.1781 0095127   2.0216 174.9061  2.00556974 96191
1 29486U 06042A   19316.61181512 -.00000000  00000-0  00000+0 0  9996
2 29486  54.9393 247.0970 0095184   2.1024 198.1549  2.00556804 96236
1 29486U 06042A   19317.57801675  .00000008  00000-0  00000+0 0  9998
2 29486  54.9388 247.0584 0095213   2.1443 175.7377  2.00556714 96251
1 29486U 06042A   19319.61415719  .00000016  00000-0  00000+0 0  9994
2 29486  54.9379 246.9770 0095267   2.2213 205.8106  2.00556527 96292
1 29486U 06042A   19320.87011559  .00000012  00000-0  00000-0 0  9995
2 29486  54.9373 246.9268 0095288   2.2633  32.6049  2.00556415 96217
1 29486U 06042A   19321.06627326  .00000011  00000-0  00000+0 0  9990
2 29486  54.9372 246.9189 0095295   2.2666 174.2328  2.00556401 96322
1 29486U 06042A   19322.07131785  .00000003  00000-0  00000+0 0  9992
2 29486  54.9367 246.8787 0095322   2.3036 179.8652  2.00556316 96340
1 29486U 06042A   19322.07131785  .00000003  00000-0  00000-0 0  9993
2 29486  54.9367 246.8787 0095322   2.3036 179.8652  2.00556316 96340
1 29486U 06042A   19325.54884652 -.00000028  00000-0  00000+0 0  9993
2 29486  54.9350 246.7395 0095417   2.4380 170.5985  2.00556051 96415
1 29486U 06042A   19325.54884652 -.00000028  00000-0  00000+0 0  9993
2 29486  54.9351 246.7395 0095449   2.4414 170.5950  2.00556048 96417
1 29486U 06042A   19325.54884652 -.00000028  00000-0  00000-0 0  9994
2 29486  54.9351 246.7395 0095449   2.4414 170.5950  2.00556048 96305
1 29486U 06042A   19326.55791965 -.00000030  00000-0  00000+0 0  9992
2 29486  54.9344 246.6992 0095481   2.4922 179.1208  2.00555971 96438
1 29486U 06042A   19326.55791965 -.00000030  00000-0  00000-0 0  9993
2 29486  54.9344 246.6992 0095481   2.4922 179.1208  2.00555971 96326
1 29486U 06042A   19328.53841256 -.00000020  00000-0  00000+0 0  9990
2 29486  54.9336 246.6199 0095506   2.5454 169.0342  2.00555849 96472
1 29486U 06042A   19329.57517878 -.00000012  00000-0  00000+0 0  9996
2 29486  54.9331 246.5784 0095499   2.5490 197.6026  2.00555803 96495
1 29486U 06042A   19330.54334644 -.00000005  00000-0  00000+0 0  9995
2 29486  54.9327 246.5397 0095527   2.6218 176.5704  2.00555748 96511
1 29486U 06042A   19330.81631022 -.00000004  00000-0  00000-0 0  9995
2 29486  54.9326 246.5287 0095530   2.6463  13.6322  2.00555731 96412
1 29486U 06042A   19331.57822306 -.00000001  00000-0  00000+0 0  9992
2 29486  54.9323 246.4983 0095545   2.6656 203.7329  2.00555694 96531
1 29486U 06042A   19333.03929032 -.00000003  00000-0  00000+0 0  9991
2 29486  54.9318 246.4398 0095575   2.7228 178.6018  2.00555626 96567
1 29486U 06042A   19334.55187819 -.00000014  00000-0  00000+0 0  9990
2 29486  54.9312 246.3793 0095606   2.7816 190.6679  2.00555552 96595
1 29486U 06042A   19335.53107389 -.00000022  00000-0  00000+0 0  9992
2 29486  54.9306 246.3401 0095618   2.8071 177.6455  2.00555512 96617
1 29486U 06042A   19339.54897303 -.00000029  00000-0  00000+0 0  9996
2 29486  54.9290 246.1793 0095643   2.9038 198.5674  2.00555337 96691
1 29486U 06042A   19340.01758997 -.00000025  00000-0  00000+0 0  9991
2 29486  54.9288 246.1606 0095652   2.9269 176.8962  2.00555296 96702
1 29486U 06042A   19342.49611782  .00000003  00000-0  00000+0 0  9990
2 29486  54.9277 246.0615 0095698   3.0319 166.3436  2.00555106 96752
1 29486U 06042A   19344.50416912  .00000027  00000-0  00000+0 0  9998
2 29486  54.9270 245.9810 0095774   3.1617 176.0705  2.00554939 96791
1 29486U 06042A   19346.49086074  .00000040  00000-0  00000+0 0  9995
2 29486  54.9261 245.9015 0095826   3.2613 170.4048  2.00554770 96839
1 29486U 06042A   19347.76479817  .00000040  00000-0  00000+0 0  9997
2 29486  54.9256 245.8505 0095859   3.3259  10.1494  2.00554648 96861
1 29486U 06042A   19347.76479817  .00000040  00000-0  00000-0 0  9998
2 29486  54.9256 245.8505 0095859   3.3259  10.1494  2.00554648 96759
1 29486U 06042A   19349.50768053  .00000030  00000-0  00000+0 0  9993
2 29486  54.9249 245.7807 0095890   3.3816 188.4911  2.00554511 96896
1 29486U 06042A   19349.50768053  .00000030  00000-0  00000-0 0  9994
2 29486  54.9249 245.7807 0095890   3.3816 188.4911  2.00554511 96896
1 29486U 06042A   19353.47723847  .00000003  00000-0  00000+0 0  9996
2 29486  54.9233 245.6217 0095975   3.5558 174.4172  2.00554218 96979
1 29486U 06042A   19354.48236630  .00000006  00000-0  00000+0 0  9990
2 29486  54.9229 245.5814 0095995   3.5993 180.0956  2.00554159 96990
1 29486U 06042A   19357.44797687  .00000029  00000-0  00000+0 0  9998
2 29486  54.9219 245.4626 0096059   3.7635 161.1577  2.00553983 97057
1 29486U 06042A   19357.74352854  .00000031  00000-0  00000-0 0  9998
2 29486  54.9218 245.4508 0096043   3.7080  14.6087  2.00554021 96952
1 29486U 06042A   19358.46460549  .00000034  00000-0  00000+0 0  9991
2 29486  54.9215 245.4219 0096053   3.7355 175.2123  2.00553988 97074
1 29486U 06042A   19358.96887927  .00000036  00000-0  00000+0 0  9991
2 29486  54.9213 245.4017 0096059   3.7544 179.2884  2.00553965 97088
1 29486U 06042A   19361.47142258  .00000027  00000-0  00000+0 0  9992
2 29486  54.9202 245.3015 0096095   3.8486 186.0760  2.00553859 97136
1 29486U 06042A   19362.49898473  .00000018  00000-0  00000+0 0  9992
2 29486  54.9198 245.2604 0096109   3.8902 207.9526  2.00553813 97157
1 29486U 06042A   19363.45547275  .00000011  00000-0  00000+0 0  9993
2 29486  54.9194 245.2221 0096118   3.9273 178.5168  2.00553774 97173

