1 26605U 00071A   19001.19241462  .00000098  00000-0  00000-0 0  9994
2 26605  55.0437 202.5184 0102253 248.8397 137.1918  2.00565091132915
1 26605U 00071A   19001.64988005  .00000098  00000-0  00000+0 0  9994
2 26605  55.0437 202.5003 0102259 248.8391 107.5092  2.00565082132919
1 26605U 00071A   19002.21254198  .00000097  00000-0  00000+0 0  9996
2 26605  55.0437 202.4780 0102270 248.8376 153.7853  2.00565070132922
1 26605U 00071A   19002.89958204  .00000093  00000-0  00000-0 0  9996
2 26605  55.0437 202.4508 0102281 248.8349 289.8709  2.00565057132940
1 26605U 00071A   19003.33342972  .00000090  00000-0  00000+0 0  9991
2 26605  55.0437 202.4336 0102284 248.8297 243.1394  2.00565051132941
1 26605U 00071A   19004.63670442  .00000077  00000-0  00000+0 0  9996
2 26605  55.0437 202.3820 0102306 248.8239 104.1852  2.00565029132972
1 26605U 00071A   19005.10312497  .00000072  00000-0  00000+0 0  9997
2 26605  55.0437 202.3636 0102314 248.8217  80.9700  2.00565020132987
1 26605U 00071A   19006.59812109  .00000060  00000-0  00000+0 0  9993
2 26605  55.0437 202.3044 0102343 248.8142  80.4511  2.00564988133011
1 26605U 00071A   19007.38637466  .00000056  00000-0  00000+0 0  9997
2 26605  55.0437 202.2732 0102361 248.8100 289.6198  2.00564968133021
1 26605U 00071A   19007.68361287  .00000056  00000-0  00000-0 0  9996
2 26605  55.0437 202.2614 0102365 248.8111 144.2419  2.00564960133042
1 26605U 00071A   19008.39159287  .00000056  00000-0  00000+0 0  9999
2 26605  55.0437 202.2334 0102384 248.8069 295.4484  2.00564940133043
1 26605U 00071A   19008.39159287  .00000056  00000-0  00000-0 0  9990
2 26605  55.0437 202.2334 0102384 248.8069 295.4484  2.00564940133054
1 26605U 00071A   19009.55100605  .00000062  00000-0  00000+0 0  9995
2 26605  55.0437 202.1875 0102417 248.7996  52.6188  2.00564909133079
1 26605U 00071A   19009.55100605  .00000062  00000-0  00000-0 0  9996
2 26605  55.0437 202.1875 0102417 248.7996  52.6188  2.00564909133079
1 26605U 00071A   19009.63685010  .00000063  00000-0  00000-0 0  9994
2 26605  55.0437 202.1841 0102419 248.8000 114.6028  2.00564908133083
1 26605U 00071A   19010.33702806  .00000069  00000-0  00000+0 0  9991
2 26605  55.0437 202.1564 0102438 248.7975 260.1740  2.00564883133086
1 26605U 00071A   19011.87312917  .00000086  00000-0  00000-0 0  9991
2 26605  55.0437 202.0956 0102474 248.7938 289.3305  2.00564817133121
1 26605U 00071A   19012.60326001  .00000094  00000-0  00000+0 0  9990
2 26605  55.0437 202.0666 0102487 248.7936  96.5271  2.00564789133130
1 26605U 00071A   19012.87825023  .00000097  00000-0  00000-0 0  9991
2 26605  55.0437 202.0557 0102496 248.7975 295.0818  2.00564777133143
1 26605U 00071A   19013.53570479  .00000104  00000-0  00000+0 0  9995
2 26605  55.0437 202.0297 0102511 248.7913  49.8076  2.00564746133152
1 26605U 00071A   19014.63421799  .00000113  00000-0  00000+0 0  9997
2 26605  55.0437 201.9862 0102537 248.7881 122.9998  2.00564687133172
1 26605U 00071A   19014.63421799  .00000113  00000-0  00000-0 0  9998
2 26605  55.0437 201.9862 0102537 248.7881 122.9998  2.00564687133183
1 26605U 00071A   19015.64863547  .00000118  00000-0  00000-0 0  9996
2 26605  55.0437 201.9461 0102565 248.7876 135.4672  2.00564631133203
1 26605U 00071A   19016.35995104  .00000118  00000-0  00000+0 0  9999
2 26605  55.0437 201.9179 0102590 248.7862 289.0786  2.00564593133201
1 26605U 00071A   19016.66470350  .00000117  00000-0  00000-0 0  9994
2 26605  55.0437 201.9058 0102593 248.7876 149.1258  2.00564577133229
1 26605U 00071A   19017.44834631  .00000114  00000-0  00000+0 0  9993
2 26605  55.0436 201.8748 0102616 248.7886 354.9591  2.00564534133230
1 26605U 00071A   19017.44834631  .00000114  00000-0  00000-0 0  9994
2 26605  55.0436 201.8748 0102616 248.7886 354.9591  2.00564534133230
1 26605U 00071A   19017.91968144  .00000111  00000-0  00000-0 0  9990
2 26605  55.0436 201.8561 0102636 248.7836 335.2947  2.00564514133246
1 26605U 00071A   19018.27600760  .00000108  00000-0  00000+0 0  9992
2 26605  55.0436 201.8420 0102648 248.7828 232.5832  2.00564498133247
1 26605U 00071A   19018.93643622  .00000101  00000-0  00000-0 0  9993
2 26605  55.0436 201.8158 0102668 248.7831 349.4494  2.00564465133269
1 26605U 00071A   19019.00982032  .00000100  00000-0  00000+0 0  9991
2 26605  55.0435 201.8129 0102670 248.7813  42.4387  2.00564463133268
1 26605U 00071A   19019.00982032  .00000100  00000-0  00000-0 0  9992
2 26605  55.0435 201.8129 0102670 248.7813  42.4387  2.00564463133268
1 26605U 00071A   19019.63676756  .00000092  00000-0  00000-0 0  9994
2 26605  55.0435 201.7881 0102691 248.7812 135.1300  2.00564433133288
1 26605U 00071A   19020.57040088  .00000080  00000-0  00000-0 0  9999
2 26605  55.0435 201.7511 0102717 248.7808  89.2661  2.00564391133295
1 26605U 00071A   19021.27418334  .00000072  00000-0  00000-0 0  9991
2 26605  55.0435 201.7232 0102736 248.7832 237.4340  2.00564359133300
1 26605U 00071A   19021.66398736  .00000068  00000-0  00000-0 0  9992
2 26605  55.0435 201.7078 0102748 248.7819 158.8956  2.00564348133325
1 26605U 00071A   19022.27771668  .00000063  00000-0  00000+0 0  9993
2 26605  55.0435 201.6835 0102761 248.7833 242.0410  2.00564321133328
1 26605U 00071A   19022.60229825  .00000062  00000-0  00000-0 0  9993
2 26605  55.0435 201.6706 0102771 248.7809 116.4094  2.00564312133343
1 26605U 00071A   19023.53452009  .00000059  00000-0  00000+0 0  9993
2 26605  55.0435 201.6337 0102792 248.7802  69.5261  2.00564279133356
1 26605U 00071A   19023.61894140  .00000059  00000-0  00000-0 0  9999
2 26605  55.0435 201.6303 0102796 248.7798 130.4835  2.00564277133361
1 26605U 00071A   19024.40252812  .00000061  00000-0  00000+0 0  9993
2 26605  55.0434 201.5993 0102815 248.7824 336.2740  2.00564256133364
1 26605U 00071A   19024.94400201  .00000064  00000-0  00000+0 0  9992
2 26605  55.0435 201.5779 0102831 248.7807   7.2498  2.00564240133386
1 26605U 00071A   19024.94400201  .00000064  00000-0  00000-0 0  9993
2 26605  55.0435 201.5779 0102831 248.7807   7.2498  2.00564240133386
1 26605U 00071A   19025.57091431  .00000068  00000-0  00000-0 0  9998
2 26605  55.0435 201.5531 0102855 248.7778  99.9182  2.00564225133397
1 26605U 00071A   19026.42425382  .00000074  00000-0  00000+0 0  9995
2 26605  55.0435 201.5193 0102885 248.7764 356.0777  2.00564206133418
1 26605U 00071A   19026.42425382  .00000074  00000-0  00000-0 0  9996
2 26605  55.0435 201.5193 0102885 248.7764 356.0777  2.00564206133418
1 26605U 00071A   19026.59661681  .00000075  00000-0  00000-0 0  9999
2 26605  55.0435 201.5124 0102892 248.7755 120.5343  2.00564203133421
1 26605U 00071A   19027.27725926  .00000079  00000-0  00000-0 0  9992
2 26605  55.0435 201.4855 0102915 248.7769 251.9943  2.00564189133431
1 26605U 00071A   19027.60523125  .00000080  00000-0  00000+0 0  9997
2 26605  55.0434 201.4725 0102927 248.7766 128.8085  2.00564185133431
1 26605U 00071A   19028.54112292  .00000082  00000-0  00000+0 0  9992
2 26605  55.0434 201.4355 0102961 248.7776  84.5728  2.00564168133454
1 26605U 00071A   19028.82061542  .00000081  00000-0  00000+0 0  9993
2 26605  55.0434 201.4244 0102967 248.7788 286.3805  2.00564161133451
1 26605U 00071A   19028.82061542  .00000081  00000-0  00000-0 0  9994
2 26605  55.0434 201.4244 0102967 248.7788 286.3805  2.00564161133462
1 26605U 00071A   19030.41536002  .00000071  00000-0  00000+0 0  9998
2 26605  55.0433 201.3613 0103021 248.7787 357.8737  2.00564130133498
1 26605U 00071A   19030.82544184  .00000067  00000-0  00000-0 0  9999
2 26605  55.0433 201.3450 0103040 248.7778 293.9762  2.00564124133501
1 26605U 00071A   19031.29140904  .00000062  00000-0  00000+0 0  9997
2 26605  55.0433 201.3266 0103053 248.7769 270.4310  2.00564117133512
1 26605U 00071A   19032.26870368  .00000050  00000-0  00000+0 0  9996
2 26605  55.0433 201.2879 0103080 248.7751 256.0930  2.00564098133530
1 26605U 00071A   19032.61503477  .00000046  00000-0  00000-0 0  9995
2 26605  55.0433 201.2742 0103089 248.7744 146.1637  2.00564092133548
1 26605U 00071A   19033.54757854  .00000036  00000-0  00000+0 0  9996
2 26605  55.0433 201.2373 0103121 248.7727  99.5129  2.00564072133552
1 26605U 00071A   19034.55518084  .00000029  00000-0  00000+0 0  9990
2 26605  55.0432 201.1975 0103155 248.7705 107.0586  2.00564044133574
1 26605U 00071A   19035.31225104  .00000027  00000-0  00000+0 0  9991
2 26605  55.0432 201.1675 0103193 248.7680 293.7070  2.00564027133588
1 26605U 00071A   19035.64474900  .00000027  00000-0  00000-0 0  9998
2 26605  55.0432 201.1544 0103203 248.7681 173.7885  2.00564019133601
1 26605U 00071A   19036.55120001  .00000030  00000-0  00000+0 0  9992
2 26605  55.0431 201.1186 0103244 248.7687 108.2947  2.00563993133616
1 26605U 00071A   19036.59427882  .00000030  00000-0  00000-0 0  9994
2 26605  55.0431 201.1169 0103247 248.7682 139.4005  2.00563992133626
1 26605U 00071A   19037.53492682  .00000037  00000-0  00000+0 0  9995
2 26605  55.0431 201.0797 0103289 248.7686  98.5988  2.00563960133633
1 26605U 00071A   19038.75611128  .00000048  00000-0  00000-0 0  9991
2 26605  55.0430 201.0314 0103339 248.7679 260.3605  2.00563910133668
1 26605U 00071A   19039.52693866  .00000057  00000-0  00000+0 0  9995
2 26605  55.0430 201.0009 0103365 248.7697  96.9375  2.00563876133677
1 26605U 00071A   19039.97566747  .00000061  00000-0  00000-0 0  9997
2 26605  55.0430 200.9831 0103381 248.7697  60.9440  2.00563860133684
1 26605U 00071A   19040.53978127  .00000067  00000-0  00000+0 0  9995
2 26605  55.0429 200.9608 0103397 248.7697 108.2645  2.00563834133696
1 26605U 00071A   19041.03757249  .00000071  00000-0  00000+0 0  9996
2 26605  55.0429 200.9411 0103416 248.7694 107.6967  2.00563809133701
1 26605U 00071A   19042.04269810  .00000078  00000-0  00000+0 0  9997
2 26605  55.0429 200.9014 0103457 248.7702 113.4503  2.00563756133729
1 26605U 00071A   19044.39758896  .00000078  00000-0  00000+0 0  9994
2 26605  55.0427 200.8082 0103560 248.7743  13.8027  2.00563631133761
1 26605U 00071A   19045.60446350  .00000068  00000-0  00000+0 0  9997
2 26605  55.0426 200.7605 0103616 248.7755 165.2291  2.00563569133793
1 26605U 00071A   19046.52947625  .00000058  00000-0  00000+0 0  9999
2 26605  55.0425 200.7238 0103659 248.7793 113.1334  2.00563525133818
1 26605U 00071A   19047.05543953  .00000051  00000-0  00000+0 0  9997
2 26605  55.0425 200.7030 0103684 248.7807 132.9053  2.00563498133829
1 26605U 00071A   19048.74451816  .00000030  00000-0  00000+0 0  9997
2 26605  55.0423 200.6362 0103748 248.7883 272.5014  2.00563423133858
1 26605U 00071A   19048.85314344  .00000029  00000-0  00000-0 0  9992
2 26605  55.0423 200.6319 0103750 248.7888 350.9340  2.00563420133869
1 26605U 00071A   19049.22840854  .00000025  00000-0  00000+0 0  9999
2 26605  55.0423 200.6170 0103766 248.7893 261.8946  2.00563402133869
1 26605U 00071A   19049.86770609  .00000021  00000-0  00000-0 0  9996
2 26605  55.0423 200.5917 0103784 248.7904   3.4998  2.00563377133880
1 26605U 00071A   19050.58328937  .00000018  00000-0  00000+0 0  9995
2 26605  55.0422 200.5634 0103818 248.7903 160.1885  2.00563353133893
1 26605U 00071A   19050.87909417  .00000018  00000-0  00000-0 0  9996
2 26605  55.0422 200.5517 0103828 248.7921  13.7731  2.00563343133908
1 26605U 00071A   19051.50547550  .00000019  00000-0  00000+0 0  9993
2 26605  55.0422 200.5269 0103857 248.7925 106.0528  2.00563325133919
1 26605U 00071A   19051.99592962  .00000020  00000-0  00000+0 0  9995
2 26605  55.0422 200.5075 0103882 248.7933 100.1855  2.00563311133925
1 26605U 00071A   19052.93969677  .00000026  00000-0  00000-0 0  9998
2 26605  55.0421 200.4702 0103924 248.7957  61.6321  2.00563288133947
1 26605U 00071A   19053.25935483  .00000028  00000-0  00000+0 0  9993
2 26605  55.0421 200.4575 0103942 248.7971 292.4403  2.00563279133946
1 26605U 00071A   19054.56157556  .00000035  00000-0  00000+0 0  9993
2 26605  55.0420 200.4060 0104002 248.8000 152.7085  2.00563257133979
1 26605U 00071A   19055.45831389  .00000037  00000-0  00000-0 0  9998
2 26605  55.0419 200.3706 0104047 248.8024  80.1975  2.00563242133996
1 26605U 00071A   19056.43701758  .00000035  00000-0  00000+0 0  9990
2 26605  55.0418 200.3319 0104097 248.8052  66.8693  2.00563226134015
1 26605U 00071A   19057.41201758  .00000028  00000-0  00000+0 0  9996
2 26605  55.0417 200.2933 0104143 248.8075  50.8673  2.00563212134030
1 26605U 00071A   19057.74607553  .00000025  00000-0  00000-0 0  9993
2 26605  55.0417 200.2801 0104165 248.8078 292.0739  2.00563200134042
1 26605U 00071A   19058.51436147  .00000016  00000-0  00000+0 0  9997
2 26605  55.0416 200.2497 0104197 248.8091 126.8147  2.00563187134054
1 26605U 00071A   19059.43198286  .00000005  00000-0  00000+0 0  9996
2 26605  55.0415 200.2135 0104244 248.8106  69.3830  2.00563170134076
1 26605U 00071A   19059.98966928 -.00000002  00000-0  00000+0 0  9990
2 26605  55.0414 200.1914 0104270 248.8104 112.0615  2.00563158134080
1 26605U 00071A   19059.98966928 -.00000002  00000-0  00000-0 0  9991
2 26605  55.0414 200.1914 0104270 248.8104 112.0615  2.00563158134091
1 26605U 00071A   19062.23282689 -.00000019  00000-0  00000+0 0  9995
2 26605  55.0412 200.1028 0104382 248.8112 291.7350  2.00563102134122
1 26605U 00071A   19062.53309271 -.00000020  00000-0  00000+0 0  9997
2 26605  55.0412 200.0910 0104397 248.8123 148.5414  2.00563099134135
1 26605U 00071A   19062.83472330 -.00000020  00000-0  00000-0 0  9998
2 26605  55.0412 200.0790 0104417 248.8136   6.3325  2.00563091134143
1 26605U 00071A   19063.47635448 -.00000019  00000-0  00000+0 0  9997
2 26605  55.0411 200.0537 0104454 248.8153 109.6213  2.00563073134155
1 26605U 00071A   19064.47648931 -.00000013  00000-0  00000+0 0  9993
2 26605  55.0410 200.0142 0104512 248.8186 111.7661  2.00563040134174
1 26605U 00071A   19064.86119264 -.00000010  00000-0  00000-0 0  9996
2 26605  55.0409 199.9990 0104535 248.8205  29.5394  2.00563027134181
1 26605U 00071A   19065.42885786 -.00000004  00000-0  00000+0 0  9990
2 26605  55.0408 199.9766 0104566 248.8227  79.4204  2.00563008134193
1 26605U 00071A   19065.56605473 -.00000003  00000-0  00000-0 0  9998
2 26605  55.0408 199.9711 0104573 248.8218 178.4844  2.00563002134207
1 26605U 00071A   19066.41404767  .00000006  00000-0  00000+0 0  9997
2 26605  55.0407 199.9376 0104618 248.8266  70.7732  2.00562967134216
1 26605U 00071A   19067.47391868  .00000018  00000-0  00000+0 0  9994
2 26605  55.0406 199.8957 0104670 248.8297 116.0506  2.00562920134235
1 26605U 00071A   19067.91213123  .00000022  00000-0  00000-0 0  9996
2 26605  55.0406 199.8784 0104693 248.8319  72.4597  2.00562895134240
1 26605U 00071A   19068.48007719  .00000028  00000-0  00000+0 0  9996
2 26605  55.0405 199.8560 0104725 248.8327 122.5444  2.00562863134250
1 26605U 00071A   19068.48007719  .00000028  00000-0  00000-0 0  9997
2 26605  55.0405 199.8560 0104725 248.8327 122.5444  2.00562863134261
1 26605U 00071A   19068.84632767  .00000030  00000-0  00000-0 0  9997
2 26605  55.0405 199.8415 0104738 248.8353  26.9931  2.00562850134267
1 26605U 00071A   19069.57435084  .00000035  00000-0  00000+0 0  9995
2 26605  55.0404 199.8128 0104775 248.8359 192.6619  2.00562814134279
1 26605U 00071A   19069.66368994  .00000035  00000-0  00000-0 0  9991
2 26605  55.0404 199.8092 0104782 248.8368 257.1682  2.00562809134289
1 26605U 00071A   19070.49839403  .00000037  00000-0  00000+0 0  9993
2 26605  55.0403 199.7763 0104813 248.8397 139.8634  2.00562765134294
1 26605U 00071A   19071.20645889  .00000037  00000-0  00000+0 0  9996
2 26605  55.0402 199.7483 0104849 248.8435 291.1177  2.00562727134308
1 26605U 00071A   19072.50832422  .00000030  00000-0  00000+0 0  9994
2 26605  55.0400 199.6968 0104917 248.8500 151.1227  2.00562656134337
1 26605U 00071A   19073.46618285  .00000021  00000-0  00000+0 0  9999
2 26605  55.0398 199.6589 0104977 248.8568 122.7377  2.00562619134353
1 26605U 00071A   19074.54844407  .00000008  00000-0  00000+0 0  9991
2 26605  55.0397 199.6161 0105036 248.8639 184.1768  2.00562569134376
1 26605U 00071A   19075.00557566  .00000003  00000-0  00000+0 0  9995
2 26605  55.0396 199.5980 0105057 248.8663 154.2459  2.00562546134384
1 26605U 00071A   19075.93774609 -.00000008  00000-0  00000-0 0  9993
2 26605  55.0395 199.5611 0105099 248.8715 107.3137  2.00562505134408
1 26605U 00071A   19076.54088706 -.00000013  00000-0  00000+0 0  9992
2 26605  55.0395 199.5373 0105129 248.8747 182.8079  2.00562477134414
1 26605U 00071A   19077.38167598 -.00000017  00000-0  00000+0 0  9996
2 26605  55.0394 199.5040 0105165 248.8792  69.8942  2.00562444134433
1 26605U 00071A   19078.45361885 -.00000018  00000-0  00000-0 0  9992
2 26605  55.0393 199.4617 0105220 248.8843 123.8846  2.00562418134457
1 26605U 00071A   19079.53024437 -.00000013  00000-0  00000+0 0  9995
2 26605  55.0392 199.4191 0105276 248.8901 181.2549  2.00562382134479
1 26605U 00071A   19080.52514869 -.00000006  00000-0  00000+0 0  9991
2 26605  55.0391 199.3797 0105326 248.8945 179.6198  2.00562356134497
1 26605U 00071A   19081.38313118 -.00000000  00000-0  00000+0 0  9994
2 26605  55.0390 199.3458 0105371 248.8994  79.1198  2.00562333134516
1 26605U 00071A   19082.92262935  .00000005  00000-0  00000-0 0  9990
2 26605  55.0388 199.2850 0105459 248.9084 110.7031  2.00562307134559
1 26605U 00071A   19083.43081968  .00000005  00000-0  00000+0 0  9991
2 26605  55.0387 199.2649 0105482 248.9104 117.6392  2.00562305134557
1 26605U 00071A   19084.50368463 -.00000001  00000-0  00000+0 0  9995
2 26605  55.0386 199.2225 0105530 248.9150 172.2951  2.00562292134576
1 26605U 00071A   19085.37687291 -.00000009  00000-0  00000-0 0  9993
2 26605  55.0384 199.1880 0105577 248.9200  82.7742  2.00562281134590
1 26605U 00071A   19086.37187822 -.00000020  00000-0  00000+0 0  9991
2 26605  55.0383 199.1487 0105616 248.9229  81.2129  2.00562257134616
1 26605U 00071A   19087.45209890 -.00000032  00000-0  00000+0 0  9994
2 26605  55.0382 199.1060 0105679 248.9274 141.1797  2.00562235134636
1 26605U 00071A   19088.48451411 -.00000041  00000-0  00000+0 0  9996
2 26605  55.0380 199.0652 0105744 248.9325 166.6278  2.00562214134655
1 26605U 00071A   19089.51713530 -.00000045  00000-0  00000+0 0  9998
2 26605  55.0379 199.0244 0105799 248.9356 192.2266  2.00562191134672
1 26605U 00071A   19091.34784691 -.00000039  00000-0  00000+0 0  9991
2 26605  55.0377 198.9521 0105913 248.9491  74.0737  2.00562137134719
1 26605U 00071A   19091.96272903 -.00000033  00000-0  00000+0 0  9991
2 26605  55.0376 198.9278 0105941 248.9508 158.0462  2.00562113134720
1 26605U 00071A   19091.96272903 -.00000033  00000-0  00000-0 0  9992
2 26605  55.0376 198.9278 0105941 248.9508 158.0462  2.00562113134731
1 26605U 00071A   19092.84776411 -.00000023  00000-0  00000-0 0  9992
2 26605  55.0375 198.8928 0105996 248.9586  77.0757  2.00562090134749
1 26605U 00071A   19093.48841080 -.00000015  00000-0  00000+0 0  9998
2 26605  55.0374 198.8675 0106024 248.9599 179.6517  2.00562067134752
1 26605U 00071A   19095.93545141  .00000014  00000-0  00000+0 0  9997
2 26605  55.0371 198.7708 0106147 248.9740 146.5163  2.00561961134807
1 26605U 00071A   19095.93545141  .00000014  00000-0  00000-0 0  9998
2 26605  55.0371 198.7708 0106147 248.9740 146.5163  2.00561961134818
1 26605U 00071A   19098.38918525  .00000025  00000-0  00000+0 0  9991
2 26605  55.0368 198.6739 0106286 248.9913 118.2091  2.00561818134854
1 26605U 00071A   19098.81576885  .00000025  00000-0  00000+0 0  9998
2 26605  55.0367 198.6571 0106313 248.9959  66.2177  2.00561795134860
1 26605U 00071A   19098.81576885  .00000025  00000-0  00000-0 0  9999
2 26605  55.0367 198.6571 0106313 248.9959  66.2177  2.00561795134860
1 26605U 00071A   19104.40895198 -.00000017  00000-0  00000+0 0  9994
2 26605  55.0361 198.4359 0106623 249.0412 144.7083  2.00561518134979
1 26605U 00071A   19104.82298669 -.00000018  00000-0  00000-0 0  9992
2 26605  55.0360 198.4195 0106621 249.0398  83.6617  2.00561496134987
1 26605U 00071A   19105.37118350 -.00000017  00000-0  00000+0 0  9999
2 26605  55.0359 198.3979 0106639 249.0421 119.4826  2.00561485134999
1 26605U 00071A   19105.86831091 -.00000016  00000-0  00000-0 0  9997
2 26605  55.0359 198.3782 0106664 249.0465 118.4269  2.00561469135013
1 26605U 00071A   19106.43547472 -.00000013  00000-0  00000+0 0  9994
2 26605  55.0358 198.3558 0106699 249.0502 167.9410  2.00561440135019
1 26605U 00071A   19106.97150970 -.00000009  00000-0  00000-0 0  9992
2 26605  55.0358 198.3346 0106724 249.0543 194.9785  2.00561424135037
1 26605U 00071A   19108.79715583  .00000006  00000-0  00000-0 0  9997
2 26605  55.0356 198.2624 0106820 249.0671  73.1644  2.00561369135065
1 26605U 00071A   19109.46760521  .00000010  00000-0  00000+0 0  9998
2 26605  55.0356 198.2359 0106862 249.0720 197.2544  2.00561357135076
1 26605U 00071A   19110.34803920  .00000013  00000-0  00000+0 0  9991
2 26605  55.0355 198.2011 0106907 249.0787 112.9606  2.00561340135090
1 26605U 00071A   19111.34966868  .00000011  00000-0  00000+0 0  9991
2 26605  55.0354 198.1615 0106961 249.0865 116.1743  2.00561324135118
1 26605U 00071A   19112.34808135  .00000004  00000-0  00000+0 0  9996
2 26605  55.0353 198.1220 0107014 249.0944 117.0648  2.00561301135138
1 26605U 00071A   19113.28081135 -.00000004  00000-0  00000+0 0  9994
2 26605  55.0352 198.0852 0107060 249.1004  70.5312  2.00561277135151
1 26605U 00071A   19113.28081135 -.00000004  00000-0  00000-0 0  9995
2 26605  55.0352 198.0852 0107060 249.1004  70.5312  2.00561277135151
1 26605U 00071A   19113.83809951 -.00000010  00000-0  00000-0 0  9997
2 26605  55.0351 198.0631 0107085 249.1030 112.9155  2.00561264135175
1 26605U 00071A   19114.32743632 -.00000015  00000-0  00000-0 0  9990
2 26605  55.0351 198.0438 0107106 249.1051 106.2363  2.00561253135172
1 26605U 00071A   19114.79805597 -.00000020  00000-0  00000+0 0  9995
2 26605  55.0350 198.0252 0107133 249.1086  86.0410  2.00561236135183
1 26605U 00071A   19114.79805597 -.00000020  00000-0  00000-0 0  9996
2 26605  55.0350 198.0252 0107133 249.1086  86.0410  2.00561236135183
1 26605U 00071A   19115.78176852 -.00000027  00000-0  00000-0 0  9998
2 26605  55.0349 197.9863 0107187 249.1147  76.3188  2.00561210135203
1 26605U 00071A   19116.27369420 -.00000029  00000-0  00000+0 0  9999
2 26605  55.0349 197.9668 0107214 249.1178  71.5078  2.00561197135211
1 26605U 00071A   19117.41984295 -.00000029  00000-0  00000+0 0  9999
2 26605  55.0348 197.9215 0107255 249.1205 179.0755  2.00561178135231
1 26605U 00071A   19118.35102598 -.00000023  00000-0  00000+0 0  9995
2 26605  55.0348 197.8847 0107316 249.1293 131.4217  2.00561150135253
1 26605U 00071A   19119.42478898 -.00000013  00000-0  00000+0 0  9992
2 26605  55.0347 197.8423 0107377 249.1369 186.7181  2.00561116135270
1 26605U 00071A   19120.18305274 -.00000003  00000-0  00000+0 0  9993
2 26605  55.0347 197.8123 0107420 249.1449  14.2097  2.00561089135297
1 26605U 00071A   19120.80366156  .00000006  00000-0  00000-0 0  9991
2 26605  55.0347 197.7878 0107434 249.1469 102.3142  2.00561054135304
1 26605U 00071A   19121.32418515  .00000013  00000-0  00000+0 0  9993
2 26605  55.0346 197.7672 0107460 249.1511 118.1507  2.00561030135317
1 26605U 00071A   19122.34317156  .00000027  00000-0  00000+0 0  9990
2 26605  55.0345 197.7269 0107507 249.1581 133.8960  2.00560978135336
1 26605U 00071A   19122.80408444  .00000033  00000-0  00000-0 0  9990
2 26605  55.0345 197.7087 0107528 249.1618 106.6913  2.00560954135349
1 26605U 00071A   19123.44023562  .00000040  00000-0  00000+0 0  9992
2 26605  55.0345 197.6836 0107559 249.1648 206.0169  2.00560915135353
1 26605U 00071A   19123.80915243  .00000043  00000-0  00000-0 0  9992
2 26605  55.0344 197.6690 0107575 249.1691 112.3865  2.00560896135378
1 26605U 00071A   19124.25374837  .00000047  00000-0  00000+0 0  9993
2 26605  55.0344 197.6514 0107596 249.1731  73.3997  2.00560867135371
1 26605U 00071A   19124.82686517  .00000050  00000-0  00000+0 0  9991
2 26605  55.0344 197.6287 0107625 249.1770 127.2109  2.00560833135382
1 26605U 00071A   19124.82686517  .00000050  00000-0  00000-0 0  9992
2 26605  55.0344 197.6287 0107625 249.1770 127.2109  2.00560833135393
1 26605U 00071A   19127.29081361  .00000048  00000-0  00000+0 0  9998
2 26605  55.0342 197.5313 0107748 249.2005 106.2633  2.00560686135438
1 26605U 00071A   19128.48775803  .00000040  00000-0  00000+0 0  9993
2 26605  55.0343 197.4839 0107804 249.2135 250.4950  2.00560621135453
1 26605U 00071A   19128.73551102  .00000038  00000-0  00000+0 0  9992
2 26605  55.0342 197.4741 0107814 249.2164  69.3802  2.00560605135463
1 26605U 00071A   19131.77754885  .00000017  00000-0  00000+0 0  9990
2 26605  55.0342 197.3539 0107943 249.2417 105.8341  2.00560451135521
1 26605U 00071A   19132.36399532  .00000017  00000-0  00000+0 0  9990
2 26605  55.0342 197.3307 0107981 249.2481 169.2662  2.00560416135539
1 26605U 00071A   19132.78258006  .00000018  00000-0  00000-0 0  9998
2 26605  55.0342 197.3141 0107997 249.2511 111.4988  2.00560399135558
1 26605U 00071A   19133.28056403  .00000020  00000-0  00000+0 0  9993
2 26605  55.0342 197.2944 0108020 249.2560 111.0588  2.00560373135554
1 26605U 00071A   19134.43509657  .00000029  00000-0  00000-0 0  9995
2 26605  55.0342 197.2488 0108088 249.2681 224.6669  2.00560326135587
1 26605U 00071A   19135.22999394  .00000036  00000-0  00000+0 0  9991
2 26605  55.0342 197.2173 0108117 249.2734  78.6101  2.00560296135595
1 26605U 00071A   19136.37515642  .00000046  00000-0  00000+0 0  9999
2 26605  55.0342 197.1720 0108169 249.2823 185.4557  2.00560266135610
1 26605U 00071A   19137.25279383  .00000050  00000-0  00000+0 0  9991
2 26605  55.0342 197.1373 0108196 249.2872  99.1408  2.00560235135632
1 26605U 00071A   19138.26519062  .00000050  00000-0  00000+0 0  9994
2 26605  55.0342 197.0973 0108245 249.2957 110.1241  2.00560213135653
1 26605U 00071A   19139.22918684  .00000046  00000-0  00000+0 0  9999
2 26605  55.0342 197.0592 0108291 249.3047  86.1596  2.00560188135670
1 26605U 00071A   19140.24605920  .00000037  00000-0  00000+0 0  9999
2 26605  55.0342 197.0190 0108337 249.3157 100.3717  2.00560169135692
1 26605U 00071A   19141.75606432  .00000022  00000-0  00000-0 0  9990
2 26605  55.0341 196.9593 0108398 249.3257 110.6465  2.00560136135737
1 26605U 00071A   19142.36561656  .00000016  00000-0  00000+0 0  9998
2 26605  55.0341 196.9353 0108411 249.3252 190.7684  2.00560126135733
1 26605U 00071A   19143.37912049  .00000010  00000-0  00000+0 0  9990
2 26605  55.0341 196.8952 0108448 249.3278 202.5561  2.00560091135754
1 26605U 00071A   19144.43064892  .00000010  00000-0  00000+0 0  9992
2 26605  55.0341 196.8537 0108500 249.3346 241.7949  2.00560066135777
1 26605U 00071A   19145.40001183  .00000014  00000-0  00000+0 0  9998
2 26605  55.0341 196.8154 0108541 249.3406 221.7077  2.00560037135794
1 26605U 00071A   19146.43315937  .00000024  00000-0  00000+0 0  9998
2 26605  55.0342 196.7745 0108589 249.3488 247.6732  2.00560005135815
1 26605U 00071A   19147.41299612  .00000036  00000-0  00000+0 0  9991
2 26605  55.0342 196.7358 0108629 249.3565 235.1463  2.00559966135835
1 26605U 00071A   19148.37405578  .00000050  00000-0  00000+0 0  9993
2 26605  55.0342 196.6978 0108664 249.3645 209.0613  2.00559921135850
1 26605U 00071A   19149.27717584  .00000063  00000-0  00000+0 0  9990
2 26605  55.0342 196.6621 0108694 249.3718 141.1422  2.00559877135875
1 26605U 00071A   19150.40463580  .00000077  00000-0  00000+0 0  9996
2 26605  55.0342 196.6175 0108737 249.3791 235.2048  2.00559811135897
1 26605U 00071A   19150.72932021  .00000080  00000-0  00000-0 0  9997
2 26605  55.0342 196.6047 0108746 249.3829 109.6359  2.00559793135918
1 26605U 00071A   19151.34630284  .00000085  00000-0  00000+0 0  9996
2 26605  55.0342 196.5803 0108767 249.3856 195.1186  2.00559752135913
1 26605U 00071A   19152.25292493  .00000091  00000-0  00000+0 0  9990
2 26605  55.0343 196.5444 0108798 249.3930 129.7274  2.00559693135939
1 26605U 00071A   19153.23416983  .00000092  00000-0  00000+0 0  9992
2 26605  55.0343 196.5056 0108839 249.4018 118.2155  2.00559634135950
1 26605U 00071A   19154.23364178  .00000090  00000-0  00000+0 0  9999
2 26605  55.0343 196.4661 0108879 249.4109 119.8636  2.00559571135979
1 26605U 00071A   19154.67558478  .00000088  00000-0  00000-0 0  9993
2 26605  55.0343 196.4487 0108896 249.4160  78.9582  2.00559543135986
1 26605U 00071A   19155.23617115  .00000084  00000-0  00000+0 0  9995
2 26605  55.0343 196.4265 0108917 249.4200 123.7190  2.00559501135998
1 26605U 00071A   19155.94756535  .00000078  00000-0  00000-0 0  9997
2 26605  55.0343 196.3984 0108945 249.4291 277.3635  2.00559458136011
1 26605U 00071A   19156.24746736  .00000076  00000-0  00000+0 0  9990
2 26605  55.0343 196.3865 0108952 249.4301 133.9032  2.00559439136016
1 26605U 00071A   19156.76894130  .00000071  00000-0  00000+0 0  9994
2 26605  55.0344 196.3659 0108971 249.4345 150.4228  2.00559408136025
1 26605U 00071A   19156.76894130  .00000071  00000-0  00000-0 0  9995
2 26605  55.0344 196.3659 0108971 249.4345 150.4228  2.00559408136036
1 26605U 00071A   19158.25831442  .00000060  00000-0  00000+0 0  9995
2 26605  55.0344 196.3070 0109015 249.4458 145.7951  2.00559323136056
1 26605U 00071A   19159.25592458  .00000057  00000-0  00000+0 0  9993
2 26605  55.0345 196.2676 0109045 249.4527 146.1002  2.00559271136074
1 26605U 00071A   19159.69259258  .00000057  00000-0  00000-0 0  9990
2 26605  55.0345 196.2503 0109056 249.4575 101.3860  2.00559248136088
1 26605U 00071A   19160.27694075  .00000058  00000-0  00000+0 0  9996
2 26605  55.0346 196.2272 0109076 249.4608 163.3039  2.00559222136090
1 26605U 00071A   19161.23487627  .00000064  00000-0  00000-0 0  9994
2 26605  55.0346 196.1894 0109093 249.4613 134.9687  2.00559190136114
1 26605U 00071A   19162.24300236  .00000072  00000-0  00000+0 0  9994
2 26605  55.0347 196.1495 0109127 249.4691 142.8654  2.00559151136137
1 26605U 00071A   19162.77954421  .00000076  00000-0  00000-0 0  9998
2 26605  55.0347 196.1283 0109144 249.4726 170.2649  2.00559134136152
1 26605U 00071A   19163.42124184  .00000081  00000-0  00000+0 0  9991
2 26605  55.0348 196.1029 0109167 249.4789 273.5879  2.00559114136155
1 26605U 00071A   19164.23470720  .00000086  00000-0  00000+0 0  9996
2 26605  55.0348 196.0708 0109193 249.4837 140.9350  2.00559089136175
1 26605U 00071A   19164.62135028  .00000087  00000-0  00000-0 0  9990
2 26605  55.0348 196.0555 0109203 249.4880  60.1011  2.00559077136180
1 26605U 00071A   19165.33018064  .00000086  00000-0  00000+0 0  9997
2 26605  55.0348 196.0274 0109234 249.4957 211.8946  2.00559048136198
1 26605U 00071A   19165.69406646  .00000085  00000-0  00000-0 0  9993
2 26605  55.0349 196.0131 0109243 249.4982 114.6310  2.00559040136219
1 26605U 00071A   19166.29149132  .00000082  00000-0  00000+0 0  9990
2 26605  55.0349 195.9894 0109262 249.5018 185.9899  2.00559025136211
1 26605U 00071A   19166.79527170  .00000078  00000-0  00000+0 0  9992
2 26605  55.0349 195.9695 0109275 249.5050 189.7345  2.00559014136227
1 26605U 00071A   19166.79527170  .00000078  00000-0  00000-0 0  9993
2 26605  55.0349 195.9695 0109275 249.5050 189.7345  2.00559014136238
1 26605U 00071A   19168.23582412  .00000062  00000-0  00000+0 0  9996
2 26605  55.0350 195.9126 0109309 249.5127 149.8579  2.00558981136252
1 26605U 00071A   19168.67608319  .00000057  00000-0  00000-0 0  9994
2 26605  55.0350 195.8952 0109315 249.5137 107.7397  2.00558972136268
1 26605U 00071A   19169.38225602  .00000050  00000-0  00000+0 0  9995
2 26605  55.0350 195.8674 0109346 249.5181 257.6174  2.00558950136277
1 26605U 00071A   19169.68094873  .00000047  00000-0  00000-0 0  9999
2 26605  55.0350 195.8556 0109351 249.5195 113.2829  2.00558944136296
1 26605U 00071A   19170.24839480  .00000042  00000-0  00000+0 0  9998
2 26605  55.0351 195.8331 0109366 249.5207 162.9982  2.00558929136292
1 26605U 00071A   19171.23877602  .00000038  00000-0  00000+0 0  9991
2 26605  55.0351 195.7940 0109392 249.5243 158.0853  2.00558906136317
1 26605U 00071A   19172.26401581  .00000039  00000-0  00000+0 0  9995
2 26605  55.0351 195.7535 0109426 249.5339 178.3352  2.00558873136335
1 26605U 00071A   19173.17489837  .00000045  00000-0  00000+0 0  9993
2 26605  55.0352 195.7175 0109454 249.5410 116.0178  2.00558850136359
1 26605U 00071A   19173.60157984  .00000049  00000-0  00000-0 0  9991
2 26605  55.0352 195.7006 0109469 249.5475  64.0904  2.00558835136362
1 26605U 00071A   19174.35453997  .00000058  00000-0  00000+0 0  9996
2 26605  55.0352 195.6708 0109502 249.5545 247.7471  2.00558803136371
1 26605U 00071A   19175.24262682  .00000069  00000-0  00000+0 0  9996
2 26605  55.0353 195.6357 0109523 249.5608 168.9708  2.00558768136394
1 26605U 00071A   19175.67616488  .00000075  00000-0  00000+0 0  9997
2 26605  55.0353 195.6186 0109532 249.5650 121.9963  2.00558749136404
1 26605U 00071A   19175.67616488  .00000075  00000-0  00000-0 0  9998
2 26605  55.0353 195.6186 0109532 249.5650 121.9963  2.00558749136415
1 26605U 00071A   19176.60770118  .00000087  00000-0  00000-0 0  9996
2 26605  55.0353 195.5818 0109554 249.5718  74.5913  2.00558705136426
1 26605U 00071A   19177.24282931  .00000095  00000-0  00000+0 0  9996
2 26605  55.0354 195.5567 0109567 249.5787 173.1687  2.00558657136439
1 26605U 00071A   19177.60807084  .00000099  00000-0  00000-0 0  9993
2 26605  55.0354 195.5422 0109576 249.5837  76.8808  2.00558637136448
1 26605U 00071A   19178.23624830  .00000104  00000-0  00000+0 0  9995
2 26605  55.0354 195.5174 0109589 249.5839 170.4465  2.00558597136454
1 26605U 00071A   19178.58771427  .00000107  00000-0  00000-0 0  9992
2 26605  55.0354 195.5035 0109597 249.5877  64.2132  2.00558577136461
1 26605U 00071A   19179.26846946  .00000110  00000-0  00000+0 0  9990
2 26605  55.0354 195.4766 0109616 249.5906 195.7392  2.00558535136479
1 26605U 00071A   19180.26709130  .00000112  00000-0  00000-0 0  9998
2 26605  55.0355 195.4371 0109643 249.5986 196.7704  2.00558471136501
1 26605U 00071A   19181.29726479  .00000110  00000-0  00000+0 0  9994
2 26605  55.0355 195.3964 0109679 249.6103 220.5790  2.00558399136510
1 26605U 00071A   19182.24083365  .00000104  00000-0  00000+0 0  9993
2 26605  55.0355 195.3591 0109700 249.6174 181.8608  2.00558337136530
1 26605U 00071A   19182.59654568  .00000101  00000-0  00000-0 0  9998
2 26605  55.0355 195.3450 0109705 249.6229  78.6914  2.00558315136540
1 26605U 00071A   19183.23846838  .00000095  00000-0  00000+0 0  9994
2 26605  55.0355 195.3196 0109698 249.6009 182.2036  2.00558278136550
1 26605U 00071A   19184.24140627  .00000086  00000-0  00000+0 0  9999
2 26605  55.0356 195.2800 0109721 249.6089 186.3505  2.00558218136579
1 26605U 00071A   19184.63001977  .00000082  00000-0  00000-0 0  9993
2 26605  55.0356 195.2646 0109725 249.6117 106.9397  2.00558195136585
1 26605U 00071A   19185.59728681  .00000075  00000-0  00000+0 0  9998
2 26605  55.0357 195.2263 0109738 249.6189  85.3315  2.00558139136605
1 26605U 00071A   19186.74500921  .00000070  00000-0  00000+0 0  9996
2 26605  55.0358 195.1810 0109763 249.6271 194.0170  2.00558078136624
1 26605U 00071A   19188.57811573  .00000075  00000-0  00000+0 0  9992
2 26605  55.0359 195.1086 0109782 249.6414  77.5657  2.00557988136668
1 26605U 00071A   19189.12271549  .00000079  00000-0  00000+0 0  9991
2 26605  55.0359 195.0870 0109794 249.6478 110.7780  2.00557962136671
1 26605U 00071A   19189.87097341  .00000084  00000-0  00000-0 0  9996
2 26605  55.0360 195.0574 0109812 249.6543 291.0381  2.00557933136698
1 26605U 00071A   19190.14988588  .00000086  00000-0  00000+0 0  9991
2 26605  55.0360 195.0464 0109816 249.6528 132.4235  2.00557921136696
1 26605U 00071A   19190.61753531  .00000089  00000-0  00000-0 0  9995
2 26605  55.0360 195.0279 0109814 249.6585 110.0758  2.00557905136718
1 26605U 00071A   19191.24809797  .00000092  00000-0  00000+0 0  9994
2 26605  55.0360 195.0030 0109833 249.6591 205.3618  2.00557880136716
1 26605U 00071A   19191.75364505  .00000093  00000-0  00000+0 0  9994
2 26605  55.0360 194.9831 0109843 249.6616 210.3806  2.00557865136721
1 26605U 00071A   19191.75364505  .00000093  00000-0  00000-0 0  9995
2 26605  55.0360 194.9831 0109843 249.6616 210.3806  2.00557865136732
1 26605U 00071A   19193.66139623  .00000084  00000-0  00000-0 0  9998
2 26605  55.0361 194.9077 0109888 249.6614 147.8386  2.00557820136774
1 26605U 00071A   19194.35761556  .00000077  00000-0  00000+0 0  9992
2 26605  55.0361 194.8802 0109903 249.6692 290.5233  2.00557801136779
1 26605U 00071A   19194.85447271  .00000071  00000-0  00000-0 0  9997
2 26605  55.0361 194.8606 0109905 249.6732 289.2659  2.00557788136791
1 26605U 00071A   19195.60850064  .00000061  00000-0  00000+0 0  9997
2 26605  55.0361 194.8308 0109909 249.6694 113.7021  2.00557771136809
1 26605U 00071A   19196.60121289  .00000048  00000-0  00000-0 0  9994
2 26605  55.0361 194.7916 0109921 249.6721 110.4691  2.00557750136835
1 26605U 00071A   19197.24486352  .00000042  00000-0  00000+0 0  9993
2 26605  55.0361 194.7662 0109936 249.6716 215.2057  2.00557735136836
1 26605U 00071A   19198.84426181  .00000033  00000-0  00000+0 0  9994
2 26605  55.0362 194.7031 0109955 249.6838 290.0089  2.00557688136869
1 26605U 00071A   19198.84426181  .00000033  00000-0  00000-0 0  9995
2 26605  55.0362 194.7031 0109955 249.6838 290.0089  2.00557688136870
1 26605U 00071A   19200.26332319  .00000037  00000-0  00000+0 0  9997
2 26605  55.0362 194.6471 0109981 249.6898 234.6093  2.00557643136894
1 26605U 00071A   19201.19767337  .00000044  00000-0  00000+0 0  9990
2 26605  55.0362 194.6102 0109982 249.6987 189.2300  2.00557603136910
1 26605U 00071A   19202.31150427  .00000057  00000-0  00000+0 0  9995
2 26605  55.0362 194.5662 0109999 249.7041 273.4449  2.00557562136936
1 26605U 00071A   19203.33094652  .00000069  00000-0  00000+0 0  9998
2 26605  55.0362 194.5259 0109999 249.7111 289.5063  2.00557513136954
1 26605U 00071A   19204.33606587  .00000081  00000-0  00000+0 0  9999
2 26605  55.0362 194.4863 0110053 249.7077 295.2367  2.00557467136979
1 26605U 00071A   19205.57456860  .00000091  00000-0  00000-0 0  9995
2 26605  55.0362 194.4373 0110049 249.7114 109.4692  2.00557387137016
1 26605U 00071A   19206.13636465  .00000094  00000-0  00000+0 0  9991
2 26605  55.0362 194.4152 0110043 249.7142 155.0998  2.00557346137017
1 26605U 00071A   19206.60548985  .00000096  00000-0  00000-0 0  9995
2 26605  55.0362 194.3966 0110055 249.7170 133.8195  2.00557315137034
1 26605U 00071A   19207.81753845  .00000095  00000-0  00000-0 0  9991
2 26605  55.0362 194.3488 0110079 249.7230 288.9488  2.00557241137042
1 26605U 00071A   19207.81753845  .00000095  00000-0  00000-0 0  9991
2 26605  55.0362 194.3488 0110079 249.7230 288.9488  2.00557241137053
1 26605U 00071A   19209.19983656  .00000088  00000-0  00000-0 0  9991
2 26605  55.0361 194.2941 0110102 249.7293 207.0029  2.00557153137078
1 26605U 00071A   19210.14941715  .00000080  00000-0  00000-0 0  9990
2 26605  55.0361 194.2566 0110109 249.7337 172.6236  2.00557085137090
1 26605U 00071A   19211.24280954  .00000069  00000-0  00000-0 0  9990
2 26605  55.0360 194.2134 0110120 249.7396 242.0791  2.00557019137116
1 26605U 00071A   19212.30423074  .00000058  00000-0  00000-0 0  9998
2 26605  55.0360 194.1715 0110131 249.7450 288.4507  2.00556957137134
1 26605U 00071A   19213.30930295  .00000051  00000-0  00000-0 0  9990
2 26605  55.0360 194.1318 0110126 249.7507 294.1361  2.00556896137156
1 26605U 00071A   19214.60022580  .00000048  00000-0  00000-0 0  9999
2 26605  55.0360 194.0807 0110098 249.7563 146.2135  2.00556815137199
1 26605U 00071A   19215.04606150  .00000048  00000-0  00000-0 0  9999
2 26605  55.0360 194.0631 0110099 249.7569 108.1190  2.00556792137193
1 26605U 00071A   19216.79082874  .00000056  00000-0  00000+0 0  9991
2 26605  55.0360 193.9942 0110116 249.7646 287.8826  2.00556720137228
1 26605U 00071A   19216.79082874  .00000056  00000-0  00000-0 0  9992
2 26605  55.0360 193.9942 0110116 249.7646 287.8826  2.00556720137228
1 26605U 00071A   19217.79593451  .00000062  00000-0  00000+0 0  9997
2 26605  55.0360 193.9545 0110127 249.7682 293.5936  2.00556681137243
1 26605U 00071A   19217.79593451  .00000062  00000-0  00000-0 0  9998
2 26605  55.0360 193.9545 0110127 249.7682 293.5936  2.00556681137254
1 26605U 00071A   19219.76501068  .00000063  00000-0  00000+0 0  9990
2 26605  55.0359 193.8767 0110155 249.7743 275.3155  2.00556621137284
1 26605U 00071A   19219.76501068  .00000063  00000-0  00000-0 0  9991
2 26605  55.0359 193.8767 0110155 249.7743 275.3155  2.00556621137295
1 26605U 00071A   19222.28256925  .00000038  00000-0  00000+0 0  9992
2 26605  55.0356 193.7773 0110164 249.7792 293.0576  2.00556561137334
1 26605U 00071A   19224.52607251  .00000007  00000-0  00000+0 0  9999
2 26605  55.0355 193.6887 0110127 249.7815 112.9258  2.00556502137389
1 26605U 00071A   19225.19124760  .00000002  00000-0  00000+0 0  9997
2 26605  55.0355 193.6625 0110129 249.7810 233.2008  2.00556489137391
1 26605U 00071A   19226.76926771 -.00000003  00000-0  00000+0 0  9995
2 26605  55.0353 193.6002 0110153 249.7831 292.5715  2.00556443137425
1 26605U 00071A   19226.76926771 -.00000003  00000-0  00000-0 0  9996
2 26605  55.0353 193.6002 0110153 249.7831 292.5715  2.00556443137436
1 26605U 00071A   19228.00775253  .00000003  00000-0  00000+0 0  9990
2 26605  55.0352 193.5513 0110146 249.7884 106.7854  2.00556407137453
1 26605U 00071A   19229.01283556  .00000013  00000-0  00000-0 0  9994
2 26605  55.0352 193.5117 0110145 249.7900 112.4805  2.00556368137479
1 26605U 00071A   19230.75465903  .00000033  00000-0  00000-0 0  9997
2 26605  55.0351 193.4429 0110146 249.7918 290.1213  2.00556300137511
1 26605U 00071A   19231.25593649  .00000039  00000-0  00000+0 0  9997
2 26605  55.0350 193.4232 0110161 249.7909 292.0574  2.00556265137510
1 26605U 00071A   19231.25593649  .00000039  00000-0  00000-0 0  9998
2 26605  55.0350 193.4232 0110161 249.7909 292.0574  2.00556265137510
1 26605U 00071A   19232.49434861  .00000050  00000-0  00000+0 0  9997
2 26605  55.0350 193.3743 0110143 249.7928 106.2213  2.00556194137547
1 26605U 00071A   19233.49949590  .00000055  00000-0  00000+0 0  9993
2 26605  55.0350 193.3346 0110142 249.7935 111.9629  2.00556134137563
1 26605U 00071A   19234.63232497  .00000056  00000-0  00000-0 0  9993
2 26605  55.0350 193.2899 0110161 249.7925 209.8955  2.00556063137598
1 26605U 00071A   19235.16174973  .00000055  00000-0  00000+0 0  9994
2 26605  55.0349 193.2690 0110141 249.7936 232.1527  2.00556032137595
1 26605U 00071A   19235.74250244  .00000053  00000-0  00000-0 0  9993
2 26605  55.0348 193.2460 0110142 249.7947 291.4698  2.00555994137618
1 26605U 00071A   19236.19537906  .00000050  00000-0  00000+0 0  9992
2 26605  55.0347 193.2281 0110141 249.7972 258.4557  2.00555966137611
1 26605U 00071A   19236.61226374  .00000047  00000-0  00000-0 0  9990
2 26605  55.0348 193.2117 0110134 249.7973 199.4569  2.00555938137631
1 26605U 00071A   19236.98099128  .00000044  00000-0  00000+0 0  9991
2 26605  55.0348 193.1971 0110129 249.7991 105.6857  2.00555914137635
1 26605U 00071A   19237.98614919  .00000034  00000-0  00000+0 0  9992
2 26605  55.0347 193.1574 0110123 249.8016 111.4325  2.00555853137655
1 26605U 00071A   19239.33339293  .00000021  00000-0  00000+0 0  9998
2 26605  55.0344 193.1042 0110112 249.8077   4.1698  2.00555768137675
1 26605U 00071A   19240.22921286  .00000014  00000-0  00000+0 0  9999
2 26605  55.0344 193.0689 0110106 249.8089 290.9727  2.00555717137691
1 26605U 00071A   19242.47272245  .00000009  00000-0  00000+0 0  9996
2 26605  55.0343 192.9802 0110088 249.8089 110.8418  2.00555615137744
1 26605U 00071A   19244.71573730  .00000021  00000-0  00000+0 0  9992
2 26605  55.0341 192.8917 0110090 249.8123 290.3491  2.00555524137788
1 26605U 00071A   19247.13496990  .00000024  00000-0  00000+0 0  9996
2 26605  55.0339 192.7962 0110068 249.8126 237.0924  2.00555453137838
1 26605U 00071A   19247.93058476  .00000018  00000-0  00000+0 0  9990
2 26605  55.0338 192.7648 0110060 249.8112  91.5462  2.00555422137853
1 26605U 00071A   19247.93058476  .00000018  00000-0  00000-0 0  9991
2 26605  55.0338 192.7648 0110060 249.8112  91.5462  2.00555422137853
1 26605U 00071A   19249.20234337  .00000004  00000-0  00000+0 0  9999
2 26605  55.0337 192.7146 0110049 249.8106 289.7864  2.00555394137872
1 26605U 00071A   19249.72861144 -.00000004  00000-0  00000-0 0  9990
2 26605  55.0336 192.6938 0110043 249.8093 309.7655  2.00555384137890
1 26605U 00071A   19250.10379324 -.00000009  00000-0  00000+0 0  9992
2 26605  55.0335 192.6790 0110041 249.8078 220.6570  2.00555374137892
1 26605U 00071A   19250.65561823 -.00000017  00000-0  00000-0 0  9999
2 26605  55.0335 192.6573 0110035 249.8067 259.0886  2.00555363137919
1 26605U 00071A   19251.60698813 -.00000029  00000-0  00000+0 0  9997
2 26605  55.0334 192.6197 0110029 249.8036 226.0030  2.00555350137921
1 26605U 00071A   19252.10336237 -.00000034  00000-0  00000+0 0  9998
2 26605  55.0333 192.6001 0110027 249.8021 224.3982  2.00555338137930
1 26605U 00071A   19252.63863248 -.00000038  00000-0  00000-0 0  9998
2 26605  55.0333 192.5789 0110029 249.8004 250.8773  2.00555328137958
1 26605U 00071A   19253.09944498 -.00000040  00000-0  00000+0 0  9998
2 26605  55.0333 192.5608 0110027 249.7992 223.5957  2.00555315137958
1 26605U 00071A   19253.68898330 -.00000041  00000-0  00000+0 0  9997
2 26605  55.0332 192.5375 0110028 249.7983 289.2566  2.00555299137966
1 26605U 00071A   19253.68898330 -.00000041  00000-0  00000-0 0  9998
2 26605  55.0332 192.5375 0110028 249.7983 289.2566  2.00555299137977
1 26605U 00071A   19254.69410882 -.00000038  00000-0  00000+0 0  9997
2 26605  55.0331 192.4979 0110026 249.7970 294.9815  2.00555275137984
1 26605U 00071A   19254.69410882 -.00000038  00000-0  00000-0 0  9998
2 26605  55.0331 192.4979 0110026 249.7970 294.9815  2.00555275137995
1 26605U 00071A   19256.10505153 -.00000025  00000-0  00000+0 0  9997
2 26605  55.0329 192.4422 0110016 249.7955 233.7154  2.00555228138016
1 26605U 00071A   19257.14872833 -.00000013  00000-0  00000+0 0  9991
2 26605  55.0328 192.4010 0110004 249.7937 267.2756  2.00555199138034
1 26605U 00071A   19257.67774652 -.00000006  00000-0  00000-0 0  9992
2 26605  55.0327 192.3802 0109997 249.7918 289.2406  2.00555185138052
1 26605U 00071A   19258.19482561  .00000000  00000-0  00000+0 0  9997
2 26605  55.0326 192.3598 0109999 249.7915 302.5836  2.00555162138053
1 26605U 00071A   19259.18069205  .00000011  00000-0  00000+0 0  9995
2 26605  55.0325 192.3209 0109985 249.7911 294.4012  2.00555109138070
1 26605U 00071A   19261.10463219  .00000024  00000-0  00000+0 0  9997
2 26605  55.0323 192.2450 0109960 249.7868 243.5323  2.00554995138116
1 26605U 00071A   19261.10463219  .00000024  00000-0  00000-0 0  9998
2 26605  55.0323 192.2450 0109960 249.7868 243.5323  2.00554995138127
1 26605U 00071A   19262.69768009  .00000024  00000-0  00000+0 0  9997
2 26605  55.0322 192.1821 0109953 249.7886 313.7455  2.00554894138145
1 26605U 00071A   19262.69768009  .00000024  00000-0  00000-0 0  9998
2 26605  55.0322 192.1821 0109953 249.7886 313.7455  2.00554894138156
1 26605U 00071A   19263.66740894  .00000019  00000-0  00000+0 0  9991
2 26605  55.0321 192.1438 0109948 249.7894 293.9097  2.00554835138169
1 26605U 00071A   19263.66740894  .00000019  00000-0  00000-0 0  9992
2 26605  55.0321 192.1438 0109948 249.7894 293.9097  2.00554835138170
1 26605U 00071A   19265.16915699  .00000008  00000-0  00000+0 0  9993
2 26605  55.0318 192.0846 0109936 249.7906 298.2026  2.00554749138195
1 26605U 00071A   19266.09341500 -.00000000  00000-0  00000+0 0  9993
2 26605  55.0317 192.0481 0109929 249.7897 245.5373  2.00554699138217
1 26605U 00071A   19270.14590686 -.00000010  00000-0  00000+0 0  9996
2 26605  55.0315 191.8880 0109859 249.7802 291.5296  2.00554495138290
1 26605U 00071A   19270.58303470 -.00000007  00000-0  00000+0 0  9993
2 26605  55.0314 191.8708 0109853 249.7786 247.1463  2.00554475138306
1 26605U 00071A   19270.58303470 -.00000007  00000-0  00000-0 0  9994
2 26605  55.0314 191.8708 0109853 249.7786 247.1463  2.00554475138317
1 26605U 00071A   19271.58927003 -.00000000  00000-0  00000+0 0  9991
2 26605  55.0314 191.8310 0109844 249.7770 253.6702  2.00554440138320
1 26605U 00071A   19271.58927003 -.00000000  00000-0  00000-0 0  9992
2 26605  55.0314 191.8310 0109844 249.7770 253.6702  2.00554440138331
1 26605U 00071A   19272.69514253  .00000007  00000-0  00000+0 0  9999
2 26605  55.0312 191.7874 0109855 249.7786 332.1308  2.00554402138346
1 26605U 00071A   19272.69514253  .00000007  00000-0  00000-0 0  9990
2 26605  55.0312 191.7874 0109855 249.7786 332.1308  2.00554402138357
1 26605U 00071A   19273.09105977  .00000008  00000-0  00000+0 0  9994
2 26605  55.0311 191.7718 0109835 249.7744 257.9950  2.00554392138350
1 26605U 00071A   19273.09105977  .00000008  00000-0  00000-0 0  9995
2 26605  55.0311 191.7718 0109835 249.7744 257.9950  2.00554392138361
1 26605U 00071A   19275.65566553 -.00000000  00000-0  00000+0 0  9992
2 26605  55.0308 191.6706 0109822 249.7695 309.6967  2.00554347138402
1 26605U 00071A   19277.54822451 -.00000023  00000-0  00000+0 0  9999
2 26605  55.0306 191.5958 0109731 249.7497 236.1804  2.00554298138440
1 26605U 00071A   19277.66410000 -.00000025  00000-0  00000+0 0  9997
2 26605  55.0305 191.5912 0109727 249.7494 319.8452  2.00554297138448
1 26605U 00071A   19277.66410000 -.00000025  00000-0  00000-0 0  9998
2 26605  55.0305 191.5912 0109727 249.7494 319.8452  2.00554297138459
1 26605U 00071A   19278.67179970 -.00000037  00000-0  00000-0 0  9991
2 26605  55.0304 191.5515 0109740 249.7493 327.4244  2.00554287138476
1 26605U 00071A   19279.58982295 -.00000045  00000-0  00000+0 0  9992
2 26605  55.0303 191.5152 0109760 249.7497 270.2549  2.00554282138487
1 26605U 00071A   19281.63131866 -.00000046  00000-0  00000+0 0  9992
2 26605  55.0302 191.4346 0109756 249.7417 304.2622  2.00554249138525
1 26605U 00071A   19282.09311477 -.00000043  00000-0  00000+0 0  9998
2 26605  55.0301 191.4164 0109731 249.7348 277.6944  2.00554233138532
1 26605U 00071A   19283.10542922 -.00000032  00000-0  00000+0 0  9990
2 26605  55.0301 191.3764 0109776 249.7385 288.6012  2.00554211138553
1 26605U 00071A   19284.07642340 -.00000020  00000-0  00000+0 0  9999
2 26605  55.0299 191.3381 0109768 249.7357 269.6802  2.00554183138570
1 26605U 00071A   19285.07212713 -.00000005  00000-0  00000+0 0  9990
2 26605  55.0297 191.2988 0109757 249.7321 268.6005  2.00554147138595
1 26605U 00071A   19286.06961547  .00000008  00000-0  00000+0 0  9998
2 26605  55.0297 191.2594 0109749 249.7295 268.8084  2.00554105138615
1 26605U 00071A   19286.61090959  .00000014  00000-0  00000-0 0  9997
2 26605  55.0297 191.2381 0109755 249.7285 299.6340  2.00554089138635
1 26605U 00071A   19287.06492174  .00000019  00000-0  00000+0 0  9996
2 26605  55.0296 191.2202 0109757 249.7273 267.4406  2.00554076138637
1 26605U 00071A   19287.64089444  .00000024  00000-0  00000-0 0  9999
2 26605  55.0296 191.1975 0109755 249.7272 323.3036  2.00554048138652
1 26605U 00071A   19288.08247181  .00000026  00000-0  00000+0 0  9993
2 26605  55.0296 191.1801 0109737 249.7224 282.1354  2.00554028138650
1 26605U 00071A   19289.06566073  .00000030  00000-0  00000+0 0  9991
2 26605  55.0295 191.1413 0109735 249.7205 272.0177  2.00553974138677
1 26605U 00071A   19290.06269187  .00000030  00000-0  00000+0 0  9999
2 26605  55.0294 191.1018 0109741 249.7216 271.8913  2.00553921138695
1 26605U 00071A   19290.58697236  .00000029  00000-0  00000-0 0  9995
2 26605  55.0294 191.0811 0109741 249.7215 290.4312  2.00553889138710
1 26605U 00071A   19291.06429529  .00000027  00000-0  00000+0 0  9994
2 26605  55.0294 191.0622 0109744 249.7218 275.0665  2.00553855138719
1 26605U 00071A   19292.05542427  .00000022  00000-0  00000+0 0  9992
2 26605  55.0291 191.0231 0109845 249.7380 270.6644  2.00553837138734
1 26605U 00071A   19293.62366589  .00000011  00000-0  00000-0 0  9998
2 26605  55.0290 190.9612 0109809 249.7318 322.9685  2.00553742138770
1 26605U 00071A   19294.09120035  .00000008  00000-0  00000+0 0  9999
2 26605  55.0291 190.9427 0109719 249.7144 300.5532  2.00553702138771
1 26605U 00071A   19295.07357331  .00000004  00000-0  00000+0 0  9995
2 26605  55.0290 190.9039 0109705 249.7111 289.8469  2.00553656138796
1 26605U 00071A   19295.59911205  .00000004  00000-0  00000-0 0  9999
2 26605  55.0290 190.8831 0109707 249.7100 309.2963  2.00553640138817
1 26605U 00071A   19296.07947558  .00000004  00000-0  00000+0 0  9992
2 26605  55.0289 190.8641 0109669 249.7010 296.1361  2.00553627138812
1 26605U 00071A   19297.05560293  .00000008  00000-0  00000+0 0  9992
2 26605  55.0289 190.8256 0109659 249.6963 280.9215  2.00553585138833
1 26605U 00071A   19297.61131958  .00000012  00000-0  00000+0 0  9991
2 26605  55.0289 190.8037 0109641 249.6922 322.1623  2.00553562138844
1 26605U 00071A   19297.61131958  .00000012  00000-0  00000-0 0  9992
2 26605  55.0289 190.8037 0109641 249.6922 322.1623  2.00553562138855
1 26605U 00071A   19299.56015738  .00000027  00000-0  00000+0 0  9990
2 26605  55.0288 190.7267 0109606 249.6792 289.2685  2.00553481138888
1 26605U 00071A   19300.56529078  .00000033  00000-0  00000+0 0  9997
2 26605  55.0287 190.6870 0109592 249.6740 294.9965  2.00553446138901
1 26605U 00071A   19301.06586625  .00000034  00000-0  00000+0 0  9995
2 26605  55.0288 190.6672 0109625 249.6781 296.4173  2.00553467138916
1 26605U 00071A   19305.05183392  .00000003  00000-0  00000+0 0  9998
2 26605  55.0286 190.5098 0109754 249.6889 294.3425  2.00553440138993
1 26605U 00071A   19306.19152420 -.00000009  00000-0  00000+0 0  9999
2 26605  55.0289 190.4648 0109562 249.6501  37.2541  2.00553391139027
1 26605U 00071A   19306.66261396 -.00000013  00000-0  00000-0 0  9990
2 26605  55.0289 190.4462 0109556 249.6469  17.3917  2.00553384139036
1 26605U 00071A   19306.98331347 -.00000014  00000-0  00000+0 0  9999
2 26605  55.0289 190.4335 0109555 249.6444 248.9444  2.00553380139030
1 26605U 00071A   19308.53342172 -.00000015  00000-0  00000+0 0  9991
2 26605  55.0289 190.3723 0109549 249.6346 288.1573  2.00553362139066
1 26605U 00071A   19309.53835661 -.00000007  00000-0  00000+0 0  9993
2 26605  55.0289 190.3326 0109540 249.6283 293.7428  2.00553354139080
1 26605U 00071A   19315.60489953  .00000068  00000-0  00000+0 0  9993
2 26605  55.0289 190.0931 0109597 249.6239 353.8871  2.00553198139213
1 26605U 00071A   19316.09656620  .00000070  00000-0  00000+0 0  9997
2 26605  55.0289 190.0737 0109624 249.6290 348.8730  2.00553175139229
1 26605U 00071A   19316.94820997  .00000072  00000-0  00000+0 0  9993
2 26605  55.0289 190.0400 0109548 249.6047 243.7964  2.00553112139235
1 26605U 00071A   19316.94820997  .00000072  00000-0  00000-0 0  9994
2 26605  55.0289 190.0400 0109548 249.6047 243.7964  2.00553112139246
1 26605U 00071A   19318.51147463  .00000069  00000-0  00000+0 0  9994
2 26605  55.0289 189.9782 0109549 249.6034 292.4984  2.00553032139270
1 26605U 00071A   19321.46274022  .00000053  00000-0  00000+0 0  9997
2 26605  55.0289 189.8615 0109545 249.5977 263.3619  2.00552899139334
1 26605U 00071A   19322.99811339  .00000050  00000-0  00000+0 0  9991
2 26605  55.0290 189.8008 0109527 249.5889 291.9321  2.00552817139364
1 26605U 00071A   19324.49632733  .00000056  00000-0  00000+0 0  9993
2 26605  55.0290 189.7417 0109528 249.5825 293.6700  2.00552746139392
1 26605U 00071A   19324.49632733  .00000056  00000-0  00000-0 0  9994
2 26605  55.0290 189.7417 0109528 249.5825 293.6700  2.00552746139392
1 26605U 00071A   19327.48470998  .00000079  00000-0  00000+0 0  9993
2 26605  55.0293 189.6239 0109223 249.8687 291.1814  2.00572720139457
1 26605U 00071A   19327.48470998  .00000079  00000-0  00000+0 0  9993
2 26605  55.0293 189.6239 0109223 249.8687 291.1815  2.00572719139456
1 26605U 00071A   19327.48470998  .00000079  00000-0  00000-0 0  9994
2 26605  55.0293 189.6239 0109223 249.8687 291.1815  2.00572719139456
1 26605U 00071A   19332.46715972  .00000048  00000-0  00000+0 0  9997
2 26605  55.0297 189.4268 0109179 249.8452 288.9613  2.00572706139557
1 26605U 00071A   19333.14084071  .00000041  00000-0  00000+0 0  9995
2 26605  55.0294 189.4002 0109258 249.8544  55.4088  2.00572726139566
1 26605U 00071A   19333.65825212  .00000036  00000-0  00000-0 0  9996
2 26605  55.0294 189.3797 0109258 249.8485  69.0301  2.00572717139570
1 26605U 00071A   19334.46994001  .00000031  00000-0  00000+0 0  9993
2 26605  55.0294 189.3476 0109268 249.8478 295.1391  2.00572715139587
1 26605U 00071A   19336.45786997  .00000035  00000-0  00000+0 0  9991
2 26605  55.0295 189.2691 0109287 249.8478 290.5951  2.00572718139626
1 26605U 00071A   19336.45786997  .00000035  00000-0  00000+0 0  9991
2 26605  55.0295 189.2691 0109288 249.8484 290.5945  2.00572718139627
1 26605U 00071A   19338.45466314  .00000058  00000-0  00000+0 0  9996
2 26605  55.0296 189.1902 0109319 249.8461 292.4522  2.00572686139662
1 26605U 00071A   19338.45466314  .00000058  00000-0  00000-0 0  9997
2 26605  55.0296 189.1902 0109319 249.8461 292.4522  2.00572686139673
1 26605U 00071A   19338.94979979  .00000065  00000-0  00000+0 0  9994
2 26605  55.0296 189.1706 0109325 249.8399 289.9891  2.00572662139676
1 26605U 00071A   19342.19446483  .00000105  00000-0  00000+0 0  9990
2 26605  55.0298 189.0424 0109347 249.8231 112.9298  2.00572519139748
1 26605U 00071A   19342.19446483  .00000105  00000-0  00000+0 0  9990
2 26605  55.0298 189.0424 0109347 249.8233 112.9296  2.00572519139748
1 26605U 00071A   19345.43096543  .00000109  00000-0  00000+0 0  9992
2 26605  55.0299 188.9146 0109381 249.8054 289.9750  2.00572351139808
1 26605U 00071A   19345.43096543  .00000109  00000-0  00000+0 0  9992
2 26605  55.0299 188.9146 0109381 249.8064 289.9740  2.00572349139805
1 26605U 00071A   19345.43096543  .00000109  00000-0  00000-0 0  9993
2 26605  55.0299 188.9146 0109381 249.8055 289.9749  2.00572351139818
1 26605U 00071A   19346.63567931  .00000103  00000-0  00000+0 0  9993
2 26605  55.0300 188.8669 0109396 249.8036  79.8819  2.00572283139835
1 26605U 00071A   19346.63567931  .00000103  00000-0  00000+0 0  9993
2 26605  55.0300 188.8669 0109396 249.8037  79.8818  2.00572283139835
1 26605U 00071A   19346.63567931  .00000103  00000-0  00000+0 0  9993
2 26605  55.0300 188.8670 0109392 249.8058  79.8797  2.00572282139831
1 26605U 00071A   19346.63567931  .00000103  00000-0  00000-0 0  9994
2 26605  55.0300 188.8669 0109396 249.8037  79.8818  2.00572283139835
1 26605U 00071A   19349.91754333  .00000086  00000-0  00000+0 0  9991
2 26605  55.0303 188.7371 0109431 249.7772 289.6902  2.00572121139894
1 26605U 00071A   19349.91754333  .00000086  00000-0  00000+0 0  9991
2 26605  55.0303 188.7372 0109428 249.7780 289.6894  2.00572119139897
1 26605U 00071A   19349.91754333  .00000086  00000-0  00000+0 0  9991
2 26605  55.0304 188.7371 0109436 249.7632 289.7042  2.00572121139891
1 26605U 00071A   19349.91754333  .00000086  00000-0  00000-0 0  9992
2 26605  55.0303 188.7372 0109428 249.7780 289.6894  2.00572119139909
1 26605U 00071A   19354.40420275  .00000108  00000-0  00000+0 0  9991
2 26605  55.0293 188.5599 0109503 249.7740 289.4364  2.00571951139987
1 26605U 00071A   19354.40420275  .00000108  00000-0  00000+0 0  9991
2 26605  55.0307 188.5598 0109507 249.7427 289.4675  2.00571948139989
1 26605U 00071A   19354.40420275  .00000108  00000-0  00000-0 0  9992
2 26605  55.0303 188.5599 0109509 249.7473 289.4629  2.00571949139990
1 26605U 00071A   19355.95370528  .00000111  00000-0  00000+0 0  9991
2 26605  55.0306 188.4985 0109548 249.7316 328.3482  2.00571908140010
1 26605U 00071A   19356.61136939  .00000108  00000-0  00000+0 0  9997
2 26605  55.0306 188.4725 0109580 249.7501  83.2185  2.00571906140031
1 26605U 00071A   19356.61136939  .00000108  00000-0  00000-0 0  9998
2 26605  55.0306 188.4725 0109579 249.7512  83.2174  2.00571909140032
1 26605U 00071A   19359.13729946  .00000079  00000-0  00000+0 0  9990
2 26605  55.0306 188.3727 0109610 249.7668 107.1331  2.00571874140088
1 26605U 00071A   19360.39771584  .00000062  00000-0  00000+0 0  9997
2 26605  55.0305 188.3229 0109626 249.7683 297.2567  2.00571867140105
1 26605U 00071A   19360.61509567  .00000059  00000-0  00000-0 0  9999
2 26605  55.0305 188.3143 0109639 249.7706  94.2209  2.00571872140115
1 26605U 00071A   19361.57901196  .00000050  00000-0  00000+0 0  9999
2 26605  55.0306 188.2762 0109665 249.7649  70.2538  2.00571861140136
1 26605U 00071A   19361.57901196  .00000050  00000-0  00000-0 0  9990
2 26605  55.0306 188.2762 0109665 249.7649  70.2538  2.00571861140136

