1 28190U 04009A   19001.10178508 -.00000074  00000-0  00000+0 0  9995
2 28190  56.2341  23.7095 0091420  75.7348 244.5581  2.00570884108348
1 28190U 04009A   19001.10178508 -.00000074  00000-0  00000-0 0  9996
2 28190  56.2341  23.7095 0091420  75.7348 244.5581  2.00570884108348
1 28190U 04009A   19002.26078737 -.00000074  00000-0  00000+0 0  9996
2 28190  56.2344  23.6638 0091413  75.7592   1.4174  2.00570901108366
1 28190U 04009A   19002.66267455 -.00000074  00000-0  00000-0 0  9998
2 28190  56.2345  23.6480 0091413  75.7682 291.6000  2.00570907108381
1 28190U 04009A   19003.40254010 -.00000075  00000-0  00000+0 0  9994
2 28190  56.2347  23.6188 0091410  75.7767 105.8279  2.00570916108383
1 28190U 04009A   19004.34798253 -.00000075  00000-0  00000+0 0  9990
2 28190  56.2350  23.5816 0091399  75.7930  68.4895  2.00570924108402
1 28190U 04009A   19005.37845751 -.00000076  00000-0  00000+0 0  9991
2 28190  56.2353  23.5411 0091390  75.8005  92.5591  2.00570923108423
1 28190U 04009A   19005.64578676 -.00000077  00000-0  00000-0 0  9992
2 28190  56.2354  23.5305 0091390  75.8028 285.5878  2.00570925108447
1 28190U 04009A   19006.39020479 -.00000077  00000-0  00000+0 0  9997
2 28190  56.2356  23.5013 0091383  75.8188 103.0954  2.00570925108443
1 28190U 04009A   19006.86856067 -.00000077  00000-0  00000-0 0  9990
2 28190  56.2358  23.4825 0091382  75.8236  88.4981  2.00570924108465
1 28190U 04009A   19007.40921243 -.00000076  00000-0  00000+0 0  9998
2 28190  56.2359  23.4612 0091378  75.8333 118.8780  2.00570921108465
1 28190U 04009A   19007.87961910 -.00000075  00000-0  00000-0 0  9994
2 28190  56.2360  23.4427 0091380  75.8331  98.5458  2.00570917108485
1 28190U 04009A   19008.23535881 -.00000075  00000-0  00000+0 0  9998
2 28190  56.2361  23.4287 0091382  75.8450 355.4036  2.00570912108486
1 28190U 04009A   19008.23535881 -.00000075  00000-0  00000-0 0  9999
2 28190  56.2361  23.4287 0091382  75.8450 355.4036  2.00570912108497
1 28190U 04009A   19008.83750837 -.00000073  00000-0  00000-0 0  9993
2 28190  56.2363  23.4050 0091379  75.8558  70.1882  2.00570903108504
1 28190U 04009A   19009.28109090 -.00000071  00000-0  00000+0 0  9999
2 28190  56.2364  23.3876 0091378  75.8655  30.4770  2.00570895108502
1 28190U 04009A   19009.28109090 -.00000071  00000-0  00000-0 0  9990
2 28190  56.2364  23.3876 0091378  75.8655  30.4770  2.00570895108513
1 28190U 04009A   19010.13251440 -.00000068  00000-0  00000+0 0  9998
2 28190  56.2367  23.3541 0091378  75.8806 285.2511  2.00570874108524
1 28190U 04009A   19011.37099845 -.00000061  00000-0  00000+0 0  9997
2 28190  56.2370  23.3053 0091372  75.9021  99.5043  2.00570836108546
1 28190U 04009A   19012.34887265 -.00000055  00000-0  00000+0 0  9999
2 28190  56.2373  23.2668 0091367  75.9154  85.5863  2.00570794108561
1 28190U 04009A   19012.87304088 -.00000052  00000-0  00000-0 0  9992
2 28190  56.2375  23.2462 0091365  75.9182 104.0705  2.00570770108582
1 28190U 04009A   19013.30000384 -.00000050  00000-0  00000+0 0  9990
2 28190  56.2376  23.2294 0091365  75.9289  52.3575  2.00570750108582
1 28190U 04009A   19014.21060747 -.00000045  00000-0  00000+0 0  9994
2 28190  56.2379  23.1935 0091357  75.9693 349.8383  2.00570708108603
1 28190U 04009A   19014.84845204 -.00000042  00000-0  00000-0 0  9990
2 28190  56.2381  23.1684 0091350  75.9759  90.4010  2.00570675108624
1 28190U 04009A   19015.37063574 -.00000041  00000-0  00000+0 0  9999
2 28190  56.2382  23.1479 0091345  75.9885 107.4424  2.00570649108620
1 28190U 04009A   19015.85822425 -.00000039  00000-0  00000+0 0  9997
2 28190  56.2384  23.1287 0091346  75.9935  99.5111  2.00570624108634
1 28190U 04009A   19015.85822425 -.00000039  00000-0  00000-0 0  9998
2 28190  56.2384  23.1287 0091346  75.9935  99.5111  2.00570624108645
1 28190U 04009A   19016.86197506 -.00000038  00000-0  00000-0 0  9994
2 28190  56.2387  23.0891 0091349  76.0078 104.2765  2.00570574108666
1 28190U 04009A   19017.11161684 -.00000038  00000-0  00000+0 0  9990
2 28190  56.2387  23.0793 0091364  76.0048 284.5384  2.00570558108662
1 28190U 04009A   19017.11161684 -.00000038  00000-0  00000-0 0  9991
2 28190  56.2387  23.0793 0091364  76.0048 284.5384  2.00570558108662
1 28190U 04009A   19017.87309116 -.00000038  00000-0  00000-0 0  9998
2 28190  56.2389  23.0493 0091359  76.0149 114.3671  2.00570522108689
1 28190U 04009A   19018.10854128 -.00000039  00000-0  00000+0 0  9993
2 28190  56.2390  23.0400 0091368  76.0182 284.3754  2.00570511108684
1 28190U 04009A   19019.32085597 -.00000042  00000-0  00000+0 0  9998
2 28190  56.2393  22.9922 0091363  76.0452  79.7259  2.00570460108701
1 28190U 04009A   19019.32085597 -.00000042  00000-0  00000-0 0  9999
2 28190  56.2393  22.9922 0091363  76.0452  79.7259  2.00570460108712
1 28190U 04009A   19020.37151781 -.00000047  00000-0  00000-0 0  9990
2 28190  56.2396  22.9508 0091373  76.0607 118.3628  2.00570420108725
1 28190U 04009A   19021.34971253 -.00000053  00000-0  00000-0 0  9999
2 28190  56.2399  22.9122 0091376  76.0856 104.6639  2.00570392108749
1 28190U 04009A   19022.33555219 -.00000058  00000-0  00000+0 0  9993
2 28190  56.2402  22.8734 0091379  76.1012  96.4944  2.00570371108766
1 28190U 04009A   19022.86887479 -.00000061  00000-0  00000+0 0  9991
2 28190  56.2404  22.8524 0091386  76.1049 121.5875  2.00570362108777
1 28190U 04009A   19022.86887479 -.00000061  00000-0  00000-0 0  9992
2 28190  56.2404  22.8524 0091386  76.1049 121.5875  2.00570362108788
1 28190U 04009A   19023.59293174 -.00000064  00000-0  00000-0 0  9999
2 28190  56.2406  22.8238 0091391  76.1207 284.3921  2.00570355108797
1 28190U 04009A   19024.35672424 -.00000066  00000-0  00000+0 0  9994
2 28190  56.2408  22.7937 0091384  76.1427 115.8822  2.00570348108802
1 28190U 04009A   19025.83654799 -.00000069  00000-0  00000-0 0  9997
2 28190  56.2413  22.7355 0091400  76.1644 104.3979  2.00570348108842
1 28190U 04009A   19026.32213115 -.00000069  00000-0  00000+0 0  9994
2 28190  56.2414  22.7164 0091399  76.1786  95.0090  2.00570351108849
1 28190U 04009A   19026.32213115 -.00000069  00000-0  00000-0 0  9995
2 28190  56.2414  22.7164 0091399  76.1786  95.0090  2.00570351108850
1 28190U 04009A   19027.32839740 -.00000070  00000-0  00000+0 0  9995
2 28190  56.2416  22.6768 0091398  76.2192 101.5636  2.00570358108869
1 28190U 04009A   19027.32839740 -.00000070  00000-0  00000-0 0  9996
2 28190  56.2416  22.6768 0091398  76.2192 101.5636  2.00570358108870
1 28190U 04009A   19028.09256462 -.00000070  00000-0  00000+0 0  9994
2 28190  56.2419  22.6467 0091417  76.2294 293.3359  2.00570365108885
1 28190U 04009A   19030.32330687 -.00000072  00000-0  00000+0 0  9997
2 28190  56.2425  22.5589 0091448  76.2740 104.0444  2.00570395108927
1 28190U 04009A   19030.78148394 -.00000072  00000-0  00000-0 0  9990
2 28190  56.2426  22.5409 0091451  76.2843  74.8700  2.00570397108940
1 28190U 04009A   19031.19680205 -.00000073  00000-0  00000+0 0  9998
2 28190  56.2427  22.5245 0091451  76.2968  14.7465  2.00570403108946
1 28190U 04009A   19031.79305544 -.00000074  00000-0  00000-0 0  9996
2 28190  56.2429  22.5011 0091453  76.3102  85.2701  2.00570410108968
1 28190U 04009A   19032.56651447 -.00000075  00000-0  00000+0 0  9998
2 28190  56.2431  22.4707 0091466  76.3215 283.7506  2.00570417108977
1 28190U 04009A   19032.86268573 -.00000076  00000-0  00000-0 0  9997
2 28190  56.2432  22.4590 0091474  76.3244 137.6040  2.00570415108988
1 28190U 04009A   19033.33869556 -.00000076  00000-0  00000+0 0  9997
2 28190  56.2433  22.4403 0091479  76.3308 121.3103  2.00570417108980
1 28190U 04009A   19034.29434983 -.00000077  00000-0  00000+0 0  9996
2 28190  56.2436  22.4028 0091495  76.3475  91.3430  2.00570416109001
1 28190U 04009A   19034.81012064 -.00000076  00000-0  00000-0 0  9996
2 28190  56.2437  22.3825 0091501  76.3583 103.7550  2.00570414109025
1 28190U 04009A   19035.35964594 -.00000076  00000-0  00000+0 0  9999
2 28190  56.2439  22.3609 0091501  76.3708 140.5383  2.00570409109023
1 28190U 04009A   19035.83616333 -.00000075  00000-0  00000-0 0  9997
2 28190  56.2440  22.3422 0091501  76.3848 124.6034  2.00570404109046
1 28190U 04009A   19036.37315755 -.00000073  00000-0  00000+0 0  9998
2 28190  56.2441  22.3211 0091506  76.3985 152.3372  2.00570395109042
1 28190U 04009A   19036.84412681 -.00000072  00000-0  00000-0 0  9996
2 28190  56.2442  22.3026 0091511  76.4079 132.4005  2.00570385109061
1 28190U 04009A   19037.05339458 -.00000071  00000-0  00000+0 0  9998
2 28190  56.2443  22.2944 0091518  76.4108 283.5037  2.00570380109068
1 28190U 04009A   19037.80126014 -.00000067  00000-0  00000-0 0  9999
2 28190  56.2444  22.2650 0091523  76.4306 103.4952  2.00570362109087
1 28190U 04009A   19038.33272458 -.00000065  00000-0  00000+0 0  9999
2 28190  56.2446  22.2441 0091530  76.4407 127.2396  2.00570343109082
1 28190U 04009A   19038.33272458 -.00000065  00000-0  00000-0 0  9990
2 28190  56.2446  22.2441 0091530  76.4407 127.2396  2.00570343109093
1 28190U 04009A   19039.34597473 -.00000059  00000-0  00000+0 0  9991
2 28190  56.2448  22.2042 0091544  76.4588 138.8591  2.00570304109101
1 28190U 04009A   19040.35825667 -.00000054  00000-0  00000+0 0  9998
2 28190  56.2450  22.1644 0091557  76.4769 149.7794  2.00570262109127
1 28190U 04009A   19041.54013904 -.00000048  00000-0  00000+0 0  9996
2 28190  56.2454  22.1180 0091579  76.5039 283.1538  2.00570204109159
1 28190U 04009A   19041.84512036 -.00000047  00000-0  00000-0 0  9999
2 28190  56.2454  22.1060 0091583  76.5076 143.3679  2.00570188109167
1 28190U 04009A   19042.26759299 -.00000045  00000-0  00000+0 0  9997
2 28190  56.2456  22.0894 0091584  76.5210  88.4091  2.00570166109167
1 28190U 04009A   19042.85623212 -.00000044  00000-0  00000+0 0  9996
2 28190  56.2457  22.0662 0091597  76.5299 153.4386  2.00570136109170
1 28190U 04009A   19042.85623212 -.00000044  00000-0  00000-0 0  9997
2 28190  56.2457  22.0662 0091597  76.5299 153.4386  2.00570136109181
1 28190U 04009A   19043.80791150 -.00000042  00000-0  00000-0 0  9998
2 28190  56.2459  22.0288 0091609  76.5535 120.5936  2.00570087109208
1 28190U 04009A   19044.34329372 -.00000042  00000-0  00000+0 0  9990
2 28190  56.2461  22.0078 0091629  76.5617 147.1684  2.00570058109204
1 28190U 04009A   19044.81564424 -.00000042  00000-0  00000-0 0  9992
2 28190  56.2462  21.9892 0091627  76.5760 128.2239  2.00570033109225
1 28190U 04009A   19045.17823139 -.00000043  00000-0  00000+0 0  9993
2 28190  56.2463  21.9749 0091621  76.5955  30.0174  2.00570016109226
1 28190U 04009A   19045.77233552 -.00000044  00000-0  00000-0 0  9995
2 28190  56.2464  21.9516 0091637  76.6097  98.9875  2.00569988109243
1 28190U 04009A   19046.30752178 -.00000046  00000-0  00000+0 0  9996
2 28190  56.2465  21.9305 0091644  76.6280 125.4108  2.00569964109241
1 28190U 04009A   19047.31641052 -.00000050  00000-0  00000+0 0  9991
2 28190  56.2468  21.8908 0091664  76.6508 133.8754  2.00569923109264
1 28190U 04009A   19047.85073736 -.00000053  00000-0  00000-0 0  9992
2 28190  56.2469  21.8697 0091683  76.6615 159.6855  2.00569903109288
1 28190U 04009A   19048.27059243 -.00000055  00000-0  00000+0 0  9997
2 28190  56.2470  21.8532 0091686  76.6726 102.8389  2.00569890109281
1 28190U 04009A   19048.74926417 -.00000058  00000-0  00000+0 0  9998
2 28190  56.2471  21.8344 0091685  76.6878  88.4577  2.00569876109293
1 28190U 04009A   19048.74926417 -.00000058  00000-0  00000-0 0  9999
2 28190  56.2471  21.8344 0091685  76.6878  88.4577  2.00569876109305
1 28190U 04009A   19049.81239160 -.00000064  00000-0  00000-0 0  9997
2 28190  56.2474  21.7925 0091706  76.7134 136.0836  2.00569852109326
1 28190U 04009A   19050.51379694 -.00000067  00000-0  00000+0 0  9995
2 28190  56.2475  21.7649 0091717  76.7357 282.5242  2.00569839109333
1 28190U 04009A   19050.82928062 -.00000069  00000-0  00000-0 0  9991
2 28190  56.2476  21.7525 0091724  76.7418 150.3189  2.00569834109341
1 28190U 04009A   19051.51886711 -.00000071  00000-0  00000+0 0  9994
2 28190  56.2478  21.7254 0091740  76.7591 288.2306  2.00569826109356
1 28190U 04009A   19051.77937869 -.00000072  00000-0  00000+0 0  9994
2 28190  56.2479  21.7151 0091746  76.7633 116.3336  2.00569825109359
1 28190U 04009A   19052.75731296 -.00000074  00000-0  00000+0 0  9991
2 28190  56.2481  21.6767 0091761  76.7907 102.4422  2.00569823109377
1 28190U 04009A   19052.75731296 -.00000074  00000-0  00000-0 0  9992
2 28190  56.2481  21.6767 0091761  76.7907 102.4422  2.00569823109388
1 28190U 04009A   19054.25327203 -.00000076  00000-0  00000-0 0  9990
2 28190  56.2485  21.6178 0091793  76.8297 102.5884  2.00569830109411
1 28190U 04009A   19055.00043219 -.00000077  00000-0  00000+0 0  9996
2 28190  56.2486  21.5885 0091819  76.8487 282.0704  2.00569835109427
1 28190U 04009A   19055.00043219 -.00000077  00000-0  00000-0 0  9997
2 28190  56.2486  21.5885 0091819  76.8487 282.0704  2.00569835109427
1 28190U 04009A   19056.01829678 -.00000078  00000-0  00000+0 0  9990
2 28190  56.2489  21.5484 0091844  76.8770 297.0103  2.00569849109444
1 28190U 04009A   19057.15215479 -.00000080  00000-0  00000+0 0  9997
2 28190  56.2490  21.5038 0091852  76.9191  35.6913  2.00569866109464
1 28190U 04009A   19059.48721287 -.00000085  00000-0  00000+0 0  9999
2 28190  56.2495  21.4120 0091907  76.9821 281.7002  2.00569891109518
1 28190U 04009A   19060.49232271 -.00000087  00000-0  00000+0 0  9994
2 28190  56.2497  21.3725 0091937  77.0075 287.4329  2.00569899109531
1 28190U 04009A   19060.49232271 -.00000087  00000-0  00000-0 0  9995
2 28190  56.2497  21.3725 0091937  77.0075 287.4329  2.00569899109542
1 28190U 04009A   19061.73081062 -.00000088  00000-0  00000+0 0  9993
2 28190  56.2500  21.3239 0091958  77.0436 101.6699  2.00569905109557
1 28190U 04009A   19061.73081062 -.00000088  00000-0  00000-0 0  9994
2 28190  56.2500  21.3239 0091958  77.0436 101.6699  2.00569905109568
1 28190U 04009A   19065.90590278 -.00000075  00000-0  00000+0 0  9996
2 28190  56.2508  21.1600 0092108  77.1488 236.2664  2.00569839109644
1 28190U 04009A   19067.90387731 -.00000065  00000-0  00000+0 0  9995
2 28190  56.2511  21.0816 0092154  77.2089 238.8802  2.00569768109682
1 28190U 04009A   19067.90387731 -.00000065  00000-0  00000-0 0  9996
2 28190  56.2511  21.0816 0092154  77.2089 238.8802  2.00569768109682
1 28190U 04009A   19070.95289352 -.00000055  00000-0  00000+0 0  9993
2 28190  56.2517  20.9618 0092230  77.3018 280.3843  2.00569623109748
1 28190U 04009A   19070.95289352 -.00000055  00000-0  00000-0 0  9994
2 28190  56.2517  20.9618 0092230  77.3018 280.3843  2.00569623109748
1 28190U 04009A   19071.76575334 -.00000054  00000-0  00000+0 0  9990
2 28190  56.2519  20.9299 0092153  77.3362 147.2878  2.00569549109758
1 28190U 04009A   19071.76575334 -.00000054  00000-0  00000-0 0  9991
2 28190  56.2519  20.9299 0092153  77.3362 147.2878  2.00569549109769
1 28190U 04009A   19073.21368866 -.00000057  00000-0  00000+0 0  9995
2 28190  56.2521  20.8729 0092182  77.3850 112.7460  2.00569482109785
1 28190U 04009A   19074.80390885 -.00000063  00000-0  00000-0 0  9995
2 28190  56.2524  20.8104 0092254  77.4422 180.9347  2.00569400109827
1 28190U 04009A   19075.27504826 -.00000066  00000-0  00000+0 0  9991
2 28190  56.2525  20.7918 0092272  77.4577 161.1134  2.00569380109823
1 28190U 04009A   19075.74958053 -.00000068  00000-0  00000-0 0  9991
2 28190  56.2526  20.7732 0092284  77.4739 143.7415  2.00569366109845
1 28190U 04009A   19076.20488296 -.00000071  00000-0  00000+0 0  9993
2 28190  56.2526  20.7553 0092291  77.4895 112.4847  2.00569354109846
1 28190U 04009A   19076.93702367 -.00000075  00000-0  00000-0 0  9996
2 28190  56.2528  20.7265 0092315  77.5195 281.1096  2.00569335109860
1 28190U 04009A   19077.43441243 -.00000077  00000-0  00000+0 0  9996
2 28190  56.2529  20.7069 0092325  77.5352 280.2419  2.00569326109879
1 28190U 04009A   19077.77495113 -.00000079  00000-0  00000-0 0  9991
2 28190  56.2529  20.6935 0092337  77.5440 166.1249  2.00569322109881
1 28190U 04009A   19078.43951598 -.00000081  00000-0  00000+0 0  9991
2 28190  56.2531  20.6674 0092353  77.5683 285.9610  2.00569311109892
1 28190U 04009A   19078.43951598 -.00000081  00000-0  00000-0 0  9992
2 28190  56.2531  20.6674 0092353  77.5683 285.9610  2.00569311109892
1 28190U 04009A   19079.80022822 -.00000085  00000-0  00000-0 0  9997
2 28190  56.2533  20.6139 0092388  77.6146 188.4402  2.00569303109924
1 28190U 04009A   19080.27190413 -.00000086  00000-0  00000+0 0  9992
2 28190  56.2534  20.5953 0092399  77.6310 169.0053  2.00569303109920
1 28190U 04009A   19080.81305803 -.00000087  00000-0  00000+0 0  9994
2 28190  56.2535  20.5740 0092417  77.6504 199.7353  2.00569303109946
1 28190U 04009A   19080.81305803 -.00000087  00000-0  00000-0 0  9995
2 28190  56.2535  20.5740 0092417  77.6504 199.7353  2.00569303109946
1 28190U 04009A   19081.75973201 -.00000088  00000-0  00000-0 0  9993
2 28190  56.2537  20.5368 0092444  77.6832 163.2643  2.00569310109966
1 28190U 04009A   19082.77120424 -.00000090  00000-0  00000-0 0  9990
2 28190  56.2538  20.4971 0092480  77.7197 173.5784  2.00569319109982
1 28190U 04009A   19083.30783722 -.00000090  00000-0  00000+0 0  9995
2 28190  56.2539  20.4760 0092499  77.7397 201.0433  2.00569326109998
1 28190U 04009A   19083.78579556 -.00000091  00000-0  00000-0 0  9997
2 28190  56.2540  20.4572 0092518  77.7572 186.1436  2.00569332110005
1 28190U 04009A   19084.16472046 -.00000092  00000-0  00000+0 0  9996
2 28190  56.2540  20.4423 0092524  77.7715  99.7384  2.00569338110003
1 28190U 04009A   19084.79907753 -.00000093  00000-0  00000+0 0  9994
2 28190  56.2542  20.4173 0092536  77.7957 197.7624  2.00569348110027
1 28190U 04009A   19084.79907753 -.00000093  00000-0  00000-0 0  9995
2 28190  56.2542  20.4173 0092536  77.7957 197.7624  2.00569348110027
1 28190U 04009A   19085.74514331 -.00000096  00000-0  00000-0 0  9990
2 28190  56.2543  20.3801 0092562  77.8299 160.8508  2.00569363110045
1 28190U 04009A   19086.28617576 -.00000097  00000-0  00000+0 0  9995
2 28190  56.2544  20.3588 0092570  77.8515 191.4907  2.00569370110050
1 28190U 04009A   19087.22097894 -.00000099  00000-0  00000+0 0  9997
2 28190  56.2545  20.3221 0092595  77.8856 146.4470  2.00569383110071
1 28190U 04009A   19088.77980243 -.00000101  00000-0  00000-0 0  9992
2 28190  56.2548  20.2608 0092642  77.9413 191.9656  2.00569380110107
1 28190U 04009A   19089.16447380 -.00000101  00000-0  00000+0 0  9995
2 28190  56.2548  20.2457 0092640  77.9525 109.7127  2.00569384110116
1 28190U 04009A   19089.72814137 -.00000101  00000-0  00000-0 0  9996
2 28190  56.2549  20.2236 0092653  77.9719 156.6989  2.00569385110120
1 28190U 04009A   19090.26563051 -.00000100  00000-0  00000+0 0  9991
2 28190  56.2550  20.2025 0092672  77.9917 184.7821  2.00569384110136
1 28190U 04009A   19091.28127802 -.00000097  00000-0  00000+0 0  9999
2 28190  56.2552  20.1626 0092704  78.0299 198.1090  2.00569378110157
1 28190U 04009A   19092.29452998 -.00000093  00000-0  00000+0 0  9994
2 28190  56.2553  20.1228 0092733  78.0687 209.7056  2.00569364110177
1 28190U 04009A   19092.29452998 -.00000093  00000-0  00000-0 0  9995
2 28190  56.2553  20.1228 0092733  78.0687 209.7056  2.00569364110177
1 28190U 04009A   19093.24073014 -.00000088  00000-0  00000+0 0  9992
2 28190  56.2554  20.0856 0092741  78.1080 172.8854  2.00569324110195
1 28190U 04009A   19093.24073014 -.00000088  00000-0  00000+0 0  9992
2 28190  56.2555  20.0856 0092753  78.1049 172.8887  2.00569343110191
1 28190U 04009A   19093.24073014 -.00000088  00000-0  00000-0 0  9993
2 28190  56.2554  20.0856 0092741  78.1080 172.8854  2.00569324110195
1 28190U 04009A   19095.79166667 -.00000074  00000-0  00000+0 0  9996
2 28190  56.3097  19.7997 0095368  78.5401 214.3019  2.00585802110248
1 28190U 04009A   19096.61327255 -.00000070  00000-0  00000+0 0  9996
2 28190  56.2559  19.9531 0092818  78.2374  87.9552  2.00569208110269
1 28190U 04009A   19096.75290344 -.00000070  00000-0  00000-0 0  9990
2 28190  56.2559  19.9476 0092821  78.2409 188.7746  2.00569203110260
1 28190U 04009A   19097.11170469 -.00000068  00000-0  00000+0 0  9992
2 28190  56.2560  19.9335 0092828  78.2563  87.8373  2.00569185110279
1 28190U 04009A   19097.22486366 -.00000068  00000-0  00000-0 0  9991
2 28190  56.2560  19.9290 0092823  78.2551 169.5469  2.00569181110271
1 28190U 04009A   19099.18011199 -.00000065  00000-0  00000+0 0  9992
2 28190  56.2563  19.8522 0092853  78.3295 141.2908  2.00569091110310
1 28190U 04009A   19100.73985515 -.00000067  00000-0  00000+0 0  9990
2 28190  56.2565  19.7909 0092881  78.3913 187.4664  2.00569020110344
1 28190U 04009A   19100.73985515 -.00000067  00000-0  00000-0 0  9991
2 28190  56.2565  19.7909 0092881  78.3913 187.4664  2.00569020110344
1 28190U 04009A   19101.75394854 -.00000071  00000-0  00000+0 0  9998
2 28190  56.2567  19.7510 0092909  78.4350 199.6647  2.00568974110366
1 28190U 04009A   19101.75394854 -.00000071  00000-0  00000-0 0  9999
2 28190  56.2567  19.7510 0092909  78.4350 199.6647  2.00568974110366
1 28190U 04009A   19102.76098396 -.00000075  00000-0  00000-0 0  9997
2 28190  56.2568  19.7114 0092945  78.4804 206.7649  2.00568937110384
1 28190U 04009A   19103.71066203 -.00000080  00000-0  00000-0 0  9991
2 28190  56.2570  19.6741 0092990  78.5243 172.4509  2.00568914110402
1 28190U 04009A   19104.25146333 -.00000083  00000-0  00000+0 0  9996
2 28190  56.2571  19.6528 0093007  78.5488 202.9204  2.00568900110414
1 28190U 04009A   19105.19445531 -.00000087  00000-0  00000+0 0  9996
2 28190  56.2572  19.6157 0093021  78.5859 163.7853  2.00568884110438
1 28190U 04009A   19107.76287299 -.00000093  00000-0  00000-0 0  9994
2 28190  56.2576  19.5146 0093078  78.6947 218.2422  2.00568868110485
1 28190U 04009A   19108.23857661 -.00000094  00000-0  00000+0 0  9993
2 28190  56.2577  19.4959 0093099  78.7163 201.7097  2.00568871110491
1 28190U 04009A   19108.23857661 -.00000094  00000-0  00000-0 0  9994
2 28190  56.2577  19.4959 0093099  78.7163 201.7097  2.00568871110491
1 28190U 04009A   19109.72398519 -.00000096  00000-0  00000-0 0  9993
2 28190  56.2579  19.4375 0093135  78.7801 194.2081  2.00568884110522
1 28190U 04009A   19110.25792177 -.00000096  00000-0  00000+0 0  9990
2 28190  56.2580  19.4165 0093157  78.8054 219.7198  2.00568889110534
1 28190U 04009A   19111.67802619 -.00000099  00000-0  00000+0 0  9993
2 28190  56.2582  19.3607 0093181  78.8655 165.0677  2.00568909110561
1 28190U 04009A   19112.22268625 -.00000100  00000-0  00000+0 0  9991
2 28190  56.2583  19.3392 0093194  78.8898 198.3236  2.00568918110577
1 28190U 04009A   19113.15887524 -.00000102  00000-0  00000+0 0  9991
2 28190  56.2585  19.3024 0093221  78.9324 154.2705  2.00568933110598
1 28190U 04009A   19113.15887524 -.00000102  00000-0  00000-0 0  9992
2 28190  56.2585  19.3024 0093221  78.9324 154.2705  2.00568933110598
1 28190U 04009A   19113.70734362 -.00000103  00000-0  00000-0 0  9995
2 28190  56.2585  19.2809 0093233  78.9564 190.2765  2.00568943110606
1 28190U 04009A   19114.24625616 -.00000105  00000-0  00000-0 0  9998
2 28190  56.2586  19.2596 0093247  78.9805 219.3824  2.00568951110612
1 28190U 04009A   19114.72033753 -.00000106  00000-0  00000-0 0  9997
2 28190  56.2587  19.2410 0093257  79.0010 201.6796  2.00568957110628
1 28190U 04009A   19115.25946582 -.00000106  00000-0  00000+0 0  9998
2 28190  56.2588  19.2198 0093270  79.0242 230.9422  2.00568964110634
1 28190U 04009A   19116.57712414 -.00000106  00000-0  00000+0 0  9999
2 28190  56.2590  19.1680 0093295  79.0814 102.3202  2.00568974110655
1 28190U 04009A   19117.21812082 -.00000106  00000-0  00000+0 0  9993
2 28190  56.2591  19.1428 0093309  79.1079 205.1351  2.00568976110677
1 28190U 04009A   19118.23034213 -.00000103  00000-0  00000+0 0  9995
2 28190  56.2592  19.1030 0093336  79.1532 215.9796  2.00568976110695
1 28190U 04009A   19119.16599821 -.00000099  00000-0  00000+0 0  9993
2 28190  56.2594  19.0662 0093353  79.1948 171.5426  2.00568967110717
1 28190U 04009A   19120.18044184 -.00000094  00000-0  00000+0 0  9999
2 28190  56.2595  19.0264 0093371  79.2401 183.9915  2.00568951110736
1 28190U 04009A   19120.61211596 -.00000091  00000-0  00000-0 0  9998
2 28190  56.2596  19.0094 0093380  79.2603 135.6681  2.00568942110747
1 28190U 04009A   19121.20559470 -.00000088  00000-0  00000+0 0  9995
2 28190  56.2597  18.9861 0093392  79.2862 204.1725  2.00568928110754
1 28190U 04009A   19121.67462354 -.00000085  00000-0  00000+0 0  9997
2 28190  56.2598  18.9676 0093400  79.3082 182.8198  2.00568915110767
1 28190U 04009A   19121.67462354 -.00000085  00000-0  00000-0 0  9998
2 28190  56.2598  18.9676 0093400  79.3082 182.8198  2.00568915110767
1 28190U 04009A   19122.69097917 -.00000079  00000-0  00000-0 0  9993
2 28190  56.2599  18.9277 0093415  79.3536 196.6492  2.00568881110789
1 28190U 04009A   19123.12953497 -.00000077  00000-0  00000+0 0  9993
2 28190  56.2600  18.9105 0093427  79.3768 153.2916  2.00568863110793
1 28190U 04009A   19123.69772042 -.00000074  00000-0  00000-0 0  9998
2 28190  56.2601  18.8881 0093435  79.4008 203.5345  2.00568843110806
1 28190U 04009A   19124.06577137 -.00000072  00000-0  00000+0 0  9995
2 28190  56.2601  18.8736 0093444  79.4208 109.2710  2.00568825110816
1 28190U 04009A   19124.64412639 -.00000070  00000-0  00000-0 0  9993
2 28190  56.2602  18.8509 0093456  79.4465 166.8550  2.00568800110828
1 28190U 04009A   19125.55047902 -.00000068  00000-0  00000+0 0  9997
2 28190  56.2603  18.8153 0093476  79.4918 101.2549  2.00568757110843
1 28190U 04009A   19126.66321931 -.00000066  00000-0  00000+0 0  9995
2 28190  56.2605  18.7715 0093495  79.5406 184.6766  2.00568709110867
1 28190U 04009A   19126.66321931 -.00000066  00000-0  00000-0 0  9996
2 28190  56.2605  18.7715 0093495  79.5406 184.6766  2.00568709110867
1 28190U 04009A   19128.15196229 -.00000068  00000-0  00000+0 0  9993
2 28190  56.2608  18.7130 0093523  79.6079 179.5778  2.00568645110898
1 28190U 04009A   19129.16584823 -.00000071  00000-0  00000+0 0  9990
2 28190  56.2609  18.6731 0093535  79.6553 191.6215  2.00568609110919
1 28190U 04009A   19130.18429428 -.00000075  00000-0  00000+0 0  9997
2 28190  56.2611  18.6331 0093557  79.7069 206.9534  2.00568574110932
1 28190U 04009A   19130.72414840 -.00000077  00000-0  00000+0 0  9991
2 28190  56.2612  18.6118 0093533  79.7218 236.7483  2.00568565110941
1 28190U 04009A   19130.72414840 -.00000077  00000-0  00000-0 0  9992
2 28190  56.2612  18.6118 0093533  79.7218 236.7483  2.00568565110941
1 28190U 04009A   19131.73833847 -.00000082  00000-0  00000+0 0  9991
2 28190  56.2614  18.5719 0093543  79.7674 249.0132  2.00568543110962
1 28190U 04009A   19131.73833847 -.00000082  00000-0  00000-0 0  9992
2 28190  56.2614  18.5719 0093543  79.7674 249.0132  2.00568543110962
1 28190U 04009A   19132.67815450 -.00000085  00000-0  00000-0 0  9999
2 28190  56.2615  18.5349 0093559  79.8113 207.5768  2.00568527110986
1 28190U 04009A   19133.14744806 -.00000086  00000-0  00000+0 0  9998
2 28190  56.2616  18.5165 0093571  79.8334 186.4148  2.00568521110994
1 28190U 04009A   19133.69751313 -.00000088  00000-0  00000-0 0  9992
2 28190  56.2617  18.4948 0093579  79.8624 223.5681  2.00568516111005
1 28190U 04009A   19134.16416218 -.00000089  00000-0  00000+0 0  9997
2 28190  56.2618  18.4764 0093589  79.8850 200.4960  2.00568514111017
1 28190U 04009A   19134.70813160 -.00000089  00000-0  00000-0 0  9995
2 28190  56.2619  18.4550 0093606  79.9166 233.2453  2.00568513111023
1 28190U 04009A   19135.52410812 -.00000090  00000-0  00000+0 0  9994
2 28190  56.2620  18.4230 0093622  79.9546 102.3945  2.00568513111033
1 28190U 04009A   19135.76785586 -.00000091  00000-0  00000+0 0  9994
2 28190  56.2621  18.4134 0093623  79.9660 278.3847  2.00568514111042
1 28190U 04009A   19135.76785586 -.00000091  00000-0  00000-0 0  9995
2 28190  56.2621  18.4134 0093623  79.9660 278.3847  2.00568514111042
1 28190U 04009A   19137.06807661 -.00000092  00000-0  00000+0 0  9999
2 28190  56.2623  18.3623 0093658  80.0295 137.1640  2.00568529111062
1 28190U 04009A   19137.76230089 -.00000093  00000-0  00000-0 0  9992
2 28190  56.2624  18.3350 0093669  80.0650 278.4029  2.00568534111085
1 28190U 04009A   19138.03575250 -.00000093  00000-0  00000+0 0  9994
2 28190  56.2625  18.3242 0093679  80.0746 115.8428  2.00568542111089
1 28190U 04009A   19139.01058594 -.00000095  00000-0  00000+0 0  9992
2 28190  56.2626  18.2859 0093698  80.1253  99.6843  2.00568557111107
1 28190U 04009A   19140.18326066 -.00000098  00000-0  00000+0 0  9997
2 28190  56.2628  18.2398 0093698  80.1740 226.3820  2.00568585111136
1 28190U 04009A   19141.12599927 -.00000100  00000-0  00000+0 0  9994
2 28190  56.2630  18.2028 0093715  80.2249 187.0487  2.00568597111151
1 28190U 04009A   19142.13764718 -.00000102  00000-0  00000+0 0  9990
2 28190  56.2632  18.1630 0093732  80.2762 197.4720  2.00568613111176
1 28190U 04009A   19143.49739544 -.00000103  00000-0  00000+0 0  9990
2 28190  56.2634  18.1096 0093755  80.3458  99.2275  2.00568627111193
1 28190U 04009A   19143.70100281 -.00000103  00000-0  00000-0 0  9995
2 28190  56.2634  18.1016 0093743  80.3440 246.2472  2.00568632111204
1 28190U 04009A   19144.49563108 -.00000102  00000-0  00000+0 0  9991
2 28190  56.2635  18.0703 0093757  80.3863  99.9773  2.00568637111214
1 28190U 04009A   19144.71240297 -.00000101  00000-0  00000-0 0  9997
2 28190  56.2636  18.0618 0093759  80.3954 256.4915  2.00568638111223
1 28190U 04009A   19145.17586134 -.00000100  00000-0  00000+0 0  9999
2 28190  56.2637  18.0436 0093765  80.4182 231.1153  2.00568639111239
1 28190U 04009A   19145.64605337 -.00000098  00000-0  00000-0 0  9995
2 28190  56.2638  18.0251 0093770  80.4417 210.6005  2.00568638111240
1 28190U 04009A   19146.18997334 -.00000096  00000-0  00000+0 0  9993
2 28190  56.2639  18.0037 0093776  80.4679 243.3193  2.00568635111258
1 28190U 04009A   19146.66014578 -.00000094  00000-0  00000-0 0  9995
2 28190  56.2639  17.9852 0093785  80.4951 222.7867  2.00568631111260
1 28190U 04009A   19147.20595899 -.00000091  00000-0  00000+0 0  9992
2 28190  56.2640  17.9638 0093791  80.5216 256.8722  2.00568623111276
1 28190U 04009A   19148.14582407 -.00000085  00000-0  00000+0 0  9990
2 28190  56.2642  17.9268 0093802  80.5724 215.4640  2.00568604111295
1 28190U 04009A   19148.69997144 -.00000081  00000-0  00000-0 0  9995
2 28190  56.2643  17.9050 0093818  80.6095 255.5565  2.00568589111309
1 28190U 04009A   19149.16445176 -.00000079  00000-0  00000+0 0  9997
2 28190  56.2644  17.8868 0093821  80.6346 230.9159  2.00568576111312
1 28190U 04009A   19149.70451903 -.00000075  00000-0  00000-0 0  9999
2 28190  56.2645  17.8655 0093809  80.6480 260.8655  2.00568560111329
1 28190U 04009A   19150.47896900 -.00000071  00000-0  00000+0 0  9990
2 28190  56.2646  17.8350 0093825  80.7023 100.0133  2.00568531111339
1 28190U 04009A   19150.65272711 -.00000070  00000-0  00000+0 0  9997
2 28190  56.2647  17.8282 0093829  80.7095 225.4706  2.00568526111340
1 28190U 04009A   19150.65272711 -.00000070  00000-0  00000-0 0  9998
2 28190  56.2647  17.8282 0093829  80.7095 225.4706  2.00568526111340
1 28190U 04009A   19152.47068490 -.00000062  00000-0  00000+0 0  9997
2 28190  56.2650  17.7568 0093825  80.7838  98.0776  2.00568468111370
1 28190U 04009A   19152.68272362 -.00000062  00000-0  00000+0 0  9995
2 28190  56.2650  17.7484 0093831  80.7960 251.1710  2.00568459111381
1 28190U 04009A   19152.68272362 -.00000062  00000-0  00000-0 0  9996
2 28190  56.2650  17.7484 0093831  80.7960 251.1710  2.00568459111381
1 28190U 04009A   19154.46854998 -.00000060  00000-0  00000+0 0  9992
2 28190  56.2653  17.6782 0093839  80.8854 100.5613  2.00568375111415
1 28190U 04009A   19154.62802582 -.00000060  00000-0  00000+0 0  9992
2 28190  56.2654  17.6720 0093846  80.8980 215.7005  2.00568371111427
1 28190U 04009A   19154.62802582 -.00000060  00000-0  00000-0 0  9993
2 28190  56.2654  17.6720 0093846  80.8980 215.7005  2.00568371111427
1 28190U 04009A   19155.65466487 -.00000061  00000-0  00000+0 0  9997
2 28190  56.2655  17.6316 0093843  80.9404 236.9565  2.00568331111442
1 28190U 04009A   19155.65466487 -.00000061  00000-0  00000-0 0  9998
2 28190  56.2655  17.6316 0093843  80.9404 236.9565  2.00568331111442
1 28190U 04009A   19156.66991951 -.00000064  00000-0  00000-0 0  9992
2 28190  56.2657  17.5916 0093844  80.9886 249.9864  2.00568292111468
1 28190U 04009A   19156.95735767 -.00000065  00000-0  00000+0 0  9995
2 28190  56.2658  17.5803 0093847  81.0033  97.5202  2.00568282111465
1 28190U 04009A   19157.68328442 -.00000068  00000-0  00000-0 0  9998
2 28190  56.2659  17.5518 0093847  81.0354 261.6532  2.00568259111481
1 28190U 04009A   19158.14457036 -.00000069  00000-0  00000+0 0  9992
2 28190  56.2660  17.5336 0093850  81.0604 234.7058  2.00568248111496
1 28190U 04009A   19159.62845137 -.00000075  00000-0  00000-0 0  9997
2 28190  56.2663  17.4753 0093862  81.1418 226.0801  2.00568214111525
1 28190U 04009A   19160.10029583 -.00000076  00000-0  00000+0 0  9991
2 28190  56.2664  17.4567 0093871  81.1783 206.7449  2.00568206111539
1 28190U 04009A   19160.64287394 -.00000078  00000-0  00000+0 0  9998
2 28190  56.2665  17.4354 0093870  81.2045 238.4943  2.00568200111541
1 28190U 04009A   19160.64287394 -.00000078  00000-0  00000-0 0  9999
2 28190  56.2665  17.4354 0093870  81.2045 238.4943  2.00568200111541
1 28190U 04009A   19164.15880983 -.00000083  00000-0  00000+0 0  9997
2 28190  56.2672  17.2972 0093879  81.3571 257.0687  2.00568201111618
1 28190U 04009A   19165.10425929 -.00000084  00000-0  00000+0 0  9999
2 28190  56.2673  17.2601 0093892  81.4236 219.6760  2.00568212111632
1 28190U 04009A   19166.11790030 -.00000086  00000-0  00000+0 0  9991
2 28190  56.2675  17.2203 0093907  81.4921 231.5202  2.00568228111653
1 28190U 04009A   19166.98542557 -.00000088  00000-0  00000+0 0  9997
2 28190  56.2677  17.1862 0093925  81.5586 137.8612  2.00568243111664
1 28190U 04009A   19167.67680749 -.00000090  00000-0  00000+0 0  9993
2 28190  56.2678  17.1590 0093910  81.5586 277.0829  2.00568258111682
1 28190U 04009A   19167.67680749 -.00000090  00000-0  00000-0 0  9994
2 28190  56.2678  17.1590 0093910  81.5586 277.0829  2.00568258111682
1 28190U 04009A   19168.61718280 -.00000093  00000-0  00000-0 0  9994
2 28190  56.2680  17.1221 0093910  81.6129 236.0386  2.00568278111708
1 28190U 04009A   19169.08896809 -.00000094  00000-0  00000+0 0  9990
2 28190  56.2681  17.1035 0093909  81.6443 216.6657  2.00568285111713
1 28190U 04009A   19169.63650236 -.00000094  00000-0  00000-0 0  9994
2 28190  56.2682  17.0820 0093908  81.6731 251.9912  2.00568293111720
1 28190U 04009A   19170.41750319 -.00000095  00000-0  00000+0 0  9995
2 28190  56.2683  17.0514 0093914  81.7228  95.8729  2.00568303111734
1 28190U 04009A   19170.64886021 -.00000095  00000-0  00000-0 0  9991
2 28190  56.2684  17.0423 0093908  81.7262 262.9240  2.00568307111745
1 28190U 04009A   19170.92393128 -.00000095  00000-0  00000+0 0  9992
2 28190  56.2684  17.0315 0093905  81.7362 101.5326  2.00568314111744
1 28190U 04009A   19171.66533626 -.00000094  00000-0  00000+0 0  9992
2 28190  56.2685  17.0024 0093903  81.7677 276.8422  2.00568322111763
1 28190U 04009A   19171.66533626 -.00000094  00000-0  00000-0 0  9993
2 28190  56.2685  17.0024 0093903  81.7677 276.8422  2.00568322111763
1 28190U 04009A   19172.67802604 -.00000092  00000-0  00000+0 0  9997
2 28190  56.2687  16.9627 0093898  81.8072 288.0283  2.00568323111788
1 28190U 04009A   19172.67802604 -.00000092  00000-0  00000-0 0  9998
2 28190  56.2687  16.9627 0093898  81.8072 288.0283  2.00568323111799
1 28190U 04009A   19173.61446317 -.00000088  00000-0  00000-0 0  9993
2 28190  56.2689  16.9259 0093894  81.8648 244.1370  2.00568319111804
1 28190U 04009A   19174.40605118 -.00000084  00000-0  00000+0 0  9992
2 28190  56.2690  16.8948 0093896  81.9069  95.6711  2.00568309111818
1 28190U 04009A   19174.90417459 -.00000081  00000-0  00000-0 0  9994
2 28190  56.2691  16.8753 0093894  81.9343  95.3200  2.00568301111830
1 28190U 04009A   19175.09409235 -.00000080  00000-0  00000+0 0  9996
2 28190  56.2691  16.8678 0093892  81.9499 232.4371  2.00568299111835
1 28190U 04009A   19176.43518177 -.00000071  00000-0  00000+0 0  9991
2 28190  56.2694  16.8151 0093892  82.0392 120.6982  2.00568264111858
1 28190U 04009A   19177.41269622 -.00000066  00000-0  00000+0 0  9992
2 28190  56.2695  16.7768 0093882  82.0847 106.4793  2.00568231111874
1 28190U 04009A   19178.61540662 -.00000060  00000-0  00000+0 0  9995
2 28190  56.2697  16.7295 0093871  82.1482 254.8479  2.00568186111907
1 28190U 04009A   19178.61540662 -.00000060  00000-0  00000-0 0  9996
2 28190  56.2697  16.7295 0093871  82.1482 254.8479  2.00568186111907
1 28190U 04009A   19179.70798674 -.00000055  00000-0  00000-0 0  9999
2 28190  56.2699  16.6866 0093863  82.1819 323.7253  2.00568143111939
1 28190U 04009A   19180.64784865 -.00000053  00000-0  00000+0 0  9998
2 28190  56.2701  16.6497 0093853  82.2165 282.3296  2.00568104111942
1 28190U 04009A   19181.90252281 -.00000053  00000-0  00000-0 0  9991
2 28190  56.2703  16.6004 0093848  82.2894 108.2096  2.00568050111978
1 28190U 04009A   19182.45184725 -.00000053  00000-0  00000+0 0  9998
2 28190  56.2704  16.5788 0093848  82.3178 144.8277  2.00568026111973
1 28190U 04009A   19183.37863750 -.00000055  00000-0  00000+0 0  9994
2 28190  56.2706  16.5424 0093837  82.3742  93.9713  2.00567986111992
1 28190U 04009A   19187.12572612 -.00000068  00000-0  00000+0 0  9999
2 28190  56.2713  16.3951 0093803  82.5522 279.4233  2.00567877112071
1 28190U 04009A   19189.36930965 -.00000073  00000-0  00000+0 0  9992
2 28190  56.2716  16.3071 0093784  82.6646  99.3168  2.00567859112114
1 28190U 04009A   19189.61797628 -.00000073  00000-0  00000+0 0  9997
2 28190  56.2716  16.2973 0093781  82.6785 278.8556  2.00567858112120
1 28190U 04009A   19189.61797628 -.00000073  00000-0  00000-0 0  9998
2 28190  56.2716  16.2973 0093781  82.6785 278.8556  2.00567858112131
1 28190U 04009A   19190.61606949 -.00000075  00000-0  00000+0 0  9996
2 28190  56.2718  16.2581 0093770  82.7323 279.4867  2.00567861112142
1 28190U 04009A   19190.61606949 -.00000075  00000-0  00000-0 0  9997
2 28190  56.2718  16.2581 0093770  82.7323 279.4867  2.00567861112153
1 28190U 04009A   19191.61235946 -.00000076  00000-0  00000+0 0  9993
2 28190  56.2719  16.2190 0093759  82.7876 278.8142  2.00567870112160
1 28190U 04009A   19191.61235946 -.00000076  00000-0  00000-0 0  9994
2 28190  56.2719  16.2190 0093759  82.7876 278.8142  2.00567870112171
1 28190U 04009A   19193.85599361 -.00000082  00000-0  00000+0 0  9992
2 28190  56.2722  16.1310 0093743  82.9082  98.7359  2.00567908112207
1 28190U 04009A   19193.85599361 -.00000082  00000-0  00000-0 0  9993
2 28190  56.2722  16.1310 0093743  82.9082  98.7359  2.00567908112218
1 28190U 04009A   19196.09906692 -.00000089  00000-0  00000+0 0  9997
2 28190  56.2725  16.0429 0093728  82.9718 278.3097  2.00567951112257
1 28190U 04009A   19196.84424196 -.00000090  00000-0  00000+0 0  9996
2 28190  56.2727  16.0137 0093718  83.0101  96.3336  2.00567963112260
1 28190U 04009A   19198.71878472 -.00000091  00000-0  00000+0 0  9995
2 28190  56.2731  15.9402 0093670  83.1685   9.7110  2.00567999112305
1 28190U 04009A   19198.71878472 -.00000091  00000-0  00000-0 0  9996
2 28190  56.2731  15.9402 0093670  83.1685   9.7110  2.00567999112316
1 28190U 04009A   19199.59099866 -.00000090  00000-0  00000+0 0  9993
2 28190  56.2736  15.9062 0093664  83.1909 279.4807  2.00568007112326
1 28190U 04009A   19199.59099866 -.00000090  00000-0  00000-0 0  9994
2 28190  56.2736  15.9062 0093664  83.1909 279.4807  2.00568007112337
1 28190U 04009A   19200.58574774 -.00000086  00000-0  00000-0 0  9997
2 28190  56.2738  15.8672 0093640  83.2479 277.6938  2.00568008112349
1 28190U 04009A   19200.83851402 -.00000085  00000-0  00000+0 0  9999
2 28190  56.2739  15.8573 0093638  83.2646 100.1899  2.00568008112349
1 28190U 04009A   19202.32361436 -.00000078  00000-0  00000+0 0  9990
2 28190  56.2739  15.7989 0093608  83.3432  92.4450  2.00567985112372
1 28190U 04009A   19202.82932334 -.00000075  00000-0  00000-0 0  9994
2 28190  56.2740  15.7791 0093596  83.3730  97.5682  2.00567974112395
1 28190U 04009A   19203.54043480 -.00000071  00000-0  00000+0 0  9994
2 28190  56.2745  15.7512 0093578  83.4100 250.9974  2.00567955112403
1 28190U 04009A   19207.31110421 -.00000054  00000-0  00000+0 0  9994
2 28190  56.2751  15.6033 0093506  83.5860  93.4752  2.00567796112476
1 28190U 04009A   19207.31110421 -.00000054  00000-0  00000-0 0  9995
2 28190  56.2751  15.6033 0093506  83.5860  93.4752  2.00567796112476
1 28190U 04009A   19209.61304446 -.00000052  00000-0  00000-0 0  9990
2 28190  56.2750  15.5130 0093475  83.6579 315.5449  2.00567693112528
1 28190U 04009A   19213.54611031 -.00000064  00000-0  00000-0 0  9991
2 28190  56.2756  15.3585 0093367  83.8711 275.2442  2.00567552112604
1 28190U 04009A   19214.04573711 -.00000066  00000-0  00000-0 0  9991
2 28190  56.2758  15.3388 0093357  83.8964 275.9798  2.00567541112616
1 28190U 04009A   19215.50727786 -.00000070  00000-0  00000-0 0  9991
2 28190  56.2759  15.2814 0093310  83.9730 251.2241  2.00567519112649
1 28190U 04009A   19217.51966698 -.00000074  00000-0  00000+0 0  9994
2 28190  56.2762  15.2024 0093264  84.0758 264.1880  2.00567509112681
1 28190U 04009A   19218.27903480 -.00000076  00000-0  00000+0 0  9990
2 28190  56.2763  15.1726 0093269  84.1055  92.4678  2.00567516112692
1 28190U 04009A   19218.53242358 -.00000076  00000-0  00000+0 0  9999
2 28190  56.2764  15.1627 0093261  84.1213 275.4141  2.00567519112704
1 28190U 04009A   19219.53732514 -.00000079  00000-0  00000+0 0  9991
2 28190  56.2765  15.1232 0093236  84.1711 280.9638  2.00567527112725
1 28190U 04009A   19219.53732514 -.00000079  00000-0  00000-0 0  9992
2 28190  56.2765  15.1232 0093236  84.1711 280.9638  2.00567527112736
1 28190U 04009A   19220.77597375 -.00000083  00000-0  00000-0 0  9999
2 28190  56.2766  15.0746 0093227  84.2247  95.2893  2.00567545112753
1 28190U 04009A   19221.53664111 -.00000086  00000-0  00000+0 0  9999
2 28190  56.2766  15.0448 0093206  84.2628 284.4990  2.00567557112766
1 28190U 04009A   19222.61857494 -.00000090  00000-0  00000+0 0  9992
2 28190  56.2764  15.0024 0093190  84.3082 345.6751  2.00567580112784
1 28190U 04009A   19224.53648810 -.00000095  00000-0  00000-0 0  9991
2 28190  56.2765  14.9273 0093127  84.3969 290.4357  2.00567625112838
1 28190U 04009A   19225.52442608 -.00000096  00000-0  00000+0 0  9998
2 28190  56.2766  14.8886 0093098  84.4441 283.7394  2.00567641112846
1 28190U 04009A   19226.52264427 -.00000095  00000-0  00000-0 0  9990
2 28190  56.2767  14.8495 0093069  84.4897 284.4674  2.00567648112875
1 28190U 04009A   19227.52111502 -.00000093  00000-0  00000+0 0  9993
2 28190  56.2768  14.8105 0093034  84.5391 285.3740  2.00567651112885
1 28190U 04009A   19228.51077282 -.00000089  00000-0  00000-0 0  9995
2 28190  56.2768  14.7717 0092997  84.5797 279.9259  2.00567650112917
1 28190U 04009A   19229.74930201 -.00000083  00000-0  00000-0 0  9994
2 28190  56.2770  14.7231 0092968  84.6363  94.1619  2.00567630112936
1 28190U 04009A   19230.59060655 -.00000078  00000-0  00000-0 0  9990
2 28190  56.2770  14.6901 0092936  84.6755 341.5955  2.00567614112944
1 28190U 04009A   19231.51938819 -.00000073  00000-0  00000-0 0  9994
2 28190  56.2771  14.6537 0092902  84.7150 292.1923  2.00567592112977
1 28190U 04009A   19232.43882568 -.00000068  00000-0  00000+0 0  9998
2 28190  56.2772  14.6176 0092868  84.7546 236.0415  2.00567556112981
1 28190U 04009A   19232.49754060 -.00000068  00000-0  00000+0 0  9999
2 28190  56.2772  14.6153 0092867  84.7581 278.4338  2.00567553112985
1 28190U 04009A   19232.49754060 -.00000068  00000-0  00000-0 0  9990
2 28190  56.2772  14.6153 0092867  84.7581 278.4338  2.00567553112996
1 28190U 04009A   19234.46256951 -.00000061  00000-0  00000+0 0  9997
2 28190  56.2774  14.5383 0092810  84.8405 257.2198  2.00567460113027
1 28190U 04009A   19235.57867324 -.00000059  00000-0  00000+0 0  9999
2 28190  56.2774  14.4945 0092808  84.8775 343.0766  2.00567412113041
1 28190U 04009A   19235.69901204 -.00000059  00000-0  00000-0 0  9999
2 28190  56.2774  14.4898 0092802  84.8821  69.9638  2.00567406113050
1 28190U 04009A   19236.47903594 -.00000059  00000-0  00000+0 0  9999
2 28190  56.2774  14.4591 0092777  84.9180 273.1517  2.00567368113063
1 28190U 04009A   19236.67267005 -.00000059  00000-0  00000-0 0  9992
2 28190  56.2774  14.4515 0092763  84.9280  52.9571  2.00567357113077
1 28190U 04009A   19237.56590375 -.00000060  00000-0  00000+0 0  9991
2 28190  56.2775  14.4164 0092735  84.9688 337.8842  2.00567315113080
1 28190U 04009A   19238.53612049 -.00000062  00000-0  00000+0 0  9994
2 28190  56.2775  14.3783 0092697  85.0142 318.3931  2.00567274113100
1 28190U 04009A   19238.72263792 -.00000063  00000-0  00000-0 0  9994
2 28190  56.2775  14.3710 0092691  85.0198  93.0642  2.00567267113114
1 28190U 04009A   19239.49393899 -.00000065  00000-0  00000+0 0  9992
2 28190  56.2776  14.3407 0092668  85.0554 289.9538  2.00567237113126
1 28190U 04009A   19241.97076715 -.00000074  00000-0  00000+0 0  9993
2 28190  56.2778  14.2434 0092576  85.1599 278.2660  2.00567162113174
1 28190U 04009A   19243.57153459 -.00000078  00000-0  00000+0 0  9996
2 28190  56.2778  14.1805 0092535  85.2211 354.0536  2.00567134113200
1 28190U 04009A   19245.56009507 -.00000082  00000-0  00000-0 0  9997
2 28190  56.2779  14.1025 0092492  85.2987 349.8342  2.00567131113256
1 28190U 04009A   19246.47339313 -.00000085  00000-0  00000+0 0  9991
2 28190  56.2780  14.0666 0092456  85.3412 289.2471  2.00567142113265
1 28190U 04009A   19247.45091664 -.00000088  00000-0  00000+0 0  9997
2 28190  56.2780  14.0282 0092424  85.3846 275.0336  2.00567155113284
1 28190U 04009A   19247.69586997 -.00000089  00000-0  00000-0 0  9993
2 28190  56.2780  14.0185 0092422  85.3926  91.8963  2.00567158113297
1 28190U 04009A   19248.42799699 -.00000092  00000-0  00000+0 0  9993
2 28190  56.2781  13.9897 0092381  85.4300 260.4979  2.00567170113304
1 28190U 04009A   19249.39232900 -.00000096  00000-0  00000+0 0  9991
2 28190  56.2782  13.9518 0092324  85.4774 236.7552  2.00567188113321
1 28190U 04009A   19249.54616822 -.00000096  00000-0  00000-0 0  9998
2 28190  56.2781  13.9458 0092323  85.4815 347.8322  2.00567191113332
1 28190U 04009A   19250.41536486 -.00000100  00000-0  00000+0 0  9998
2 28190  56.2782  13.9117 0092293  85.5167 255.4082  2.00567205113346
1 28190U 04009A   19251.49084787 -.00000103  00000-0  00000+0 0  9992
2 28190  56.2782  13.8695 0092254  85.5572 311.9299  2.00567225113365
1 28190U 04009A   19252.50558354 -.00000104  00000-0  00000+0 0  9992
2 28190  56.2782  13.8297 0092237  85.5867 324.5996  2.00567248113382
1 28190U 04009A   19253.51679564 -.00000104  00000-0  00000+0 0  9991
2 28190  56.2782  13.7900 0092189  85.6320 334.7091  2.00567264113403
1 28190U 04009A   19254.40870403 -.00000103  00000-0  00000-0 0  9995
2 28190  56.2783  13.7551 0092154  85.6651 258.6863  2.00567270113425
1 28190U 04009A   19255.40048483 -.00000100  00000-0  00000+0 0  9997
2 28190  56.2783  13.7163 0092115  85.7042 254.7713  2.00567271113440
1 28190U 04009A   19256.39801260 -.00000095  00000-0  00000+0 0  9999
2 28190  56.2784  13.6772 0092075  85.7402 255.0090  2.00567264113467
1 28190U 04009A   19256.66917265 -.00000094  00000-0  00000-0 0  9992
2 28190  56.2784  13.6665 0092078  85.7548  90.7879  2.00567261113479
1 28190U 04009A   19257.45201359 -.00000089  00000-0  00000+0 0  9993
2 28190  56.2784  13.6358 0092049  85.7774 296.0226  2.00567250113483
1 28190U 04009A   19257.67420417 -.00000088  00000-0  00000-0 0  9995
2 28190  56.2784  13.6271 0092045  85.7864  96.4483  2.00567247113497
1 28190U 04009A   19258.41990198 -.00000084  00000-0  00000+0 0  9991
2 28190  56.2784  13.5979 0092020  85.8150 274.8574  2.00567228113507
1 28190U 04009A   19259.41728274 -.00000079  00000-0  00000+0 0  9990
2 28190  56.2785  13.5588 0091959  85.8549 274.9850  2.00567198113522
1 28190U 04009A   19260.41081782 -.00000074  00000-0  00000+0 0  9993
2 28190  56.2785  13.5198 0091933  85.8924 272.3383  2.00567167113549
1 28190U 04009A   19261.51124104 -.00000070  00000-0  00000+0 0  9997
2 28190  56.2786  13.4766 0091896  85.9329 346.8677  2.00567115113566
1 28190U 04009A   19262.40320647 -.00000068  00000-0  00000+0 0  9993
2 28190  56.2785  13.4416 0091853  85.9651 270.8867  2.00567071113588
1 28190U 04009A   19263.47811681 -.00000067  00000-0  00000+0 0  9993
2 28190  56.2786  13.3994 0091807  86.0068 326.9929  2.00567013113603
1 28190U 04009A   19264.37534108 -.00000067  00000-0  00000+0 0  9999
2 28190  56.2786  13.3642 0091776  86.0388 254.8090  2.00566969113622
1 28190U 04009A   19265.37314833 -.00000069  00000-0  00000+0 0  9993
2 28190  56.2786  13.3250 0091741  86.0765 255.2462  2.00566922113647
1 28190U 04009A   19266.36948769 -.00000071  00000-0  00000+0 0  9997
2 28190  56.2787  13.2859 0091700  86.1137 254.6238  2.00566876113665
1 28190U 04009A   19267.41783715 -.00000074  00000-0  00000+0 0  9995
2 28190  56.2787  13.2447 0091659  86.1523 291.5544  2.00566835113687
1 28190U 04009A   19268.36376976 -.00000077  00000-0  00000+0 0  9990
2 28190  56.2788  13.2075 0091616  86.1865 254.5383  2.00566802113704
1 28190U 04009A   19269.41125104 -.00000080  00000-0  00000+0 0  9996
2 28190  56.2788  13.1664 0091573  86.2240 290.8428  2.00566770113726
1 28190U 04009A   19270.40506044 -.00000083  00000-0  00000+0 0  9996
2 28190  56.2789  13.1273 0091515  86.2581 288.3964  2.00566751113745
1 28190U 04009A   19271.40880084 -.00000085  00000-0  00000+0 0  9998
2 28190  56.2789  13.0879 0091473  86.2918 293.1211  2.00566733113764
1 28190U 04009A   19274.73321759 -.00000093  00000-0  00000+0 0  9995
2 28190  56.2789  12.9570 0091323  86.4065 173.4240  2.00566698113839
1 28190U 04009A   19276.91858796 -.00000102  00000-0  00000+0 0  9994
2 28190  56.2790  12.8712 0091237  86.4793 311.3138  2.00566723113872
1 28190U 04009A   19279.33283052 -.00000109  00000-0  00000+0 0  9997
2 28190  56.2790  12.7766 0091184  86.5434 254.4752  2.00566807113922
1 28190U 04009A   19279.71054014 -.00000110  00000-0  00000-0 0  9996
2 28190  56.2790  12.7617 0091267  86.5577 167.1899  2.00566830113936
1 28190U 04009A   19280.41588742 -.00000110  00000-0  00000+0 0  9994
2 28190  56.2791  12.7340 0091245  86.5754 316.4736  2.00566841113945
1 28190U 04009A   19281.32643406 -.00000109  00000-0  00000+0 0  9992
2 28190  56.2791  12.6983 0091194  86.6036 253.9123  2.00566849113969
1 28190U 04009A   19282.51578424 -.00000105  00000-0  00000+0 0  9997
2 28190  56.2791  12.6516 0091165  86.6408  32.6543  2.00566853113987
1 28190U 04009A   19283.33993236 -.00000101  00000-0  00000+0 0  9996
2 28190  56.2792  12.6193 0091129  86.6660 267.7112  2.00566859114002
1 28190U 04009A   19284.31929998 -.00000096  00000-0  00000+0 0  9992
2 28190  56.2792  12.5809 0091081  86.6996 254.8371  2.00566845114025
1 28190U 04009A   19285.42567608 -.00000090  00000-0  00000+0 0  9995
2 28190  56.2793  12.5375 0091060  86.7412 333.6628  2.00566844114047
1 28190U 04009A   19286.31241608 -.00000085  00000-0  00000+0 0  9997
2 28190  56.2793  12.5027 0091028  86.7673 253.9137  2.00566818114066
1 28190U 04009A   19287.41677869 -.00000079  00000-0  00000+0 0  9994
2 28190  56.2793  12.4593 0090994  86.8026 331.2913  2.00566777114085
1 28190U 04009A   19288.38552289 -.00000075  00000-0  00000+0 0  9995
2 28190  56.2794  12.4213 0090959  86.8311 310.7515  2.00566735114100
1 28190U 04009A   19289.39109229 -.00000072  00000-0  00000+0 0  9996
2 28190  56.2794  12.3818 0090924  86.8615 316.7995  2.00566685114123
1 28190U 04009A   19291.43440597 -.00000069  00000-0  00000+0 0  9996
2 28190  56.2794  12.3014 0090827  86.9158 352.1333  2.00566568114160
1 28190U 04009A   19292.48125723 -.00000070  00000-0  00000+0 0  9995
2 28190  56.2795  12.2603 0090769  86.9421  27.9925  2.00566507114181
1 28190U 04009A   19293.30387557 -.00000071  00000-0  00000+0 0  9993
2 28190  56.2795  12.2280 0090746  86.9664 261.9452  2.00566468114200
1 28190U 04009A   19294.41144316 -.00000074  00000-0  00000+0 0  9993
2 28190  56.2795  12.1844 0090708  87.0015 341.6364  2.00566419114221
1 28190U 04009A   19295.47990326 -.00000076  00000-0  00000+0 0  9992
2 28190  56.2796  12.1424 0090669  87.0294  33.0968  2.00566374114245
1 28190U 04009A   19295.81036796 -.00000077  00000-0  00000-0 0  9994
2 28190  56.2796  12.1293 0090664  87.0395 271.7009  2.00566367114256
1 28190U 04009A   19296.31702654 -.00000078  00000-0  00000+0 0  9993
2 28190  56.2796  12.1094 0090644  87.0535 277.5229  2.00566352114262
1 28190U 04009A   19296.81540281 -.00000079  00000-0  00000-0 0  9996
2 28190  56.2796  12.0898 0090625  87.0662 277.3658  2.00566337114282
1 28190U 04009A   19297.31413042 -.00000080  00000-0  00000+0 0  9997
2 28190  56.2796  12.0702 0090610  87.0799 277.4614  2.00566322114288
1 28190U 04009A   19298.38247837 -.00000082  00000-0  00000+0 0  9994
2 28190  56.2797  12.0282 0090575  87.1083 328.8402  2.00566301114305
1 28190U 04009A   19299.34822795 -.00000083  00000-0  00000+0 0  9994
2 28190  56.2797  11.9902 0090547  87.1344 306.1393  2.00566288114325
1 28190U 04009A   19300.41134795 -.00000086  00000-0  00000+0 0  9994
2 28190  56.2797  11.9484 0090513  87.1617 353.7442  2.00566280114343
1 28190U 04009A   19301.38549059 -.00000088  00000-0  00000+0 0  9996
2 28190  56.2798  11.9100 0090476  87.1858 337.1055  2.00566278114369
1 28190U 04009A   19302.26313451 -.00000091  00000-0  00000+0 0  9993
2 28190  56.2798  11.8756 0090446  87.2083 250.7908  2.00566279114383
1 28190U 04009A   19304.29939587 -.00000099  00000-0  00000+0 0  9990
2 28190  56.2800  11.7955 0090409  87.2735 281.0203  2.00566308114423
1 28190U 04009A   19304.78363242 -.00000101  00000-0  00000+0 0  9997
2 28190  56.2800  11.7764 0090404  87.2871 270.6525  2.00566318114430
1 28190U 04009A   19304.78363242 -.00000101  00000-0  00000-0 0  9998
2 28190  56.2800  11.7764 0090404  87.2871 270.6525  2.00566318114430
1 28190U 04009A   19305.78862321 -.00000104  00000-0  00000-0 0  9994
2 28190  56.2800  11.7368 0090374  87.3126 276.2864  2.00566334114469
1 28190U 04009A   19306.27574390 -.00000105  00000-0  00000+0 0  9995
2 28190  56.2800  11.7177 0090343  87.3195 268.0075  2.00566333114461
1 28190U 04009A   19308.26348050 -.00000105  00000-0  00000+0 0  9998
2 28190  56.2801  11.6395 0090283  87.3677 263.2158  2.00566359114503
1 28190U 04009A   19310.27515176 -.00000099  00000-0  00000+0 0  9999
2 28190  56.2802  11.5604 0090223  87.4163 275.7057  2.00566367114540
1 28190U 04009A   19311.24420892 -.00000093  00000-0  00000+0 0  9991
2 28190  56.2802  11.5223 0090162  87.4304 255.4043  2.00566354114564
1 28190U 04009A   19315.46568480 -.00000070  00000-0  00000+0 0  9990
2 28190  56.2804  11.3565 0090015  87.5327  63.4407  2.00566229114647
1 28190U 04009A   19315.82289711 -.00000069  00000-0  00000+0 0  9995
2 28190  56.2804  11.3425 0090005  87.5391 321.3613  2.00566214114652
1 28190U 04009A   19315.82289711 -.00000069  00000-0  00000-0 0  9996
2 28190  56.2804  11.3425 0090005  87.5391 321.3613  2.00566214114663
1 28190U 04009A   19318.36157878 -.00000063  00000-0  00000+0 0  9999
2 28190  56.2806  11.2427 0089909  87.5950 354.3728  2.00566086114703
1 28190U 04009A   19319.34812241 -.00000062  00000-0  00000+0 0  9999
2 28190  56.2806  11.2039 0089877  87.6155 346.6907  2.00566034114722
1 28190U 04009A   19323.23035479 -.00000068  00000-0  00000+0 0  9998
2 28190  56.2809  11.0512 0089762  87.6939 269.7953  2.00565858114800
1 28190U 04009A   19323.73497602 -.00000069  00000-0  00000-0 0  9995
2 28190  56.2808  11.0313 0089752  87.6961 274.1569  2.00565833114819
1 28190U 04009A   19323.73497602 -.00000069  00000-0  00000-0 0  9995
2 28190  56.2808  11.0313 0089752  87.6961 274.1569  2.00565833114820
1 28190U 04009A   19325.20322109 -.00000071  00000-0  00000+0 0  9990
2 28190  56.2808  10.9735 0089704  87.7123 254.2931  2.00565788114847
1 28190U 04009A   19326.24093147 -.00000072  00000-0  00000+0 0  9993
2 28190  56.2809  10.9327 0089716  87.7577 283.5312  2.00565781114864
1 28190U 04009A   19328.22157178 -.00000077  00000-0  00000+0 0  9993
2 28190  56.2810  10.8548 0089658  87.7879 273.6298  2.00565751114905
1 28190U 04009A   19329.29308590 -.00000080  00000-0  00000+0 0  9991
2 28190  56.2811  10.8126 0089631  87.8079 327.3007  2.00565751114929
1 28190U 04009A   19329.29308590 -.00000080  00000-0  00000-0 0  9992
2 28190  56.2810  10.8126 0089628  87.8069 327.3016  2.00565749114931
1 28190U 04009A   19330.28551156 -.00000084  00000-0  00000+0 0  9994
2 28190  56.2811  10.7735 0089603  87.8254 323.8679  2.00565755114940
1 28190U 04009A   19330.28551156 -.00000084  00000-0  00000-0 0  9995
2 28190  56.2811  10.7735 0089603  87.8254 323.8679  2.00565755114951
1 28190U 04009A   19331.31376039 -.00000088  00000-0  00000+0 0  9998
2 28190  56.2811  10.7331 0089574  87.8455 346.2987  2.00565764114965
1 28190U 04009A   19331.31376039 -.00000088  00000-0  00000+0 0  9998
2 28190  56.2811  10.7331 0089577  87.8449 346.2994  2.00565766114961
1 28190U 04009A   19331.31376039 -.00000088  00000-0  00000-0 0  9999
2 28190  56.2811  10.7331 0089574  87.8455 346.2987  2.00565764114976
1 28190U 04009A   19333.18078086 -.00000095  00000-0  00000+0 0  9994
2 28190  56.2812  10.6597 0089513  87.8677 254.3653  2.00565780115001
1 28190U 04009A   19333.90332003 -.00000096  00000-0  00000-0 0  9998
2 28190  56.2813  10.6313 0089500  87.8807  56.0644  2.00565792115021
1 28190U 04009A   19334.40544176 -.00000096  00000-0  00000+0 0  9999
2 28190  56.2813  10.6115 0089484  87.8869  58.6170  2.00565798115028
1 28190U 04009A   19335.33785451 -.00000096  00000-0  00000+0 0  9995
2 28190  56.2813  10.5749 0089464  87.9054  11.8506  2.00565809115044
1 28190U 04009A   19335.33785451 -.00000096  00000-0  00000-0 0  9996
2 28190  56.2813  10.5749 0089464  87.9054  11.8506  2.00565809115055
1 28190U 04009A   19336.20993550 -.00000094  00000-0  00000+0 0  9991
2 28190  56.2814  10.5406 0089447  87.9182 281.5269  2.00565816115060
1 28190U 04009A   19336.20993550 -.00000094  00000-0  00000-0 0  9992
2 28190  56.2814  10.5405 0089458  87.9319 281.5133  2.00565816115074
1 28190U 04009A   19337.36524157 -.00000090  00000-0  00000+0 0  9998
2 28190  56.2814  10.4951 0089435  87.9563  35.6817  2.00565819115086
1 28190U 04009A   19337.36524157 -.00000090  00000-0  00000-0 0  9999
2 28190  56.2815  10.4951 0089432  87.9476  35.6904  2.00565815115091
1 28190U 04009A   19337.93883324 -.00000087  00000-0  00000+0 0  9991
2 28190  56.2815  10.4726 0089412  87.9530  89.8487  2.00565811115093
1 28190U 04009A   19337.93883324 -.00000087  00000-0  00000-0 0  9992
2 28190  56.2815  10.4726 0089412  87.9530  89.8487  2.00565811115105
1 28190U 04009A   19340.28737656 -.00000073  00000-0  00000+0 0  9994
2 28190  56.2816  10.3802 0089369  88.0066 345.5689  2.00565779115140
1 28190U 04009A   19340.28737656 -.00000073  00000-0  00000-0 0  9995
2 28190  56.2816  10.3803 0089369  88.0108 345.5647  2.00565778115152
1 28190U 04009A   19341.25570583 -.00000068  00000-0  00000+0 0  9990
2 28190  56.2816  10.3422 0089350  88.0309 324.7300  2.00565751115169
1 28190U 04009A   19341.25570583 -.00000068  00000-0  00000+0 0  9990
2 28190  56.2816  10.3422 0089351  88.0212 324.7395  2.00565744115169
1 28190U 04009A   19341.25570583 -.00000068  00000-0  00000-0 0  9991
2 28190  56.2816  10.3422 0089351  88.0212 324.7395  2.00565744115170
1 28190U 04009A   19344.28077049 -.00000056  00000-0  00000+0 0  9992
2 28190  56.2818  10.2233 0089289  88.0737 348.9444  2.00565618115222
1 28190U 04009A   19344.28077049 -.00000056  00000-0  00000-0 0  9993
2 28190  56.2818  10.2233 0089298  88.0844 348.9338  2.00565622115239
1 28190U 04009A   19345.34852444 -.00000054  00000-0  00000+0 0  9998
2 28190  56.2819  10.1813 0089267  88.0778  39.9148  2.00565556115248
1 28190U 04009A   19346.27122736 -.00000053  00000-0  00000+0 0  9994
2 28190  56.2819  10.1450 0089254  88.0993 346.1335  2.00565506115268
1 28190U 04009A   19347.17585590 -.00000053  00000-0  00000+0 0  9995
2 28190  56.2820  10.1094 0089239  88.1120 279.3101  2.00565461115280
1 28190U 04009A   19347.17585590 -.00000053  00000-0  00000+0 0  9995
2 28190  56.2820  10.1094 0089241  88.1130 279.3092  2.00565462115284
1 28190U 04009A   19347.17585590 -.00000053  00000-0  00000-0 0  9996
2 28190  56.2820  10.1094 0089239  88.1120 279.3101  2.00565461115291
1 28190U 04009A   19349.18507694 -.00000055  00000-0  00000+0 0  9999
2 28190  56.2821  10.0304 0089202  88.1438 290.0412  2.00565361115325
1 28190U 04009A   19349.18507694 -.00000055  00000-0  00000+0 0  9999
2 28190  56.2821  10.0304 0089216  88.1520 290.0332  2.00565368115320
1 28190U 04009A   19349.18507694 -.00000055  00000-0  00000-0 0  9990
2 28190  56.2821  10.0304 0089202  88.1438 290.0412  2.00565361115336
1 28190U 04009A   19352.35181125 -.00000060  00000-0  00000+0 0  9995
2 28190  56.2823   9.9058 0089156  88.1888  56.5439  2.00565256115380
1 28190U 04009A   19352.35181125 -.00000060  00000-0  00000-0 0  9996
2 28190  56.2823   9.9058 0089159  88.1944  56.5383  2.00565256115395
1 28190U 04009A   19353.32070722 -.00000062  00000-0  00000+0 0  9995
2 28190  56.2823   9.8677 0089151  88.2183  36.1077  2.00565236115403
1 28190U 04009A   19354.34315948 -.00000064  00000-0  00000+0 0  9992
2 28190  56.2824   9.8275 0089139  88.2413  54.3485  2.00565221115421
1 28190U 04009A   19354.34315948 -.00000064  00000-0  00000-0 0  9993
2 28190  56.2824   9.8275 0089139  88.2413  54.3485  2.00565221115432
1 28190U 04009A   19355.15976022 -.00000066  00000-0  00000+0 0  9990
2 28190  56.2824   9.7953 0089136  88.2520 283.9658  2.00565213115444
1 28190U 04009A   19356.30953686 -.00000070  00000-0  00000+0 0  9994
2 28190  56.2824   9.7501 0089127  88.2666  34.1495  2.00565209115466
1 28190U 04009A   19356.30953686 -.00000070  00000-0  00000-0 0  9995
2 28190  56.2824   9.7501 0089131  88.2704  34.1457  2.00565209115473
1 28190U 04009A   19357.38450903 -.00000074  00000-0  00000+0 0  9991
2 28190  56.2825   9.7079 0089123  88.3016  90.3002  2.00565212115487
1 28190U 04009A   19357.38450903 -.00000074  00000-0  00000+0 0  9991
2 28190  56.2825   9.7079 0089129  88.2920  90.3096  2.00565201115487
1 28190U 04009A   19357.38450903 -.00000074  00000-0  00000-0 0  9992
2 28190  56.2825   9.7079 0089123  88.3016  90.3002  2.00565212115498
1 28190U 04009A   19360.37777490 -.00000087  00000-0  00000+0 0  9991
2 28190  56.2827   9.5903 0089101  88.3123  91.5819  2.00565227115540
1 28190U 04009A   19360.63260977 -.00000088  00000-0  00000-0 0  9999
2 28190  56.2827   9.5803 0089101  88.3154 275.5826  2.00565230115561
1 28190U 04009A   19361.25755667 -.00000089  00000-0  00000+0 0  9993
2 28190  56.2826   9.5557 0089101  88.3487   6.7933  2.00565237115565
1 28190U 04009A   19361.87105988 -.00000090  00000-0  00000-0 0  9999
2 28190  56.2826   9.5316 0089096  88.3626  89.7604  2.00565245115583
1 28190U 04009A   19362.28780456 -.00000090  00000-0  00000+0 0  9993
2 28190  56.2826   9.5152 0089094  88.3819  30.6522  2.00565251115584
1 28190U 04009A   19362.28780456 -.00000090  00000-0  00000+0 0  9993
2 28190  56.2826   9.5152 0089095  88.3719  30.6622  2.00565250115584
1 28190U 04009A   19362.28780456 -.00000090  00000-0  00000-0 0  9994
2 28190  56.2826   9.5152 0089094  88.3819  30.6522  2.00565251115595
1 28190U 04009A   19365.11923670 -.00000082  00000-0  00000+0 0  9996
2 28190  56.2823   9.4041 0089080  88.4311 275.0426  2.00565244115647
1 28190U 04009A   19365.11923670 -.00000082  00000-0  00000-0 0  9997
2 28190  56.2823   9.4041 0089080  88.4311 275.0426  2.00565244115658

