1 26360U 00025A   19001.37479223 -.00000012  00000-0  00000+0 0  9995
2 26360  53.2697 131.3979 0042961 129.2404 142.5027  2.00563154136634
1 26360U 00025A   19001.37479223 -.00000012  00000-0  00000-0 0  9996
2 26360  53.2697 131.3979 0042961 129.2404 142.5027  2.00563154136634
1 26360U 00025A   19002.49973896 -.00000025  00000-0  00000+0 0  9998
2 26360  53.2701 131.3510 0042951 129.3376 234.6803  2.00563182136657
1 26360U 00025A   19002.86163044 -.00000028  00000-0  00000-0 0  9999
2 26360  53.2702 131.3359 0042953 129.3676 135.9563  2.00563195136665
1 26360U 00025A   19003.40234655 -.00000032  00000-0  00000+0 0  9991
2 26360  53.2704 131.3133 0042948 129.4140 166.3373  2.00563208136671
1 26360U 00025A   19004.10591199 -.00000034  00000-0  00000+0 0  9990
2 26360  53.2707 131.2840 0042943 129.4710 314.2941  2.00563224136680
1 26360U 00025A   19004.97249178 -.00000034  00000-0  00000-0 0  9993
2 26360  53.2710 131.2478 0042935 129.5401 219.9442  2.00563238136705
1 26360U 00025A   19005.59697201 -.00000031  00000-0  00000+0 0  9992
2 26360  53.2712 131.2218 0042942 129.5774 310.8169  2.00563256136718
1 26360U 00025A   19006.37465017 -.00000026  00000-0  00000+0 0  9991
2 26360  53.2714 131.1893 0042932 129.6429 152.2787  2.00563269136735
1 26360U 00025A   19006.71575292 -.00000023  00000-0  00000-0 0  9994
2 26360  53.2715 131.1751 0042933 129.6625  38.5545  2.00563273136742
1 26360U 00025A   19007.47763809 -.00000015  00000-0  00000+0 0  9991
2 26360  53.2718 131.1433 0042912 129.7288 228.6122  2.00563285136752
1 26360U 00025A   19007.93055847 -.00000011  00000-0  00000-0 0  9995
2 26360  53.2719 131.1244 0042912 129.7614 195.6136  2.00563287136767
1 26360U 00025A   19008.48870830 -.00000005  00000-0  00000+0 0  9995
2 26360  53.2721 131.1011 0042910 129.8017 238.5890  2.00563294136771
1 26360U 00025A   19008.48870830 -.00000005  00000-0  00000-0 0  9996
2 26360  53.2721 131.1011 0042910 129.8017 238.5890  2.00563294136782
1 26360U 00025A   19008.86975785 -.00000001  00000-0  00000-0 0  9999
2 26360  53.2722 131.0852 0042908 129.8320 153.6979  2.00563294136784
1 26360U 00025A   19009.47534216  .00000004  00000-0  00000+0 0  9998
2 26360  53.2724 131.0600 0042901 129.8812 230.9146  2.00563290136798
1 26360U 00025A   19009.47534216  .00000004  00000-0  00000-0 0  9999
2 26360  53.2724 131.0600 0042901 129.8812 230.9146  2.00563290136800
1 26360U 00025A   19010.59641413  .00000012  00000-0  00000+0 0  9990
2 26360  53.2728 131.0132 0042892 129.9690 320.3038  2.00563280136812
1 26360U 00025A   19011.46994230  .00000016  00000-0  00000+0 0  9999
2 26360  53.2731 130.9768 0042878 130.0355 230.9738  2.00563269136836
1 26360U 00025A   19012.38201062  .00000017  00000-0  00000+0 0  9996
2 26360  53.2734 130.9388 0042864 130.1053 169.4686  2.00563250136858
1 26360U 00025A   19013.57121360  .00000015  00000-0  00000+0 0  9998
2 26360  53.2738 130.8891 0042851 130.1882 308.0571  2.00563221136870
1 26360U 00025A   19013.87042726  .00000014  00000-0  00000-0 0  9999
2 26360  53.2739 130.8766 0042846 130.2063 164.0881  2.00563216136887
1 26360U 00025A   19014.50992052  .00000011  00000-0  00000+0 0  9992
2 26360  53.2741 130.8499 0042839 130.2520 265.7925  2.00563199136892
1 26360U 00025A   19014.94917229  .00000009  00000-0  00000-0 0  9991
2 26360  53.2742 130.8316 0042832 130.2812 222.9277  2.00563185136900
1 26360U 00025A   19015.46463083  .00000006  00000-0  00000+0 0  9999
2 26360  53.2744 130.8101 0042828 130.3158 235.0830  2.00563172136910
1 26360U 00025A   19015.58972066  .00000005  00000-0  00000+0 0  9997
2 26360  53.2744 130.8048 0042829 130.3212 325.3997  2.00563173136910
1 26360U 00025A   19015.58972066  .00000005  00000-0  00000-0 0  9998
2 26360  53.2744 130.8048 0042829 130.3212 325.3997  2.00563173136921
1 26360U 00025A   19016.83656091 -.00000003  00000-0  00000-0 0  9993
2 26360  53.2748 130.7528 0042812 130.4040 145.6054  2.00563142136944
1 26360U 00025A   19017.38024237 -.00000006  00000-0  00000+0 0  9997
2 26360  53.2750 130.7301 0042810 130.4406 178.1374  2.00563132136956
1 26360U 00025A   19017.38024237 -.00000006  00000-0  00000-0 0  9998
2 26360  53.2750 130.7301 0042810 130.4406 178.1374  2.00563132136956
1 26360U 00025A   19017.94330897 -.00000009  00000-0  00000-0 0  9995
2 26360  53.2752 130.7065 0042803 130.4839 224.6599  2.00563121136962
1 26360U 00025A   19018.57584420 -.00000011  00000-0  00000+0 0  9990
2 26360  53.2755 130.6801 0042804 130.5239 321.3457  2.00563105136979
1 26360U 00025A   19019.45206524 -.00000012  00000-0  00000+0 0  9995
2 26360  53.2758 130.6436 0042792 130.5879 233.9623  2.00563092136992
1 26360U 00025A   19019.45206524 -.00000012  00000-0  00000-0 0  9996
2 26360  53.2758 130.6436 0042792 130.5879 233.9623  2.00563092137005
1 26360U 00025A   19019.87852583 -.00000012  00000-0  00000-0 0  9994
2 26360  53.2759 130.6258 0042788 130.6187 181.8599  2.00563085137001
1 26360U 00025A   19020.82709994 -.00000010  00000-0  00000-0 0  9996
2 26360  53.2763 130.5862 0042776 130.6871 146.7153  2.00563079137024
1 26360U 00025A   19021.57622073 -.00000008  00000-0  00000-0 0  9998
2 26360  53.2766 130.5549 0042763 130.7478 327.5617  2.00563072137037
1 26360U 00025A   19021.89623731 -.00000006  00000-0  00000-0 0  9993
2 26360  53.2767 130.5415 0042761 130.7715 198.6078  2.00563073137042
1 26360U 00025A   19022.53388690 -.00000004  00000-0  00000+0 0  9994
2 26360  53.2769 130.5149 0042750 130.8217 298.9763  2.00563066137052
1 26360U 00025A   19022.85161122 -.00000003  00000-0  00000-0 0  9998
2 26360  53.2770 130.5016 0042743 130.8454 168.3673  2.00563068137065
1 26360U 00025A   19023.44534756 -.00000002  00000-0  00000+0 0  9999
2 26360  53.2772 130.4768 0042730 130.8953 237.0283  2.00563074137079
1 26360U 00025A   19024.56422701 -.00000002  00000-0  00000+0 0  9999
2 26360  53.2775 130.4301 0042713 130.9755 324.8417  2.00563077137096
1 26360U 00025A   19025.82293917 -.00000010  00000-0  00000+0 0  9993
2 26360  53.2779 130.3775 0042699 131.0652 153.6127  2.00563096137126
1 26360U 00025A   19025.82293917 -.00000010  00000-0  00000-0 0  9994
2 26360  53.2779 130.3775 0042699 131.0652 153.6127  2.00563096137126
1 26360U 00025A   19026.88400687 -.00000021  00000-0  00000-0 0  9997
2 26360  53.2782 130.3332 0042692 131.1410 199.6872  2.00563111137142
1 26360U 00025A   19027.56127241 -.00000029  00000-0  00000+0 0  9992
2 26360  53.2785 130.3049 0042687 131.1880 328.6638  2.00563117137156
1 26360U 00025A   19027.56127241 -.00000029  00000-0  00000-0 0  9993
2 26360  53.2785 130.3049 0042687 131.1880 328.6638  2.00563117137167
1 26360U 00025A   19027.78145844 -.00000032  00000-0  00000-0 0  9990
2 26360  53.2785 130.2957 0042684 131.2060 127.6324  2.00563121137166
1 26360U 00025A   19028.42327265 -.00000041  00000-0  00000+0 0  9990
2 26360  53.2787 130.2689 0042675 131.2593 231.0050  2.00563135137173
1 26360U 00025A   19028.95476932 -.00000047  00000-0  00000+0 0  9990
2 26360  53.2789 130.2467 0042670 131.2999 254.7348  2.00563144137187
1 26360U 00025A   19028.95476932 -.00000047  00000-0  00000-0 0  9991
2 26360  53.2789 130.2467 0042670 131.2999 254.7348  2.00563144137198
1 26360U 00025A   19029.85719550 -.00000056  00000-0  00000-0 0  9997
2 26360  53.2792 130.2091 0042659 131.3731 186.2637  2.00563156137202
1 26360U 00025A   19030.52125269 -.00000061  00000-0  00000+0 0  9996
2 26360  53.2794 130.1813 0042653 131.4230 305.7002  2.00563167137211
1 26360U 00025A   19030.91232890 -.00000063  00000-0  00000-0 0  9991
2 26360  53.2796 130.1650 0042646 131.4561 228.0461  2.00563177137229
1 26360U 00025A   19031.39418028 -.00000064  00000-0  00000+0 0  9993
2 26360  53.2797 130.1449 0042639 131.4952 215.9307  2.00563187137238
1 26360U 00025A   19032.52009775 -.00000061  00000-0  00000+0 0  9991
2 26360  53.2801 130.0979 0042618 131.5858 308.8154  2.00563204137258
1 26360U 00025A   19033.32046282 -.00000056  00000-0  00000+0 0  9998
2 26360  53.2803 130.0645 0042604 131.6499 166.6598  2.00563226137275
1 26360U 00025A   19034.48473829 -.00000044  00000-0  00000+0 0  9994
2 26360  53.2807 130.0160 0042591 131.7316 287.2504  2.00563238137297
1 26360U 00025A   19035.52805384 -.00000032  00000-0  00000+0 0  9992
2 26360  53.2810 129.9724 0042576 131.8105 320.5037  2.00563239137310
1 26360U 00025A   19035.63703697 -.00000031  00000-0  00000-0 0  9998
2 26360  53.2811 129.9679 0042580 131.8166  39.1896  2.00563244137325
1 26360U 00025A   19036.40361552 -.00000023  00000-0  00000+0 0  9994
2 26360  53.2813 129.9359 0042574 131.8650 232.6539  2.00563242137336
1 26360U 00025A   19036.83250562 -.00000019  00000-0  00000-0 0  9995
2 26360  53.2815 129.9180 0042577 131.8940 182.3076  2.00563243137344
1 26360U 00025A   19037.39113332 -.00000014  00000-0  00000+0 0  9994
2 26360  53.2817 129.8947 0042574 131.9308 225.6313  2.00563235137359
1 26360U 00025A   19039.34135366 -.00000004  00000-0  00000+0 0  9991
2 26360  53.2823 129.8133 0042552 132.0658 193.6645  2.00563202137399
1 26360U 00025A   19039.88596579 -.00000003  00000-0  00000-0 0  9997
2 26360  53.2825 129.7906 0042545 132.1022 226.8685  2.00563187137403
1 26360U 00025A   19039.97647935 -.00000003  00000-0  00000-0 0  9990
2 26360  53.2825 129.7868 0042546 132.1096 292.2169  2.00563182137412
1 26360U 00025A   19040.44178498 -.00000003  00000-0  00000+0 0  9996
2 26360  53.2827 129.7674 0042533 132.1425 268.1609  2.00563178137417
1 26360U 00025A   19040.88646062 -.00000004  00000-0  00000+0 0  9992
2 26360  53.2828 129.7488 0042528 132.1694 229.2144  2.00563158137424
1 26360U 00025A   19040.88646062 -.00000004  00000-0  00000-0 0  9993
2 26360  53.2828 129.7488 0042528 132.1694 229.2144  2.00563158137435
1 26360U 00025A   19044.46498826 -.00000018  00000-0  00000+0 0  9998
2 26360  53.2840 129.5993 0042475 132.3991 292.8811  2.00563047137491
1 26360U 00025A   19045.61532240 -.00000021  00000-0  00000+0 0  9999
2 26360  53.2845 129.5513 0042459 132.4727  43.4127  2.00563018137515
1 26360U 00025A   19045.81235970 -.00000021  00000-0  00000+0 0  9991
2 26360  53.2845 129.5430 0042469 132.4806 185.6768  2.00563015137520
1 26360U 00025A   19045.81235970 -.00000021  00000-0  00000-0 0  9992
2 26360  53.2845 129.5430 0042469 132.4806 185.6768  2.00563015137520
1 26360U 00025A   19047.94112819 -.00000017  00000-0  00000-0 0  9999
2 26360  53.2854 129.4541 0042451 132.6260 282.6204  2.00562966137571
1 26360U 00025A   19048.49215281 -.00000015  00000-0  00000+0 0  9994
2 26360  53.2856 129.4310 0042444 132.6632 320.4534  2.00562952137574
1 26360U 00025A   19048.85952248 -.00000013  00000-0  00000-0 0  9994
2 26360  53.2857 129.4157 0042437 132.6894 225.6884  2.00562944137582
1 26360U 00025A   19049.51621399 -.00000009  00000-0  00000+0 0  9992
2 26360  53.2860 129.3882 0042410 132.7434 339.8019  2.00562930137596
1 26360U 00025A   19049.86471492 -.00000007  00000-0  00000-0 0  9996
2 26360  53.2861 129.3737 0042405 132.7680 231.4142  2.00562930137610
1 26360U 00025A   19050.36971844 -.00000005  00000-0  00000+0 0  9996
2 26360  53.2863 129.3526 0042386 132.8081 236.0147  2.00562929137616
1 26360U 00025A   19050.86176515 -.00000004  00000-0  00000-0 0  9993
2 26360  53.2865 129.3320 0042383 132.8397 231.2679  2.00562921137638
1 26360U 00025A   19051.40468411 -.00000003  00000-0  00000+0 0  9991
2 26360  53.2867 129.3093 0042373 132.8782 263.2469  2.00562920137635
1 26360U 00025A   19051.93048444 -.00000003  00000-0  00000-0 0  9990
2 26360  53.2869 129.2873 0042370 132.9123 282.8697  2.00562919137659
1 26360U 00025A   19052.42806711 -.00000005  00000-0  00000+0 0  9995
2 26360  53.2871 129.2665 0042363 132.9459 282.1181  2.00562915137652
1 26360U 00025A   19052.93894208 -.00000008  00000-0  00000-0 0  9993
2 26360  53.2872 129.2452 0042351 132.9826 290.9614  2.00562914137671
1 26360U 00025A   19053.34624177 -.00000011  00000-0  00000+0 0  9998
2 26360  53.2874 129.2281 0042347 133.0100 225.0268  2.00562916137671
1 26360U 00025A   19054.35133212 -.00000021  00000-0  00000+0 0  9996
2 26360  53.2877 129.1861 0042331 133.0810 230.6865  2.00562922137692
1 26360U 00025A   19055.79840628 -.00000037  00000-0  00000-0 0  9999
2 26360  53.2882 129.1256 0042315 133.1809 195.4541  2.00562936137725
1 26360U 00025A   19056.45925962 -.00000044  00000-0  00000+0 0  9995
2 26360  53.2885 129.0980 0042301 133.2292 312.5785  2.00562946137737
1 26360U 00025A   19056.85975917 -.00000048  00000-0  00000-0 0  9999
2 26360  53.2886 129.0812 0042306 133.2563 241.7341  2.00562952137758
1 26360U 00025A   19057.44189867 -.00000052  00000-0  00000+0 0  9990
2 26360  53.2889 129.0569 0042294 133.3001 302.0271  2.00562954137759
1 26360U 00025A   19058.44978366 -.00000056  00000-0  00000+0 0  9995
2 26360  53.2893 129.0148 0042278 133.3748 309.7009  2.00562963137772
1 26360U 00025A   19058.83817039 -.00000055  00000-0  00000-0 0  9997
2 26360  53.2894 128.9986 0042279 133.4003 230.1119  2.00562968137793
1 26360U 00025A   19059.34588854 -.00000054  00000-0  00000+0 0  9992
2 26360  53.2897 128.9774 0042281 133.4329 236.6797  2.00562970137791
1 26360U 00025A   19059.82876928 -.00000051  00000-0  00000-0 0  9995
2 26360  53.2898 128.9572 0042277 133.4653 225.3137  2.00562974137802
1 26360U 00025A   19060.36255883 -.00000047  00000-0  00000+0 0  9991
2 26360  53.2900 128.9349 0042275 133.4994 250.7051  2.00562980137819
1 26360U 00025A   19060.36255883 -.00000047  00000-0  00000-0 0  9992
2 26360  53.2900 128.9349 0042275 133.4994 250.7051  2.00562980137820
1 26360U 00025A   19062.31511479 -.00000025  00000-0  00000+0 0  9990
2 26360  53.2907 128.8534 0042245 133.6303 220.4268  2.00562987137859
1 26360U 00025A   19063.34878223 -.00000012  00000-0  00000+0 0  9993
2 26360  53.2911 128.8102 0042241 133.6926 246.7292  2.00562979137873
1 26360U 00025A   19064.82283597  .00000003  00000-0  00000-0 0  9991
2 26360  53.2917 128.7487 0042230 133.7854 230.9839  2.00562949137917
1 26360U 00025A   19065.56039500  .00000009  00000-0  00000+0 0  9991
2 26360  53.2920 128.7179 0042211 133.8419  43.4850  2.00562923137918
1 26360U 00025A   19065.81160497  .00000010  00000-0  00000+0 0  9991
2 26360  53.2921 128.7074 0042205 133.8545 224.8599  2.00562919137927
1 26360U 00025A   19067.30813191  .00000015  00000-0  00000+0 0  9998
2 26360  53.2927 128.6450 0042183 133.9488 225.3398  2.00562874137958
1 26360U 00025A   19067.81166994  .00000016  00000-0  00000-0 0  9998
2 26360  53.2929 128.6240 0042174 133.9793 228.8912  2.00562858137970
1 26360U 00025A   19068.26860094  .00000016  00000-0  00000+0 0  9999
2 26360  53.2931 128.6049 0042173 134.0040 198.7957  2.00562845137976
1 26360U 00025A   19068.26860094  .00000016  00000-0  00000-0 0  9990
2 26360  53.2931 128.6049 0042173 134.0040 198.7957  2.00562845137976
1 26360U 00025A   19069.76856789  .00000013  00000-0  00000-0 0  9999
2 26360  53.2936 128.5423 0042151 134.0876 201.7700  2.00562794138008
1 26360U 00025A   19070.49773782  .00000010  00000-0  00000+0 0  9998
2 26360  53.2939 128.5119 0042142 134.1332   8.2242  2.00562746138010
1 26360U 00025A   19070.80465834  .00000010  00000-0  00000-0 0  9990
2 26360  53.2941 128.4990 0042139 134.1486 229.8222  2.00562733138032
1 26360U 00025A   19071.31149461  .00000008  00000-0  00000+0 0  9998
2 26360  53.2943 128.4779 0042139 134.1749 235.7591  2.00562713138034
1 26360U 00025A   19072.53165976  .00000006  00000-0  00000+0 0  9990
2 26360  53.2948 128.4269 0042121 134.2438  36.7157  2.00562676138057
1 26360U 00025A   19073.46464863  .00000006  00000-0  00000+0 0  9990
2 26360  53.2953 128.3879 0042102 134.3042 350.3236  2.00562640138076
1 26360U 00025A   19074.23570810  .00000007  00000-0  00000+0 0  9997
2 26360  53.2956 128.3557 0042098 134.3475 187.0270  2.00562626138095
1 26360U 00025A   19075.23895792  .00000012  00000-0  00000+0 0  9993
2 26360  53.2961 128.3138 0042089 134.4087 191.3665  2.00562603138110
1 26360U 00025A   19075.76620534  .00000015  00000-0  00000-0 0  9995
2 26360  53.2963 128.2918 0042091 134.4393 212.0368  2.00562587138123
1 26360U 00025A   19076.37212935  .00000018  00000-0  00000+0 0  9997
2 26360  53.2966 128.2665 0042087 134.4772 289.5087  2.00562573138134
1 26360U 00025A   19076.77692134  .00000021  00000-0  00000-0 0  9999
2 26360  53.2968 128.2496 0042082 134.4996 221.7679  2.00562565138148
1 26360U 00025A   19077.24578854  .00000024  00000-0  00000+0 0  9996
2 26360  53.2970 128.2300 0042065 134.5319 200.2828  2.00562552138151
1 26360U 00025A   19078.22404355  .00000028  00000-0  00000+0 0  9993
2 26360  53.2974 128.1891 0042047 134.5922 186.5752  2.00562535138174
1 26360U 00025A   19078.22404355  .00000028  00000-0  00000-0 0  9994
2 26360  53.2974 128.1891 0042047 134.5922 186.5752  2.00562535138174
1 26360U 00025A   19079.84779726  .00000027  00000-0  00000-0 0  9999
2 26360  53.2981 128.1213 0042039 134.6881 278.9165  2.00562517138215
1 26360U 00025A   19080.22458153  .00000025  00000-0  00000+0 0  9998
2 26360  53.2983 128.1055 0042034 134.7092 190.9538  2.00562516138217
1 26360U 00025A   19081.24442751  .00000017  00000-0  00000+0 0  9999
2 26360  53.2987 128.0629 0042048 134.7654 207.2811  2.00562514138232
1 26360U 00025A   19082.96916535 -.00000002  00000-0  00000-0 0  9991
2 26360  53.2994 127.9908 0042017 134.8720  12.5274  2.00562515138274
1 26360U 00025A   19083.21779486 -.00000005  00000-0  00000+0 0  9994
2 26360  53.2995 127.9805 0042020 134.8882 192.0350  2.00562517138275
1 26360U 00025A   19083.89649772 -.00000012  00000-0  00000-0 0  9991
2 26360  53.2999 127.9521 0042020 134.9295 322.0536  2.00562522138292
1 26360U 00025A   19084.50635015 -.00000016  00000-0  00000+0 0  9998
2 26360  53.3001 127.9266 0042027 134.9662  42.3629  2.00562525138296
1 26360U 00025A   19085.21666005 -.00000020  00000-0  00000+0 0  9995
2 26360  53.3005 127.8970 0042023 135.0120 195.1987  2.00562531138312
1 26360U 00025A   19085.75878083 -.00000021  00000-0  00000-0 0  9997
2 26360  53.3007 127.8744 0042020 135.0474 226.6035  2.00562534138331
1 26360U 00025A   19086.21447966 -.00000020  00000-0  00000+0 0  9999
2 26360  53.3010 127.8554 0042018 135.0761 195.6136  2.00562537138330
1 26360U 00025A   19086.69106667 -.00000018  00000-0  00000-0 0  9999
2 26360  53.3012 127.8355 0042014 135.1052 179.7058  2.00562543138345
1 26360U 00025A   19087.38701894 -.00000014  00000-0  00000+0 0  9994
2 26360  53.3015 127.8065 0042012 135.1453 322.1802  2.00562540138358
1 26360U 00025A   19088.48152031 -.00000003  00000-0  00000+0 0  9997
2 26360  53.3020 127.7608 0042002 135.2114  32.4022  2.00562541138378
1 26360U 00025A   19088.87842641  .00000002  00000-0  00000-0 0  9992
2 26360  53.3022 127.7443 0042000 135.2310 318.9700  2.00562540138399
1 26360U 00025A   19089.41342316  .00000008  00000-0  00000+0 0  9992
2 26360  53.3024 127.7219 0042001 135.2602 345.2368  2.00562540138390
1 26360U 00025A   19089.80970333  .00000013  00000-0  00000-0 0  9998
2 26360  53.3026 127.7054 0042000 135.2790 271.3534  2.00562539138411
1 26360U 00025A   19090.31160995  .00000020  00000-0  00000+0 0  9998
2 26360  53.3028 127.6845 0042004 135.3042 273.7314  2.00562532138410
1 26360U 00025A   19090.89899339  .00000027  00000-0  00000-0 0  9990
2 26360  53.3031 127.6600 0042006 135.3366 337.8211  2.00562526138437
1 26360U 00025A   19091.34719612  .00000032  00000-0  00000+0 0  9991
2 26360  53.3033 127.6413 0042004 135.3570 301.4268  2.00562516138434
1 26360U 00025A   19091.69051697  .00000035  00000-0  00000-0 0  9995
2 26360  53.3035 127.6270 0042002 135.3753 189.3043  2.00562511138448
1 26360U 00025A   19092.48885615  .00000042  00000-0  00000+0 0  9995
2 26360  53.3038 127.5937 0042006 135.4218  45.7010  2.00562491138458
1 26360U 00025A   19092.74401654  .00000044  00000-0  00000-0 0  9994
2 26360  53.3039 127.5830 0042009 135.4298 229.9323  2.00562483138478
1 26360U 00025A   19093.28591292  .00000047  00000-0  00000+0 0  9994
2 26360  53.3042 127.5604 0042008 135.4583 261.1818  2.00562468138477
1 26360U 00025A   19093.69950130  .00000049  00000-0  00000-0 0  9992
2 26360  53.3044 127.5432 0041998 135.4795 199.7931  2.00562453138487
1 26360U 00025A   19094.24331883  .00000050  00000-0  00000+0 0  9993
2 26360  53.3046 127.5205 0041997 135.5073 232.4303  2.00562434138494
1 26360U 00025A   19094.73213078  .00000051  00000-0  00000-0 0  9994
2 26360  53.3049 127.5001 0041985 135.5270 225.3586  2.00562415138513
1 26360U 00025A   19095.35885815  .00000051  00000-0  00000+0 0  9996
2 26360  53.3052 127.4740 0041984 135.5596 317.8561  2.00562383138510
1 26360U 00025A   19095.89669178  .00000051  00000-0  00000-0 0  9998
2 26360  53.3054 127.4516 0041980 135.5873 346.1726  2.00562362138534
1 26360U 00025A   19096.42948038  .00000050  00000-0  00000+0 0  9991
2 26360  53.3057 127.4293 0041971 135.6116  10.8496  2.00562339138533
1 26360U 00025A   19096.90580793  .00000049  00000-0  00000+0 0  9992
2 26360  53.3059 127.4095 0041971 135.6329 354.7619  2.00562318138546
1 26360U 00025A   19096.90580793  .00000049  00000-0  00000-0 0  9993
2 26360  53.3059 127.4095 0041971 135.6329 354.7619  2.00562318138557
1 26360U 00025A   19097.86547060  .00000046  00000-0  00000-0 0  9996
2 26360  53.3064 127.3694 0041973 135.6740 327.6477  2.00562280138577
1 26360U 00025A   19098.40190288  .00000045  00000-0  00000+0 0  9991
2 26360  53.3066 127.3471 0041970 135.6953 354.9586  2.00562259138575
1 26360U 00025A   19098.81493205  .00000043  00000-0  00000-0 0  9990
2 26360  53.3068 127.3298 0041972 135.7123 293.1704  2.00562244138598
1 26360U 00025A   19099.21674413  .00000043  00000-0  00000+0 0  9996
2 26360  53.3070 127.3131 0041972 135.7258 223.2862  2.00562224138593
1 26360U 00025A   19099.82176926  .00000042  00000-0  00000-0 0  9999
2 26360  53.3073 127.2879 0041973 135.7549 300.1168  2.00562197138614
1 26360U 00025A   19100.21779116  .00000042  00000-0  00000+0 0  9994
2 26360  53.3075 127.2713 0041975 135.7703 226.0499  2.00562183138615
1 26360U 00025A   19101.67630927  .00000044  00000-0  00000+0 0  9993
2 26360  53.3083 127.2105 0041979 135.8381 199.1084  2.00562139138640
1 26360U 00025A   19101.67630927  .00000044  00000-0  00000-0 0  9994
2 26360  53.3083 127.2105 0041979 135.8381 199.1084  2.00562139138640
1 26360U 00025A   19102.76848152  .00000049  00000-0  00000-0 0  9991
2 26360  53.3088 127.1649 0041981 135.8961 267.6556  2.00562107138677
1 26360U 00025A   19103.70563546  .00000054  00000-0  00000-0 0  9993
2 26360  53.3093 127.1258 0041971 135.9404 224.2847  2.00562069138681
1 26360U 00025A   19104.21689285  .00000057  00000-0  00000+0 0  9991
2 26360  53.3095 127.1045 0041974 135.9657 233.4136  2.00562050138694
1 26360U 00025A   19105.25014030  .00000062  00000-0  00000+0 0  9992
2 26360  53.3100 127.0614 0041977 136.0190 259.4185  2.00562030138712
1 26360U 00025A   19105.74884493  .00000063  00000-0  00000-0 0  9996
2 26360  53.3103 127.0406 0041983 136.0418 259.4863  2.00562023138731
1 26360U 00025A   19106.22143929  .00000063  00000-0  00000+0 0  9991
2 26360  53.3105 127.0209 0041987 136.0639 240.7016  2.00562013138735
1 26360U 00025A   19106.89754571  .00000061  00000-0  00000-0 0  9994
2 26360  53.3108 126.9927 0041985 136.0951   8.8542  2.00562006138759
1 26360U 00025A   19107.64531795  .00000057  00000-0  00000-0 0  9994
2 26360  53.3112 126.9615 0041991 136.1287 188.7507  2.00562002138764
1 26360U 00025A   19108.40974897  .00000051  00000-0  00000-0 0  9997
2 26360  53.3116 126.9296 0041994 136.1633  20.6749  2.00562002138774
1 26360U 00025A   19109.42103119  .00000039  00000-0  00000+0 0  9996
2 26360  53.3120 126.8874 0042004 136.2102  30.8257  2.00561996138795
1 26360U 00025A   19109.68215649  .00000036  00000-0  00000-0 0  9994
2 26360  53.3122 126.8765 0042006 136.2227 219.3591  2.00561997138804
1 26360U 00025A   19110.66674118  .00000024  00000-0  00000+0 0  9990
2 26360  53.3127 126.8355 0042013 136.2685 210.2342  2.00562000138822
1 26360U 00025A   19111.22456497  .00000018  00000-0  00000+0 0  9994
2 26360  53.3129 126.8122 0042019 136.2958 252.9842  2.00561997138838
1 26360U 00025A   19112.29373316  .00000010  00000-0  00000+0 0  9992
2 26360  53.3134 126.7676 0042028 136.3514 304.9230  2.00562001138854
1 26360U 00025A   19113.22025648  .00000008  00000-0  00000+0 0  9995
2 26360  53.3139 126.7289 0042034 136.3988 253.8729  2.00562005138872
1 26360U 00025A   19113.22025648  .00000008  00000-0  00000-0 0  9996
2 26360  53.3139 126.7289 0042034 136.3988 253.8729  2.00562005138883
1 26360U 00025A   19113.67888641  .00000008  00000-0  00000-0 0  9995
2 26360  53.3142 126.7098 0042036 136.4210 225.0051  2.00562009138890
1 26360U 00025A   19114.34762340  .00000011  00000-0  00000-0 0  9991
2 26360  53.3145 126.6819 0042043 136.4560 347.8323  2.00562007138904
1 26360U 00025A   19115.24312499  .00000018  00000-0  00000+0 0  9993
2 26360  53.3150 126.6446 0042047 136.4988 274.3877  2.00562015138912
1 26360U 00025A   19115.67648794  .00000022  00000-0  00000-0 0  9996
2 26360  53.3152 126.6265 0042050 136.5201 227.2766  2.00562019138936
1 26360U 00025A   19116.25436663  .00000028  00000-0  00000+0 0  9996
2 26360  53.3155 126.6024 0042056 136.5476 284.5071  2.00562018138936
1 26360U 00025A   19117.24362361  .00000040  00000-0  00000+0 0  9993
2 26360  53.3160 126.5612 0042074 136.5936 278.7553  2.00562015138954
1 26360U 00025A   19117.71212358  .00000045  00000-0  00000-0 0  9991
2 26360  53.3162 126.5417 0042078 136.6086 257.0212  2.00562011138970
1 26360U 00025A   19118.36686740  .00000052  00000-0  00000+0 0  9990
2 26360  53.3165 126.5144 0042083 136.6315   9.7565  2.00561997138976
1 26360U 00025A   19118.65576326  .00000055  00000-0  00000-0 0  9994
2 26360  53.3166 126.5024 0042082 136.6378 218.3478  2.00561990138987
1 26360U 00025A   19119.68581270  .00000063  00000-0  00000+0 0  9990
2 26360  53.3171 126.4595 0042093 136.6748 242.0588  2.00561963139008
1 26360U 00025A   19120.22408729  .00000066  00000-0  00000+0 0  9992
2 26360  53.3174 126.4370 0042101 136.6973 270.6979  2.00561947139016
1 26360U 00025A   19121.26791892  .00000069  00000-0  00000+0 0  9996
2 26360  53.3179 126.3936 0042113 136.7542 304.3405  2.00561915139030
1 26360U 00025A   19121.65248043  .00000070  00000-0  00000-0 0  9997
2 26360  53.3181 126.3776 0042113 136.7655 222.0022  2.00561902139048
1 26360U 00025A   19122.58214727  .00000069  00000-0  00000+0 0  9999
2 26360  53.3186 126.3388 0042113 136.8065 173.2276  2.00561861139062
1 26360U 00025A   19122.65743123  .00000069  00000-0  00000-0 0  9995
2 26360  53.3186 126.3357 0042115 136.8078 227.5851  2.00561856139071
1 26360U 00025A   19123.24559977  .00000068  00000-0  00000+0 0  9991
2 26360  53.3189 126.3112 0042123 136.8348 292.2455  2.00561829139071
1 26360U 00025A   19123.69909951  .00000067  00000-0  00000-0 0  9991
2 26360  53.3192 126.2923 0042127 136.8490 259.6811  2.00561810139091
1 26360U 00025A   19124.25346222  .00000065  00000-0  00000+0 0  9997
2 26360  53.3194 126.2692 0042133 136.8702 299.9377  2.00561784139093
1 26360U 00025A   19126.23212355  .00000058  00000-0  00000+0 0  9998
2 26360  53.3204 126.1868 0042156 136.9188 288.5819  2.00561688139136
1 26360U 00025A   19128.37759178  .00000055  00000-0  00000+0 0  9991
2 26360  53.3215 126.0974 0042185 137.0058  37.6305  2.00561603139179
1 26360U 00025A   19129.35235174  .00000057  00000-0  00000+0 0  9997
2 26360  53.3220 126.0568 0042198 137.0389  21.4226  2.00561559139190
1 26360U 00025A   19130.26092029  .00000061  00000-0  00000+0 0  9994
2 26360  53.3224 126.0189 0042216 137.0794 317.4139  2.00561530139217
1 26360U 00025A   19130.67200062  .00000063  00000-0  00000-0 0  9990
2 26360  53.3226 126.0018 0042224 137.0903 254.2234  2.00561519139234
1 26360U 00025A   19131.32094122  .00000066  00000-0  00000+0 0  9993
2 26360  53.3230 125.9748 0042232 137.1167   2.7643  2.00561498139235
1 26360U 00025A   19131.68577597  .00000067  00000-0  00000-0 0  9996
2 26360  53.3232 125.9596 0042240 137.1242 266.1856  2.00561487139253
1 26360U 00025A   19132.23582477  .00000069  00000-0  00000+0 0  9992
2 26360  53.3234 125.9366 0042248 137.1419 303.3303  2.00561468139254
1 26360U 00025A   19132.86942036  .00000070  00000-0  00000-0 0  9995
2 26360  53.3237 125.9102 0042253 137.1622  40.7973  2.00561457139272
1 26360U 00025A   19133.23304238  .00000070  00000-0  00000+0 0  9992
2 26360  53.3239 125.8951 0042261 137.1822 303.3305  2.00561449139274
1 26360U 00025A   19133.87435154  .00000069  00000-0  00000-0 0  9993
2 26360  53.3242 125.8684 0042270 137.2033  46.3664  2.00561441139292
1 26360U 00025A   19134.23129927  .00000067  00000-0  00000+0 0  9999
2 26360  53.3244 125.8535 0042276 137.2100 304.0934  2.00561429139290
1 26360U 00025A   19135.28247319  .00000059  00000-0  00000+0 0  9992
2 26360  53.3249 125.8097 0042294 137.2486 343.0542  2.00561415139311
1 26360U 00025A   19136.33763059  .00000047  00000-0  00000+0 0  9990
2 26360  53.3254 125.7657 0042318 137.2834  24.8952  2.00561414139332
1 26360U 00025A   19137.35612611  .00000033  00000-0  00000+0 0  9995
2 26360  53.3258 125.7232 0042342 137.3232  40.2594  2.00561412139359
1 26360U 00025A   19138.26465146  .00000021  00000-0  00000+0 0  9992
2 26360  53.3263 125.6854 0042362 137.3496 336.2330  2.00561411139375
1 26360U 00025A   19139.22978910  .00000012  00000-0  00000+0 0  9997
2 26360  53.3267 125.6451 0042385 137.3961 313.0633  2.00561413139397
1 26360U 00025A   19139.59934448  .00000009  00000-0  00000-0 0  9992
2 26360  53.3269 125.6297 0042391 137.4069 219.8897  2.00561416139404
1 26360U 00025A   19140.33814038  .00000006  00000-0  00000+0 0  9994
2 26360  53.3273 125.5989 0042409 137.4492  33.2945  2.00561425139419
1 26360U 00025A   19140.60453733  .00000005  00000-0  00000-0 0  9995
2 26360  53.3274 125.5879 0042414 137.4562 225.6391  2.00561426139437
1 26360U 00025A   19141.23045277  .00000006  00000-0  00000+0 0  9995
2 26360  53.3277 125.5618 0042427 137.4789 317.5581  2.00561429139431
1 26360U 00025A   19141.84285944  .00000008  00000-0  00000-0 0  9992
2 26360  53.3279 125.5362 0042437 137.5030  39.7217  2.00561434139457
1 26360U 00025A   19142.23119253  .00000010  00000-0  00000+0 0  9997
2 26360  53.3281 125.5201 0042444 137.5126 320.1074  2.00561428139457
1 26360U 00025A   19143.32599580  .00000019  00000-0  00000+0 0  9992
2 26360  53.3287 125.4745 0042462 137.5545  30.5670  2.00561428139476
1 26360U 00025A   19144.32914814  .00000030  00000-0  00000+0 0  9997
2 26360  53.3291 125.4327 0042488 137.5797  34.8667  2.00561421139492
1 26360U 00025A   19145.23052749  .00000039  00000-0  00000+0 0  9997
2 26360  53.3295 125.3952 0042514 137.5950 325.6912  2.00561406139510
1 26360U 00025A   19146.32952361  .00000048  00000-0  00000+0 0  9997
2 26360  53.3300 125.3494 0042542 137.6410  39.1739  2.00561383139531
1 26360U 00025A   19147.33465345  .00000053  00000-0  00000+0 0  9996
2 26360  53.3305 125.3076 0042568 137.6648  44.9027  2.00561351139554
1 26360U 00025A   19148.13065043  .00000055  00000-0  00000+0 0  9998
2 26360  53.3308 125.2744 0042588 137.6769 259.6391  2.00561326139577
1 26360U 00025A   19148.57284288  .00000056  00000-0  00000-0 0  9992
2 26360  53.3310 125.2560 0042597 137.6886 218.9120  2.00561312139580
1 26360U 00025A   19149.28374537  .00000055  00000-0  00000+0 0  9996
2 26360  53.3313 125.2264 0042612 137.7219  12.1847  2.00561283139591
1 26360U 00025A   19149.57793417  .00000055  00000-0  00000-0 0  9991
2 26360  53.3314 125.2141 0042619 137.7278 224.5974  2.00561273139610
1 26360U 00025A   19150.29347703  .00000053  00000-0  00000+0 0  9992
2 26360  53.3317 125.1843 0042633 137.7597  21.2223  2.00561247139611
1 26360U 00025A   19150.81611994  .00000051  00000-0  00000+0 0  9994
2 26360  53.3320 125.1625 0042643 137.7770  38.5785  2.00561227139620
1 26360U 00025A   19150.81611994  .00000051  00000-0  00000-0 0  9995
2 26360  53.3320 125.1625 0042643 137.7770  38.5785  2.00561227139631
1 26360U 00025A   19153.17753388  .00000040  00000-0  00000+0 0  9998
2 26360  53.3330 125.0642 0042699 137.8337 303.5763  2.00561112139679
1 26360U 00025A   19154.06451508  .00000037  00000-0  00000+0 0  9992
2 26360  53.3334 125.0272 0042726 137.8468 224.0064  2.00561077139691
1 26360U 00025A   19155.30282618  .00000035  00000-0  00000+0 0  9992
2 26360  53.3339 124.9757 0042759 137.8844  38.0887  2.00561027139710
1 26360U 00025A   19155.63884876  .00000035  00000-0  00000-0 0  9993
2 26360  53.3341 124.9617 0042774 137.8874 280.7099  2.00561007139739
1 26360U 00025A   19156.30797691  .00000036  00000-0  00000+0 0  9996
2 26360  53.3344 124.9338 0042788 137.9088  43.8309  2.00560980139736
1 26360U 00025A   19156.76802916  .00000037  00000-0  00000-0 0  9995
2 26360  53.3345 124.9146 0042797 137.9355  15.9839  2.00560964139753
1 26360U 00025A   19157.20985538  .00000038  00000-0  00000+0 0  9997
2 26360  53.3347 124.8962 0042811 137.9521 334.9867  2.00560942139753
1 26360U 00025A   19157.85093399  .00000040  00000-0  00000-0 0  9997
2 26360  53.3350 124.8695 0042827 137.9722  77.8560  2.00560928139779
1 26360U 00025A   19158.20927832  .00000042  00000-0  00000+0 0  9996
2 26360  53.3352 124.8546 0042836 137.9892 336.5807  2.00560916139770
1 26360U 00025A   19158.71515330  .00000043  00000-0  00000-0 0  9990
2 26360  53.3354 124.8335 0042852 137.9968 341.8388  2.00560900139798
1 26360U 00025A   19159.14840558  .00000045  00000-0  00000+0 0  9992
2 26360  53.3355 124.8155 0042869 138.0020 294.6621  2.00560882139792
1 26360U 00025A   19160.27178081  .00000046  00000-0  00000+0 0  9994
2 26360  53.3360 124.7687 0042906 138.0216  25.7726  2.00560856139819
1 26360U 00025A   19160.79470880  .00000045  00000-0  00000-0 0  9993
2 26360  53.3362 124.7469 0042923 138.0336  43.3395  2.00560849139833
1 26360U 00025A   19161.14724434  .00000044  00000-0  00000+0 0  9998
2 26360  53.3363 124.7322 0042936 138.0424 297.8780  2.00560840139839
1 26360U 00025A   19161.14724434  .00000044  00000-0  00000-0 0  9999
2 26360  53.3363 124.7322 0042936 138.0424 297.8780  2.00560840139839
1 26360U 00025A   19162.77899751  .00000030  00000-0  00000-0 0  9999
2 26360  53.3370 124.6642 0042981 138.0913  36.0322  2.00560830139872
1 26360U 00025A   19163.22664096  .00000025  00000-0  00000+0 0  9995
2 26360  53.3371 124.6455 0042994 138.1124 359.2308  2.00560827139874
1 26360U 00025A   19163.82470344  .00000016  00000-0  00000-0 0  9993
2 26360  53.3374 124.6206 0043013 138.1307  71.0419  2.00560824139898
1 26360U 00025A   19164.19857116  .00000011  00000-0  00000+0 0  9994
2 26360  53.3375 124.6050 0043024 138.1512 340.9715  2.00560824139893
1 26360U 00025A   19165.23961559 -.00000004  00000-0  00000+0 0  9990
2 26360  53.3379 124.5616 0043057 138.1981  12.6079  2.00560829139914
1 26360U 00025A   19165.69350384 -.00000009  00000-0  00000-0 0  9994
2 26360  53.3381 124.5427 0043070 138.2225 340.3122  2.00560828139935
1 26360U 00025A   19166.27710306 -.00000016  00000-0  00000+0 0  9990
2 26360  53.3384 124.5184 0043101 138.2200  41.7004  2.00560820139939
1 26360U 00025A   19166.81479793 -.00000021  00000-0  00000-0 0  9999
2 26360  53.3386 124.4960 0043120 138.2393  69.9223  2.00560826139959
1 26360U 00025A   19167.52458608 -.00000025  00000-0  00000+0 0  9993
2 26360  53.3389 124.4664 0043150 138.2515 222.4105  2.00560830139963
1 26360U 00025A   19167.76029712 -.00000025  00000-0  00000+0 0  9999
2 26360  53.3390 124.4566 0043156 138.2631  32.5932  2.00560830139969
1 26360U 00025A   19167.76029712 -.00000025  00000-0  00000-0 0  9990
2 26360  53.3390 124.4566 0043156 138.2631  32.5932  2.00560830139970
1 26360U 00025A   19168.88134389 -.00000025  00000-0  00000+0 0  9990
2 26360  53.3394 124.4099 0043192 138.2976 122.0073  2.00560841139992
1 26360U 00025A   19168.88134389 -.00000025  00000-0  00000-0 0  9991
2 26360  53.3394 124.4099 0043192 138.2976 122.0073  2.00560841139992
1 26360U 00025A   19169.76801019 -.00000020  00000-0  00000-0 0  9995
2 26360  53.3397 124.3729 0043227 138.3203  42.1993  2.00560846140010
1 26360U 00025A   19170.23707197 -.00000017  00000-0  00000+0 0  9996
2 26360  53.3399 124.3534 0043247 138.3333  20.8708  2.00560844140017
1 26360U 00025A   19171.14492400 -.00000009  00000-0  00000+0 0  9996
2 26360  53.3402 124.3156 0043285 138.3474 316.3684  2.00560840140034
1 26360U 00025A   19171.82236115 -.00000002  00000-0  00000-0 0  9994
2 26360  53.3405 124.2873 0043309 138.3672  85.4899  2.00560839140051
1 26360U 00025A   19172.14753769  .00000001  00000-0  00000+0 0  9996
2 26360  53.3406 124.2737 0043321 138.3771 320.2726  2.00560830140055
1 26360U 00025A   19173.60228653  .00000013  00000-0  00000-0 0  9991
2 26360  53.3412 124.2132 0043377 138.4138 290.6327  2.00560813140092
1 26360U 00025A   19174.25470190  .00000016  00000-0  00000+0 0  9990
2 26360  53.3415 124.1860 0043397 138.4393  41.6816  2.00560802140104
1 26360U 00025A   19174.89569610  .00000018  00000-0  00000-0 0  9999
2 26360  53.3417 124.1593 0043423 138.4439 144.5046  2.00560784140118
1 26360U 00025A   19175.29819208  .00000019  00000-0  00000+0 0  9995
2 26360  53.3418 124.1425 0043423 138.4809  75.0882  2.00560762140127
1 26360U 00025A   19176.15457271  .00000019  00000-0  00000+0 0  9999
2 26360  53.3422 124.1068 0043455 138.5020 333.4139  2.00560733140131
1 26360U 00025A   19177.14706117  .00000017  00000-0  00000+0 0  9993
2 26360  53.3425 124.0655 0043491 138.5245 330.0141  2.00560696140150
1 26360U 00025A   19178.21932150  .00000013  00000-0  00000+0 0  9996
2 26360  53.3429 124.0208 0043515 138.5637  24.1968  2.00560659140180
1 26360U 00025A   19178.75019196  .00000011  00000-0  00000-0 0  9990
2 26360  53.3431 123.9986 0043526 138.5807  47.4930  2.00560644140197
1 26360U 00025A   19179.28335927  .00000008  00000-0  00000+0 0  9997
2 26360  53.3433 123.9764 0043539 138.5972  72.4481  2.00560622140207
1 26360U 00025A   19180.24849644  .00000004  00000-0  00000-0 0  9998
2 26360  53.3437 123.9362 0043576 138.6174  49.3017  2.00560589140223
1 26360U 00025A   19181.70578566 -.00000000  00000-0  00000+0 0  9998
2 26360  53.3443 123.8754 0043636 138.6446  21.5046  2.00560533140259
1 26360U 00025A   19182.73730035 -.00000001  00000-0  00000-0 0  9995
2 26360  53.3447 123.8324 0043692 138.6515  46.2985  2.00560486140270
1 26360U 00025A   19183.22803265 -.00000001  00000-0  00000+0 0  9995
2 26360  53.3449 123.8120 0043707 138.6680  40.6131  2.00560462140282
1 26360U 00025A   19184.63027333  .00000002  00000-0  00000-0 0  9996
2 26360  53.3455 123.7535 0043765 138.7043 333.0589  2.00560412140311
1 26360U 00025A   19185.59808500  .00000006  00000-0  00000+0 0  9998
2 26360  53.3458 123.7132 0043824 138.7048 311.8622  2.00560372140337
1 26360U 00025A   19186.74639828  .00000009  00000-0  00000+0 0  9994
2 26360  53.3462 123.6653 0043864 138.7347  60.9669  2.00560350140356
1 26360U 00025A   19187.71472142  .00000010  00000-0  00000+0 0  9998
2 26360  53.3466 123.6249 0043890 138.7730  40.1022  2.00560332140371
1 26360U 00025A   19187.71472142  .00000010  00000-0  00000-0 0  9999
2 26360  53.3466 123.6249 0043890 138.7730  40.1022  2.00560332140371
1 26360U 00025A   19188.70361385  .00000006  00000-0  00000+0 0  9999
2 26360  53.3469 123.5837 0043928 138.8028  34.0976  2.00560315140392
1 26360U 00025A   19188.70361385  .00000006  00000-0  00000-0 0  9990
2 26360  53.3469 123.5837 0043928 138.8028  34.0976  2.00560315140392
1 26360U 00025A   19189.65301009 -.00000001  00000-0  00000-0 0  9998
2 26360  53.3473 123.5441 0043959 138.8375 359.5704  2.00560314140413
1 26360U 00025A   19190.24193168 -.00000007  00000-0  00000+0 0  9995
2 26360  53.3475 123.5195 0044006 138.8410  64.7948  2.00560299140423
1 26360U 00025A   19191.19342072 -.00000020  00000-0  00000+0 0  9995
2 26360  53.3479 123.4799 0044052 138.8638  31.7900  2.00560290140444
1 26360U 00025A   19191.62973164 -.00000026  00000-0  00000+0 0  9991
2 26360  53.3480 123.4617 0044071 138.8774 346.8128  2.00560289140458
1 26360U 00025A   19191.62973164 -.00000026  00000-0  00000-0 0  9992
2 26360  53.3480 123.4617 0044071 138.8774 346.8128  2.00560289140458
1 26360U 00025A   19193.66070451 -.00000052  00000-0  00000+0 0  9993
2 26360  53.3488 123.3770 0044170 138.9333  13.2115  2.00560305140491
1 26360U 00025A   19194.18234546 -.00000056  00000-0  00000+0 0  9992
2 26360  53.3490 123.3552 0044192 138.9533  29.8396  2.00560300140509
1 26360U 00025A   19195.19703772 -.00000060  00000-0  00000+0 0  9991
2 26360  53.3494 123.3129 0044239 138.9834  42.4633  2.00560312140529
1 26360U 00025A   19199.18515573 -.00000034  00000-0  00000+0 0  9995
2 26360  53.3509 123.1466 0044450 139.0699  41.9777  2.00560322140607
1 26360U 00025A   19200.15416483 -.00000025  00000-0  00000+0 0  9995
2 26360  53.3513 123.1063 0044469 139.1224  21.5939  2.00560332140627
1 26360U 00025A   19201.17466295 -.00000018  00000-0  00000+0 0  9996
2 26360  53.3518 123.0637 0044509 139.1705  38.3916  2.00560322140649
1 26360U 00025A   19202.14031522 -.00000013  00000-0  00000+0 0  9990
2 26360  53.3521 123.0235 0044553 139.1871  15.6196  2.00560316140663
1 26360U 00025A   19204.14588245 -.00000013  00000-0  00000+0 0  9991
2 26360  53.3528 122.9399 0044633 139.2431  23.6733  2.00560266140706
1 26360U 00025A   19204.71702451 -.00000014  00000-0  00000-0 0  9993
2 26360  53.3530 122.9161 0044648 139.2640  76.0428  2.00560254140715
1 26360U 00025A   19205.61739854 -.00000017  00000-0  00000+0 0  9992
2 26360  53.3534 122.8785 0044687 139.2868   6.1299  2.00560202140730
1 26360U 00025A   19205.61739854 -.00000017  00000-0  00000-0 0  9993
2 26360  53.3534 122.8785 0044687 139.2868   6.1299  2.00560202140730
1 26360U 00025A   19206.66648552 -.00000020  00000-0  00000+0 0  9996
2 26360  53.3534 122.8349 0044592 139.1264  43.8279  2.00569489140754
1 26360U 00025A   19207.59284638 -.00000023  00000-0  00000-0 0  9994
2 26360  53.3538 122.7963 0044677 139.0643 352.7942  2.00569450140772
1 26360U 00025A   19208.55858157 -.00000025  00000-0  00000-0 0  9996
2 26360  53.3544 122.7559 0044644 139.2520 329.9444  2.00569443140797
1 26360U 00025A   19209.57863449 -.00000026  00000-0  00000-0 0  9990
2 26360  53.3548 122.7134 0044684 139.4901 346.2653  2.00569279140813
1 26360U 00025A   19210.14555356 -.00000025  00000-0  00000-0 0  9999
2 26360  53.3551 122.6896 0044649 139.5913  35.5240  2.00569250140826
1 26360U 00025A   19211.15313716 -.00000023  00000-0  00000-0 0  9991
2 26360  53.3555 122.6476 0044700 139.6178  43.0510  2.00569222140841
1 26360U 00025A   19213.61765215 -.00000012  00000-0  00000-0 0  9997
2 26360  53.3565 122.5448 0044833 139.6679  22.5716  2.00569169140898
1 26360U 00025A   19214.64481272 -.00000009  00000-0  00000-0 0  9995
2 26360  53.3569 122.5019 0044873 139.7085  44.2205  2.00569156140915
1 26360U 00025A   19215.61146868 -.00000010  00000-0  00000-0 0  9994
2 26360  53.3573 122.4615 0044929 139.7272  22.2022  2.00569145140934
1 26360U 00025A   19216.59562319 -.00000015  00000-0  00000+0 0  9999
2 26360  53.3577 122.4204 0044972 139.7630  12.8023  2.00569149140950
1 26360U 00025A   19216.59562319 -.00000015  00000-0  00000-0 0  9990
2 26360  53.3577 122.4204 0044972 139.7630  12.8023  2.00569149140950
1 26360U 00025A   19219.12135314 -.00000043  00000-0  00000+0 0  9993
2 26360  53.3587 122.3149 0045082 139.8597  36.4783  2.00569155141003
1 26360U 00025A   19219.12135314 -.00000043  00000-0  00000-0 0  9994
2 26360  53.3587 122.3149 0045082 139.8597  36.4783  2.00569155141003
1 26360U 00025A   19220.11326279 -.00000055  00000-0  00000+0 0  9999
2 26360  53.3591 122.2735 0045137 139.8891  32.6844  2.00569167141027
1 26360U 00025A   19221.62159331 -.00000068  00000-0  00000+0 0  9993
2 26360  53.3597 122.2105 0045210 139.9466  41.7582  2.00569186141059
1 26360U 00025A   19221.62159331 -.00000068  00000-0  00000-0 0  9994
2 26360  53.3597 122.2105 0045210 139.9466  41.7582  2.00569186141059
1 26360U 00025A   19222.68653419 -.00000070  00000-0  00000+0 0  9999
2 26360  53.3602 122.1661 0045237 140.0362  90.6389  2.00569214141071
1 26360U 00025A   19222.68653419 -.00000070  00000-0  00000-0 0  9990
2 26360  53.3602 122.1661 0045237 140.0362  90.6389  2.00569214141071
1 26360U 00025A   19224.61315809 -.00000060  00000-0  00000+0 0  9991
2 26360  53.3611 122.0857 0045313 140.1225  41.7239  2.00569238141113
1 26360U 00025A   19224.61315809 -.00000060  00000-0  00000-0 0  9992
2 26360  53.3611 122.0857 0045313 140.1225  41.7239  2.00569238141113
1 26360U 00025A   19228.65475172 -.00000020  00000-0  00000+0 0  9995
2 26360  53.3628 121.9171 0045502 140.2728  79.9173  2.00569267141197
1 26360U 00025A   19229.61336137 -.00000016  00000-0  00000-0 0  9995
2 26360  53.3633 121.8772 0045548 140.3043  52.0761  2.00569261141212
1 26360U 00025A   19230.61640484 -.00000014  00000-0  00000+0 0  9997
2 26360  53.3638 121.8353 0045631 140.2997  56.3551  2.00569240141235
1 26360U 00025A   19230.61640484 -.00000014  00000-0  00000-0 0  9998
2 26360  53.3638 121.8353 0045631 140.2997  56.3551  2.00569240141235
1 26360U 00025A   19232.63378122 -.00000015  00000-0  00000+0 0  9999
2 26360  53.3649 121.7512 0045719 140.4026  72.9545  2.00569206141278
1 26360U 00025A   19233.58647010 -.00000017  00000-0  00000+0 0  9991
2 26360  53.3652 121.7114 0045763 140.4165  40.8550  2.00569168141292
1 26360U 00025A   19233.58647010 -.00000017  00000-0  00000-0 0  9992
2 26360  53.3652 121.7114 0045763 140.4165  40.8550  2.00569168141292
1 26360U 00025A   19234.63194400 -.00000019  00000-0  00000+0 0  9990
2 26360  53.3657 121.6677 0045816 140.4464  75.7380  2.00569142141314
1 26360U 00025A   19234.63194400 -.00000019  00000-0  00000-0 0  9991
2 26360  53.3657 121.6677 0045816 140.4464  75.7380  2.00569142141314
1 26360U 00025A   19235.60495188 -.00000020  00000-0  00000+0 0  9997
2 26360  53.3661 121.6271 0045868 140.4728  58.2983  2.00569115141336
1 26360U 00025A   19235.60495188 -.00000020  00000-0  00000-0 0  9998
2 26360  53.3661 121.6271 0045868 140.4728  58.2983  2.00569115141336
1 26360U 00025A   19236.61280427 -.00000020  00000-0  00000+0 0  9997
2 26360  53.3666 121.5850 0045923 140.5040  66.0142  2.00569089141359
1 26360U 00025A   19236.61280427 -.00000020  00000-0  00000-0 0  9998
2 26360  53.3666 121.5850 0045923 140.5040  66.0142  2.00569089141359
1 26360U 00025A   19238.07312333 -.00000015  00000-0  00000+0 0  9995
2 26360  53.3672 121.5240 0046003 140.5500  40.4309  2.00569048141389
1 26360U 00025A   19238.60822233 -.00000013  00000-0  00000+0 0  9997
2 26360  53.3675 121.5017 0046031 140.5685  66.7950  2.00569036141390
1 26360U 00025A   19238.60822233 -.00000013  00000-0  00000-0 0  9998
2 26360  53.3675 121.5017 0046031 140.5685  66.7950  2.00569036141390
1 26360U 00025A   19240.04458382 -.00000004  00000-0  00000+0 0  9998
2 26360  53.3682 121.4417 0046085 140.5981  23.9290  2.00569018141425
1 26360U 00025A   19241.06157142  .00000002  00000-0  00000+0 0  9998
2 26360  53.3687 121.3993 0046145 140.5966  38.2736  2.00569011141447
1 26360U 00025A   19242.55969664  .00000006  00000-0  00000+0 0  9997
2 26360  53.3693 121.3367 0046208 140.6627  39.9689  2.00568993141470
1 26360U 00025A   19242.55969664  .00000006  00000-0  00000-0 0  9998
2 26360  53.3693 121.3367 0046208 140.6627  39.9689  2.00568993141470
1 26360U 00025A   19244.60142194 -.00000004  00000-0  00000+0 0  9995
2 26360  53.3704 121.2515 0046317 140.7375  74.1769  2.00568999141510
1 26360U 00025A   19245.62050769 -.00000015  00000-0  00000+0 0  9996
2 26360  53.3709 121.2089 0046372 140.7785  89.9943  2.00569009141530
1 26360U 00025A   19245.62050769 -.00000015  00000-0  00000-0 0  9997
2 26360  53.3709 121.2089 0046372 140.7785  89.9943  2.00569009141530
1 26360U 00025A   19247.04632715 -.00000031  00000-0  00000+0 0  9999
2 26360  53.3716 121.1494 0046446 140.8409  39.4830  2.00569018141561
1 26360U 00025A   19248.60403722 -.00000045  00000-0  00000+0 0  9991
2 26360  53.3723 121.0843 0046527 140.9130  84.1977  2.00569055141591
1 26360U 00025A   19251.00774997 -.00000043  00000-0  00000+0 0  9992
2 26360  53.3735 120.9839 0046636 141.0138  19.7625  2.00569110141640
1 26360U 00025A   19251.60786545 -.00000038  00000-0  00000+0 0  9994
2 26360  53.3739 120.9589 0046666 141.0390  93.0670  2.00569129141655
1 26360U 00025A   19252.57519031 -.00000028  00000-0  00000+0 0  9994
2 26360  53.3743 120.9185 0046716 141.0776  71.5115  2.00569150141677
1 26360U 00025A   19253.58631081 -.00000016  00000-0  00000+0 0  9993
2 26360  53.3748 120.8764 0046766 141.1213  81.5746  2.00569166141696
1 26360U 00025A   19256.01970133  .00000007  00000-0  00000+0 0  9997
2 26360  53.3760 120.7749 0046898 141.2029  38.5882  2.00569176141744
1 26360U 00025A   19260.02063240  .00000014  00000-0  00000+0 0  9993
2 26360  53.3781 120.6082 0047100 141.3318  47.4382  2.00569094141827
1 26360U 00025A   19260.50632981  .00000014  00000-0  00000+0 0  9990
2 26360  53.3784 120.5880 0047120 141.3488  38.1328  2.00569113141835
1 26360U 00025A   19261.21496903  .00000013  00000-0  00000+0 0  9990
2 26360  53.3785 120.5583 0047147 141.4134 189.7607  2.00569094141846
1 26360U 00025A   19261.68978840  .00000012  00000-0  00000+0 0  9995
2 26360  53.3788 120.5385 0047167 141.4286 172.6014  2.00569080141858
1 26360U 00025A   19261.68978840  .00000012  00000-0  00000-0 0  9996
2 26360  53.3788 120.5385 0047167 141.4286 172.6014  2.00569080141858
1 26360U 00025A   19263.00327266  .00000012  00000-0  00000+0 0  9993
2 26360  53.3795 120.4837 0047208 141.4781  40.9882  2.00569041141872
1 26360U 00025A   19263.49550442  .00000013  00000-0  00000+0 0  9991
2 26360  53.3798 120.4632 0047214 141.4547  36.4416  2.00569064141884
1 26360U 00025A   19263.49550442  .00000013  00000-0  00000-0 0  9992
2 26360  53.3798 120.4632 0047214 141.4547  36.4416  2.00569064141895
1 26360U 00025A   19264.99302520  .00000018  00000-0  00000+0 0  9994
2 26360  53.3806 120.4008 0047285 141.5155  37.7057  2.00569028141914
1 26360U 00025A   19266.00737926  .00000023  00000-0  00000+0 0  9996
2 26360  53.3812 120.3585 0047342 141.5639  50.0985  2.00568998141936
1 26360U 00025A   19268.99077280  .00000041  00000-0  00000+0 0  9996
2 26360  53.3828 120.2340 0047470 141.7033  44.1973  2.00568933141999
1 26360U 00025A   19269.47968184  .00000042  00000-0  00000-0 0  9994
2 26360  53.3831 120.2136 0047517 141.7317  37.1996  2.00568960142014
1 26360U 00025A   19269.98382619  .00000043  00000-0  00000+0 0  9993
2 26360  53.3833 120.1925 0047544 141.7526  41.2094  2.00568954142011
1 26360U 00025A   19273.96630125  .00000011  00000-0  00000+0 0  9999
2 26360  53.3855 120.0263 0047675 141.9642  36.6512  2.00569003142092
1 26360U 00025A   19276.00298855 -.00000007  00000-0  00000+0 0  9993
2 26360  53.3866 119.9413 0047709 142.0833  67.1773  2.00569045142139
1 26360U 00025A   19276.88368373 -.00000010  00000-0  00000+0 0  9996
2 26360  53.3871 119.9045 0047823 142.1172 343.0721  2.00569043142159
1 26360U 00025A   19276.88368373 -.00000010  00000-0  00000-0 0  9997
2 26360  53.3871 119.9045 0047823 142.1172 343.0721  2.00569043142160
1 26360U 00025A   19278.64966367 -.00000002  00000-0  00000+0 0  9990
2 26360  53.3882 119.8308 0047897 142.2373 178.1258  2.00569093142198
1 26360U 00025A   19278.64966367 -.00000002  00000-0  00000-0 0  9991
2 26360  53.3882 119.8308 0047897 142.2373 178.1258  2.00569093142198
1 26360U 00025A   19279.96091175  .00000011  00000-0  00000+0 0  9991
2 26360  53.3889 119.7762 0047953 142.3066  44.8782  2.00569121142217
1 26360U 00025A   19281.57023517  .00000029  00000-0  00000+0 0  9995
2 26360  53.3898 119.7090 0048032 142.3986 126.8416  2.00569149142250
1 26360U 00025A   19281.57023517  .00000029  00000-0  00000-0 0  9996
2 26360  53.3898 119.7090 0048032 142.3986 126.8416  2.00569149142250
1 26360U 00025A   19282.93950252  .00000041  00000-0  00000+0 0  9995
2 26360  53.3905 119.6519 0048094 142.4665  35.4901  2.00569162142278
1 26360U 00025A   19285.18270331  .00000050  00000-0  00000+0 0  9998
2 26360  53.3917 119.5585 0048165 142.5718 215.1485  2.00569156142325
1 26360U 00025A   19286.64452451  .00000049  00000-0  00000-0 0  9994
2 26360  53.3925 119.4976 0048228 142.6500 190.6175  2.00569136142351
1 26360U 00025A   19287.42613535  .00000048  00000-0  00000+0 0  9991
2 26360  53.3931 119.4650 0048187 142.6664  34.9845  2.00569133142364
1 26360U 00025A   19287.57247939  .00000048  00000-0  00000-0 0  9999
2 26360  53.3931 119.4590 0048220 142.6836 140.6389  2.00569125142376
1 26360U 00025A   19288.43124813  .00000046  00000-0  00000+0 0  9997
2 26360  53.3936 119.4232 0048254 142.7204  40.6992  2.00569111142386
1 26360U 00025A   19289.65861937  .00000045  00000-0  00000+0 0  9996
2 26360  53.3943 119.3720 0048278 142.7683 206.9076  2.00569079142419
1 26360U 00025A   19290.08748056  .00000045  00000-0  00000+0 0  9991
2 26360  53.3945 119.3541 0048308 142.7963 156.5504  2.00569072142427
1 26360U 00025A   19290.57336017  .00000046  00000-0  00000+0 0  9996
2 26360  53.3948 119.3338 0048346 142.8171 147.3721  2.00569064142439
1 26360U 00025A   19290.57336017  .00000046  00000-0  00000-0 0  9997
2 26360  53.3948 119.3338 0048346 142.8171 147.3721  2.00569064142439
1 26360U 00025A   19291.91276345  .00000049  00000-0  00000+0 0  9995
2 26360  53.3956 119.2780 0048396 142.8868  34.4541  2.00569027142453
1 26360U 00025A   19292.91792420  .00000053  00000-0  00000+0 0  9998
2 26360  53.3961 119.2361 0048433 142.9397  40.2043  2.00569003142472
1 26360U 00025A   19295.15396817  .00000066  00000-0  00000+0 0  9991
2 26360  53.3975 119.1428 0048495 143.0620 214.6769  2.00568952142529
1 26360U 00025A   19296.39937459  .00000072  00000-0  00000+0 0  9998
2 26360  53.3982 119.0909 0048531 143.1320  33.8857  2.00568938142544
1 26360U 00025A   19297.40454861  .00000072  00000-0  00000+0 0  9992
2 26360  53.3987 119.0490 0048574 143.2040  39.6264  2.00568941142563
1 26360U 00025A   19298.60603454  .00000066  00000-0  00000+0 0  9992
2 26360  53.3994 118.9989 0048602 143.2747 187.1209  2.00568950142599
1 26360U 00025A   19298.60603454  .00000066  00000-0  00000-0 0  9993
2 26360  53.3994 118.9989 0048602 143.2747 187.1209  2.00568950142599
1 26360U 00025A   19299.86884014  .00000054  00000-0  00000+0 0  9991
2 26360  53.4001 118.9463 0048628 143.3297  18.9080  2.00568946142611
1 26360U 00025A   19299.86884014  .00000054  00000-0  00000-0 0  9992
2 26360  53.4001 118.9463 0048628 143.3297  18.9080  2.00568946142622
1 26360U 00025A   19300.88605744  .00000042  00000-0  00000+0 0  9994
2 26360  53.4007 118.9038 0048669 143.3838  33.3627  2.00568955142631
1 26360U 00025A   19300.88605744  .00000042  00000-0  00000-0 0  9995
2 26360  53.4007 118.9038 0048669 143.3838  33.3627  2.00568955142642
1 26360U 00025A   19301.64387906  .00000032  00000-0  00000-0 0  9996
2 26360  53.4011 118.8722 0048694 143.4374 220.5145  2.00568966142669
1 26360U 00025A   19301.89113941  .00000029  00000-0  00000+0 0  9994
2 26360  53.4013 118.8619 0048707 143.4484  39.0446  2.00568975142659
1 26360U 00025A   19303.12926696  .00000017  00000-0  00000+0 0  9998
2 26360  53.4020 118.8102 0048752 143.5542 212.9619  2.00568993142687
1 26360U 00025A   19304.12896730  .00000013  00000-0  00000+0 0  9990
2 26360  53.4026 118.7685 0048780 143.6289 214.7475  2.00569018142700
1 26360U 00025A   19305.37268785  .00000015  00000-0  00000+0 0  9993
2 26360  53.4033 118.7167 0048819 143.7032  32.7348  2.00569051142729
1 26360U 00025A   19305.90700148  .00000018  00000-0  00000-0 0  9990
2 26360  53.4037 118.6944 0048842 143.7355  58.5183  2.00569076142741
1 26360U 00025A   19306.37781495  .00000021  00000-0  00000+0 0  9999
2 26360  53.4039 118.6747 0048844 143.7326  38.4847  2.00569087142740
1 26360U 00025A   19309.11507736  .00000047  00000-0  00000+0 0  9996
2 26360  53.4055 118.5607 0048914 143.8924 214.8376  2.00569106142801
1 26360U 00025A   19309.83755488  .00000053  00000-0  00000+0 0  9991
2 26360  53.4059 118.5306 0048927 143.9287  16.4853  2.00569108142817
1 26360U 00025A   19309.83755488  .00000053  00000-0  00000-0 0  9992
2 26360  53.4059 118.5306 0048927 143.9287  16.4853  2.00569108142828
1 26360U 00025A   19310.86426043  .00000058  00000-0  00000+0 0  9993
2 26360  53.4063 118.4879 0048965 143.9675  37.8068  2.00569116142835
1 26360U 00025A   19313.10743802  .00000059  00000-0  00000+0 0  9999
2 26360  53.4069 118.3945 0049019 144.1547 217.3665  2.00569104142886
1 26360U 00025A   19315.35086516  .00000053  00000-0  00000+0 0  9994
2 26360  53.4081 118.3011 0049065 144.3132  37.1351  2.00569085142920
1 26360U 00025A   19317.59405140  .00000049  00000-0  00000+0 0  9995
2 26360  53.4094 118.2077 0049116 144.4620 216.7386  2.00569026142978
1 26360U 00025A   19319.83746213  .00000053  00000-0  00000+0 0  9998
2 26360  53.4106 118.1141 0049170 144.6042  36.5110  2.00568980143010
1 26360U 00025A   19320.82295916  .00000057  00000-0  00000+0 0  9992
2 26360  53.4112 118.0731 0049174 144.6132  28.1064  2.00568964143034
1 26360U 00025A   19320.82295916  .00000057  00000-0  00000-0 0  9993
2 26360  53.4112 118.0731 0049174 144.6132  28.1064  2.00568964143045
1 26360U 00025A   19322.08065212  .00000063  00000-0  00000+0 0  9993
2 26360  53.4123 118.0207 0049204 144.6951 216.1751  2.00568934143069
1 26360U 00025A   19323.55179428  .00000068  00000-0  00000+0 0  9996
2 26360  53.4134 117.9593 0049229 144.8073 198.3398  2.00568906143091
1 26360U 00025A   19324.32408098  .00000068  00000-0  00000+0 0  9990
2 26360  53.4140 117.9271 0049250 144.8566  35.9407  2.00568905143100
1 26360U 00025A   19324.32408098  .00000068  00000-0  00000-0 0  9991
2 26360  53.4140 117.9271 0049250 144.8566  35.9407  2.00568905143100
1 26360U 00025A   19325.63592712  .00000062  00000-0  00000+0 0  9996
2 26360  53.4149 117.8724 0049280 144.9528 263.0976  2.00568897143131
1 26360U 00025A   19325.63592712  .00000062  00000-0  00000-0 0  9997
2 26360  53.4149 117.8724 0049280 144.9528 263.0976  2.00568897143142
1 26360U 00025A   19328.56280501  .00000027  00000-0  00000+0 0  9992
2 26360  53.4163 117.7504 0049326 145.1983 216.2819  2.00568923143193
1 26360U 00025A   19329.06230027  .00000020  00000-0  00000+0 0  9999
2 26360  53.4169 117.7295 0049341 145.2168 216.9376  2.00568945143200
1 26360U 00025A   19329.55359955  .00000014  00000-0  00000+0 0  9998
2 26360  53.4170 117.7091 0049351 145.2634 211.6466  2.00568951143215
1 26360U 00025A   19329.55359955  .00000014  00000-0  00000-0 0  9999
2 26360  53.4170 117.7091 0049351 145.2616 211.6484  2.00568953143217
1 26360U 00025A   19331.05387132  .00000000  00000-0  00000+0 0  9999
2 26360  53.4175 117.6466 0049376 145.3305 214.8907  2.00568990143249
1 26360U 00025A   19331.05387132  .00000000  00000-0  00000-0 0  9990
2 26360  53.4175 117.6466 0049376 145.3305 214.8907  2.00568990143249
1 26360U 00025A   19333.29732182  .00000002  00000-0  00000+0 0  9998
2 26360  53.4188 117.5531 0049418 145.4648  34.6991  2.00569031143285
1 26360U 00025A   19333.29732182  .00000002  00000-0  00000+0 0  9998
2 26360  53.4188 117.5531 0049419 145.4613  34.7024  2.00569025143289
1 26360U 00025A   19333.29732182  .00000002  00000-0  00000+0 0  9998
2 26360  53.4188 117.5531 0049419 145.4670  34.6968  2.00569028143281
1 26360U 00025A   19335.52964882  .00000019  00000-0  00000+0 0  9998
2 26360  53.4200 117.4601 0049440 145.6473 206.4275  2.00569077143330
1 26360U 00025A   19335.52964882  .00000019  00000-0  00000+0 0  9998
2 26360  53.4200 117.4601 0049441 145.6413 206.4333  2.00569072143335
1 26360U 00025A   19337.53736774  .00000032  00000-0  00000+0 0  9993
2 26360  53.4211 117.3764 0049461 145.7931 216.0085  2.00569101143372
1 26360U 00025A   19337.78389352  .00000033  00000-0  00000-0 0  9998
2 26360  53.4212 117.3662 0049475 145.7885  34.0240  2.00569120143386
1 26360U 00025A   19338.03868733  .00000034  00000-0  00000+0 0  9992
2 26360  53.4213 117.3556 0049475 145.8024 217.9908  2.00569118143385
1 26360U 00025A   19338.97609731  .00000035  00000-0  00000+0 0  9997
2 26360  53.4217 117.3165 0049482 145.8857 174.7892  2.00569115143409
1 26360U 00025A   19340.53360205  .00000032  00000-0  00000+0 0  9999
2 26360  53.4224 117.2517 0049487 146.0020 219.3107  2.00569098143435
1 26360U 00025A   19340.53360205  .00000032  00000-0  00000+0 0  9999
2 26360  53.4225 117.2517 0049489 146.0039 219.3088  2.00569097143435
1 26360U 00025A   19340.53360205  .00000032  00000-0  00000-0 0  9990
2 26360  53.4225 117.2517 0049487 146.0023 219.3103  2.00569098143446
1 26360U 00025A   19342.49745417  .00000025  00000-0  00000+0 0  9990
2 26360  53.4234 117.1698 0049508 146.1183 197.2459  2.00569058143474
1 26360U 00025A   19342.49745417  .00000025  00000-0  00000+0 0  9990
2 26360  53.4235 117.1699 0049510 146.1070 197.2574  2.00569063143478
1 26360U 00025A   19343.52310726  .00000021  00000-0  00000+0 0  9992
2 26360  53.4240 117.1271 0049512 146.1891 217.7750  2.00569033143496
1 26360U 00025A   19345.52103795  .00000018  00000-0  00000+0 0  9996
2 26360  53.4250 117.0439 0049522 146.3291 220.2940  2.00568994143539
1 26360U 00025A   19345.62750674  .00000018  00000-0  00000-0 0  9992
2 26360  53.4251 117.0395 0049527 146.3296 297.1721  2.00568994143542
1 26360U 00025A   19346.46920498  .00000019  00000-0  00000+0 0  9998
2 26360  53.4255 117.0044 0049533 146.3856 184.8864  2.00568966143556
1 26360U 00025A   19346.75704123  .00000020  00000-0  00000+0 0  9997
2 26360  53.4256 116.9924 0049546 146.3831  32.7288  2.00568961143555
1 26360U 00025A   19346.75704123  .00000020  00000-0  00000-0 0  9998
2 26360  53.4256 116.9924 0049546 146.3832  32.7287  2.00568962143567
1 26360U 00025A   19348.49140104  .00000026  00000-0  00000+0 0  9999
2 26360  53.4265 116.9202 0049553 146.5158 204.9362  2.00568922143593
1 26360U 00025A   19349.48838105  .00000030  00000-0  00000+0 0  9999
2 26360  53.4271 116.8786 0049554 146.5941 204.7533  2.00568902143616
1 26360U 00025A   19349.48838105  .00000030  00000-0  00000-0 0  9990
2 26360  53.4271 116.8786 0049554 146.5941 204.7533  2.00568902143616
1 26360U 00025A   19351.50946931  .00000034  00000-0  00000+0 0  9996
2 26360  53.4280 116.7944 0049557 146.7372 223.9904  2.00568885143653
1 26360U 00025A   19351.50946931  .00000034  00000-0  00000+0 0  9996
2 26360  53.4281 116.7944 0049557 146.7422 223.9853  2.00568882143650
1 26360U 00025A   19352.52324897  .00000030  00000-0  00000+0 0  9996
2 26360  53.4286 116.7521 0049563 146.8158 235.9377  2.00568864143676
1 26360U 00025A   19354.59465587  .00000008  00000-0  00000+0 0  9992
2 26360  53.4296 116.6657 0049581 146.9567 291.5105  2.00568871143711
1 26360U 00025A   19355.48031410 -.00000004  00000-0  00000+0 0  9992
2 26360  53.4300 116.6287 0049587 147.0289 210.9512  2.00568885143739
1 26360U 00025A   19356.54846042 -.00000020  00000-0  00000+0 0  9993
2 26360  53.4305 116.5842 0049591 147.1158 262.1474  2.00568896143751
1 26360U 00025A   19357.49776920 -.00000031  00000-0  00000+0 0  9997
2 26360  53.4310 116.5446 0049595 147.1904 227.5460  2.00568908143776
1 26360U 00025A   19357.97335270 -.00000035  00000-0  00000+0 0  9993
2 26360  53.4312 116.5248 0049593 147.2307 210.9131  2.00568917143786
1 26360U 00025A   19358.97847524 -.00000040  00000-0  00000+0 0  9990
2 26360  53.4318 116.4829 0049600 147.3142 216.6047  2.00568937143807
1 26360U 00025A   19360.47635588 -.00000037  00000-0  00000+0 0  9999
2 26360  53.4325 116.4204 0049596 147.4262 218.0766  2.00568966143839
1 26360U 00025A   19360.60820479 -.00000037  00000-0  00000-0 0  9990
2 26360  53.4327 116.4149 0049613 147.4084 313.2998  2.00568977143849
1 26360U 00025A   19361.45499902 -.00000031  00000-0  00000+0 0  9990
2 26360  53.4331 116.3797 0049611 147.4831 204.6751  2.00568996143852
1 26360U 00025A   19361.45499902 -.00000031  00000-0  00000+0 0  9990
2 26360  53.4331 116.3797 0049615 147.4784 204.6798  2.00568997143855

