1 26407U 00040A   19001.81793041 -.00000090  00000-0  00000-0 0  9997
2 26407  56.3674 323.1176 0197483 274.8751 292.6749  2.00561221135323
1 26407U 00040A   19002.61459175 -.00000092  00000-0  00000+0 0  9994
2 26407  56.3669 323.0864 0197471 274.8855 147.8844  2.00561239135339
1 26407U 00040A   19002.76813654 -.00000092  00000-0  00000-0 0  9997
2 26407  56.3668 323.0804 0197471 274.8854 258.7497  2.00561244135344
1 26407U 00040A   19003.27175997 -.00000091  00000-0  00000+0 0  9993
2 26407  56.3664 323.0606 0197451 274.8943 262.3761  2.00561255135344
1 26407U 00040A   19003.81916184 -.00000090  00000-0  00000-0 0  9994
2 26407  56.3661 323.0392 0197432 274.9028 297.6126  2.00561267135368
1 26407U 00040A   19004.25236194 -.00000089  00000-0  00000+0 0  9996
2 26407  56.3658 323.0222 0197417 274.9093 250.3930  2.00561276135360
1 26407U 00040A   19004.83195830 -.00000086  00000-0  00000-0 0  9999
2 26407  56.3654 322.9996 0197395 274.9188 308.8743  2.00561286135386
1 26407U 00040A   19005.61689920 -.00000082  00000-0  00000+0 0  9999
2 26407  56.3650 322.9688 0197365 274.9315 155.6187  2.00561296135391
1 26407U 00040A   19005.84308112 -.00000080  00000-0  00000-0 0  9994
2 26407  56.3648 322.9600 0197348 274.9379 318.9242  2.00561298135403
1 26407U 00040A   19006.27071073 -.00000077  00000-0  00000+0 0  9990
2 26407  56.3645 322.9433 0197323 274.9458 267.6811  2.00561301135402
1 26407U 00040A   19006.85493639 -.00000073  00000-0  00000-0 0  9997
2 26407  56.3642 322.9204 0197299 274.9559 329.5042  2.00561305135429
1 26407U 00040A   19007.50946475 -.00000069  00000-0  00000+0 0  9995
2 26407  56.3638 322.8948 0197273 274.9672  82.0873  2.00561304135439
1 26407U 00040A   19007.76228015 -.00000068  00000-0  00000-0 0  9996
2 26407  56.3636 322.8849 0197269 274.9682 264.6285  2.00561306135441
1 26407U 00040A   19008.60707608 -.00000063  00000-0  00000+0 0  9994
2 26407  56.3631 322.8519 0197237 274.9818 154.5898  2.00561298135454
1 26407U 00040A   19008.60707608 -.00000063  00000-0  00000-0 0  9995
2 26407  56.3631 322.8519 0197237 274.9818 154.5898  2.00561298135465
1 26407U 00040A   19009.35622288 -.00000059  00000-0  00000+0 0  9992
2 26407  56.3626 322.8225 0197218 274.9912 335.4929  2.00561290135464
1 26407U 00040A   19009.35622288 -.00000059  00000-0  00000-0 0  9993
2 26407  56.3626 322.8225 0197218 274.9912 335.4929  2.00561290135475
1 26407U 00040A   19010.75741128 -.00000055  00000-0  00000+0 0  9999
2 26407  56.3617 322.7677 0197170 275.0107 267.1846  2.00561260135498
1 26407U 00040A   19010.75741128 -.00000055  00000-0  00000-0 0  9990
2 26407  56.3617 322.7677 0197170 275.0107 267.1846  2.00561260135500
1 26407U 00040A   19011.80992580 -.00000054  00000-0  00000-0 0  9996
2 26407  56.3610 322.7264 0197127 275.0269 307.1239  2.00561230135526
1 26407U 00040A   19012.32807025 -.00000053  00000-0  00000+0 0  9991
2 26407  56.3606 322.7062 0197102 275.0352 321.2354  2.00561211135527
1 26407U 00040A   19012.80037841 -.00000053  00000-0  00000-0 0  9996
2 26407  56.3603 322.6877 0197083 275.0414 302.2535  2.00561194135546
1 26407U 00040A   19013.33564780 -.00000053  00000-0  00000+0 0  9991
2 26407  56.3599 322.6667 0197059 275.0492 328.7305  2.00561174135542
1 26407U 00040A   19013.81288525 -.00000053  00000-0  00000-0 0  9995
2 26407  56.3596 322.6480 0197039 275.0555 313.3077  2.00561157135569
1 26407U 00040A   19014.28322094 -.00000053  00000-0  00000+0 0  9996
2 26407  56.3593 322.6296 0197022 275.0614 292.9020  2.00561139135569
1 26407U 00040A   19014.82539362 -.00000054  00000-0  00000+0 0  9995
2 26407  56.3589 322.6083 0196998 275.0692 324.3633  2.00561119135574
1 26407U 00040A   19014.82539362 -.00000054  00000-0  00000-0 0  9996
2 26407  56.3589 322.6083 0196998 275.0692 324.3633  2.00561119135585
1 26407U 00040A   19015.83829390 -.00000054  00000-0  00000-0 0  9991
2 26407  56.3582 322.5686 0196956 275.0821 335.7026  2.00561078135603
1 26407U 00040A   19016.31137917 -.00000054  00000-0  00000+0 0  9991
2 26407  56.3579 322.5500 0196938 275.0881 317.2820  2.00561062135600
1 26407U 00040A   19016.77672615 -.00000054  00000-0  00000-0 0  9991
2 26407  56.3576 322.5318 0196919 275.0942 293.2739  2.00561045135626
1 26407U 00040A   19017.32548913 -.00000054  00000-0  00000+0 0  9995
2 26407  56.3572 322.5103 0196900 275.1012 329.4945  2.00561026135623
1 26407U 00040A   19017.32548913 -.00000054  00000-0  00000-0 0  9996
2 26407  56.3572 322.5103 0196900 275.1012 329.4945  2.00561026135634
1 26407U 00040A   19017.79533299 -.00000053  00000-0  00000-0 0  9997
2 26407  56.3569 322.4918 0196881 275.1078 308.7327  2.00561009135649
1 26407U 00040A   19018.33603719 -.00000053  00000-0  00000+0 0  9992
2 26407  56.3565 322.4706 0196856 275.1158 339.1335  2.00560991135647
1 26407U 00040A   19018.80770491 -.00000052  00000-0  00000-0 0  9996
2 26407  56.3562 322.4521 0196837 275.1224 319.6886  2.00560976135661
1 26407U 00040A   19019.35201955 -.00000051  00000-0  00000+0 0  9999
2 26407  56.3558 322.4308 0196814 275.1295 352.6972  2.00560961135670
1 26407U 00040A   19019.35201955 -.00000051  00000-0  00000-0 0  9990
2 26407  56.3558 322.4308 0196814 275.1295 352.6972  2.00560961135670
1 26407U 00040A   19019.82352082 -.00000051  00000-0  00000-0 0  9990
2 26407  56.3555 322.4123 0196792 275.1367 333.1315  2.00560950135681
1 26407U 00040A   19020.83662049 -.00000049  00000-0  00000-0 0  9997
2 26407  56.3548 322.3725 0196746 275.1511 344.6130  2.00560930135703
1 26407U 00040A   19021.30839713 -.00000049  00000-0  00000-0 0  9994
2 26407  56.3545 322.3540 0196725 275.1579 325.2465  2.00560920135712
1 26407U 00040A   19021.77781899 -.00000049  00000-0  00000-0 0  9996
2 26407  56.3542 322.3356 0196704 275.1645 304.1801  2.00560916135721
1 26407U 00040A   19022.32320616 -.00000050  00000-0  00000+0 0  9995
2 26407  56.3538 322.3142 0196678 275.1720 337.9624  2.00560908135732
1 26407U 00040A   19022.79581285 -.00000051  00000-0  00000-0 0  9999
2 26407  56.3535 322.2957 0196655 275.1790 319.1952  2.00560907135740
1 26407U 00040A   19023.09384927 -.00000052  00000-0  00000+0 0  9997
2 26407  56.3532 322.2841 0196646 275.1820 174.3855  2.00560901135740
1 26407U 00040A   19024.27997376 -.00000058  00000-0  00000+0 0  9992
2 26407  56.3524 322.2376 0196596 275.1974 310.7963  2.00560903135779
1 26407U 00040A   19024.81898137 -.00000061  00000-0  00000+0 0  9991
2 26407  56.3520 322.2164 0196569 275.2050 339.9723  2.00560907135788
1 26407U 00040A   19024.81898137 -.00000061  00000-0  00000-0 0  9992
2 26407  56.3520 322.2164 0196569 275.2050 339.9723  2.00560907135788
1 26407U 00040A   19025.83012888 -.00000069  00000-0  00000-0 0  9994
2 26407  56.3513 322.1768 0196531 275.2177 350.0459  2.00560912135807
1 26407U 00040A   19026.21712939 -.00000073  00000-0  00000+0 0  9995
2 26407  56.3510 322.1616 0196516 275.2232 269.4692  2.00560918135810
1 26407U 00040A   19026.21712939 -.00000073  00000-0  00000-0 0  9996
2 26407  56.3510 322.1616 0196516 275.2232 269.4692  2.00560918135810
1 26407U 00040A   19027.31808497 -.00000082  00000-0  00000+0 0  9992
2 26407  56.3503 322.1184 0196473 275.2374 344.3861  2.00560935135833
1 26407U 00040A   19027.31808497 -.00000082  00000-0  00000-0 0  9993
2 26407  56.3503 322.1184 0196473 275.2374 344.3861  2.00560935135833
1 26407U 00040A   19027.79490712 -.00000085  00000-0  00000-0 0  9995
2 26407  56.3499 322.0997 0196454 275.2440 328.6629  2.00560944135849
1 26407U 00040A   19028.25533280 -.00000088  00000-0  00000+0 0  9997
2 26407  56.3496 322.0817 0196436 275.2503 301.1012  2.00560952135859
1 26407U 00040A   19028.71311355 -.00000090  00000-0  00000+0 0  9998
2 26407  56.3493 322.0637 0196414 275.2573 271.6289  2.00560959135864
1 26407U 00040A   19028.71311355 -.00000090  00000-0  00000-0 0  9999
2 26407  56.3493 322.0637 0196414 275.2573 271.6289  2.00560959135864
1 26407U 00040A   19029.74657913 -.00000092  00000-0  00000-0 0  9998
2 26407  56.3486 322.0232 0196374 275.2708 297.8162  2.00560985135883
1 26407U 00040A   19030.29436580 -.00000092  00000-0  00000+0 0  9994
2 26407  56.3482 322.0017 0196348 275.2786 333.3307  2.00560993135894
1 26407U 00040A   19030.70813385 -.00000091  00000-0  00000-0 0  9992
2 26407  56.3480 321.9855 0196330 275.2843 272.0810  2.00561005135900
1 26407U 00040A   19031.20678007 -.00000090  00000-0  00000+0 0  9996
2 26407  56.3476 321.9660 0196306 275.2911 272.1154  2.00561015135912
1 26407U 00040A   19031.77847166 -.00000087  00000-0  00000-0 0  9999
2 26407  56.3472 321.9435 0196283 275.2986 324.8907  2.00561029135921
1 26407U 00040A   19032.18142346 -.00000085  00000-0  00000+0 0  9990
2 26407  56.3470 321.9277 0196263 275.3039 255.8315  2.00561036135936
1 26407U 00040A   19032.79271631 -.00000081  00000-0  00000-0 0  9994
2 26407  56.3466 321.9038 0196239 275.3114 337.2003  2.00561047135945
1 26407U 00040A   19033.26240971 -.00000078  00000-0  00000+0 0  9995
2 26407  56.3462 321.8854 0196216 275.3171 316.3308  2.00561054135959
1 26407U 00040A   19034.27023174 -.00000071  00000-0  00000+0 0  9994
2 26407  56.3456 321.8459 0196173 275.3289 324.0040  2.00561063135976
1 26407U 00040A   19034.73845625 -.00000068  00000-0  00000+0 0  9994
2 26407  56.3452 321.8276 0196153 275.3343 302.0743  2.00561067135989
1 26407U 00040A   19034.73845625 -.00000068  00000-0  00000-0 0  9995
2 26407  56.3452 321.8276 0196153 275.3343 302.0743  2.00561067135989
1 26407U 00040A   19035.75434557 -.00000062  00000-0  00000-0 0  9990
2 26407  56.3446 321.7878 0196113 275.3459 315.5728  2.00561068136000
1 26407U 00040A   19036.30001389 -.00000059  00000-0  00000+0 0  9990
2 26407  56.3442 321.7664 0196090 275.3528 349.5589  2.00561064136019
1 26407U 00040A   19036.77543087 -.00000057  00000-0  00000-0 0  9996
2 26407  56.3439 321.7477 0196074 275.3579 332.8225  2.00561057136020
1 26407U 00040A   19037.61133035 -.00000054  00000-0  00000+0 0  9994
2 26407  56.3433 321.7150 0196034 275.3675 216.3635  2.00561042136031
1 26407U 00040A   19037.67813222 -.00000053  00000-0  00000-0 0  9993
2 26407  56.3433 321.7123 0196030 275.3687 264.5958  2.00561043136045
1 26407U 00040A   19038.60739344 -.00000051  00000-0  00000+0 0  9996
2 26407  56.3427 321.6759 0195983 275.3799 215.5459  2.00561022136052
1 26407U 00040A   19038.60739344 -.00000051  00000-0  00000-0 0  9997
2 26407  56.3427 321.6759 0195983 275.3799 215.5459  2.00561022136063
1 26407U 00040A   19038.69719226 -.00000051  00000-0  00000-0 0  9993
2 26407  56.3426 321.6724 0195981 275.3813 280.3826  2.00561020136065
1 26407U 00040A   19039.57417838 -.00000050  00000-0  00000+0 0  9993
2 26407  56.3420 321.6380 0195941 275.3905 193.5900  2.00560993136072
1 26407U 00040A   19039.73919644 -.00000050  00000-0  00000+0 0  9993
2 26407  56.3419 321.6316 0195936 275.3930 312.7367  2.00560988136088
1 26407U 00040A   19039.73919644 -.00000050  00000-0  00000-0 0  9994
2 26407  56.3419 321.6316 0195936 275.3930 312.7367  2.00560988136088
1 26407U 00040A   19040.76070972 -.00000049  00000-0  00000-0 0  9999
2 26407  56.3412 321.5915 0195888 275.4039 330.2964  2.00560957136109
1 26407U 00040A   19041.30041340 -.00000049  00000-0  00000+0 0  9996
2 26407  56.3408 321.5704 0195853 275.4101 359.9763  2.00560938136117
1 26407U 00040A   19041.74387581 -.00000049  00000-0  00000-0 0  9995
2 26407  56.3405 321.5530 0195833 275.4145 320.1682  2.00560920136129
1 26407U 00040A   19042.24400990 -.00000049  00000-0  00000+0 0  9990
2 26407  56.3402 321.5333 0195810 275.4195 321.2786  2.00560901136134
1 26407U 00040A   19042.70891789 -.00000049  00000-0  00000-0 0  9992
2 26407  56.3399 321.5151 0195797 275.4234 296.9555  2.00560885136149
1 26407U 00040A   19043.25421187 -.00000048  00000-0  00000+0 0  9992
2 26407  56.3395 321.4937 0195774 275.4290 330.6724  2.00560867136158
1 26407U 00040A   19043.72151345 -.00000048  00000-0  00000-0 0  9991
2 26407  56.3392 321.4753 0195756 275.4334 308.0771  2.00560852136166
1 26407U 00040A   19044.27401264 -.00000047  00000-0  00000+0 0  9998
2 26407  56.3388 321.4536 0195732 275.4392 346.9962  2.00560831136179
1 26407U 00040A   19044.81010278 -.00000046  00000-0  00000+0 0  9998
2 26407  56.3385 321.4326 0195705 275.4448  14.0675  2.00560814136181
1 26407U 00040A   19044.81010278 -.00000046  00000-0  00000-0 0  9999
2 26407  56.3385 321.4326 0195705 275.4448  14.0675  2.00560814136181
1 26407U 00040A   19045.75993899 -.00000045  00000-0  00000-0 0  9991
2 26407  56.3378 321.3953 0195664 275.4553 339.8739  2.00560786136209
1 26407U 00040A   19046.29945118 -.00000043  00000-0  00000+0 0  9999
2 26407  56.3375 321.3741 0195640 275.4610   9.4159  2.00560770136219
1 26407U 00040A   19046.77384251 -.00000042  00000-0  00000-0 0  9997
2 26407  56.3372 321.3555 0195616 275.4666 351.9384  2.00560760136228
1 26407U 00040A   19047.24483358 -.00000041  00000-0  00000+0 0  9996
2 26407  56.3368 321.3370 0195597 275.4715 332.0063  2.00560748136232
1 26407U 00040A   19047.70589881 -.00000040  00000-0  00000-0 0  9995
2 26407  56.3365 321.3189 0195573 275.4769 304.9071  2.00560740136240
1 26407U 00040A   19048.72462767 -.00000039  00000-0  00000+0 0  9998
2 26407  56.3358 321.2789 0195524 275.4880 320.4558  2.00560726136266
1 26407U 00040A   19049.26771733 -.00000039  00000-0  00000+0 0  9994
2 26407  56.3355 321.2576 0195501 275.4934 352.5811  2.00560719136273
1 26407U 00040A   19049.73575536 -.00000040  00000-0  00000-0 0  9992
2 26407  56.3352 321.2392 0195481 275.4983 330.5168  2.00560715136285
1 26407U 00040A   19050.28303927 -.00000041  00000-0  00000+0 0  9997
2 26407  56.3348 321.2177 0195447 275.5046   5.6698  2.00560713136291
1 26407U 00040A   19051.61895799 -.00000047  00000-0  00000+0 0  9994
2 26407  56.3338 321.1652 0195386 275.5188 250.2380  2.00560713136315
1 26407U 00040A   19052.14355236 -.00000050  00000-0  00000+0 0  9994
2 26407  56.3335 321.1446 0195359 275.5243 269.0090  2.00560716136325
1 26407U 00040A   19053.25794641 -.00000059  00000-0  00000+0 0  9993
2 26407  56.3327 321.1008 0195312 275.5353 353.6316  2.00560729136359
1 26407U 00040A   19053.71742918 -.00000063  00000-0  00000-0 0  9990
2 26407  56.3324 321.0828 0195294 275.5399 325.3904  2.00560735136361
1 26407U 00040A   19054.26608245 -.00000067  00000-0  00000+0 0  9998
2 26407  56.3320 321.0612 0195275 275.5453   1.5330  2.00560745136376
1 26407U 00040A   19054.73853743 -.00000071  00000-0  00000-0 0  9991
2 26407  56.3317 321.0427 0195256 275.5503 342.6579  2.00560755136387
1 26407U 00040A   19055.59875505 -.00000076  00000-0  00000-0 0  9991
2 26407  56.3311 321.0089 0195218 275.5605 243.7566  2.00560772136393
1 26407U 00040A   19056.11192694 -.00000078  00000-0  00000+0 0  9992
2 26407  56.3307 320.9887 0195190 275.5657 254.2803  2.00560784136404
1 26407U 00040A   19056.63025037 -.00000080  00000-0  00000+0 0  9998
2 26407  56.3304 320.9683 0195162 275.5711 268.5236  2.00560797136418
1 26407U 00040A   19056.63025037 -.00000080  00000-0  00000-0 0  9999
2 26407  56.3304 320.9683 0195162 275.5711 268.5236  2.00560797136429
1 26407U 00040A   19057.78118868 -.00000080  00000-0  00000-0 0  9991
2 26407  56.3297 320.9231 0195120 275.5827  19.5319  2.00560826136442
1 26407U 00040A   19058.24969505 -.00000078  00000-0  00000+0 0  9991
2 26407  56.3294 320.9047 0195102 275.5873 357.8062  2.00560841136456
1 26407U 00040A   19058.72595883 -.00000076  00000-0  00000+0 0  9996
2 26407  56.3291 320.8860 0195066 275.5915 341.6821  2.00560854136460
1 26407U 00040A   19058.72595883 -.00000076  00000-0  00000-0 0  9997
2 26407  56.3291 320.8860 0195066 275.5915 341.6821  2.00560854136460
1 26407U 00040A   19059.73810602 -.00000071  00000-0  00000-0 0  9993
2 26407  56.3284 320.8463 0195021 275.6007 352.4804  2.00560879136485
1 26407U 00040A   19060.12042437 -.00000068  00000-0  00000+0 0  9996
2 26407  56.3282 320.8313 0194997 275.6042 268.5248  2.00560887136496
1 26407U 00040A   19060.12042437 -.00000068  00000-0  00000-0 0  9997
2 26407  56.3282 320.8313 0194997 275.6042 268.5248  2.00560887136496
1 26407U 00040A   19061.22615927 -.00000060  00000-0  00000+0 0  9990
2 26407  56.3274 320.7879 0194940 275.6113 346.8992  2.00560911136517
1 26407U 00040A   19061.22615927 -.00000060  00000-0  00000-0 0  9991
2 26407  56.3274 320.7879 0194940 275.6113 346.8992  2.00560911136517
1 26407U 00040A   19062.77739432 -.00000050  00000-0  00000+0 0  9998
2 26407  56.3264 320.7270 0194895 275.6239  26.9358  2.00560929136543
1 26407U 00040A   19062.77739432 -.00000050  00000-0  00000-0 0  9999
2 26407  56.3264 320.7270 0194895 275.6239  26.9358  2.00560929136543
1 26407U 00040A   19063.72345913 -.00000045  00000-0  00000-0 0  9996
2 26407  56.3258 320.6899 0194857 275.6312 350.0223  2.00560930136568
1 26407U 00040A   19064.59612703 -.00000042  00000-0  00000+0 0  9992
2 26407  56.3253 320.6556 0194814 275.6380 260.1140  2.00560923136573
1 26407U 00040A   19065.60091892 -.00000039  00000-0  00000+0 0  9991
2 26407  56.3246 320.6162 0194756 275.6465 265.6024  2.00560909136594
1 26407U 00040A   19066.22075612 -.00000038  00000-0  00000+0 0  9991
2 26407  56.3243 320.5919 0194729 275.6524 353.1420  2.00560898136619
1 26407U 00040A   19067.66738215 -.00000036  00000-0  00000+0 0  9993
2 26407  56.3234 320.5351 0194662 275.6628 317.6489  2.00560862136644
1 26407U 00040A   19067.66738215 -.00000036  00000-0  00000-0 0  9994
2 26407  56.3234 320.5351 0194662 275.6628 317.6489  2.00560862136644
1 26407U 00040A   19068.64388679 -.00000036  00000-0  00000+0 0  9997
2 26407  56.3227 320.4968 0194617 275.6694 302.7146  2.00560832136666
1 26407U 00040A   19068.64388679 -.00000036  00000-0  00000-0 0  9998
2 26407  56.3227 320.4968 0194617 275.6694 302.7146  2.00560832136666
1 26407U 00040A   19070.09055953 -.00000035  00000-0  00000+0 0  9994
2 26407  56.3218 320.4400 0194549 275.6787 267.2563  2.00560783136690
1 26407U 00040A   19070.59271517 -.00000034  00000-0  00000-0 0  9995
2 26407  56.3215 320.4202 0194531 275.6823 269.8275  2.00560767136701
1 26407U 00040A   19071.15731274 -.00000034  00000-0  00000+0 0  9998
2 26407  56.3211 320.3980 0194506 275.6867 317.4835  2.00560751136715
1 26407U 00040A   19071.59962463 -.00000033  00000-0  00000+0 0  9991
2 26407  56.3209 320.3806 0194497 275.6899 276.8458  2.00560737136727
1 26407U 00040A   19071.59962463 -.00000033  00000-0  00000-0 0  9992
2 26407  56.3209 320.3806 0194497 275.6899 276.8458  2.00560737136727
1 26407U 00040A   19072.59327444 -.00000031  00000-0  00000+0 0  9994
2 26407  56.3202 320.3416 0194450 275.6973 274.2900  2.00560707136742
1 26407U 00040A   19072.59327444 -.00000031  00000-0  00000-0 0  9995
2 26407  56.3202 320.3416 0194450 275.6973 274.2900  2.00560707136742
1 26407U 00040A   19073.58999866 -.00000028  00000-0  00000-0 0  9994
2 26407  56.3196 320.3023 0194393 275.7041 273.9545  2.00560677136760
1 26407U 00040A   19074.15059977 -.00000027  00000-0  00000+0 0  9996
2 26407  56.3193 320.2803 0194367 275.7085 318.7248  2.00560665136777
1 26407U 00040A   19074.62864267 -.00000026  00000-0  00000-0 0  9994
2 26407  56.3190 320.2615 0194350 275.7127 303.8852  2.00560656136781
1 26407U 00040A   19075.12988219 -.00000025  00000-0  00000+0 0  9992
2 26407  56.3186 320.2418 0194326 275.7166 305.7946  2.00560648136790
1 26407U 00040A   19076.07132668 -.00000023  00000-0  00000+0 0  9994
2 26407  56.3180 320.2048 0194295 275.7240 265.5446  2.00560633136816
1 26407U 00040A   19077.14909514 -.00000024  00000-0  00000+0 0  9996
2 26407  56.3173 320.1624 0194259 275.7230 323.7340  2.00560632136837
1 26407U 00040A   19077.63856272 -.00000025  00000-0  00000-0 0  9994
2 26407  56.3170 320.1431 0194240 275.7262 317.1443  2.00560629136843
1 26407U 00040A   19078.12206969 -.00000027  00000-0  00000+0 0  9992
2 26407  56.3167 320.1241 0194257 275.7352 306.2455  2.00560633136854
1 26407U 00040A   19078.12206969 -.00000027  00000-0  00000-0 0  9993
2 26407  56.3167 320.1241 0194257 275.7352 306.2455  2.00560633136854
1 26407U 00040A   19079.57688166 -.00000036  00000-0  00000-0 0  9996
2 26407  56.3158 320.0670 0194202 275.7449 276.6633  2.00560640136885
1 26407U 00040A   19080.59864333 -.00000045  00000-0  00000+0 0  9991
2 26407  56.3151 320.0268 0194160 275.7515 294.4060  2.00560650136904
1 26407U 00040A   19081.60633215 -.00000053  00000-0  00000+0 0  9996
2 26407  56.3144 319.9872 0194130 275.7583 301.9875  2.00560666136923
1 26407U 00040A   19082.23236747 -.00000058  00000-0  00000-0 0  9991
2 26407  56.3141 319.9626 0194050 275.7614  34.0044  2.00560667136937
1 26407U 00040A   19083.55094760 -.00000065  00000-0  00000+0 0  9991
2 26407  56.3132 319.9108 0193992 275.7710 266.0578  2.00560696136956
1 26407U 00040A   19084.19295049 -.00000066  00000-0  00000+0 0  9996
2 26407  56.3128 319.8855 0193966 275.7742   9.6043  2.00560710136972
1 26407U 00040A   19084.73280644 -.00000067  00000-0  00000+0 0  9992
2 26407  56.3125 319.8643 0193955 275.7786  39.3958  2.00560726136983
1 26407U 00040A   19084.73280644 -.00000067  00000-0  00000-0 0  9993
2 26407  56.3125 319.8643 0193955 275.7786  39.3958  2.00560726136983
1 26407U 00040A   19087.23376478 -.00000057  00000-0  00000+0 0  9990
2 26407  56.3110 319.7661 0193851 275.7932  45.1647  2.00560793137035
1 26407U 00040A   19087.47387082 -.00000055  00000-0  00000+0 0  9997
2 26407  56.3109 319.7566 0193840 275.7981 218.5253  2.00560805137032
1 26407U 00040A   19088.02530594 -.00000051  00000-0  00000+0 0  9993
2 26407  56.3106 319.7350 0193823 275.8018 256.6780  2.00560819137047
1 26407U 00040A   19089.58198227 -.00000041  00000-0  00000+0 0  9997
2 26407  56.3096 319.6738 0193760 275.8079 300.6495  2.00560845137076
1 26407U 00040A   19090.61917615 -.00000036  00000-0  00000-0 0  9998
2 26407  56.3090 319.6331 0193714 275.8111 329.5384  2.00560853137105
1 26407U 00040A   19091.53769052 -.00000032  00000-0  00000+0 0  9995
2 26407  56.3084 319.5971 0193681 275.8147 272.7359  2.00560848137115
1 26407U 00040A   19092.52427392 -.00000030  00000-0  00000+0 0  9991
2 26407  56.3079 319.5584 0193645 275.8191 265.0809  2.00560838137134
1 26407U 00040A   19092.70386782 -.00000029  00000-0  00000+0 0  9996
2 26407  56.3077 319.5513 0193648 275.8225  34.7511  2.00560840137140
1 26407U 00040A   19092.70386782 -.00000029  00000-0  00000-0 0  9997
2 26407  56.3077 319.5513 0193648 275.8225  34.7511  2.00560840137140
1 26407U 00040A   19094.59035921 -.00000027  00000-0  00000+0 0  9999
2 26407  56.3066 319.4773 0193577 275.8300 316.8595  2.00560799137183
1 26407U 00040A   19096.21866578 -.00000027  00000-0  00000+0 0  9990
2 26407  56.3057 319.4134 0193527 275.8385  52.5482  2.00560753137215
1 26407U 00040A   19097.01104303 -.00000027  00000-0  00000+0 0  9990
2 26407  56.3052 319.3823 0193499 275.8397 264.6723  2.00560728137222
1 26407U 00040A   19098.03614852 -.00000026  00000-0  00000+0 0  9997
2 26407  56.3045 319.3421 0193470 275.8467 284.8290  2.00560695137243
1 26407U 00040A   19099.64928262 -.00000023  00000-0  00000+0 0  9995
2 26407  56.3035 319.2787 0193411 275.8511   9.5663  2.00560648137289
1 26407U 00040A   19099.64928262 -.00000023  00000-0  00000-0 0  9996
2 26407  56.3035 319.2787 0193411 275.8511   9.5663  2.00560648137289
1 26407U 00040A   19100.67609986 -.00000021  00000-0  00000-0 0  9999
2 26407  56.3029 319.2384 0193362 275.8512  30.9658  2.00560618137303
1 26407U 00040A   19101.49780405 -.00000019  00000-0  00000+0 0  9992
2 26407  56.3024 319.2061 0193335 275.8543 264.2629  2.00560596137310
1 26407U 00040A   19101.69095456 -.00000018  00000-0  00000-0 0  9999
2 26407  56.3023 319.1985 0193330 275.8557  43.7233  2.00560592137321
1 26407U 00040A   19102.50290778 -.00000017  00000-0  00000+0 0  9992
2 26407  56.3018 319.1666 0193313 275.8611 269.9777  2.00560577137332
1 26407U 00040A   19103.64409527 -.00000016  00000-0  00000-0 0  9992
2 26407  56.3011 319.1218 0193268 275.8663  13.9513  2.00560560137364
1 26407U 00040A   19104.72803656 -.00000018  00000-0  00000+0 0  9994
2 26407  56.3004 319.0792 0193233 275.8696  76.5930  2.00560547137385
1 26407U 00040A   19105.49007685 -.00000021  00000-0  00000+0 0  9991
2 26407  56.2999 319.0493 0193206 275.8729 266.8104  2.00560545137398
1 26407U 00040A   19106.21451078 -.00000025  00000-0  00000+0 0  9995
2 26407  56.2995 319.0208 0193182 275.8756  69.8754  2.00560545137416
1 26407U 00040A   19107.70191631 -.00000038  00000-0  00000-0 0  9991
2 26407  56.2985 318.9624 0193137 275.8802  63.8316  2.00560555137449
1 26407U 00040A   19108.71577837 -.00000047  00000-0  00000+0 0  9998
2 26407  56.2979 318.9225 0193117 275.8877  75.8695  2.00560573137464
1 26407U 00040A   19108.71577837 -.00000047  00000-0  00000-0 0  9999
2 26407  56.2979 318.9225 0193117 275.8877  75.8695  2.00560573137464
1 26407U 00040A   19110.67218288 -.00000061  00000-0  00000+0 0  9994
2 26407  56.2967 318.8457 0193056 275.8928  48.4596  2.00560614137503
1 26407U 00040A   19111.68847630 -.00000064  00000-0  00000+0 0  9998
2 26407  56.2960 318.8058 0193020 275.8946  62.2587  2.00560639137527
1 26407U 00040A   19112.62606854 -.00000063  00000-0  00000+0 0  9993
2 26407  56.2954 318.7689 0192986 275.8938  19.2352  2.00560665137543
1 26407U 00040A   19113.71411185 -.00000060  00000-0  00000-0 0  9993
2 26407  56.2948 318.7262 0192960 275.8986  84.8373  2.00560691137571
1 26407U 00040A   19114.18076204 -.00000057  00000-0  00000-0 0  9990
2 26407  56.2945 318.7079 0192946 275.9001  61.7743  2.00560705137578
1 26407U 00040A   19114.97531502 -.00000053  00000-0  00000+0 0  9999
2 26407  56.2940 318.6767 0192918 275.9005 275.4701  2.00560723137588
1 26407U 00040A   19115.67242167 -.00000048  00000-0  00000-0 0  9998
2 26407  56.2936 318.6494 0192903 275.9014  58.8056  2.00560737137608
1 26407U 00040A   19115.96310443 -.00000047  00000-0  00000+0 0  9991
2 26407  56.2934 318.6380 0192893 275.9012 268.6892  2.00560741137600
1 26407U 00040A   19117.00347497 -.00000041  00000-0  00000+0 0  9991
2 26407  56.2928 318.5971 0192867 275.9006 299.8752  2.00560754137630
1 26407U 00040A   19117.69762793 -.00000038  00000-0  00000-0 0  9993
2 26407  56.2924 318.5699 0192862 275.9099  81.0698  2.00560761137649
1 26407U 00040A   19118.48915000 -.00000035  00000-0  00000+0 0  9998
2 26407  56.2919 318.5388 0192842 275.9083 292.5792  2.00560762137666
1 26407U 00040A   19118.64261090 -.00000034  00000-0  00000-0 0  9999
2 26407  56.2918 318.5328 0192837 275.9076  43.3843  2.00560762137664
1 26407U 00040A   19119.18568797 -.00000033  00000-0  00000+0 0  9991
2 26407  56.2915 318.5115 0192828 275.9079  75.5055  2.00560759137677
1 26407U 00040A   19120.11964396 -.00000032  00000-0  00000+0 0  9990
2 26407  56.2909 318.4749 0192805 275.9073  29.8563  2.00560750137690
1 26407U 00040A   19121.44841032 -.00000032  00000-0  00000+0 0  9998
2 26407  56.2901 318.4227 0192771 275.9072 269.2741  2.00560723137715
1 26407U 00040A   19121.68563462 -.00000032  00000-0  00000+0 0  9992
2 26407  56.2900 318.4134 0192766 275.9120  80.5540  2.00560718137725
1 26407U 00040A   19121.68563462 -.00000032  00000-0  00000-0 0  9993
2 26407  56.2900 318.4134 0192766 275.9120  80.5540  2.00560718137725
1 26407U 00040A   19122.69829729 -.00000032  00000-0  00000-0 0  9996
2 26407  56.2894 318.3737 0192743 275.9159  91.7295  2.00560690137755
1 26407U 00040A   19122.94702130 -.00000032  00000-0  00000+0 0  9999
2 26407  56.2892 318.3640 0192739 275.9153 271.3178  2.00560685137744
1 26407U 00040A   19123.71146734 -.00000032  00000-0  00000-0 0  9998
2 26407  56.2888 318.3339 0192720 275.9195 103.2716  2.00560662137779
1 26407U 00040A   19124.44077201 -.00000032  00000-0  00000+0 0  9990
2 26407  56.2884 318.3053 0192707 275.9197 269.8557  2.00560640137773
1 26407U 00040A   19124.65543454 -.00000032  00000-0  00000-0 0  9992
2 26407  56.2882 318.2969 0192698 275.9191  64.8505  2.00560633137788
1 26407U 00040A   19125.67071000 -.00000031  00000-0  00000+0 0  9996
2 26407  56.2876 318.2571 0192674 275.9172  77.9181  2.00560600137805
1 26407U 00040A   19126.42445295 -.00000030  00000-0  00000+0 0  9990
2 26407  56.2872 318.2275 0192662 275.9197 262.1453  2.00560577137810
1 26407U 00040A   19128.64253869 -.00000025  00000-0  00000+0 0  9994
2 26407  56.2858 318.1405 0192606 275.9188  63.6844  2.00560515137861
1 26407U 00040A   19129.42319998 -.00000023  00000-0  00000+0 0  9995
2 26407  56.2853 318.1099 0192593 275.9232 267.3456  2.00560499137874
1 26407U 00040A   19130.67263833 -.00000022  00000-0  00000+0 0  9999
2 26407  56.2845 318.0609 0192565 275.9265  89.4820  2.00560478137905
1 26407U 00040A   19130.67263833 -.00000022  00000-0  00000-0 0  9990
2 26407  56.2845 318.0609 0192565 275.9265  89.4820  2.00560478137916
1 26407U 00040A   19131.92529973 -.00000024  00000-0  00000+0 0  9990
2 26407  56.2837 318.0117 0192540 275.9289 273.9461  2.00560464137927
1 26407U 00040A   19131.92529973 -.00000024  00000-0  00000-0 0  9991
2 26407  56.2837 318.0117 0192540 275.9289 273.9461  2.00560464137938
1 26407U 00040A   19133.90985656 -.00000036  00000-0  00000+0 0  9997
2 26407  56.2824 317.9339 0192503 275.9304 266.8662  2.00560458137965
1 26407U 00040A   19134.65842128 -.00000043  00000-0  00000-0 0  9995
2 26407  56.2820 317.9045 0192495 275.9320  87.3554  2.00560463137998
1 26407U 00040A   19135.61969602 -.00000052  00000-0  00000+0 0  9998
2 26407  56.2813 317.8668 0192479 275.9305  61.4320  2.00560476138006
1 26407U 00040A   19135.66652944 -.00000053  00000-0  00000+0 0  9992
2 26407  56.2813 317.8650 0192480 275.9327  95.2453  2.00560477138006
1 26407U 00040A   19135.66652944 -.00000053  00000-0  00000-0 0  9993
2 26407  56.2813 317.8650 0192480 275.9327  95.2453  2.00560477138017
1 26407U 00040A   19139.65560095 -.00000074  00000-0  00000+0 0  9993
2 26407  56.2787 317.7085 0192437 275.9454  95.4861  2.00560561138087
1 26407U 00040A   19140.66312701 -.00000072  00000-0  00000-0 0  9994
2 26407  56.2780 317.6690 0192424 275.9515 102.9503  2.00560587138114
1 26407U 00040A   19141.13243990 -.00000070  00000-0  00000+0 0  9997
2 26407  56.2777 317.6506 0192418 275.9504  81.8122  2.00560600138115
1 26407U 00040A   19141.67838115 -.00000067  00000-0  00000+0 0  9991
2 26407  56.2774 317.6291 0192410 275.9546 115.9973  2.00560611138127
1 26407U 00040A   19141.67838115 -.00000067  00000-0  00000-0 0  9992
2 26407  56.2774 317.6291 0192410 275.9546 115.9973  2.00560611138138
1 26407U 00040A   19142.88327264 -.00000061  00000-0  00000-0 0  9998
2 26407  56.2766 317.5819 0192394 275.9425 265.9846  2.00560640138150
1 26407U 00040A   19143.08569878 -.00000059  00000-0  00000+0 0  9996
2 26407  56.2764 317.5740 0192395 275.9387  52.1476  2.00560646138150
1 26407U 00040A   19144.12210292 -.00000054  00000-0  00000+0 0  9990
2 26407  56.2758 317.5334 0192382 275.9346  80.4730  2.00560660138178
1 26407U 00040A   19144.65243258 -.00000052  00000-0  00000+0 0  9994
2 26407  56.2755 317.5126 0192378 275.9361 103.3887  2.00560664138189
1 26407U 00040A   19144.65243258 -.00000052  00000-0  00000-0 0  9995
2 26407  56.2755 317.5126 0192378 275.9361 103.3887  2.00560664138190
1 26407U 00040A   19146.61497378 -.00000047  00000-0  00000-0 0  9991
2 26407  56.2741 317.4357 0192357 275.9396  80.4111  2.00560665138225
1 26407U 00040A   19146.87879350 -.00000046  00000-0  00000+0 0  9991
2 26407  56.2739 317.4254 0192352 275.9402 270.8978  2.00560662138224
1 26407U 00040A   19147.85073970 -.00000046  00000-0  00000+0 0  9994
2 26407  56.2732 317.3873 0192342 275.9434 252.6750  2.00560650138242
1 26407U 00040A   19147.85073970 -.00000046  00000-0  00000-0 0  9995
2 26407  56.2732 317.3873 0192342 275.9434 252.6750  2.00560650138253
1 26407U 00040A   19148.61231476 -.00000046  00000-0  00000+0 0  9996
2 26407  56.2727 317.3574 0192330 275.9446  82.5586  2.00560636138267
1 26407U 00040A   19148.61231476 -.00000046  00000-0  00000-0 0  9997
2 26407  56.2727 317.3574 0192330 275.9446  82.5586  2.00560636138278
1 26407U 00040A   19151.14129830 -.00000047  00000-0  00000+0 0  9999
2 26407  56.2713 317.2583 0192303 275.9441 108.5767  2.00560572138311
1 26407U 00040A   19151.36577073 -.00000047  00000-0  00000+0 0  9999
2 26407  56.2712 317.2495 0192301 275.9456 270.6523  2.00560567138311
1 26407U 00040A   19152.09632903 -.00000046  00000-0  00000+0 0  9993
2 26407  56.2707 317.2209 0192288 275.9464  78.1410  2.00560546138336
1 26407U 00040A   19152.93711704 -.00000045  00000-0  00000-0 0  9993
2 26407  56.2701 317.1879 0192288 275.9422 325.2245  2.00560522138354
1 26407U 00040A   19153.09538118 -.00000045  00000-0  00000+0 0  9996
2 26407  56.2700 317.1817 0192286 275.9412  79.4979  2.00560516138357
1 26407U 00040A   19154.09146765 -.00000043  00000-0  00000+0 0  9998
2 26407  56.2693 317.1427 0192283 275.9398  78.7096  2.00560485138374
1 26407U 00040A   19154.59441446 -.00000042  00000-0  00000+0 0  9996
2 26407  56.2689 317.1229 0192264 275.9692  81.8315  2.00560661138381
1 26407U 00040A   19156.34330748 -.00000038  00000-0  00000+0 0  9998
2 26407  56.2678 317.0544 0192272 275.9403 264.6183  2.00560424138412
1 26407U 00040A   19157.34826184 -.00000036  00000-0  00000+0 0  9991
2 26407  56.2671 317.0150 0192266 275.9391 270.2326  2.00560405138430
1 26407U 00040A   19157.58207737 -.00000036  00000-0  00000+0 0  9994
2 26407  56.2669 317.0058 0192262 275.9388  79.0562  2.00560401138440
1 26407U 00040A   19157.58207737 -.00000036  00000-0  00000-0 0  9995
2 26407  56.2669 317.0058 0192262 275.9388  79.0562  2.00560401138440
1 26407U 00040A   19158.58715156 -.00000036  00000-0  00000-0 0  9995
2 26407  56.2662 316.9664 0192257 275.9385  84.7560  2.00560385138470
1 26407U 00040A   19159.56783839 -.00000039  00000-0  00000+0 0  9999
2 26407  56.2655 316.9280 0192253 275.9391  72.8464  2.00560375138480
1 26407U 00040A   19160.82995213 -.00000047  00000-0  00000-0 0  9991
2 26407  56.2646 316.8785 0192247 275.9414 264.1353  2.00560371138511
1 26407U 00040A   19161.56652726 -.00000053  00000-0  00000+0 0  9998
2 26407  56.2641 316.8497 0192250 275.9380  75.9724  2.00560373138525
1 26407U 00040A   19161.56652726 -.00000053  00000-0  00000-0 0  9999
2 26407  56.2641 316.8497 0192250 275.9380  75.9724  2.00560373138525
1 26407U 00040A   19162.56114953 -.00000063  00000-0  00000+0 0  9995
2 26407  56.2634 316.8107 0192250 275.9391  74.1243  2.00560381138545
1 26407U 00040A   19162.56114953 -.00000063  00000-0  00000-0 0  9996
2 26407  56.2634 316.8107 0192250 275.9391  74.1243  2.00560381138545
1 26407U 00040A   19164.49411828 -.00000080  00000-0  00000-0 0  9990
2 26407  56.2621 316.7349 0192254 275.9412  29.7948  2.00560410138581
1 26407U 00040A   19164.98451178 -.00000083  00000-0  00000+0 0  9998
2 26407  56.2617 316.7157 0192258 275.9389  23.8788  2.00560420138599
1 26407U 00040A   19165.55923980 -.00000086  00000-0  00000-0 0  9991
2 26407  56.2613 316.6932 0192263 275.9414  78.8505  2.00560433138603
1 26407U 00040A   19166.32177707 -.00000088  00000-0  00000+0 0  9996
2 26407  56.2608 316.6633 0192251 275.9500 269.4213  2.00560453138615
1 26407U 00040A   19167.56053547 -.00000087  00000-0  00000+0 0  9997
2 26407  56.2599 316.6147 0192255 275.9526  83.8468  2.00560487138646
1 26407U 00040A   19167.56053547 -.00000087  00000-0  00000-0 0  9998
2 26407  56.2599 316.6147 0192255 275.9526  83.8468  2.00560487138657
1 26407U 00040A   19169.80334074 -.00000076  00000-0  00000+0 0  9991
2 26407  56.2584 316.5269 0192249 275.9582 263.2272  2.00560541138681
1 26407U 00040A   19169.88749270 -.00000076  00000-0  00000+0 0  9997
2 26407  56.2584 316.5235 0192250 275.9571 323.9892  2.00560547138693
1 26407U 00040A   19169.88749270 -.00000076  00000-0  00000-0 0  9998
2 26407  56.2584 316.5235 0192250 275.9571 323.9892  2.00560547138693
1 26407U 00040A   19171.96427917 -.00000065  00000-0  00000+0 0  9998
2 26407  56.2570 316.4422 0192276 275.9507  23.5101  2.00560578138737
1 26407U 00040A   19172.45529574 -.00000063  00000-0  00000+0 0  9993
2 26407  56.2566 316.4229 0192283 275.9488  18.0436  2.00560581138748
1 26407U 00040A   19173.02531042 -.00000062  00000-0  00000+0 0  9999
2 26407  56.2562 316.4006 0192291 275.9488  69.6148  2.00560581138759
1 26407U 00040A   19173.49816920 -.00000061  00000-0  00000-0 0  9991
2 26407  56.2559 316.3820 0192295 275.9489  51.0358  2.00560580138761
1 26407U 00040A   19174.29006639 -.00000060  00000-0  00000+0 0  9996
2 26407  56.2553 316.3511 0192284 275.9529 262.8102  2.00560578138772
1 26407U 00040A   19174.53804120 -.00000060  00000-0  00000+0 0  9994
2 26407  56.2549 316.3405 0192248 276.0403  81.7721  2.00560722138789
1 26407U 00040A   19175.03104953 -.00000060  00000-0  00000+0 0  9997
2 26407  56.2548 316.3220 0192283 275.9558  77.8238  2.00560571138793
1 26407U 00040A   19176.02827249 -.00000060  00000-0  00000+0 0  9997
2 26407  56.2541 316.2830 0192281 275.9573  77.8532  2.00560554138818
1 26407U 00040A   19176.60418569 -.00000060  00000-0  00000+0 0  9992
2 26407  56.2537 316.2604 0192282 275.9616 133.6791  2.00560541138826
1 26407U 00040A   19176.60418569 -.00000060  00000-0  00000-0 0  9993
2 26407  56.2537 316.2604 0192282 275.9616 133.6791  2.00560541138837
1 26407U 00040A   19177.47322707 -.00000060  00000-0  00000-0 0  9997
2 26407  56.2531 316.2264 0192289 275.9608  41.1590  2.00560524138843
1 26407U 00040A   19177.96402568 -.00000060  00000-0  00000+0 0  9994
2 26407  56.2527 316.2071 0192292 275.9603  35.5337  2.00560511138856
1 26407U 00040A   19178.45031041 -.00000060  00000-0  00000-0 0  9994
2 26407  56.2524 316.1881 0192299 275.9579  26.6512  2.00560499138862
1 26407U 00040A   19179.47241744 -.00000059  00000-0  00000+0 0  9997
2 26407  56.2517 316.1480 0192305 275.9577  44.6493  2.00560467138880
1 26407U 00040A   19179.79650667 -.00000058  00000-0  00000-0 0  9990
2 26407  56.2514 316.1353 0192300 275.9606 278.6506  2.00560459138890
1 26407U 00040A   19180.46998633 -.00000057  00000-0  00000-0 0  9993
2 26407  56.2509 316.1089 0192295 275.9617  44.9261  2.00560442138901
1 26407U 00040A   19181.02048413 -.00000056  00000-0  00000+0 0  9996
2 26407  56.2505 316.0873 0192297 275.9615  82.4054  2.00560425138916
1 26407U 00040A   19183.61476208 -.00000047  00000-0  00000+0 0  9990
2 26407  56.2487 315.9855 0192305 275.9665 155.5620  2.00560359138960
1 26407U 00040A   19184.50833275 -.00000045  00000-0  00000+0 0  9998
2 26407  56.2480 315.9504 0192304 275.9695  80.7490  2.00560343138985
1 26407U 00040A   19185.50957397 -.00000044  00000-0  00000+0 0  9990
2 26407  56.2473 315.9112 0192310 275.9714  83.6791  2.00560327139003
1 26407U 00040A   19186.51099785 -.00000046  00000-0  00000+0 0  9992
2 26407  56.2465 315.8719 0192322 275.9732  86.7410  2.00560314139029
1 26407U 00040A   19187.50480112 -.00000050  00000-0  00000+0 0  9995
2 26407  56.2458 315.8329 0192323 275.9761  84.2997  2.00560312139044
1 26407U 00040A   19188.52642730 -.00000057  00000-0  00000+0 0  9991
2 26407  56.2451 315.7928 0192337 275.9780 101.9484  2.00560313139068
1 26407U 00040A   19189.50112059 -.00000066  00000-0  00000-0 0  9997
2 26407  56.2443 315.7546 0192344 275.9804  85.7095  2.00560320139098
1 26407U 00040A   19189.99388885 -.00000071  00000-0  00000+0 0  9997
2 26407  56.2440 315.7352 0192348 275.9819  81.5043  2.00560325139092
1 26407U 00040A   19190.60676792 -.00000077  00000-0  00000+0 0  9990
2 26407  56.2435 315.7112 0192355 275.9845 164.0223  2.00560331139103
1 26407U 00040A   19190.60676792 -.00000077  00000-0  00000-0 0  9991
2 26407  56.2435 315.7112 0192355 275.9845 164.0223  2.00560331139114
1 26407U 00040A   19191.42172244 -.00000084  00000-0  00000+0 0  9992
2 26407  56.2429 315.6792 0192367 275.9876  32.4455  2.00560348139121
1 26407U 00040A   19191.42172244 -.00000084  00000-0  00000-0 0  9993
2 26407  56.2429 315.6792 0192367 275.9876  32.4455  2.00560348139121
1 26407U 00040A   19193.54035463 -.00000093  00000-0  00000+0 0  9998
2 26407  56.2414 315.5961 0192400 275.9969 122.1644  2.00560391139162
1 26407U 00040A   19194.48055312 -.00000093  00000-0  00000+0 0  9997
2 26407  56.2407 315.5592 0192408 276.0004  81.0179  2.00560421139186
1 26407U 00040A   19195.58204564 -.00000089  00000-0  00000+0 0  9999
2 26407  56.2399 315.5160 0192416 276.0050 156.3304  2.00560451139209
1 26407U 00040A   19195.98786826 -.00000087  00000-0  00000+0 0  9997
2 26407  56.2396 315.5001 0192424 276.0059  89.3480  2.00560462139211
1 26407U 00040A   19196.48260207 -.00000084  00000-0  00000+0 0  9990
2 26407  56.2393 315.4807 0192428 276.0075  86.5619  2.00560476139222
1 26407U 00040A   19196.48260207 -.00000084  00000-0  00000-0 0  9991
2 26407  56.2393 315.4807 0192428 276.0075  86.5619  2.00560476139233
1 26407U 00040A   19198.48645757 -.00000072  00000-0  00000+0 0  9996
2 26407  56.2378 315.4021 0192446 276.0134  93.4117  2.00560519139261
1 26407U 00040A   19199.45774616 -.00000068  00000-0  00000+0 0  9996
2 26407  56.2371 315.3640 0192461 276.0161  74.7143  2.00560533139286
1 26407U 00040A   19199.71446406 -.00000067  00000-0  00000-0 0  9998
2 26407  56.2369 315.3539 0192469 276.0154 260.0745  2.00560531139297
1 26407U 00040A   19200.45837743 -.00000065  00000-0  00000+0 0  9997
2 26407  56.2364 315.3247 0192481 276.0189  77.2032  2.00560536139304
1 26407U 00040A   19201.60022640 -.00000063  00000-0  00000-0 0  9996
2 26407  56.2356 315.2800 0192492 276.0224 181.6557  2.00560529139338
1 26407U 00040A   19202.48128771 -.00000062  00000-0  00000+0 0  9993
2 26407  56.2349 315.2455 0192501 276.0259  97.8101  2.00560525139345
1 26407U 00040A   19203.56216292 -.00000062  00000-0  00000+0 0  9999
2 26407  56.2342 315.2031 0192509 276.0289 158.2379  2.00560506139369
1 26407U 00040A   19204.45892618 -.00000062  00000-0  00000+0 0  9990
2 26407  56.2335 315.1679 0192517 276.0320  85.7300  2.00560490139385
1 26407U 00040A   19205.45686391 -.00000061  00000-0  00000-0 0  9990
2 26407  56.2328 315.1287 0192541 276.0325  86.2763  2.00560461139415
1 26407U 00040A   19206.46936053 -.00000060  00000-0  00000+0 0  9993
2 26407  56.2321 315.0889 0192541 276.0375  97.3304  2.00560439139420
1 26407U 00040A   19206.46936053 -.00000060  00000-0  00000-0 0  9994
2 26407  56.2321 315.0889 0192541 276.0375  97.3304  2.00560439139420
1 26407U 00040A   19208.45464196 -.00000054  00000-0  00000-0 0  9992
2 26407  56.2306 315.0109 0192563 276.0447  90.7676  2.00560384139464
1 26407U 00040A   19209.68500137 -.00000049  00000-0  00000-0 0  9998
2 26407  56.2297 314.9626 0192581 276.0500 259.1257  2.00560350139486
1 26407U 00040A   19211.42646736 -.00000042  00000-0  00000-0 0  9992
2 26407  56.2285 314.8942 0192605 276.0583  76.5180  2.00560306139523
1 26407U 00040A   19212.42713587 -.00000039  00000-0  00000-0 0  9998
2 26407  56.2277 314.8549 0192616 276.0636  79.0310  2.00560287139541
1 26407U 00040A   19213.43221832 -.00000039  00000-0  00000-0 0  9997
2 26407  56.2269 314.8154 0192626 276.0687  84.7314  2.00560273139565
1 26407U 00040A   19215.49931435 -.00000048  00000-0  00000+0 0  9991
2 26407  56.2254 314.7342 0192649 276.0806 137.2365  2.00560259139604
1 26407U 00040A   19215.49931435 -.00000048  00000-0  00000-0 0  9992
2 26407  56.2254 314.7342 0192649 276.0806 137.2365  2.00560259139604
1 26407U 00040A   19216.53473425 -.00000056  00000-0  00000-0 0  9997
2 26407  56.2246 314.6935 0192662 276.0876 164.8396  2.00560261139629
1 26407U 00040A   19217.41500104 -.00000064  00000-0  00000+0 0  9998
2 26407  56.2240 314.6589 0192666 276.0933  80.4180  2.00560270139642
1 26407U 00040A   19218.55252047 -.00000074  00000-0  00000+0 0  9995
2 26407  56.2232 314.6141 0192707 276.0999 181.7408  2.00560277139662
1 26407U 00040A   19219.65256208 -.00000081  00000-0  00000+0 0  9998
2 26407  56.2224 314.5709 0192723 276.1092 256.0007  2.00560296139689
1 26407U 00040A   19219.65256208 -.00000081  00000-0  00000-0 0  9999
2 26407  56.2224 314.5709 0192723 276.1092 256.0007  2.00560296139690
1 26407U 00040A   19222.40554222 -.00000081  00000-0  00000+0 0  9992
2 26407  56.2204 314.4626 0192772 276.1290  83.7309  2.00560368139745
1 26407U 00040A   19222.53651972 -.00000080  00000-0  00000+0 0  9995
2 26407  56.2203 314.4575 0192783 276.1304 178.2997  2.00560365139745
1 26407U 00040A   19223.91257892 -.00000073  00000-0  00000+0 0  9993
2 26407  56.2194 314.4034 0192783 276.1388  91.8551  2.00560402139777
1 26407U 00040A   19223.91257892 -.00000073  00000-0  00000-0 0  9994
2 26407  56.2194 314.4034 0192783 276.1388  91.8551  2.00560402139788
1 26407U 00040A   19226.52896174 -.00000057  00000-0  00000+0 0  9997
2 26407  56.2175 314.3006 0192824 276.1558 180.9601  2.00560449139822
1 26407U 00040A   19227.42418095 -.00000054  00000-0  00000+0 0  9996
2 26407  56.2169 314.2655 0192843 276.1620 107.3342  2.00560459139843
1 26407U 00040A   19228.43109744 -.00000052  00000-0  00000-0 0  9995
2 26407  56.2162 314.2259 0192855 276.1691 114.3569  2.00560459139879
1 26407U 00040A   19229.47447243 -.00000051  00000-0  00000+0 0  9997
2 26407  56.2156 314.1850 0192863 276.1756 147.7044  2.00560452139881
1 26407U 00040A   19229.81882801 -.00000051  00000-0  00000-0 0  9999
2 26407  56.2153 314.1714 0192875 276.1779  36.3390  2.00560450139891
1 26407U 00040A   19230.50911406 -.00000051  00000-0  00000-0 0  9991
2 26407  56.2149 314.1443 0192879 276.1823 174.7458  2.00560435139906
1 26407U 00040A   19231.39220855 -.00000050  00000-0  00000+0 0  9998
2 26407  56.2143 314.1097 0192887 276.1891  92.3647  2.00560418139927
1 26407U 00040A   19231.39220855 -.00000050  00000-0  00000-0 0  9999
2 26407  56.2143 314.1097 0192887 276.1891  92.3647  2.00560418139938
1 26407U 00040A   19232.37097013 -.00000049  00000-0  00000+0 0  9993
2 26407  56.2136 314.0712 0192899 276.1953  79.0593  2.00560396139943
1 26407U 00040A   19232.37097013 -.00000049  00000-0  00000-0 0  9994
2 26407  56.2136 314.0712 0192899 276.1953  79.0593  2.00560396139943
1 26407U 00040A   19234.36992108 -.00000045  00000-0  00000+0 0  9999
2 26407  56.2122 313.9926 0192926 276.2085  82.3599  2.00560340139987
1 26407U 00040A   19235.86550505 -.00000039  00000-0  00000-0 0  9990
2 26407  56.2112 313.9338 0192956 276.2205  82.2126  2.00560293140029
1 26407U 00040A   19236.37726892 -.00000036  00000-0  00000+0 0  9997
2 26407  56.2108 313.9137 0192961 276.2247  91.7201  2.00560277140024
1 26407U 00040A   19237.85360608 -.00000029  00000-0  00000-0 0  9993
2 26407  56.2098 313.8555 0192974 276.2384  77.6743  2.00560235140052
1 26407U 00040A   19238.47840795 -.00000026  00000-0  00000+0 0  9998
2 26407  56.2094 313.8309 0192992 276.2436 168.7980  2.00560214140066
1 26407U 00040A   19239.65493571 -.00000022  00000-0  00000+0 0  9991
2 26407  56.2086 313.7847 0193039 276.2546 298.2812  2.00560182140087
1 26407U 00040A   19240.35212826 -.00000022  00000-0  00000+0 0  9992
2 26407  56.2081 313.7572 0193045 276.2605  81.6730  2.00560169140101
1 26407U 00040A   19241.35188344 -.00000023  00000-0  00000+0 0  9991
2 26407  56.2074 313.7179 0193061 276.2702  83.5218  2.00560152140128
1 26407U 00040A   19242.79530064 -.00000030  00000-0  00000+0 0  9998
2 26407  56.2063 313.6610 0193082 276.2846  45.7056  2.00560141140158
1 26407U 00040A   19242.79530064 -.00000030  00000-0  00000-0 0  9999
2 26407  56.2063 313.6610 0193082 276.2846  45.7056  2.00560141140158
1 26407U 00040A   19244.33035556 -.00000043  00000-0  00000+0 0  9990
2 26407  56.2052 313.6006 0193113 276.2983  74.0556  2.00560137140180
1 26407U 00040A   19244.83865271 -.00000047  00000-0  00000+0 0  9994
2 26407  56.2049 313.5806 0193118 276.3037  81.0586  2.00560140140195
1 26407U 00040A   19244.83865271 -.00000047  00000-0  00000-0 0  9995
2 26407  56.2049 313.5806 0193118 276.3037  81.0586  2.00560140140195
1 26407U 00040A   19247.33265264 -.00000064  00000-0  00000+0 0  9997
2 26407  56.2031 313.4824 0193154 276.3309  81.7875  2.00560175140249
1 26407U 00040A   19248.33332759 -.00000066  00000-0  00000+0 0  9994
2 26407  56.2025 313.4430 0193159 276.3426  84.2984  2.00560197140265
1 26407U 00040A   19249.56397552 -.00000063  00000-0  00000+0 0  9999
2 26407  56.2017 313.3945 0193174 276.3553 252.8567  2.00560218140280
1 26407U 00040A   19250.42238728 -.00000058  00000-0  00000+0 0  9999
2 26407  56.2011 313.3607 0193184 276.3650 152.6506  2.00560242140308
1 26407U 00040A   19250.99474069 -.00000055  00000-0  00000+0 0  9998
2 26407  56.2007 313.3382 0193224 276.3734 205.9011  2.00560246140319
1 26407U 00040A   19252.44205698 -.00000046  00000-0  00000+0 0  9990
2 26407  56.1997 313.2812 0193241 276.3882 170.8998  2.00560281140342
1 26407U 00040A   19253.42911729 -.00000040  00000-0  00000+0 0  9992
2 26407  56.1990 313.2423 0193253 276.3979 163.5825  2.00560300140365
1 26407U 00040A   19253.81198594 -.00000039  00000-0  00000+0 0  9990
2 26407  56.1988 313.2273 0193261 276.4030  80.0221  2.00560308140375
1 26407U 00040A   19253.81198594 -.00000039  00000-0  00000-0 0  9991
2 26407  56.1988 313.2273 0193261 276.4030  80.0221  2.00560308140375
1 26407U 00040A   19254.44199435 -.00000037  00000-0  00000-0 0  9994
2 26407  56.1984 313.2025 0193271 276.4095 174.9040  2.00560312140397
1 26407U 00040A   19255.37992251 -.00000034  00000-0  00000+0 0  9990
2 26407  56.1977 313.1656 0193279 276.4194 132.1114  2.00560319140403
1 26407U 00040A   19256.38907309 -.00000034  00000-0  00000+0 0  9992
2 26407  56.1971 313.1259 0193283 276.4294 140.7438  2.00560317140426
1 26407U 00040A   19257.40655696 -.00000033  00000-0  00000+0 0  9994
2 26407  56.1964 313.0859 0193289 276.4401 155.3925  2.00560308140444
1 26407U 00040A   19258.29863875 -.00000033  00000-0  00000+0 0  9992
2 26407  56.1959 313.0508 0193286 276.4500  79.4971  2.00560297140462
1 26407U 00040A   19258.80778639 -.00000033  00000-0  00000-0 0  9993
2 26407  56.1956 313.0307 0193288 276.4555  87.1141  2.00560286140483
1 26407U 00040A   19259.30369463 -.00000033  00000-0  00000+0 0  9999
2 26407  56.1952 313.0112 0193282 276.4602  85.1727  2.00560276140487
1 26407U 00040A   19260.76748255 -.00000030  00000-0  00000+0 0  9998
2 26407  56.1943 312.9536 0193281 276.4745  62.0650  2.00560243140519
1 26407U 00040A   19260.76748255 -.00000030  00000-0  00000-0 0  9999
2 26407  56.1943 312.9536 0193281 276.4745  62.0650  2.00560243140519
1 26407U 00040A   19262.45301109 -.00000024  00000-0  00000-0 0  9993
2 26407  56.1932 312.8873 0193384 276.5069 199.0423  2.00560171140557
1 26407U 00040A   19263.49216344 -.00000020  00000-0  00000+0 0  9999
2 26407  56.1925 312.8464 0193387 276.5186 229.3352  2.00560141140564
1 26407U 00040A   19263.79032434 -.00000018  00000-0  00000-0 0  9996
2 26407  56.1923 312.8346 0193387 276.5229  84.6136  2.00560133140584
1 26407U 00040A   19264.27632139 -.00000016  00000-0  00000+0 0  9995
2 26407  56.1920 312.8155 0193388 276.5282  75.5152  2.00560117140588
1 26407U 00040A   19265.42635750 -.00000010  00000-0  00000+0 0  9999
2 26407  56.1912 312.7702 0193387 276.5353 185.8744  2.00560078140605
1 26407U 00040A   19266.28396799 -.00000007  00000-0  00000+0 0  9997
2 26407  56.1906 312.7364 0193385 276.5467  85.0878  2.00560056140623
1 26407U 00040A   19267.51095616 -.00000004  00000-0  00000+0 0  9995
2 26407  56.1898 312.6881 0193363 276.5574 251.0054  2.00560031140647
1 26407U 00040A   19268.50918833 -.00000005  00000-0  00000+0 0  9991
2 26407  56.1891 312.6488 0193366 276.5700 251.7513  2.00560013140666
1 26407U 00040A   19269.38227426 -.00000008  00000-0  00000+0 0  9992
2 26407  56.1885 312.6144 0193377 276.5812 162.1385  2.00560000140684
1 26407U 00040A   19270.26406726 -.00000014  00000-0  00000+0 0  9990
2 26407  56.1879 312.5797 0193379 276.5929  78.8121  2.00559996140707
1 26407U 00040A   19270.70339821 -.00000018  00000-0  00000-0 0  9995
2 26407  56.1876 312.5623 0193387 276.6000  36.0171  2.00559993140711
1 26407U 00040A   19271.25930389 -.00000023  00000-0  00000+0 0  9997
2 26407  56.1872 312.5405 0193388 276.6075  77.3928  2.00559993140727
1 26407U 00040A   19271.75851719 -.00000027  00000-0  00000+0 0  9995
2 26407  56.1869 312.5208 0193379 276.6125  77.8373  2.00559995140732
1 26407U 00040A   19271.75851719 -.00000027  00000-0  00000-0 0  9996
2 26407  56.1869 312.5208 0193379 276.6125  77.8373  2.00559995140732
1 26407U 00040A   19272.76359852 -.00000037  00000-0  00000-0 0  9990
2 26407  56.1862 312.4812 0193416 276.6305  83.5227  2.00559992140769
1 26407U 00040A   19273.35235645 -.00000042  00000-0  00000+0 0  9994
2 26407  56.1858 312.4580 0193417 276.6392 148.6177  2.00559999140767
1 26407U 00040A   19274.38802410 -.00000048  00000-0  00000+0 0  9994
2 26407  56.1851 312.4172 0193438 276.6571 176.3879  2.00560010140784
1 26407U 00040A   19274.90358763 -.00000050  00000-0  00000+0 0  9992
2 26407  56.1848 312.3968 0193442 276.6650 188.6347  2.00560018140790
1 26407U 00040A   19274.90358763 -.00000050  00000-0  00000-0 0  9993
2 26407  56.1848 312.3968 0193442 276.6650 188.6347  2.00560018140802
1 26407U 00040A   19278.48121163 -.00000040  00000-0  00000+0 0  9990
2 26407  56.1824 312.2558 0193423 276.7128 251.7563  2.00560109140869
1 26407U 00040A   19279.24450457 -.00000036  00000-0  00000+0 0  9991
2 26407  56.1819 312.2258 0193430 276.7231  82.8700  2.00560132140887
1 26407U 00040A   19279.80976668 -.00000033  00000-0  00000-0 0  9998
2 26407  56.1816 312.2036 0193439 276.7315 131.0005  2.00560140140907
1 26407U 00040A   19280.37905750 -.00000030  00000-0  00000+0 0  9992
2 26407  56.1812 312.1812 0193444 276.7394 182.0403  2.00560147140902
1 26407U 00040A   19280.70160591 -.00000029  00000-0  00000-0 0  9994
2 26407  56.1810 312.1685 0193455 276.7448  54.9259  2.00560153140914
1 26407U 00040A   19281.31985623 -.00000027  00000-0  00000+0 0  9990
2 26407  56.1806 312.1441 0193455 276.7536 141.3154  2.00560161140922
1 26407U 00040A   19281.78952899 -.00000025  00000-0  00000-0 0  9999
2 26407  56.1803 312.1257 0193452 276.7595 120.4296  2.00560167140949
1 26407U 00040A   19282.47433769 -.00000024  00000-0  00000+0 0  9994
2 26407  56.1798 312.0987 0193464 276.7697 254.8750  2.00560168140945
1 26407U 00040A   19282.88960796 -.00000024  00000-0  00000-0 0  9995
2 26407  56.1796 312.0823 0193465 276.7766 194.7078  2.00560170140960
1 26407U 00040A   19283.22546437 -.00000024  00000-0  00000+0 0  9995
2 26407  56.1793 312.0691 0193464 276.7818  77.2026  2.00560172140967
1 26407U 00040A   19283.79549910 -.00000024  00000-0  00000-0 0  9997
2 26407  56.1790 312.0467 0193460 276.7902 128.7791  2.00560169140984
1 26407U 00040A   19284.33048431 -.00000025  00000-0  00000+0 0  9990
2 26407  56.1787 312.0257 0193457 276.7983 155.0490  2.00560164140986
1 26407U 00040A   19284.67367545 -.00000025  00000-0  00000-0 0  9998
2 26407  56.1785 312.0122 0193462 276.8069  42.8362  2.00560158140992
1 26407U 00040A   19285.48640844 -.00000026  00000-0  00000+0 0  9994
2 26407  56.1779 311.9802 0193462 276.8193 269.6452  2.00560146141005
1 26407U 00040A   19285.76597925 -.00000026  00000-0  00000-0 0  9997
2 26407  56.1778 311.9692 0193457 276.8237 111.5008  2.00560142141024
1 26407U 00040A   19286.26477485 -.00000026  00000-0  00000+0 0  9990
2 26407  56.1775 311.9496 0193454 276.8308 111.6415  2.00560133141022
1 26407U 00040A   19286.67967687 -.00000026  00000-0  00000-0 0  9994
2 26407  56.1772 311.9332 0193454 276.8375  51.2084  2.00560124141034
1 26407U 00040A   19287.34808855 -.00000025  00000-0  00000+0 0  9998
2 26407  56.1768 311.9070 0193451 276.8457 173.8167  2.00560108141042
1 26407U 00040A   19287.79638962 -.00000024  00000-0  00000+0 0  9996
2 26407  56.1765 311.8893 0193448 276.8516 137.4997  2.00560098141059
1 26407U 00040A   19287.79638962 -.00000024  00000-0  00000-0 0  9997
2 26407  56.1765 311.8893 0193448 276.8516 137.4997  2.00560098141060
1 26407U 00040A   19289.45502525 -.00000020  00000-0  00000+0 0  9992
2 26407  56.1754 311.8240 0193446 276.8709 255.0729  2.00560054141080
1 26407U 00040A   19289.90099295 -.00000018  00000-0  00000-0 0  9995
2 26407  56.1751 311.8065 0193443 276.8768 217.0712  2.00560042141104
1 26407U 00040A   19290.37780733 -.00000016  00000-0  00000+0 0  9999
2 26407  56.1748 311.7877 0193442 276.8841 201.3404  2.00560028141109
1 26407U 00040A   19290.67218972 -.00000014  00000-0  00000-0 0  9992
2 26407  56.1746 311.7761 0193439 276.8901  53.8886  2.00560018141116
1 26407U 00040A   19291.46091010 -.00000011  00000-0  00000+0 0  9998
2 26407  56.1741 311.7450 0193436 276.9025 263.3596  2.00559992141127
1 26407U 00040A   19292.20273354 -.00000007  00000-0  00000+0 0  9999
2 26407  56.1736 311.7158 0193428 276.9155  78.9687  2.00559967141146
1 26407U 00040A   19292.67124660 -.00000005  00000-0  00000-0 0  9994
2 26407  56.1733 311.6974 0193426 276.9240  57.2427  2.00559952141158
1 26407U 00040A   19293.20769132 -.00000003  00000-0  00000+0 0  9990
2 26407  56.1730 311.6763 0193430 276.9341  84.5640  2.00559934141169
1 26407U 00040A   19296.31851281 -.00000003  00000-0  00000+0 0  9992
2 26407  56.1708 311.5538 0193405 276.9857 170.6324  2.00559861141229
1 26407U 00040A   19296.88380561 -.00000006  00000-0  00000-0 0  9996
2 26407  56.1704 311.5315 0193402 276.9957 218.7833  2.00559855141240
1 26407U 00040A   19297.24661109 -.00000009  00000-0  00000+0 0  9999
2 26407  56.1702 311.5172 0193395 277.0000 120.7369  2.00559850141242
1 26407U 00040A   19298.42651896 -.00000019  00000-0  00000+0 0  9993
2 26407  56.1693 311.4708 0193391 277.0215 252.6494  2.00559845141269
1 26407U 00040A   19298.71117022 -.00000022  00000-0  00000-0 0  9998
2 26407  56.1691 311.4596 0193381 277.0211  98.1778  2.00559846141288
1 26407U 00040A   19299.42691760 -.00000029  00000-0  00000+0 0  9999
2 26407  56.1686 311.4314 0193378 277.0352 254.9579  2.00559848141285
1 26407U 00040A   19299.68324734 -.00000032  00000-0  00000-0 0  9996
2 26407  56.1685 311.4213 0193376 277.0389  80.0330  2.00559849141295
1 26407U 00040A   19300.22670103 -.00000037  00000-0  00000+0 0  9997
2 26407  56.1681 311.3999 0193374 277.0488 112.4154  2.00559853141300
1 26407U 00040A   19301.34337685 -.00000046  00000-0  00000+0 0  9996
2 26407  56.1673 311.3558 0193365 277.0684 198.6741  2.00559867141325
1 26407U 00040A   19302.27051628 -.00000050  00000-0  00000+0 0  9994
2 26407  56.1667 311.3193 0193357 277.0850 148.0840  2.00559882141347
1 26407U 00040A   19303.71033464 -.00000051  00000-0  00000+0 0  9993
2 26407  56.1658 311.2626 0193340 277.1099 107.6575  2.00559912141378
1 26407U 00040A   19303.71033464 -.00000051  00000-0  00000-0 0  9994
2 26407  56.1658 311.2626 0193340 277.1099 107.6575  2.00559912141389
1 26407U 00040A   19304.73784762 -.00000048  00000-0  00000+0 0  9996
2 26407  56.1651 311.2221 0193328 277.1285 129.5386  2.00559935141395
1 26407U 00040A   19304.73784762 -.00000048  00000-0  00000-0 0  9997
2 26407  56.1651 311.2221 0193328 277.1285 129.5386  2.00559935141407
1 26407U 00040A   19306.41549841 -.00000040  00000-0  00000+0 0  9992
2 26407  56.1640 311.1560 0193317 277.1607 260.8276  2.00559970141424
1 26407U 00040A   19307.65517750 -.00000034  00000-0  00000+0 0  9996
2 26407  56.1631 311.1072 0193308 277.1831  75.8960  2.00559995141455
1 26407U 00040A   19308.86347553 -.00000031  00000-0  00000-0 0  9990
2 26407  56.1623 311.0597 0193294 277.2024 228.3093  2.00560011141482
1 26407U 00040A   19309.39187522 -.00000031  00000-0  00000+0 0  9996
2 26407  56.1619 311.0389 0193286 277.2074 249.8271  2.00560017141484
1 26407U 00040A   19309.74281427 -.00000031  00000-0  00000-0 0  9995
2 26407  56.1617 311.0250 0193281 277.2138 143.2108  2.00560020141508
1 26407U 00040A   19310.39860111 -.00000031  00000-0  00000+0 0  9990
2 26407  56.1613 310.9992 0193275 277.2252 256.7000  2.00560022141508
1 26407U 00040A   19313.14294306 -.00000035  00000-0  00000+0 0  9997
2 26407  56.1594 310.8913 0193222 277.2710  78.1635  2.00560003141564
1 26407U 00040A   19313.61231444 -.00000035  00000-0  00000+0 0  9993
2 26407  56.1591 310.8728 0193212 277.2794  57.0573  2.00559995141572
1 26407U 00040A   19313.86108332 -.00000035  00000-0  00000-0 0  9990
2 26407  56.1589 310.8630 0193209 277.2825 236.6739  2.00559990141587
1 26407U 00040A   19314.64223608 -.00000035  00000-0  00000+0 0  9990
2 26407  56.1584 310.8323 0193187 277.3000  80.6754  2.00559969141593
1 26407U 00040A   19315.86506442 -.00000033  00000-0  00000-0 0  9994
2 26407  56.1576 310.7842 0193165 277.3162 243.5831  2.00559938141620
1 26407U 00040A   19316.39080509 -.00000031  00000-0  00000+0 0  9991
2 26407  56.1572 310.7636 0193157 277.3258 263.1762  2.00559923141629
1 26407U 00040A   19316.69138694 -.00000030  00000-0  00000-0 0  9993
2 26407  56.1570 310.7517 0193147 277.3316 120.2008  2.00559913141646
1 26407U 00040A   19317.25736514 -.00000028  00000-0  00000+0 0  9997
2 26407  56.1566 310.7295 0193138 277.3405 168.8475  2.00559898141641
1 26407U 00040A   19317.62673258 -.00000027  00000-0  00000-0 0  9993
2 26407  56.1564 310.7149 0193131 277.3477  75.5361  2.00559887141656
1 26407U 00040A   19318.65458921 -.00000022  00000-0  00000+0 0  9999
2 26407  56.1557 310.6745 0193110 277.3659  97.6656  2.00559855141677
1 26407U 00040A   19320.64505257 -.00000014  00000-0  00000+0 0  9997
2 26407  56.1543 310.5962 0193064 277.4014  94.8124  2.00559797141715
1 26407U 00040A   19320.87740726 -.00000013  00000-0  00000+0 0  9993
2 26407  56.1541 310.5870 0193062 277.4064 262.5754  2.00559792141712
1 26407U 00040A   19320.87740726 -.00000013  00000-0  00000-0 0  9994
2 26407  56.1541 310.5870 0193062 277.4064 262.5754  2.00559792141723
1 26407U 00040A   19321.88246334 -.00000011  00000-0  00000-0 0  9990
2 26407  56.1534 310.5475 0193038 277.4253 268.2411  2.00559767141746
1 26407U 00040A   19322.64326049 -.00000012  00000-0  00000+0 0  9997
2 26407  56.1528 310.5175 0193018 277.4384  97.5495  2.00559749141755
1 26407U 00040A   19323.11073760 -.00000013  00000-0  00000+0 0  9990
2 26407  56.1525 310.4991 0193006 277.4468  75.0754  2.00559741141769
1 26407U 00040A   19323.62459650 -.00000015  00000-0  00000-0 0  9995
2 26407  56.1522 310.4789 0192993 277.4571  86.0885  2.00559730141787
1 26407U 00040A   19324.63281323 -.00000022  00000-0  00000-0 0  9995
2 26407  56.1514 310.4392 0192973 277.4747  94.0377  2.00559719141806
1 26407U 00040A   19325.36396672 -.00000028  00000-0  00000+0 0  9995
2 26407  56.1509 310.4105 0192961 277.4883 261.9416  2.00559714141804
1 26407U 00040A   19326.36905362 -.00000038  00000-0  00000+0 0  9999
2 26407  56.1502 310.3709 0192940 277.5067 267.6301  2.00559713141825
1 26407U 00040A   19326.87097177 -.00000044  00000-0  00000+0 0  9998
2 26407  56.1498 310.3511 0192932 277.5174 270.0212  2.00559712141839
1 26407U 00040A   19326.87097177 -.00000044  00000-0  00000-0 0  9999
2 26407  56.1498 310.3511 0192932 277.5174 270.0212  2.00559712141840
1 26407U 00040A   19328.63293795 -.00000059  00000-0  00000+0 0  9994
2 26407  56.1485 310.2818 0192890 277.5511 102.1868  2.00559727141874
1 26407U 00040A   19329.29639882 -.00000063  00000-0  00000+0 0  9993
2 26407  56.1480 310.2556 0192874 277.5646 221.2147  2.00559737141884
1 26407U 00040A   19329.85051698 -.00000065  00000-0  00000-0 0  9991
2 26407  56.1476 310.2338 0192860 277.5739 261.2975  2.00559748141903
1 26407U 00040A   19330.26795574 -.00000066  00000-0  00000+0 0  9996
2 26407  56.1473 310.2174 0192849 277.5819 202.6944  2.00559755141907
1 26407U 00040A   19330.85558378 -.00000066  00000-0  00000-0 0  9991
2 26407  56.1469 310.1943 0192833 277.5922 266.9715  2.00559768141928
1 26407U 00040A   19331.32844133 -.00000065  00000-0  00000+0 0  9999
2 26407  56.1465 310.1757 0192821 277.6010 248.3819  2.00559778141923
1 26407U 00040A   19332.09433574 -.00000062  00000-0  00000+0 0  9994
2 26407  56.1460 310.1455 0192801 277.6150  81.3696  2.00559796141946
1 26407U 00040A   19332.63855595 -.00000060  00000-0  00000+0 0  9993
2 26407  56.1456 310.1241 0192784 277.6253 114.3048  2.00559808141951
1 26407U 00040A   19332.63855595 -.00000060  00000-0  00000-0 0  9994
2 26407  56.1456 310.1241 0192784 277.6255 114.3045  2.00559808141961
1 26407U 00040A   19335.20850024 -.00000049  00000-0  00000+0 0  9998
2 26407  56.1438 310.0230 0192712 277.6712 169.8460  2.00559864142001
1 26407U 00040A   19335.62098517 -.00000048  00000-0  00000+0 0  9994
2 26407  56.1435 310.0068 0192702 277.6791 107.6662  2.00559870142015
1 26407U 00040A   19335.62098517 -.00000048  00000-0  00000-0 0  9995
2 26407  56.1435 310.0068 0192702 277.6793 107.6660  2.00559870142026
1 26407U 00040A   19336.20109615 -.00000047  00000-0  00000+0 0  9990
2 26407  56.1431 309.9839 0192685 277.6894 166.5158  2.00559879142022
1 26407U 00040A   19336.58093229 -.00000047  00000-0  00000-0 0  9995
2 26407  56.1428 309.9690 0192676 277.6965  80.7633  2.00559883142044
1 26407U 00040A   19337.30488714 -.00000047  00000-0  00000+0 0  9992
2 26407  56.1423 309.9405 0192654 277.7079 243.4719  2.00559889142045
1 26407U 00040A   19337.62879147 -.00000048  00000-0  00000-0 0  9993
2 26407  56.1421 309.9278 0192644 277.7143 117.3354  2.00559889142068
1 26407U 00040A   19338.08813128 -.00000048  00000-0  00000+0 0  9990
2 26407  56.1417 309.9097 0192631 277.7221  88.9866  2.00559891142069
1 26407U 00040A   19338.08813128 -.00000048  00000-0  00000+0 0  9990
2 26407  56.1417 309.9097 0192631 277.7222  88.9865  2.00559890142068
1 26407U 00040A   19338.08813128 -.00000048  00000-0  00000-0 0  9991
2 26407  56.1417 309.9097 0192631 277.7222  88.9865  2.00559890142079
1 26407U 00040A   19340.22755779 -.00000053  00000-0  00000+0 0  9992
2 26407  56.1402 309.8256 0192558 277.7581 193.6894  2.00559879142102
1 26407U 00040A   19341.25459397 -.00000053  00000-0  00000+0 0  9993
2 26407  56.1394 309.7852 0192527 277.7729 215.2297  2.00559865142128
1 26407U 00040A   19341.62495699 -.00000053  00000-0  00000+0 0  9999
2 26407  56.1391 309.7706 0192514 277.7779 122.6394  2.00559858142136
1 26407U 00040A   19341.62495699 -.00000053  00000-0  00000+0 0  9999
2 26407  56.1392 309.7706 0192513 277.7789 122.6384  2.00559858142136
1 26407U 00040A   19341.62495699 -.00000053  00000-0  00000-0 0  9990
2 26407  56.1392 309.7706 0192513 277.7785 122.6388  2.00559858142147
1 26407U 00040A   19344.31530299 -.00000046  00000-0  00000+0 0  9996
2 26407  56.1372 309.6648 0192433 277.8159 265.1227  2.00559803142185
1 26407U 00040A   19344.78952069 -.00000044  00000-0  00000-0 0  9999
2 26407  56.1368 309.6461 0192418 277.8248 247.5150  2.00559788142209
1 26407U 00040A   19345.05956170 -.00000043  00000-0  00000+0 0  9995
2 26407  56.1366 309.6355 0192400 277.8345  82.4840  2.00559777142208
1 26407U 00040A   19345.81511833 -.00000039  00000-0  00000-0 0  9998
2 26407  56.1361 309.6058 0192375 277.8496 268.0063  2.00559757142220
1 26407U 00040A   19345.84161177 -.00000039  00000-0  00000+0 0  9992
2 26407  56.1361 309.6048 0192374 277.8507 287.1343  2.00559756142212
1 26407U 00040A   19347.14911149 -.00000032  00000-0  00000+0 0  9992
2 26407  56.1351 309.5533 0192324 277.8739 151.1702  2.00559719142242
1 26407U 00040A   19348.14473976 -.00000029  00000-0  00000+0 0  9990
2 26407  56.1344 309.5142 0192285 277.8908 150.0306  2.00559693142265
1 26407U 00040A   19348.80185124 -.00000027  00000-0  00000-0 0  9997
2 26407  56.1339 309.4883 0192262 277.9029 264.4751  2.00559679142280
1 26407U 00040A   19349.62843413 -.00000026  00000-0  00000+0 0  9998
2 26407  56.1333 309.4558 0192230 277.9162 141.2825  2.00559658142298
1 26407U 00040A   19349.62843413 -.00000026  00000-0  00000-0 0  9999
2 26407  56.1333 309.4558 0192230 277.9155 141.2832  2.00559659142299
1 26407U 00040A   19350.04054622 -.00000027  00000-0  00000+0 0  9993
2 26407  56.1329 309.4396 0192208 277.9254  78.8321  2.00559649142308
1 26407U 00040A   19350.79424395 -.00000029  00000-0  00000+0 0  9995
2 26407  56.1324 309.4099 0192183 277.9401 263.0125  2.00559637142317
1 26407U 00040A   19350.79424395 -.00000029  00000-0  00000-0 0  9996
2 26407  56.1323 309.4099 0192182 277.9400 263.0127  2.00559639142329
1 26407U 00040A   19353.28837740 -.00000048  00000-0  00000+0 0  9995
2 26407  56.1304 309.3118 0192095 277.9815 263.8196  2.00559619142368
1 26407U 00040A   19354.52711844 -.00000061  00000-0  00000+0 0  9994
2 26407  56.1295 309.2631 0192055 278.0030  78.2107  2.00559616142393
1 26407U 00040A   19355.61041878 -.00000070  00000-0  00000+0 0  9998
2 26407  56.1287 309.2204 0192018 278.0219 140.3711  2.00559627142415
1 26407U 00040A   19355.61041878 -.00000070  00000-0  00000+0 0  9998
2 26407  56.1287 309.2204 0192019 278.0220 140.3710  2.00559627142417
1 26407U 00040A   19355.61041878 -.00000070  00000-0  00000-0 0  9999
2 26407  56.1287 309.2204 0192019 278.0220 140.3710  2.00559627142428
1 26407U 00040A   19356.77966101 -.00000076  00000-0  00000+0 0  9997
2 26407  56.1278 309.1744 0191968 278.0449 264.5805  2.00559646142437
1 26407U 00040A   19357.77497782 -.00000078  00000-0  00000-0 0  9995
2 26407  56.1270 309.1353 0191929 278.0623 263.2155  2.00559667142466
1 26407U 00040A   19357.77549288 -.00000078  00000-0  00000+0 0  9993
2 26407  56.1270 309.1352 0191932 278.0612 263.5885  2.00559667142459
1 26407U 00040A   19358.74650053 -.00000076  00000-0  00000-0 0  9993
2 26407  56.1262 309.0970 0191887 278.0801 244.6698  2.00559687142481
1 26407U 00040A   19359.26231361 -.00000074  00000-0  00000+0 0  9995
2 26407  56.1258 309.0767 0191861 278.0908 257.0935  2.00559699142485
1 26407U 00040A   19359.26231361 -.00000074  00000-0  00000-0 0  9996
2 26407  56.1258 309.0767 0191861 278.0908 257.0935  2.00559699142496
1 26407U 00040A   19360.01872957 -.00000071  00000-0  00000+0 0  9999
2 26407  56.1253 309.0470 0191831 278.1048  83.2373  2.00559717142503
1 26407U 00040A   19360.01872957 -.00000071  00000-0  00000+0 0  9999
2 26407  56.1253 309.0470 0191831 278.1050  83.2372  2.00559717142505
1 26407U 00040A   19360.01872957 -.00000071  00000-0  00000-0 0  9990
2 26407  56.1253 309.0470 0191831 278.1050  83.2372  2.00559717142516
1 26407U 00040A   19362.26152866 -.00000060  00000-0  00000+0 0  9996
2 26407  56.1236 308.9588 0191741 278.1396 262.5794  2.00559770142540
1 26407U 00040A   19362.26152866 -.00000060  00000-0  00000+0 0  9996
2 26407  56.1236 308.9588 0191742 278.1393 262.5796  2.00559770142540
1 26407U 00040A   19362.26152866 -.00000060  00000-0  00000-0 0  9997
2 26407  56.1236 308.9588 0191741 278.1396 262.5794  2.00559770142551

