1 28361U 04023A   19001.26186733  .00000097  00000-0  00000+0 0  9991
2 28361  54.0521 197.0546 0128275 228.2443 120.4378  2.00563844106421
1 28361U 04023A   19001.26186733  .00000097  00000-0  00000-0 0  9992
2 28361  54.0521 197.0546 0128275 228.2443 120.4378  2.00563844106409
1 28361U 04023A   19001.72986087  .00000096  00000-0  00000+0 0  9991
2 28361  54.0521 197.0356 0128286 228.2500  98.3499  2.00563885106439
1 28361U 04023A   19001.72986087  .00000096  00000-0  00000-0 0  9992
2 28361  54.0521 197.0356 0128286 228.2500  98.3499  2.00563885106417
1 28361U 04023A   19002.81341499  .00000090  00000-0  00000-0 0  9999
2 28361  54.0521 196.9916 0128310 228.2653 160.7224  2.00563980106443
1 28361U 04023A   19003.20679354  .00000086  00000-0  00000+0 0  9991
2 28361  54.0522 196.9757 0128321 228.2684  84.7610  2.00564015106469
1 28361U 04023A   19003.83112581  .00000080  00000-0  00000-0 0  9999
2 28361  54.0522 196.9503 0128331 228.2768 175.5563  2.00564069106467
1 28361U 04023A   19004.27199314  .00000075  00000-0  00000+0 0  9990
2 28361  54.0522 196.9324 0128341 228.2829 133.8817  2.00564108106482
1 28361U 04023A   19005.32926441  .00000064  00000-0  00000+0 0  9994
2 28361  54.0522 196.8895 0128362 228.2944 177.2809  2.00564200106515
1 28361U 04023A   19006.51523337  .00000055  00000-0  00000+0 0  9993
2 28361  54.0523 196.8414 0128396 228.3041 313.6093  2.00564299106530
1 28361U 04023A   19006.80259682  .00000054  00000-0  00000-0 0  9994
2 28361  54.0523 196.8297 0128406 228.3098 161.0968  2.00564324106527
1 28361U 04023A   19007.58373652  .00000052  00000-0  00000+0 0  9991
2 28361  54.0523 196.7980 0128433 228.3164   5.1185  2.00564388106551
1 28361U 04023A   19007.75363851  .00000052  00000-0  00000-0 0  9991
2 28361  54.0523 196.7911 0128438 228.3203 127.7938  2.00564401106535
1 28361U 04023A   19008.37051743  .00000053  00000-0  00000+0 0  9994
2 28361  54.0523 196.7661 0128457 228.3283 213.2085  2.00564449106576
1 28361U 04023A   19008.37051743  .00000053  00000-0  00000-0 0  9995
2 28361  54.0523 196.7661 0128457 228.3283 213.2085  2.00564449106554
1 28361U 04023A   19008.75880980  .00000055  00000-0  00000-0 0  9992
2 28361  54.0523 196.7503 0128473 228.3345 133.5721  2.00564478106560
1 28361U 04023A   19009.22189308  .00000058  00000-0  00000+0 0  9993
2 28361  54.0524 196.7315 0128496 228.3394 107.9405  2.00564514106588
1 28361U 04023A   19009.22189308  .00000058  00000-0  00000-0 0  9994
2 28361  54.0524 196.7315 0128496 228.3394 107.9405  2.00564514106566
1 28361U 04023A   19011.00190278  .00000075  00000-0  00000+0 0  9999
2 28361  54.0524 196.6592 0128544 228.3641 313.1877  2.00564636106627
1 28361U 04023A   19012.66062307  .00000094  00000-0  00000+0 0  9994
2 28361  54.0525 196.5919 0128592 228.3870  70.8594  2.00564735106653
1 28361U 04023A   19012.81146275  .00000095  00000-0  00000-0 0  9990
2 28361  54.0525 196.5857 0128587 228.3922 179.7695  2.00564744106646
1 28361U 04023A   19013.29844576  .00000100  00000-0  00000+0 0  9998
2 28361  54.0525 196.5659 0128596 228.4003 171.3923  2.00564770106671
1 28361U 04023A   19013.75577809  .00000104  00000-0  00000-0 0  9996
2 28361  54.0525 196.5474 0128612 228.4065 141.6073  2.00564794106664
1 28361U 04023A   19014.31251197  .00000108  00000-0  00000+0 0  9991
2 28361  54.0526 196.5248 0128623 228.4151 183.5939  2.00564823106694
1 28361U 04023A   19014.76870662  .00000111  00000-0  00000-0 0  9999
2 28361  54.0526 196.5062 0128640 228.4215 152.9875  2.00564846106681
1 28361U 04023A   19015.24092810  .00000112  00000-0  00000+0 0  9994
2 28361  54.0526 196.4871 0128653 228.4288 133.9524  2.00564869106711
1 28361U 04023A   19015.70929542  .00000113  00000-0  00000-0 0  9998
2 28361  54.0526 196.4680 0128664 228.4345 112.1363  2.00564894106690
1 28361U 04023A   19016.49557309  .00000112  00000-0  00000+0 0  9991
2 28361  54.0526 196.4361 0128690 228.4468 319.8639  2.00564932106731
1 28361U 04023A   19016.72713737  .00000111  00000-0  00000-0 0  9996
2 28361  54.0526 196.4267 0128700 228.4511 127.0630  2.00564943106717
1 28361U 04023A   19017.27613931  .00000108  00000-0  00000+0 0  9997
2 28361  54.0526 196.4044 0128721 228.4609 163.4659  2.00564969106758
1 28361U 04023A   19017.27613931  .00000108  00000-0  00000-0 0  9998
2 28361  54.0526 196.4044 0128721 228.4609 163.4659  2.00564969106736
1 28361U 04023A   19017.73234247  .00000105  00000-0  00000-0 0  9995
2 28361  54.0526 196.3859 0128740 228.4681 132.8650  2.00564992106748
1 28361U 04023A   19018.28956946  .00000100  00000-0  00000+0 0  9997
2 28361  54.0526 196.3632 0128749 228.4798 175.2052  2.00565022106770
1 28361U 04023A   19018.75501353  .00000095  00000-0  00000-0 0  9991
2 28361  54.0526 196.3443 0128769 228.4876 151.2763  2.00565047106768
1 28361U 04023A   19019.31123309  .00000088  00000-0  00000+0 0  9996
2 28361  54.0526 196.3217 0128783 228.4982 192.8903  2.00565077106794
1 28361U 04023A   19019.31123309  .00000088  00000-0  00000-0 0  9997
2 28361  54.0526 196.3217 0128783 228.4982 192.8903  2.00565077106772
1 28361U 04023A   19019.76793785  .00000082  00000-0  00000-0 0  9991
2 28361  54.0526 196.3032 0128794 228.5064 162.6508  2.00565103106788
1 28361U 04023A   19020.24273574  .00000076  00000-0  00000-0 0  9998
2 28361  54.0526 196.2839 0128812 228.5137 145.4768  2.00565130106815
1 28361U 04023A   19021.80582318  .00000061  00000-0  00000-0 0  9994
2 28361  54.0527 196.2204 0128855 228.5413 194.0946  2.00565227106822
1 28361U 04023A   19022.50986682  .00000057  00000-0  00000+0 0  9998
2 28361  54.0527 196.1918 0128870 228.5507 342.4483  2.00565274106854
1 28361U 04023A   19022.96282769  .00000055  00000-0  00000-0 0  9992
2 28361  54.0528 196.1734 0128880 228.5591 309.5056  2.00565304106848
1 28361U 04023A   19023.05377674  .00000055  00000-0  00000+0 0  9992
2 28361  54.0528 196.1697 0128884 228.5593  15.1763  2.00565311106867
1 28361U 04023A   19024.54047934  .00000059  00000-0  00000+0 0  9994
2 28361  54.0528 196.1093 0128932 228.5830   8.6444  2.00565421106893
1 28361U 04023A   19024.69791931  .00000060  00000-0  00000+0 0  9995
2 28361  54.0529 196.1029 0128941 228.5867 122.3222  2.00565434106895
1 28361U 04023A   19024.69791931  .00000060  00000-0  00000-0 0  9996
2 28361  54.0529 196.1029 0128941 228.5867 122.3222  2.00565434106873
1 28361U 04023A   19025.78752411  .00000067  00000-0  00000-0 0  9994
2 28361  54.0529 196.0586 0128979 228.6060 189.0658  2.00565520106900
1 28361U 04023A   19026.18843413  .00000069  00000-0  00000+0 0  9993
2 28361  54.0529 196.0424 0128999 228.6122 118.5418  2.00565553106921
1 28361U 04023A   19026.18843413  .00000069  00000-0  00000-0 0  9994
2 28361  54.0529 196.0424 0128999 228.6122 118.5418  2.00565553106909
1 28361U 04023A   19026.72369762  .00000072  00000-0  00000-0 0  9998
2 28361  54.0529 196.0206 0129022 228.6226 145.0252  2.00565597106921
1 28361U 04023A   19027.51107169  .00000075  00000-0  00000+0 0  9999
2 28361  54.0529 195.9887 0129043 228.6349 353.5467  2.00565663106954
1 28361U 04023A   19027.51107169  .00000075  00000-0  00000-0 0  9990
2 28361  54.0529 195.9887 0129043 228.6349 353.5467  2.00565663106932
1 28361U 04023A   19028.21358184  .00000075  00000-0  00000+0 0  9992
2 28361  54.0529 195.9601 0129070 228.6492 140.7892  2.00565725106976
1 28361U 04023A   19028.75275150  .00000074  00000-0  00000-0 0  9992
2 28361  54.0529 195.9382 0129084 228.6604 170.0927  2.00565772106968
1 28361U 04023A   19029.45744023  .00000070  00000-0  00000+0 0  9995
2 28361  54.0529 195.9096 0129100 228.6709 318.9123  2.00565833106997
1 28361U 04023A   19030.54955703  .00000059  00000-0  00000+0 0  9993
2 28361  54.0529 195.8653 0129135 228.6884  27.4730  2.00565928107012
1 28361U 04023A   19031.19270542  .00000052  00000-0  00000+0 0  9999
2 28361  54.0529 195.8392 0129163 228.7005 131.8553  2.00565984107025
1 28361U 04023A   19032.03774977  .00000041  00000-0  00000+0 0  9992
2 28361  54.0529 195.8049 0129193 228.7120  22.0202  2.00566054107048
1 28361U 04023A   19032.68859723  .00000033  00000-0  00000-0 0  9998
2 28361  54.0529 195.7785 0129211 228.7233 131.9628  2.00566109107043
1 28361U 04023A   19033.44896163  .00000026  00000-0  00000+0 0  9993
2 28361  54.0529 195.7476 0129222 228.7324 320.9860  2.00566172107074
1 28361U 04023A   19033.68072899  .00000024  00000-0  00000+0 0  9999
2 28361  54.0529 195.7382 0129245 228.7391 128.3304  2.00566192107074
1 28361U 04023A   19033.68072899  .00000024  00000-0  00000-0 0  9990
2 28361  54.0529 195.7382 0129245 228.7391 128.3304  2.00566192107052
1 28361U 04023A   19034.86759441  .00000019  00000-0  00000-0 0  9990
2 28361  54.0529 195.6900 0129299 228.7574 265.3061  2.00566288107080
1 28361U 04023A   19035.54639470  .00000019  00000-0  00000+0 0  9994
2 28361  54.0529 195.6625 0129341 228.7700  35.4316  2.00566342107117
1 28361U 04023A   19035.77900021  .00000019  00000-0  00000+0 0  9992
2 28361  54.0529 195.6531 0129346 228.7758 203.3822  2.00566359107128
1 28361U 04023A   19035.77900021  .00000019  00000-0  00000-0 0  9993
2 28361  54.0529 195.6531 0129346 228.7758 203.3822  2.00566359107106
1 28361U 04023A   19037.03296141  .00000026  00000-0  00000+0 0  9992
2 28361  54.0529 195.6022 0129406 228.7994  28.8008  2.00566452107144
1 28361U 04023A   19037.67458045  .00000032  00000-0  00000-0 0  9993
2 28361  54.0529 195.5762 0129436 228.8142 132.0773  2.00566497107149
1 28361U 04023A   19038.20819326  .00000037  00000-0  00000+0 0  9990
2 28361  54.0528 195.5545 0129456 228.8248 157.3704  2.00566532107173
1 28361U 04023A   19038.20819326  .00000037  00000-0  00000-0 0  9991
2 28361  54.0528 195.5545 0129456 228.8248 157.3704  2.00566532107151
1 28361U 04023A   19038.99165571  .00000046  00000-0  00000+0 0  9992
2 28361  54.0528 195.5228 0129485 228.8376   3.0693  2.00566583107186
1 28361U 04023A   19039.69175021  .00000053  00000-0  00000-0 0  9990
2 28361  54.0528 195.4943 0129514 228.8521 148.5695  2.00566624107187
1 28361U 04023A   19040.54788812  .00000061  00000-0  00000+0 0  9992
2 28361  54.0528 195.4596 0129560 228.8674  46.7427  2.00566673107211
1 28361U 04023A   19040.70805583  .00000062  00000-0  00000-0 0  9997
2 28361  54.0528 195.4531 0129565 228.8715 162.3904  2.00566681107204
1 28361U 04023A   19041.49001767  .00000068  00000-0  00000+0 0  9991
2 28361  54.0528 195.4214 0129591 228.8842   7.0063  2.00566724107234
1 28361U 04023A   19042.40952545  .00000072  00000-0  00000+0 0  9997
2 28361  54.0528 195.3841 0129623 228.9023 310.9344  2.00566770107258
1 28361U 04023A   19042.67057329  .00000072  00000-0  00000-0 0  9993
2 28361  54.0528 195.3735 0129636 228.9089 139.4219  2.00566782107243
1 28361U 04023A   19043.22107524  .00000072  00000-0  00000+0 0  9997
2 28361  54.0527 195.3511 0129664 228.9202 176.9100  2.00566810107272
1 28361U 04023A   19043.69121236  .00000071  00000-0  00000-0 0  9994
2 28361  54.0527 195.3321 0129686 228.9304 156.3704  2.00566833107264
1 28361U 04023A   19044.53273965  .00000067  00000-0  00000+0 0  9999
2 28361  54.0527 195.2979 0129728 228.9476  43.9926  2.00566875107295
1 28361U 04023A   19044.70058757  .00000066  00000-0  00000-0 0  9998
2 28361  54.0526 195.2911 0129736 228.9527 165.1851  2.00566883107288
1 28361U 04023A   19045.24214628  .00000061  00000-0  00000+0 0  9993
2 28361  54.0526 195.2691 0129758 228.9651 196.2148  2.00566911107315
1 28361U 04023A   19045.64775977  .00000057  00000-0  00000-0 0  9992
2 28361  54.0526 195.2526 0129781 228.9736 129.0867  2.00566934107296
1 28361U 04023A   19046.25689309  .00000050  00000-0  00000+0 0  9995
2 28361  54.0525 195.2279 0129807 228.9882 208.9077  2.00566967107332
1 28361U 04023A   19047.50238785  .00000034  00000-0  00000+0 0  9994
2 28361  54.0525 195.1774 0129847 229.0124  28.2158  2.00567042107356
1 28361U 04023A   19047.73532425  .00000031  00000-0  00000-0 0  9995
2 28361  54.0525 195.1679 0129857 229.0193 196.4049  2.00567055107347
1 28361U 04023A   19048.67950036  .00000021  00000-0  00000+0 0  9999
2 28361  54.0525 195.1296 0129898 229.0386 158.1454  2.00567116107388
1 28361U 04023A   19049.52796390  .00000015  00000-0  00000+0 0  9998
2 28361  54.0524 195.0951 0129936 229.0550  50.7780  2.00567172107392
1 28361U 04023A   19050.47503730  .00000012  00000-0  00000+0 0  9995
2 28361  54.0524 195.0567 0129966 229.0706  14.6148  2.00567239107415
1 28361U 04023A   19050.64305462  .00000012  00000-0  00000-0 0  9997
2 28361  54.0524 195.0499 0129978 229.0756 135.9299  2.00567252107405
1 28361U 04023A   19051.38312800  .00000013  00000-0  00000+0 0  9993
2 28361  54.0524 195.0199 0129998 229.0888 310.3009  2.00567306107431
1 28361U 04023A   19051.66412608  .00000014  00000-0  00000+0 0  9992
2 28361  54.0524 195.0085 0130016 229.0960 153.1938  2.00567328107448
1 28361U 04023A   19051.66412608  .00000014  00000-0  00000-0 0  9993
2 28361  54.0524 195.0085 0130016 229.0960 153.1938  2.00567328107426
1 28361U 04023A   19053.68516222  .00000026  00000-0  00000+0 0  9996
2 28361  54.0523 194.9264 0130114 229.1415 172.4769  2.00567488107486
1 28361U 04023A   19054.22143670  .00000028  00000-0  00000+0 0  9992
2 28361  54.0523 194.9047 0130136 229.1525 199.6936  2.00567533107490
1 28361U 04023A   19055.64285200  .00000030  00000-0  00000-0 0  9999
2 28361  54.0522 194.8470 0130207 229.1840 146.0237  2.00567657107506
1 28361U 04023A   19056.18060896  .00000028  00000-0  00000+0 0  9997
2 28361  54.0522 194.8252 0130233 229.1970 174.3091  2.00567706107537
1 28361U 04023A   19056.86261900  .00000023  00000-0  00000-0 0  9997
2 28361  54.0521 194.7976 0130256 229.2093 306.7563  2.00567766107520
1 28361U 04023A   19057.19769428  .00000020  00000-0  00000+0 0  9998
2 28361  54.0520 194.7840 0130270 229.2176 188.6961  2.00567797107553
1 28361U 04023A   19058.21185413  .00000009  00000-0  00000+0 0  9995
2 28361  54.0520 194.7428 0130310 229.2373 200.9718  2.00567885107577
1 28361U 04023A   19059.45864993 -.00000007  00000-0  00000+0 0  9998
2 28361  54.0519 194.6922 0130365 229.2591  21.2256  2.00567993107598
1 28361U 04023A   19059.69153258 -.00000010  00000-0  00000-0 0  9994
2 28361  54.0519 194.6828 0130379 229.2662 189.3765  2.00568013107581
1 28361U 04023A   19060.46720527 -.00000018  00000-0  00000+0 0  9997
2 28361  54.0518 194.6513 0130409 229.2784  29.4555  2.00568079107617
1 28361U 04023A   19060.46720527 -.00000018  00000-0  00000-0 0  9998
2 28361  54.0518 194.6513 0130409 229.2784  29.4555  2.00568079107594
1 28361U 04023A   19061.36171556 -.00000025  00000-0  00000+0 0  9997
2 28361  54.0518 194.6151 0130457 229.2974 315.3372  2.00568152107637
1 28361U 04023A   19061.36171556 -.00000025  00000-0  00000-0 0  9998
2 28361  54.0518 194.6151 0130457 229.2974 315.3372  2.00568152107615
1 28361U 04023A   19061.59979887 -.00000026  00000-0  00000-0 0  9997
2 28361  54.0517 194.6054 0130472 229.3046 127.2434  2.00568172107615
1 28361U 04023A   19062.60017997 -.00000028  00000-0  00000+0 0  9996
2 28361  54.0517 194.5649 0130524 229.3260 129.5693  2.00568254107657
1 28361U 04023A   19063.05575022 -.00000027  00000-0  00000+0 0  9993
2 28361  54.0516 194.5464 0130567 229.3387  98.5113  2.00568289107669
1 28361U 04023A   19063.54400253 -.00000025  00000-0  00000+0 0  9998
2 28361  54.0516 194.5266 0130596 229.3499  91.0536  2.00568327107676
1 28361U 04023A   19063.54400253 -.00000025  00000-0  00000-0 0  9999
2 28361  54.0516 194.5266 0130596 229.3499  91.0536  2.00568327107654
1 28361U 04023A   19064.84331622 -.00000014  00000-0  00000+0 0  9993
2 28361  54.0515 194.4739 0130656 229.3773 309.2252  2.00568422107700
1 28361U 04023A   19064.84331622 -.00000014  00000-0  00000-0 0  9994
2 28361  54.0515 194.4739 0130656 229.3773 309.2252  2.00568422107687
1 28361U 04023A   19065.84853043 -.00000003  00000-0  00000+0 0  9998
2 28361  54.0513 194.4332 0130700 229.3999 315.0408  2.00568491107723
1 28361U 04023A   19065.84853043 -.00000003  00000-0  00000-0 0  9999
2 28361  54.0513 194.4332 0130700 229.3999 315.0408  2.00568491107701
1 28361U 04023A   19067.08700130  .00000011  00000-0  00000+0 0  9992
2 28361  54.0512 194.3829 0130759 229.4297 129.2778  2.00568567107749
1 28361U 04023A   19067.59267959  .00000016  00000-0  00000-0 0  9991
2 28361  54.0512 194.3624 0130787 229.4424 134.4021  2.00568598107748
1 28361U 04023A   19068.58167872  .00000024  00000-0  00000+0 0  9992
2 28361  54.0511 194.3223 0130833 229.4634 128.5113  2.00568653107778
1 28361U 04023A   19068.58167872  .00000024  00000-0  00000-0 0  9993
2 28361  54.0511 194.3223 0130833 229.4634 128.5113  2.00568653107756
1 28361U 04023A   19069.33015035  .00000029  00000-0  00000+0 0  9994
2 28361  54.0510 194.2919 0130863 229.4766 308.9500  2.00568695107799
1 28361U 04023A   19070.33534351  .00000031  00000-0  00000+0 0  9996
2 28361  54.0509 194.2512 0130907 229.5006 314.7500  2.00568747107819
1 28361U 04023A   19071.49857429  .00000029  00000-0  00000+0 0  9995
2 28361  54.0508 194.2040 0130971 229.5289  74.6608  2.00568805107836
1 28361U 04023A   19071.57372194  .00000029  00000-0  00000+0 0  9995
2 28361  54.0508 194.2010 0130967 229.5321 128.9200  2.00568811107833
1 28361U 04023A   19071.57372194  .00000029  00000-0  00000-0 0  9996
2 28361  54.0508 194.2010 0130967 229.5321 128.9200  2.00568811107811
1 28361U 04023A   19072.80466344  .00000020  00000-0  00000+0 0  9994
2 28361  54.0507 194.1510 0131021 229.5629 297.7209  2.00568878107869
1 28361U 04023A   19072.80466344  .00000020  00000-0  00000-0 0  9995
2 28361  54.0507 194.1510 0131021 229.5629 297.7209  2.00568878107847
1 28361U 04023A   19073.51900253  .00000013  00000-0  00000-0 0  9998
2 28361  54.0506 194.1220 0131059 229.5805  93.5097  2.00568918107854
1 28361U 04023A   19074.50071550  .00000002  00000-0  00000+0 0  9994
2 28361  54.0505 194.0822 0131104 229.6041  82.3566  2.00568975107898
1 28361U 04023A   19074.82210399 -.00000002  00000-0  00000+0 0  9996
2 28361  54.0505 194.0692 0131111 229.6115 314.4161  2.00568995107907
1 28361U 04023A   19074.82210399 -.00000002  00000-0  00000-0 0  9997
2 28361  54.0505 194.0692 0131111 229.6115 314.4161  2.00568995107884
1 28361U 04023A   19075.65662591 -.00000010  00000-0  00000-0 0  9993
2 28361  54.0504 194.0353 0131145 229.6313 196.9842  2.00569049107907
1 28361U 04023A   19076.06055763 -.00000014  00000-0  00000+0 0  9999
2 28361  54.0504 194.0189 0131167 229.6405 128.6442  2.00569075107929
1 28361U 04023A   19076.52027568 -.00000017  00000-0  00000-0 0  9996
2 28361  54.0504 194.0003 0131193 229.6523 100.5837  2.00569106107915
1 28361U 04023A   19077.06560938 -.00000019  00000-0  00000+0 0  9990
2 28361  54.0504 193.9782 0131221 229.6667 134.3416  2.00569144107952
1 28361U 04023A   19077.50453494 -.00000020  00000-0  00000+0 0  9999
2 28361  54.0503 193.9604 0131244 229.6765  91.2694  2.00569175107951
1 28361U 04023A   19077.50453494 -.00000020  00000-0  00000-0 0  9990
2 28361  54.0503 193.9604 0131244 229.6765  91.2694  2.00569175107939
1 28361U 04023A   19078.55567444 -.00000018  00000-0  00000+0 0  9993
2 28361  54.0503 193.9177 0131294 229.7014 130.2474  2.00569254107979
1 28361U 04023A   19078.55567444 -.00000018  00000-0  00000-0 0  9994
2 28361  54.0503 193.9177 0131294 229.7014 130.2474  2.00569254107968
1 28361U 04023A   19080.09436963 -.00000009  00000-0  00000+0 0  9996
2 28361  54.0502 193.8553 0131366 229.7380 161.2664  2.00569375108016
1 28361U 04023A   19080.09436963 -.00000009  00000-0  00000-0 0  9997
2 28361  54.0502 193.8553 0131366 229.7380 161.2664  2.00569375108016
1 28361U 04023A   19083.00684977  .00000003  00000-0  00000+0 0  9993
2 28361  54.0500 193.7371 0131507 229.8075 104.2320  2.00569626108060
1 28361U 04023A   19083.98931502 -.00000001  00000-0  00000+0 0  9998
2 28361  54.0499 193.6973 0131561 229.8320  93.6237  2.00569714108085
1 28361U 04023A   19084.77922958 -.00000008  00000-0  00000+0 0  9998
2 28361  54.0498 193.6653 0131574 229.8457 303.9901  2.00569789108104
1 28361U 04023A   19084.77922958 -.00000008  00000-0  00000-0 0  9999
2 28361  54.0498 193.6653 0131574 229.8457 303.9901  2.00569789108081
1 28361U 04023A   19085.55621318 -.00000016  00000-0  00000+0 0  9990
2 28361  54.0497 193.6337 0131615 229.8656 145.0132  2.00569860108122
1 28361U 04023A   19085.55621318 -.00000016  00000-0  00000-0 0  9991
2 28361  54.0497 193.6337 0131615 229.8656 145.0132  2.00569860108100
1 28361U 04023A   19086.64394557 -.00000029  00000-0  00000+0 0  9997
2 28361  54.0495 193.5897 0131656 229.8880 210.4190  2.00569959108146
1 28361U 04023A   19086.64394557 -.00000029  00000-0  00000-0 0  9998
2 28361  54.0495 193.5897 0131656 229.8880 210.4190  2.00569959108124
1 28361U 04023A   19088.66876188 -.00000046  00000-0  00000-0 0  9996
2 28361  54.0494 193.5075 0131736 229.9267 232.4576  2.00570138108189
1 28361U 04023A   19089.49307663 -.00000047  00000-0  00000+0 0  9995
2 28361  54.0493 193.4741 0131794 229.9494 107.6556  2.00570210108196
1 28361U 04023A   19090.09025744 -.00000046  00000-0  00000+0 0  9999
2 28361  54.0493 193.4499 0131820 229.9632 178.8537  2.00570256108212
1 28361U 04023A   19091.64044394 -.00000035  00000-0  00000-0 0  9992
2 28361  54.0491 193.3871 0131909 230.0033 218.1718  2.00570379108225
1 28361U 04023A   19092.05220424 -.00000030  00000-0  00000+0 0  9992
2 28361  54.0491 193.3704 0131935 230.0154 155.4836  2.00570410108256
1 28361U 04023A   19092.05220424 -.00000030  00000-0  00000-0 0  9993
2 28361  54.0491 193.3704 0131935 230.0154 155.4836  2.00570410108256
1 28361U 04023A   19095.86281691  .00000015  00000-0  00000+0 0  9999
2 28361  54.0487 193.2160 0132110 230.1045  26.9635  2.00570647108321
1 28361U 04023A   19095.86281691  .00000015  00000-0  00000-0 0  9990
2 28361  54.0487 193.2160 0132110 230.1045  26.9635  2.00570647108309
1 28361U 04023A   19099.07329097  .00000024  00000-0  00000+0 0  9999
2 28361  54.0485 193.0857 0132263 230.1883 185.1033  2.00570816108394
1 28361U 04023A   19100.50157071  .00000015  00000-0  00000+0 0  9991
2 28361  54.0483 193.0278 0132324 230.2226 136.4040  2.00570892108424
1 28361U 04023A   19100.85996212  .00000012  00000-0  00000-0 0  9995
2 28361  54.0483 193.0133 0132345 230.2328  35.1817  2.00570908108403
1 28361U 04023A   19101.39854253  .00000007  00000-0  00000+0 0  9996
2 28361  54.0483 192.9914 0132367 230.2458  64.0681  2.00570939108433
1 28361U 04023A   19102.58879220 -.00000004  00000-0  00000+0 0  9997
2 28361  54.0482 192.9431 0132420 230.2774 203.4949  2.00571005108461
1 28361U 04023A   19103.35970174 -.00000010  00000-0  00000-0 0  9991
2 28361  54.0482 192.9118 0132449 230.2934  40.1394  2.00571055108478
1 28361U 04023A   19104.54431663 -.00000014  00000-0  00000+0 0  9991
2 28361  54.0481 192.8638 0132501 230.3235 175.4995  2.00571131108505
1 28361U 04023A   19105.61737144 -.00000011  00000-0  00000-0 0  9991
2 28361  54.0481 192.8203 0132551 230.3505 230.3073  2.00571205108508
1 28361U 04023A   19106.39829006 -.00000007  00000-0  00000+0 0  9990
2 28361  54.0481 192.7886 0132585 230.3669  74.1793  2.00571263108532
1 28361U 04023A   19106.71570248 -.00000004  00000-0  00000-0 0  9995
2 28361  54.0481 192.7757 0132584 230.3754 303.3691  2.00571287108522
1 28361U 04023A   19107.46785993  .00000002  00000-0  00000-0 0  9990
2 28361  54.0481 192.7452 0132622 230.3936 126.4715  2.00571347108538
1 28361U 04023A   19108.47294580  .00000010  00000-0  00000-0 0  9998
2 28361  54.0480 192.7044 0132669 230.4189 132.2026  2.00571428108581
1 28361U 04023A   19109.50524675  .00000016  00000-0  00000+0 0  9999
2 28361  54.0480 192.6625 0132711 230.4426 157.5871  2.00571514108604
1 28361U 04023A   19109.99754998  .00000017  00000-0  00000+0 0  9996
2 28361  54.0480 192.6426 0132732 230.4516 153.0626  2.00571559108615
1 28361U 04023A   19111.45713911  .00000012  00000-0  00000+0 0  9995
2 28361  54.0479 192.5833 0132800 230.4885 126.9725  2.00571685108630
1 28361U 04023A   19112.60483844  .00000003  00000-0  00000+0 0  9992
2 28361  54.0478 192.5367 0132850 230.5183 235.6791  2.00571784108662
1 28361U 04023A   19112.95974838 -.00000001  00000-0  00000+0 0  9997
2 28361  54.0478 192.5224 0132876 230.5285 131.9440  2.00571814108679
1 28361U 04023A   19112.95974838 -.00000001  00000-0  00000-0 0  9998
2 28361  54.0478 192.5224 0132876 230.5285 131.9440  2.00571814108657
1 28361U 04023A   19113.59093340 -.00000008  00000-0  00000-0 0  9996
2 28361  54.0478 192.4968 0132906 230.5456 227.6962  2.00571866108665
1 28361U 04023A   19113.96362060 -.00000012  00000-0  00000+0 0  9999
2 28361  54.0478 192.4816 0132923 230.5533 136.8006  2.00571899108691
1 28361U 04023A   19113.96362060 -.00000012  00000-0  00000-0 0  9990
2 28361  54.0478 192.4816 0132923 230.5533 136.8006  2.00571899108679
1 28361U 04023A   19116.44138508 -.00000027  00000-0  00000+0 0  9999
2 28361  54.0477 192.3811 0133033 230.6088 125.9040  2.00572114108736
1 28361U 04023A   19116.97097013 -.00000026  00000-0  00000+0 0  9991
2 28361  54.0477 192.3596 0133063 230.6257 148.2930  2.00572153108758
1 28361U 04023A   19117.57514757 -.00000023  00000-0  00000-0 0  9995
2 28361  54.0477 192.3351 0133097 230.6407 224.5463  2.00572201108743
1 28361U 04023A   19118.35304733 -.00000017  00000-0  00000+0 0  9995
2 28361  54.0477 192.3036 0133133 230.6599  66.2378  2.00572262108772
1 28361U 04023A   19119.36864653 -.00000006  00000-0  00000+0 0  9997
2 28361  54.0477 192.2624 0133178 230.6852  79.5634  2.00572338108793
1 28361U 04023A   19120.55083101  .00000011  00000-0  00000-0 0  9997
2 28361  54.0477 192.2145 0133226 230.7150 213.1736  2.00572418108807
1 28361U 04023A   19121.38828017  .00000022  00000-0  00000+0 0  9993
2 28361  54.0477 192.1805 0133257 230.7335  97.8664  2.00572471108837
1 28361U 04023A   19121.56196057  .00000025  00000-0  00000-0 0  9999
2 28361  54.0477 192.1735 0133264 230.7379 223.2744  2.00572480108828
1 28361U 04023A   19121.93311162  .00000030  00000-0  00000+0 0  9991
2 28361  54.0477 192.1584 0133281 230.7475 131.2683  2.00572500108841
1 28361U 04023A   19123.51244444  .00000047  00000-0  00000+0 0  9993
2 28361  54.0477 192.0943 0133340 230.7812 191.6515  2.00572584108880
1 28361U 04023A   19124.30074229  .00000053  00000-0  00000+0 0  9990
2 28361  54.0477 192.0624 0133376 230.8009  40.8522  2.00572621108890
1 28361U 04023A   19125.41473997  .00000057  00000-0  00000+0 0  9992
2 28361  54.0477 192.0172 0133415 230.8258 125.2319  2.00572673108910
1 28361U 04023A   19125.78817205  .00000057  00000-0  00000-0 0  9997
2 28361  54.0477 192.0020 0133424 230.8337  34.8748  2.00572690108909
1 28361U 04023A   19126.32336851  .00000056  00000-0  00000+0 0  9999
2 28361  54.0477 191.9803 0133445 230.8478  61.3199  2.00572714108930
1 28361U 04023A   19128.64441477  .00000041  00000-0  00000+0 0  9991
2 28361  54.0478 191.8861 0133545 230.9065 297.2624  2.00572816108989
1 28361U 04023A   19129.53248003  .00000034  00000-0  00000+0 0  9992
2 28361  54.0478 191.8502 0133581 230.9288 218.5023  2.00572861109001
1 28361U 04023A   19129.77393134  .00000032  00000-0  00000+0 0  9992
2 28361  54.0478 191.8404 0133590 230.9332  32.8472  2.00572875109002
1 28361U 04023A   19131.79735545  .00000024  00000-0  00000+0 0  9994
2 28361  54.0479 191.7583 0133662 230.9814  53.8923  2.00572992109043
1 28361U 04023A   19132.50403730  .00000025  00000-0  00000+0 0  9993
2 28361  54.0479 191.7296 0133685 230.9976 204.1637  2.00573036109063
1 28361U 04023A   19133.51516514  .00000031  00000-0  00000+0 0  9997
2 28361  54.0480 191.6886 0133717 231.0190 214.2676  2.00573105109089
1 28361U 04023A   19134.29579361  .00000037  00000-0  00000+0 0  9998
2 28361  54.0480 191.6569 0133747 231.0355  57.9352  2.00573161109099
1 28361U 04023A   19134.76861071  .00000041  00000-0  00000-0 0  9998
2 28361  54.0480 191.6377 0133766 231.0483  39.3389  2.00573192109086
1 28361U 04023A   19135.46714241  .00000047  00000-0  00000+0 0  9997
2 28361  54.0481 191.6094 0133789 231.0650 183.7254  2.00573246109124
1 28361U 04023A   19136.46089639  .00000054  00000-0  00000+0 0  9992
2 28361  54.0481 191.5691 0133824 231.0860 181.2849  2.00573325109142
1 28361U 04023A   19137.34931950  .00000056  00000-0  00000+0 0  9994
2 28361  54.0482 191.5331 0133859 231.1060 102.7871  2.00573400109153
1 28361U 04023A   19138.87493411  .00000051  00000-0  00000+0 0  9993
2 28361  54.0482 191.4712 0133917 231.1433 124.3827  2.00573528109189
1 28361U 04023A   19138.87493411  .00000051  00000-0  00000-0 0  9994
2 28361  54.0482 191.4712 0133917 231.1433 124.3827  2.00573528109167
1 28361U 04023A   19140.53391226  .00000036  00000-0  00000-0 0  9994
2 28361  54.0483 191.4039 0133974 231.1803 242.2799  2.00573670109205
1 28361U 04023A   19141.48879600  .00000026  00000-0  00000+0 0  9994
2 28361  54.0483 191.3652 0134008 231.2006 211.7735  2.00573754109248
1 28361U 04023A   19142.42764818  .00000018  00000-0  00000+0 0  9994
2 28361  54.0484 191.3271 0134035 231.2168 169.6953  2.00573835109260
1 28361U 04023A   19142.74091189  .00000016  00000-0  00000-0 0  9992
2 28361  54.0484 191.3144 0134049 231.2250  35.8922  2.00573858109249
1 28361U 04023A   19143.44578814  .00000013  00000-0  00000+0 0  9991
2 28361  54.0484 191.2858 0134065 231.2374 184.8658  2.00573919109288
1 28361U 04023A   19143.51158997  .00000013  00000-0  00000-0 0  9996
2 28361  54.0484 191.2831 0134067 231.2389 232.3793  2.00573924109260
1 28361U 04023A   19144.36679963  .00000014  00000-0  00000+0 0  9991
2 28361  54.0485 191.2484 0134101 231.2583 129.9006  2.00573995109299
1 28361U 04023A   19144.52714319  .00000015  00000-0  00000-0 0  9996
2 28361  54.0485 191.2419 0134104 231.2613 245.6806  2.00574008109283
1 28361U 04023A   19145.35973625  .00000020  00000-0  00000+0 0  9990
2 28361  54.0485 191.2082 0134133 231.2782 126.8733  2.00574075109315
1 28361U 04023A   19145.53477962  .00000021  00000-0  00000-0 0  9995
2 28361  54.0485 191.2011 0134142 231.2844 253.2646  2.00574086109305
1 28361U 04023A   19146.56336983  .00000033  00000-0  00000+0 0  9998
2 28361  54.0486 191.1594 0134178 231.3061 275.9810  2.00574165109348
1 28361U 04023A   19147.49905480  .00000045  00000-0  00000+0 0  9998
2 28361  54.0487 191.1214 0134209 231.3275 231.6116  2.00574227109369
1 28361U 04023A   19147.84846237  .00000050  00000-0  00000-0 0  9998
2 28361  54.0487 191.1072 0134222 231.3376 123.9065  2.00574250109348
1 28361U 04023A   19148.03363177  .00000053  00000-0  00000+0 0  9999
2 28361  54.0487 191.0997 0134227 231.3409 257.6128  2.00574261109375
1 28361U 04023A   19148.85355792  .00000065  00000-0  00000-0 0  9997
2 28361  54.0488 191.0664 0134252 231.3609 129.6565  2.00574310109375
1 28361U 04023A   19149.34796111  .00000071  00000-0  00000+0 0  9992
2 28361  54.0488 191.0464 0134265 231.3705 126.6524  2.00574338109398
1 28361U 04023A   19149.69925983  .00000075  00000-0  00000-0 0  9996
2 28361  54.0488 191.0321 0134277 231.3776  20.3160  2.00574357109387
1 28361U 04023A   19150.33591241  .00000082  00000-0  00000+0 0  9992
2 28361  54.0489 191.0063 0134292 231.3923 120.0244  2.00574388109411
1 28361U 04023A   19150.71208376  .00000086  00000-0  00000-0 0  9993
2 28361  54.0489 190.9910 0134304 231.3994  31.6485  2.00574406109406
1 28361U 04023A   19151.45045727  .00000091  00000-0  00000+0 0  9999
2 28361  54.0490 190.9610 0134322 231.4157 204.8076  2.00574439109447
1 28361U 04023A   19152.73614950  .00000095  00000-0  00000-0 0  9996
2 28361  54.0490 190.9089 0134367 231.4466  53.1681  2.00574493109446
1 28361U 04023A   19153.44743580  .00000094  00000-0  00000+0 0  9995
2 28361  54.0491 190.8800 0134389 231.4625 206.7684  2.00574521109483
1 28361U 04023A   19154.45906433  .00000090  00000-0  00000+0 0  9991
2 28361  54.0492 190.8389 0134421 231.4867 217.2361  2.00574564109500
1 28361U 04023A   19155.47003373  .00000083  00000-0  00000+0 0  9997
2 28361  54.0493 190.7979 0134453 231.5123 227.2267  2.00574607109522
1 28361U 04023A   19156.82176940  .00000072  00000-0  00000-0 0  9997
2 28361  54.0494 190.7430 0134490 231.5406 123.2806  2.00574669109522
1 28361U 04023A   19157.45458064  .00000067  00000-0  00000+0 0  9990
2 28361  54.0495 190.7173 0134505 231.5554 220.2160  2.00574700109569
1 28361U 04023A   19157.82686903  .00000065  00000-0  00000-0 0  9995
2 28361  54.0495 190.7022 0134505 231.5568 129.0426  2.00574720109559
1 28361U 04023A   19158.44090703  .00000062  00000-0  00000+0 0  9997
2 28361  54.0496 190.6773 0134512 231.5665 212.4271  2.00574752109581
1 28361U 04023A   19159.44049650  .00000061  00000-0  00000+0 0  9992
2 28361  54.0497 190.6368 0134536 231.5866 214.2067  2.00574810109602
1 28361U 04023A   19160.31299227  .00000064  00000-0  00000+0 0  9990
2 28361  54.0498 190.6014 0134557 231.6016 124.2176  2.00574865109614
1 28361U 04023A   19161.31204946  .00000070  00000-0  00000-0 0  9993
2 28361  54.0499 190.5608 0134574 231.6156 125.6193  2.00574932109638
1 28361U 04023A   19162.45137918  .00000079  00000-0  00000+0 0  9991
2 28361  54.0500 190.5146 0134602 231.6398 228.3013  2.00575010109661
1 28361U 04023A   19163.97094903  .00000088  00000-0  00000+0 0  9995
2 28361  54.0502 190.4530 0134651 231.6759 245.5419  2.00575122109692
1 28361U 04023A   19166.29810072  .00000081  00000-0  00000+0 0  9999
2 28361  54.0503 190.3586 0134701 231.7129 125.9355  2.00575314109739
1 28361U 04023A   19166.80021644  .00000076  00000-0  00000-0 0  9990
2 28361  54.0504 190.3382 0134706 231.7153 128.5098  2.00575356109735
1 28361U 04023A   19167.29326039  .00000070  00000-0  00000+0 0  9993
2 28361  54.0504 190.3182 0134716 231.7234 124.5277  2.00575397109756
1 28361U 04023A   19168.29451905  .00000058  00000-0  00000+0 0  9991
2 28361  54.0505 190.2776 0134755 231.7577 127.5000  2.00575475109774
1 28361U 04023A   19169.29536118  .00000047  00000-0  00000+0 0  9990
2 28361  54.0506 190.2370 0134770 231.7784 130.1857  2.00575557109795
1 28361U 04023A   19170.29499300  .00000040  00000-0  00000+0 0  9996
2 28361  54.0506 190.1965 0134792 231.7959 132.0009  2.00575641109820
1 28361U 04023A   19171.51708072  .00000037  00000-0  00000+0 0  9997
2 28361  54.0508 190.1469 0134821 231.8133 294.4519  2.00575742109842
1 28361U 04023A   19174.46976823  .00000062  00000-0  00000+0 0  9993
2 28361  54.0510 190.0272 0134895 231.8721 266.5272  2.00575962109907
1 28361U 04023A   19175.29472913  .00000073  00000-0  00000+0 0  9998
2 28361  54.0511 189.9937 0134908 231.8858 142.2176  2.00576015109924
1 28361U 04023A   19175.77376149  .00000079  00000-0  00000+0 0  9991
2 28361  54.0511 189.9743 0134917 231.8945 128.1182  2.00576044109928
1 28361U 04023A   19177.47775182  .00000098  00000-0  00000+0 0  9991
2 28361  54.0513 189.9052 0134942 231.9282 278.5363  2.00576129109965
1 28361U 04023A   19178.26768119  .00000104  00000-0  00000+0 0  9999
2 28361  54.0513 189.8732 0134955 231.9452 128.9277  2.00576164109974
1 28361U 04023A   19178.42155150  .00000105  00000-0  00000-0 0  9994
2 28361  54.0514 189.8670 0134957 231.9473 240.0354  2.00576170109969
1 28361U 04023A   19179.25952373  .00000109  00000-0  00000+0 0  9991
2 28361  54.0514 189.8330 0134970 231.9664 125.1165  2.00576203109992
1 28361U 04023A   19180.26045076  .00000109  00000-0  00000-0 0  9998
2 28361  54.0515 189.7924 0134986 231.9909 127.8623  2.00576239110001
1 28361U 04023A   19181.48536066  .00000104  00000-0  00000+0 0  9991
2 28361  54.0516 189.7427 0135016 232.0036 292.3586  2.00576294110049
1 28361U 04023A   19182.50353646  .00000097  00000-0  00000-0 0  9998
2 28361  54.0516 189.7014 0135035 232.0246 307.5637  2.00576333110045
1 28361U 04023A   19183.48989868  .00000088  00000-0  00000+0 0  9996
2 28361  54.0517 189.6614 0135051 232.0450 299.7970  2.00576373110086
1 28361U 04023A   19184.74712933  .00000077  00000-0  00000+0 0  9991
2 28361  54.0518 189.6104 0135069 232.0677 127.6229  2.00576432110106
1 28361U 04023A   19184.74712933  .00000077  00000-0  00000-0 0  9992
2 28361  54.0518 189.6104 0135069 232.0677 127.6229  2.00576432110094
1 28361U 04023A   19186.99019098  .00000069  00000-0  00000+0 0  9993
2 28361  54.0520 189.5195 0135089 232.1069 307.3034  2.00576550110153
1 28361U 04023A   19187.45288159  .00000070  00000-0  00000+0 0  9993
2 28361  54.0521 189.5007 0135095 232.1145 281.4058  2.00576577110166
1 28361U 04023A   19188.43398220  .00000074  00000-0  00000+0 0  9997
2 28361  54.0522 189.4609 0135109 232.1309 269.8447  2.00576638110184
1 28361U 04023A   19189.23380605  .00000079  00000-0  00000+0 0  9999
2 28361  54.0523 189.4285 0135124 232.1443 127.3864  2.00576692110193
1 28361U 04023A   19190.46812823  .00000086  00000-0  00000+0 0  9996
2 28361  54.0524 189.3785 0135136 232.1659 298.6725  2.00576775110224
1 28361U 04023A   19191.47238587  .00000089  00000-0  00000+0 0  9990
2 28361  54.0524 189.3378 0135169 232.1790 303.8372  2.00576850110247
1 28361U 04023A   19192.48199010  .00000086  00000-0  00000+0 0  9996
2 28361  54.0525 189.2969 0135179 232.1970 312.8577  2.00576920110261
1 28361U 04023A   19193.72054831  .00000076  00000-0  00000-0 0  9995
2 28361  54.0525 189.2467 0135157 232.2252 127.1970  2.00577018110278
1 28361U 04023A   19194.61213194  .00000065  00000-0  00000+0 0  9990
2 28361  54.0525 189.2106 0135202 232.2289  51.0095  2.00577091110307
1 28361U 04023A   19196.40427279  .00000041  00000-0  00000+0 0  9994
2 28361  54.0525 189.1380 0135220 232.2543 265.0967  2.00577237110344
1 28361U 04023A   19196.96878595  .00000035  00000-0  00000+0 0  9999
2 28361  54.0525 189.1151 0135228 232.2616 312.7270  2.00577283110358
1 28361U 04023A   19198.20726323  .00000027  00000-0  00000+0 0  9990
2 28361  54.0526 189.0649 0135246 232.2806 127.0185  2.00577385110378
1 28361U 04023A   19199.47012066  .00000028  00000-0  00000+0 0  9993
2 28361  54.0525 189.0138 0135268 232.2976 318.9174  2.00577484110405
1 28361U 04023A   19200.45031108  .00000034  00000-0  00000+0 0  9999
2 28361  54.0526 188.9741 0135280 232.3142 306.7016  2.00577558110428
1 28361U 04023A   19201.52360980  .00000044  00000-0  00000+0 0  9992
2 28361  54.0267 188.9129 0129913 223.2314  10.4879  2.00545976110443
1 28361U 04023A   19203.95895185  .00000073  00000-0  00000+0 0  9993
2 28361  54.0529 188.8321 0134294 232.3031 319.9522  2.00549781110497
1 28361U 04023A   19204.27792278  .00000076  00000-0  00000+0 0  9991
2 28361  54.0527 188.8192 0134223 232.3011 190.2526  2.00549688110503
1 28361U 04023A   19205.46541083  .00000085  00000-0  00000-0 0  9990
2 28361  54.0527 188.7710 0134367 232.3118 327.6155  2.00549815110501
1 28361U 04023A   19206.31213569  .00000088  00000-0  00000+0 0  9992
2 28361  54.0528 188.7367 0134377 232.3244 218.9432  2.00549848110541
1 28361U 04023A   19207.18054032  .00000088  00000-0  00000-0 0  9997
2 28361  54.0528 188.7016 0134378 232.3371 125.9239  2.00549881110554
1 28361U 04023A   19209.42354493  .00000076  00000-0  00000+0 0  9996
2 28361  54.0528 188.6107 0134413 232.3744 305.3501  2.00549968110606
1 28361U 04023A   19209.42354493  .00000076  00000-0  00000-0 0  9997
2 28361  54.0528 188.6107 0134413 232.3744 305.3501  2.00549968110606
1 28361U 04023A   19210.42869786  .00000067  00000-0  00000-0 0  9995
2 28361  54.0528 188.5699 0134410 232.3896 311.0620  2.00550007110620
1 28361U 04023A   19211.66714191  .00000054  00000-0  00000-0 0  9997
2 28361  54.0528 188.5197 0134413 232.4064 125.2103  2.00550060110624
1 28361U 04023A   19211.66714191  .00000054  00000-0  00000-0 0  9997
2 28361  54.0528 188.5197 0134413 232.4064 125.2103  2.00550060110646
1 28361U 04023A   19214.91531263  .00000042  00000-0  00000+0 0  9991
2 28361  54.0529 188.3881 0134416 232.4499 310.3700  2.00550232110719
1 28361U 04023A   19214.91531263  .00000042  00000-0  00000-0 0  9992
2 28361  54.0529 188.3881 0134416 232.4499 310.3700  2.00550232110719
1 28361U 04023A   19216.15377451  .00000048  00000-0  00000-0 0  9993
2 28361  54.0529 188.3379 0134408 232.4650 124.5339  2.00550306110738
1 28361U 04023A   19217.41021380  .00000054  00000-0  00000+0 0  9996
2 28361  54.0529 188.2870 0134405 232.4813 311.6768  2.00550389110760
1 28361U 04023A   19219.40199101  .00000056  00000-0  00000+0 0  9996
2 28361  54.0529 188.2063 0134417 232.5091 309.7289  2.00550537110802
1 28361U 04023A   19219.40199101  .00000056  00000-0  00000-0 0  9997
2 28361  54.0529 188.2063 0134417 232.5091 309.7289  2.00550537110802
1 28361U 04023A   19221.38046559  .00000037  00000-0  00000+0 0  9993
2 28361  54.0528 188.1261 0134415 232.5313 298.1832  2.00550696110840
1 28361U 04023A   19221.64549788  .00000034  00000-0  00000+0 0  9991
2 28361  54.0528 188.1154 0134424 232.5355 129.5348  2.00550717110840
1 28361U 04023A   19221.64549788  .00000034  00000-0  00000-0 0  9992
2 28361  54.0528 188.1154 0134424 232.5355 129.5348  2.00550717110839
1 28361U 04023A   19223.88861627  .00000002  00000-0  00000+0 0  9993
2 28361  54.0527 188.0246 0134438 232.5608 309.0624  2.00550900110897
1 28361U 04023A   19225.12702185 -.00000009  00000-0  00000+0 0  9993
2 28361  54.0527 187.9744 0134436 232.5734 123.1909  2.00551002110914
1 28361U 04023A   19226.13218269 -.00000012  00000-0  00000+0 0  9994
2 28361  54.0527 187.9337 0134438 232.5846 128.9161  2.00551084110933
1 28361U 04023A   19228.37525644  .00000001  00000-0  00000+0 0  9997
2 28361  54.0527 187.8429 0134451 232.6118 308.4119  2.00551254110984
1 28361U 04023A   19229.61365017  .00000014  00000-0  00000-0 0  9996
2 28361  54.0526 187.7927 0134439 232.6261 122.5317  2.00551337110987
1 28361U 04023A   19230.61875319  .00000026  00000-0  00000-0 0  9992
2 28361  54.0526 187.7520 0134428 232.6352 128.2183  2.00551398111011
1 28361U 04023A   19231.34950726  .00000034  00000-0  00000+0 0  9997
2 28361  54.0526 187.7224 0134425 232.6406 295.8257  2.00551441111044
1 28361U 04023A   19231.34950726  .00000034  00000-0  00000-0 0  9998
2 28361  54.0526 187.7224 0134425 232.6406 295.8257  2.00551441111044
1 28361U 04023A   19234.86229604  .00000046  00000-0  00000-0 0  9995
2 28361  54.0520 187.5802 0134423 232.6816 312.0603  2.00551603111093
1 28361U 04023A   19235.10546080  .00000046  00000-0  00000+0 0  9992
2 28361  54.0520 187.5703 0134415 232.6838 127.6259  2.00551610111116
1 28361U 04023A   19235.85466279  .00000042  00000-0  00000-0 0  9992
2 28361  54.0518 187.5400 0134406 232.6907 308.5524  2.00551646111118
1 28361U 04023A   19236.36021737  .00000038  00000-0  00000+0 0  9999
2 28361  54.0522 187.5195 0134416 232.7001 313.5596  2.00551664111149
1 28361U 04023A   19237.34854255  .00000030  00000-0  00000+0 0  9999
2 28361  54.0521 187.4794 0134413 232.7126 307.1305  2.00551707111164
1 28361U 04023A   19239.83071019  .00000008  00000-0  00000+0 0  9999
2 28361  54.0521 187.3788 0134391 232.7387 299.2620  2.00551822111215
1 28361U 04023A   19241.83505435  .00000003  00000-0  00000+0 0  9991
2 28361  54.0520 187.2976 0134382 232.7587 306.4059  2.00551932111257
1 28361U 04023A   19241.83505435  .00000003  00000-0  00000-0 0  9992
2 28361  54.0520 187.2976 0134382 232.7587 306.4059  2.00551932111235
1 28361U 04023A   19242.32762498  .00000004  00000-0  00000+0 0  9991
2 28361  54.0520 187.2776 0134377 232.7620 302.0454  2.00551962111262
1 28361U 04023A   19242.84022558  .00000007  00000-0  00000+0 0  9997
2 28361  54.0520 187.2568 0134380 232.7690 312.1432  2.00551994111276
1 28361U 04023A   19242.84022558  .00000007  00000-0  00000-0 0  9998
2 28361  54.0520 187.2568 0134380 232.7690 312.1432  2.00551994111254
1 28361U 04023A   19244.07865351  .00000013  00000-0  00000+0 0  9997
2 28361  54.0519 187.2066 0134358 232.7768 126.2978  2.00552072111297
1 28361U 04023A   19244.83729892  .00000017  00000-0  00000+0 0  9994
2 28361  54.0519 187.1759 0134349 232.7834 314.0441  2.00552127111315
1 28361U 04023A   19244.83729892  .00000017  00000-0  00000-0 0  9995
2 28361  54.0519 187.1759 0134349 232.7834 314.0441  2.00552127111292
1 28361U 04023A   19246.32164939  .00000019  00000-0  00000+0 0  9997
2 28361  54.0518 187.1157 0134354 232.8006 305.7497  2.00552235111345
1 28361U 04023A   19247.32682722  .00000015  00000-0  00000+0 0  9999
2 28361  54.0517 187.0750 0134351 232.8108 311.4930  2.00552315111369
1 28361U 04023A   19248.56528439  .00000002  00000-0  00000+0 0  9996
2 28361  54.0516 187.0248 0134341 232.8206 125.6682  2.00552416111381
1 28361U 04023A   19248.81880913 -.00000001  00000-0  00000+0 0  9992
2 28361  54.0515 187.0146 0134345 232.8243 308.7132  2.00552435111398
1 28361U 04023A   19248.81880913 -.00000001  00000-0  00000-0 0  9993
2 28361  54.0515 187.0146 0134345 232.8243 308.7132  2.00552435111376
1 28361U 04023A   19250.30245197 -.00000022  00000-0  00000+0 0  9991
2 28361  54.0515 186.9545 0134338 232.8355 299.9155  2.00552559111422
1 28361U 04023A   19250.80833166 -.00000029  00000-0  00000-0 0  9993
2 28361  54.0514 186.9340 0134334 232.8386 305.1657  2.00552603111410
1 28361U 04023A   19251.42161858 -.00000036  00000-0  00000+0 0  9991
2 28361  54.0512 186.9092 0134327 232.8415  27.9659  2.00552653111446
1 28361U 04023A   19251.81339583 -.00000040  00000-0  00000-0 0  9992
2 28361  54.0512 186.8933 0134318 232.8430 310.8338  2.00552684111437
1 28361U 04023A   19252.27648684 -.00000043  00000-0  00000+0 0  9990
2 28361  54.0512 186.8746 0134316 232.8466 285.1895  2.00552724111466
1 28361U 04023A   19253.18594369 -.00000047  00000-0  00000+0 0  9995
2 28361  54.0512 186.8377 0134312 232.8548 221.8242  2.00552801111484
1 28361U 04023A   19255.18631963 -.00000037  00000-0  00000+0 0  9998
2 28361  54.0511 186.7568 0134304 232.8721 226.1122  2.00552964111528
1 28361U 04023A   19255.29953767 -.00000036  00000-0  00000+0 0  9998
2 28361  54.0511 186.7521 0134307 232.8721 307.8575  2.00552974111520
1 28361U 04023A   19256.30007750 -.00000025  00000-0  00000+0 0  9991
2 28361  54.0511 186.7116 0134295 232.8792 310.2574  2.00553044111542
1 28361U 04023A   19256.80081625 -.00000018  00000-0  00000+0 0  9991
2 28361  54.0510 186.6913 0134310 232.8874 311.7914  2.00553082111551
1 28361U 04023A   19256.80081625 -.00000018  00000-0  00000-0 0  9992
2 28361  54.0510 186.6913 0134310 232.8874 311.7914  2.00553082111539
1 28361U 04023A   19257.79800344 -.00000006  00000-0  00000+0 0  9994
2 28361  54.0510 186.6510 0134300 232.8948 311.7708  2.00553145111578
1 28361U 04023A   19257.79800344 -.00000006  00000-0  00000-0 0  9995
2 28361  54.0510 186.6510 0134300 232.8948 311.7708  2.00553145111556
1 28361U 04023A   19260.23799549  .00000017  00000-0  00000+0 0  9992
2 28361  54.0508 186.5522 0134277 232.9134 273.4707  2.00553282111629
1 28361U 04023A   19261.79578066  .00000021  00000-0  00000+0 0  9998
2 28361  54.0507 186.4891 0134270 232.9271 318.2065  2.00553351111656
1 28361U 04023A   19261.79578066  .00000021  00000-0  00000-0 0  9999
2 28361  54.0507 186.4891 0134270 232.9271 318.2065  2.00553351111634
1 28361U 04023A   19262.29214237  .00000020  00000-0  00000+0 0  9990
2 28361  54.0507 186.4690 0134267 232.9320 316.5840  2.00553373111661
1 28361U 04023A   19262.29214237  .00000020  00000-0  00000-0 0  9991
2 28361  54.0507 186.4690 0134267 232.9320 316.5840  2.00553373111649
1 28361U 04023A   19264.23761102  .00000010  00000-0  00000+0 0  9993
2 28361  54.0505 186.3902 0134247 232.9524 281.2289  2.00553459111703
1 28361U 04023A   19265.25108255  .00000002  00000-0  00000+0 0  9991
2 28361  54.0505 186.3491 0134205 232.9532 292.9737  2.00553498111721
1 28361U 04023A   19266.28399149 -.00000006  00000-0  00000+0 0  9994
2 28361  54.0504 186.3073 0134193 232.9609 318.7466  2.00553555111749
1 28361U 04023A   19268.28002701 -.00000014  00000-0  00000+0 0  9990
2 28361  54.0504 186.2264 0134172 232.9753 319.9096  2.00553662111782
1 28361U 04023A   19269.16765025 -.00000012  00000-0  00000+0 0  9991
2 28361  54.0504 186.1905 0134133 232.9754 240.7911  2.00553711111806
1 28361U 04023A   19270.22799109 -.00000007  00000-0  00000+0 0  9994
2 28361  54.0503 186.1475 0134132 232.9847 286.3696  2.00553780111823
1 28361U 04023A   19271.28242156  .00000000  00000-0  00000+0 0  9998
2 28361  54.0503 186.1048 0134121 232.9912 327.6836  2.00553847111841
1 28361U 04023A   19277.06961736 -.00000021  00000-0  00000+0 0  9996
2 28361  54.0499 185.8703 0134083 233.0296 186.1255  2.00554310111965
1 28361U 04023A   19277.35334014 -.00000024  00000-0  00000+0 0  9994
2 28361  54.0499 185.8588 0134079 233.0308  30.9784  2.00554334111964
1 28361U 04023A   19277.88932370 -.00000031  00000-0  00000+0 0  9999
2 28361  54.0498 185.8371 0134108 233.0422  57.9592  2.00554379111979
1 28361U 04023A   19277.88932370 -.00000031  00000-0  00000-0 0  9990
2 28361  54.0498 185.8371 0134108 233.0422  57.9592  2.00554379111957
1 28361U 04023A   19279.24839130 -.00000044  00000-0  00000+0 0  9995
2 28361  54.0498 185.7821 0134099 233.0505 319.2286  2.00554503112007
1 28361U 04023A   19282.25065764 -.00000037  00000-0  00000+0 0  9996
2 28361  54.0498 185.6605 0134094 233.0700 326.9153  2.00554758112064
1 28361U 04023A   19283.15211822 -.00000027  00000-0  00000+0 0  9993
2 28361  54.0497 185.6239 0134093 233.0790 257.7824  2.00554829112081
1 28361U 04023A   19284.29332545 -.00000011  00000-0  00000+0 0  9998
2 28361  54.0497 185.5777 0134086 233.0860   1.7545  2.00554916112104
1 28361U 04023A   19284.77312869 -.00000004  00000-0  00000-0 0  9991
2 28361  54.0496 185.5583 0134080 233.0884 348.1818  2.00554951112096
1 28361U 04023A   19285.24222462  .00000003  00000-0  00000+0 0  9990
2 28361  54.0496 185.5393 0134073 233.0905 326.8784  2.00554982112124
1 28361U 04023A   19286.23052682  .00000015  00000-0  00000+0 0  9998
2 28361  54.0496 185.4993 0134058 233.0950 320.4522  2.00555039112148
1 28361U 04023A   19287.28614954  .00000025  00000-0  00000+0 0  9991
2 28361  54.0496 185.4565 0134075 233.1076   2.6258  2.00555108112166
1 28361U 04023A   19287.70624980  .00000028  00000-0  00000+0 0  9991
2 28361  54.0496 185.4395 0134068 233.1094 305.9468  2.00555127112173
1 28361U 04023A   19287.70624980  .00000028  00000-0  00000-0 0  9992
2 28361  54.0496 185.4395 0134068 233.1094 305.9468  2.00555127112151
1 28361U 04023A   19288.75928031  .00000032  00000-0  00000-0 0  9997
2 28361  54.0496 185.3968 0134066 233.1176 346.2532  2.00555183112179
1 28361U 04023A   19289.23995163  .00000033  00000-0  00000+0 0  9991
2 28361  54.0496 185.3773 0134072 233.1241 333.3036  2.00555206112209
1 28361U 04023A   19291.27220162  .00000027  00000-0  00000+0 0  9991
2 28361  54.0495 185.2950 0134084 233.1474   0.6172  2.00555308112247
1 28361U 04023A   19292.16522490  .00000022  00000-0  00000+0 0  9994
2 28361  54.0495 185.2587 0134068 233.1524 285.3981  2.00555350112260
1 28361U 04023A   19293.19285456  .00000016  00000-0  00000+0 0  9999
2 28361  54.0495 185.2171 0134046 233.1554 307.3706  2.00555401112287
1 28361U 04023A   19294.26595278  .00000011  00000-0  00000+0 0  9999
2 28361  54.0495 185.1736 0134048 233.1650   2.1666  2.00555462112307
1 28361U 04023A   19295.23989375  .00000009  00000-0  00000+0 0  9999
2 28361  54.0496 185.1341 0134038 233.1706 345.3724  2.00555517112321
1 28361U 04023A   19296.67948921  .00000013  00000-0  00000-0 0  9996
2 28361  54.0496 185.0757 0134021 233.1777 304.7919  2.00555604112334
1 28361U 04023A   19297.16512251  .00000016  00000-0  00000+0 0  9996
2 28361  54.0496 185.0561 0134027 233.1843 295.4259  2.00555638112360
1 28361U 04023A   19297.68457598  .00000020  00000-0  00000-0 0  9991
2 28361  54.0497 185.0350 0134022 233.1867 310.4831  2.00555672112359
1 28361U 04023A   19298.24558241  .00000025  00000-0  00000+0 0  9995
2 28361  54.0497 185.0123 0134028 233.1913 355.5407  2.00555713112383
1 28361U 04023A   19299.21460441  .00000032  00000-0  00000+0 0  9995
2 28361  54.0496 184.9729 0134012 233.1948 335.1980  2.00555791112402
1 28361U 04023A   19300.20323667  .00000038  00000-0  00000+0 0  9991
2 28361  54.0496 184.9329 0134011 233.2025 329.0104  2.00555867112420
1 28361U 04023A   19301.24459861  .00000039  00000-0  00000+0 0  9993
2 28361  54.0496 184.8906 0134024 233.2122   0.8936  2.00555953112447
1 28361U 04023A   19301.72623633  .00000038  00000-0  00000-0 0  9996
2 28361  54.0496 184.8711 0134023 233.2157 348.6462  2.00555993112438
1 28361U 04023A   19302.17116678  .00000035  00000-0  00000+0 0  9998
2 28361  54.0496 184.8531 0134020 233.2190 309.8954  2.00556031112464
1 28361U 04023A   19303.27179769  .00000025  00000-0  00000+0 0  9999
2 28361  54.0497 184.8085 0134047 233.2337  24.5682  2.00556133112485
1 28361U 04023A   19304.23649676  .00000014  00000-0  00000+0 0  9993
2 28361  54.0497 184.7694 0134043 233.2382   1.1045  2.00556219112508
1 28361U 04023A   19304.72955230  .00000008  00000-0  00000-0 0  9997
2 28361  54.0497 184.7494 0134041 233.2406 357.1027  2.00556264112493
1 28361U 04023A   19305.21495163  .00000002  00000-0  00000+0 0  9999
2 28361  54.0497 184.7297 0134034 233.2411 347.5747  2.00556308112527
1 28361U 04023A   19306.65784243 -.00000010  00000-0  00000-0 0  9999
2 28361  54.0497 184.6712 0134022 233.2466 309.3793  2.00556444112534
1 28361U 04023A   19307.13394729 -.00000011  00000-0  00000+0 0  9999
2 28361  54.0498 184.6519 0134019 233.2477 293.1400  2.00556486112562
1 28361U 04023A   19307.72856851 -.00000011  00000-0  00000+0 0  9993
2 28361  54.0498 184.6278 0134026 233.2513   2.4710  2.00556541112571
1 28361U 04023A   19307.72856851 -.00000011  00000-0  00000-0 0  9994
2 28361  54.0498 184.6278 0134026 233.2513   2.4710  2.00556541112559
1 28361U 04023A   19309.15327194 -.00000003  00000-0  00000+0 0  9996
2 28361  54.0499 184.5700 0134023 233.2602 311.1412  2.00556671112604
1 28361U 04023A   19311.14426792  .00000023  00000-0  00000+0 0  9993
2 28361  54.0499 184.4894 0134026 233.2763 308.6858  2.00556846112641
1 28361U 04023A   19312.63195884  .00000045  00000-0  00000+0 0  9997
2 28361  54.0500 184.4291 0134011 233.2842 302.8374  2.00556956112671
1 28361U 04023A   19314.70351062  .00000068  00000-0  00000+0 0  9994
2 28361  54.0501 184.3452 0134016 233.2980 358.5500  2.00557081112712
1 28361U 04023A   19315.13525049  .00000071  00000-0  00000+0 0  9994
2 28361  54.0502 184.3277 0134016 233.3012 310.2768  2.00557104112723
1 28361U 04023A   19315.63089275  .00000073  00000-0  00000+0 0  9997
2 28361  54.0502 184.3076 0134012 233.3053 308.1424  2.00557133112739
1 28361U 04023A   19315.63089275  .00000073  00000-0  00000-0 0  9998
2 28361  54.0502 184.3076 0134012 233.3053 308.1424  2.00557133112717
1 28361U 04023A   19317.15474652  .00000075  00000-0  00000+0 0  9995
2 28361  54.0503 184.2459 0134006 233.3150 328.4043  2.00557203112768
1 28361U 04023A   19320.11740251  .00000063  00000-0  00000+0 0  9993
2 28361  54.0504 184.1257 0134016 233.3434 307.5112  2.00557345112829
1 28361U 04023A   19320.61889664  .00000061  00000-0  00000+0 0  9998
2 28361  54.0504 184.1052 0133984 233.3235 309.6261  2.00557357112836
1 28361U 04023A   19323.13996476  .00000057  00000-0  00000+0 0  9993
2 28361  54.0507 184.0031 0133979 233.3342 329.9118  2.00557503112882
1 28361U 04023A   19324.60402139  .00000065  00000-0  00000+0 0  9993
2 28361  54.0509 183.9438 0134001 233.3546 306.9908  2.00557605112915
1 28361U 04023A   19324.60402139  .00000065  00000-0  00000-0 0  9994
2 28361  54.0509 183.9438 0134001 233.3546 306.9908  2.00557605112892
1 28361U 04023A   19328.06276514  .00000087  00000-0  00000+0 0  9997
2 28361  54.0513 183.8036 0134069 233.4075 284.2721  2.00557877112984
1 28361U 04023A   19329.08593243  .00000084  00000-0  00000+0 0  9998
2 28361  54.0514 183.7621 0134097 233.4296 303.0134  2.00557975113001
1 28361U 04023A   19329.59354747  .00000081  00000-0  00000+0 0  9995
2 28361  54.0514 183.7415 0134101 233.4333 309.5260  2.00558020113014
1 28361U 04023A   19329.59354747  .00000081  00000-0  00000-0 0  9996
2 28361  54.0514 183.7415 0134101 233.4333 309.5260  2.00558020112990
1 28361U 04023A   19330.10133067  .00000077  00000-0  00000+0 0  9999
2 28361  54.0515 183.7209 0134100 233.4349 316.1620  2.00558062113023
1 28361U 04023A   19330.10133067  .00000077  00000-0  00000-0 0  9990
2 28361  54.0515 183.7209 0134100 233.4349 316.1620  2.00558062113001
1 28361U 04023A   19332.58799470  .00000047  00000-0  00000+0 0  9996
2 28361  54.0516 183.6201 0134130 233.4593 311.5994  2.00558303113075
1 28361U 04023A   19333.57717512  .00000037  00000-0  00000+0 0  9992
2 28361  54.0517 183.5801 0134141 233.4666 305.8167  2.00558395113095
1 28361U 04023A   19333.57717512  .00000037  00000-0  00000-0 0  9993
2 28361  54.0517 183.5801 0134141 233.4666 305.8167  2.00558395113073
1 28361U 04023A   19335.31716051  .00000033  00000-0  00000+0 0  9999
2 28361  54.0519 183.5095 0134188 233.4928 122.1250  2.00558565113120
1 28361U 04023A   19335.31716051  .00000033  00000-0  00000-0 0  9990
2 28361  54.0519 183.5095 0134186 233.4926 122.1251  2.00558566113106
1 28361U 04023A   19336.07966087  .00000037  00000-0  00000+0 0  9993
2 28361  54.0519 183.4786 0134198 233.5000 312.6716  2.00558636113143
1 28361U 04023A   19336.07966087  .00000037  00000-0  00000+0 0  9993
2 28361  54.0519 183.4786 0134198 233.5002 312.6715  2.00558639113147
1 28361U 04023A   19336.07966087  .00000037  00000-0  00000-0 0  9994
2 28361  54.0519 183.4786 0134198 233.5002 312.6715  2.00558639113125
1 28361U 04023A   19338.06376942  .00000059  00000-0  00000+0 0  9993
2 28361  54.0522 183.3982 0134232 233.5236 305.2497  2.00558812113188
1 28361U 04023A   19338.06376942  .00000059  00000-0  00000+0 0  9993
2 28361  54.0522 183.3982 0134234 233.5267 305.2467  2.00558814113183
1 28361U 04023A   19338.06376942  .00000059  00000-0  00000-0 0  9994
2 28361  54.0522 183.3982 0134234 233.5267 305.2467  2.00558814113161
1 28361U 04023A   19340.30718587  .00000090  00000-0  00000+0 0  9993
2 28361  54.0524 183.3073 0134255 233.5478 125.0582  2.00558973113220
1 28361U 04023A   19340.30718587  .00000090  00000-0  00000-0 0  9994
2 28361  54.0524 183.3073 0134255 233.5478 125.0582  2.00558973113208
1 28361U 04023A   19343.27258690  .00000111  00000-0  00000+0 0  9990
2 28361  54.0527 183.1871 0134297 233.5749 106.1666  2.00559138113287
1 28361U 04023A   19343.59370742  .00000112  00000-0  00000+0 0  9999
2 28361  54.0528 183.1740 0134299 233.5691 338.0342  2.00559157113290
1 28361U 04023A   19343.59370742  .00000112  00000-0  00000-0 0  9990
2 28361  54.0528 183.1740 0134299 233.5691 338.0342  2.00559157113278
1 28361U 04023A   19344.79379301  .00000110  00000-0  00000+0 0  9990
2 28361  54.0529 183.1254 0134314 233.5869 124.5259  2.00559215113319
1 28361U 04023A   19346.81002140  .00000100  00000-0  00000-0 0  9999
2 28361  54.0531 183.0436 0134356 233.6069 140.3033  2.00559304113340
1 28361U 04023A   19347.03683985  .00000099  00000-0  00000+0 0  9992
2 28361  54.0531 183.0344 0134348 233.6163 304.0660  2.00559317113365
1 28361U 04023A   19347.03683985  .00000099  00000-0  00000-0 0  9993
2 28361  54.0531 183.0344 0134348 233.6163 304.0660  2.00559317113343
1 28361U 04023A   19348.04192497  .00000093  00000-0  00000+0 0  9991
2 28361  54.0532 182.9937 0134361 233.6286 309.7658  2.00559366113388
1 28361U 04023A   19348.04192497  .00000093  00000-0  00000+0 0  9991
2 28361  54.0532 182.9937 0134366 233.6256 309.7689  2.00559369113387
1 28361U 04023A   19348.04192497  .00000093  00000-0  00000-0 0  9992
2 28361  54.0532 182.9937 0134361 233.6285 309.7660  2.00559366113368
1 28361U 04023A   19353.27292829  .00000102  00000-0  00000+0 0  9993
2 28361  54.0539 182.7816 0134468 233.6966 126.6977  2.00559686113488
1 28361U 04023A   19354.06303090  .00000107  00000-0  00000+0 0  9999
2 28361  54.0540 182.7496 0134492 233.6942 337.1874  2.00559746113500
1 28361U 04023A   19354.75570230  .00000109  00000-0  00000+0 0  9999
2 28361  54.0540 182.7215 0134514 233.7039 117.3156  2.00559799113512
1 28361U 04023A   19354.75570230  .00000109  00000-0  00000-0 0  9990
2 28361  54.0540 182.7215 0134514 233.7039 117.3156  2.00559799113499
1 28361U 04023A   19355.76090953  .00000109  00000-0  00000-0 0  9991
2 28361  54.0541 182.6808 0134543 233.7153 123.1064  2.00559878113510
1 28361U 04023A   19356.26160337  .00000106  00000-0  00000+0 0  9997
2 28361  54.0542 182.6605 0134553 233.7225 124.6214  2.00559918113548
1 28361U 04023A   19356.26160337  .00000106  00000-0  00000-0 0  9998
2 28361  54.0544 182.6605 0134536 233.7314 124.6125  2.00559919113520
1 28361U 04023A   19357.26160219  .00000098  00000-0  00000+0 0  9997
2 28361  54.0545 182.6200 0134562 233.7429 126.6429  2.00560003113567
1 28361U 04023A   19357.26160219  .00000098  00000-0  00000-0 0  9998
2 28361  54.0545 182.6200 0134562 233.7429 126.6429  2.00560003113556
1 28361U 04023A   19359.25855413  .00000070  00000-0  00000+0 0  9995
2 28361  54.0547 182.5390 0134609 233.7662 128.5051  2.00560182113604
1 28361U 04023A   19359.25855413  .00000070  00000-0  00000-0 0  9996
2 28361  54.0547 182.5390 0134609 233.7662 128.5051  2.00560182113592
1 28361U 04023A   19361.50166535  .00000046  00000-0  00000+0 0  9999
2 28361  54.0547 182.4480 0134663 233.7892 308.1066  2.00560395113651
1 28361U 04023A   19361.50166535  .00000046  00000-0  00000-0 0  9990
2 28361  54.0547 182.4480 0134663 233.7892 308.1066  2.00560395113639
1 28361U 04023A   19364.73811188  .00000057  00000-0  00000+0 0  9990
2 28361  54.0540 182.3166 0134536 233.9236 124.8191  2.00560084113711

