1 28874U 05038A   19001.33360868 -.00000073  00000-0  00000+0 0  9993
2 28874  56.3659  21.0336 0132109 260.4321 252.2839  2.00564646 97194
1 28874U 05038A   19001.33360868 -.00000073  00000-0  00000-0 0  9994
2 28874  56.3659  21.0336 0132109 260.4321 252.2839  2.00564646 97206
1 28874U 05038A   19002.11145671 -.00000074  00000-0  00000+0 0  9994
2 28874  56.3660  21.0031 0132117 260.4453  93.9154  2.00564614 97211
1 28874U 05038A   19002.61580544 -.00000074  00000-0  00000+0 0  9991
2 28874  56.3660  20.9834 0132126 260.4024  98.1248  2.00564698 97228
1 28874U 05038A   19002.61583194 -.00000074  00000-0  00000+0 0  9995
2 28874  56.3666  20.9838 0132062 260.6821  97.8798  2.00565515 97229
1 28874U 05038A   19002.61583410 -.00000074  00000-0  00000+0 0  9996
2 28874  56.3666  20.9838 0132324 260.8652  97.6977  2.00565566 97227
1 28874U 05038A   19002.87288958 -.00000074  00000-0  00000-0 0  9994
2 28874  56.3662  20.9732 0132126 260.4655 283.6873  2.00564587 97230
1 28874U 05038A   19003.62611523 -.00000075  00000-0  00000+0 0  9996
2 28874  56.3664  20.9437 0132130 260.4813 107.5375  2.00564563 97241
1 28874U 05038A   19003.83145234 -.00000075  00000-0  00000-0 0  9991
2 28874  56.3665  20.9356 0132143 260.4784 255.8036  2.00564543 97253
1 28874U 05038A   19004.11623253 -.00000076  00000-0  00000+0 0  9995
2 28874  56.3665  20.9244 0132143 260.4873 101.4199  2.00564532 97252
1 28874U 05038A   19005.12741049 -.00000077  00000-0  00000+0 0  9992
2 28874  56.3668  20.8847 0132152 260.5083 111.5189  2.00564495 97278
1 28874U 05038A   19007.35261432 -.00000077  00000-0  00000+0 0  9992
2 28874  56.3673  20.7975 0132181 260.5502 278.1822  2.00564396 97312
1 28874U 05038A   19007.87356234 -.00000076  00000-0  00000-0 0  9994
2 28874  56.3674  20.7770 0132187 260.5777 294.3042  2.00564362 97335
1 28874U 05038A   19008.35774528 -.00000075  00000-0  00000+0 0  9996
2 28874  56.3675  20.7581 0132189 260.5931 283.8922  2.00564335 97330
1 28874U 05038A   19008.35774528 -.00000075  00000-0  00000-0 0  9997
2 28874  56.3675  20.7581 0132189 260.5931 283.8922  2.00564335 97341
1 28874U 05038A   19008.82746466 -.00000073  00000-0  00000-0 0  9997
2 28874  56.3676  20.7396 0132195 260.6007 263.0445  2.00564304 97355
1 28874U 05038A   19009.26703337 -.00000071  00000-0  00000+0 0  9993
2 28874  56.3677  20.7224 0132199 260.6055 220.4293  2.00564276 97359
1 28874U 05038A   19009.26703337 -.00000071  00000-0  00000-0 0  9994
2 28874  56.3677  20.7224 0132199 260.6055 220.4293  2.00564276 97360
1 28874U 05038A   19009.59595651 -.00000070  00000-0  00000+0 0  9996
2 28874  56.3680  20.7097 0132324 260.8232  97.7275  2.00565042 97368
1 28874U 05038A   19009.85205515 -.00000069  00000-0  00000+0 0  9990
2 28874  56.3678  20.6994 0132205 260.6208 282.8278  2.00564235 97362
1 28874U 05038A   19009.85205515 -.00000069  00000-0  00000-0 0  9991
2 28874  56.3678  20.6994 0132205 260.6208 282.8278  2.00564235 97373
1 28874U 05038A   19011.83936881 -.00000058  00000-0  00000+0 0  9996
2 28874  56.3683  20.6214 0132225 260.6670 277.7164  2.00564081 97409
1 28874U 05038A   19012.86920312 -.00000052  00000-0  00000+0 0  9996
2 28874  56.3685  20.5810 0132234 260.7038 301.2684  2.00563988 97428
1 28874U 05038A   19012.86920312 -.00000052  00000-0  00000-0 0  9997
2 28874  56.3685  20.5810 0132234 260.7038 301.2684  2.00563988 97439
1 28874U 05038A   19014.35771919 -.00000045  00000-0  00000+0 0  9991
2 28874  56.3689  20.5226 0132248 260.7297 296.0204  2.00563843 97457
1 28874U 05038A   19015.30958708 -.00000041  00000-0  00000+0 0  9996
2 28874  56.3691  20.4852 0132261 260.7387 263.3040  2.00563747 97479
1 28874U 05038A   19016.32610346 -.00000039  00000-0  00000+0 0  9999
2 28874  56.3694  20.4454 0132268 260.7485 277.2657  2.00563648 97496
1 28874U 05038A   19016.79773620 -.00000039  00000-0  00000-0 0  9996
2 28874  56.3695  20.4269 0132271 260.7579 257.7967  2.00563602 97519
1 28874U 05038A   19017.33124682 -.00000039  00000-0  00000+0 0  9994
2 28874  56.3696  20.4059 0132272 260.7712 283.0025  2.00563552 97518
1 28874U 05038A   19017.33124682 -.00000039  00000-0  00000-0 0  9995
2 28874  56.3696  20.4059 0132272 260.7712 283.0025  2.00563552 97529
1 28874U 05038A   19018.34166852 -.00000040  00000-0  00000+0 0  9993
2 28874  56.3698  20.3662 0132264 260.7993 292.5447  2.00563457 97530
1 28874U 05038A   19018.56989564 -.00000041  00000-0  00000+0 0  9991
2 28874  56.3698  20.3572 0132257 260.8041  97.3302  2.00563436 97546
1 28874U 05038A   19018.56989564 -.00000041  00000-0  00000-0 0  9992
2 28874  56.3698  20.3572 0132257 260.8041  97.3302  2.00563436 97546
1 28874U 05038A   19019.83488013 -.00000046  00000-0  00000-0 0  9991
2 28874  56.3701  20.3075 0132263 260.8350 290.6753  2.00563330 97573
1 28874U 05038A   19020.84376233 -.00000051  00000-0  00000-0 0  9990
2 28874  56.3703  20.2679 0132261 260.8636 299.1049  2.00563247 97589
1 28874U 05038A   19020.84376233 -.00000051  00000-0  00000-0 0  9990
2 28874  56.3703  20.2679 0132261 260.8636 299.1049  2.00563247 97590
1 28874U 05038A   19021.81808282 -.00000057  00000-0  00000+0 0  9997
2 28874  56.3706  20.2296 0132245 260.8940 282.5773  2.00563173 97608
1 28874U 05038A   19021.81808282 -.00000057  00000-0  00000-0 0  9998
2 28874  56.3706  20.2296 0132245 260.8940 282.5773  2.00563173 97619
1 28874U 05038A   19023.21303157 -.00000063  00000-0  00000+0 0  9991
2 28874  56.3710  20.1748 0132260 260.9107 209.7755  2.00563085 97633
1 28874U 05038A   19026.31898028 -.00000070  00000-0  00000+0 0  9999
2 28874  56.3718  20.0528 0132279 260.9675 292.3498  2.00562928 97699
1 28874U 05038A   19026.84915067 -.00000070  00000-0  00000-0 0  9991
2 28874  56.3719  20.0320 0132258 260.9952 315.1279  2.00562904 97713
1 28874U 05038A   19027.54342175 -.00000070  00000-0  00000+0 0  9992
2 28874  56.3720  20.0047 0132255 261.0074  96.4094  2.00562878 97720
1 28874U 05038A   19027.54342175 -.00000070  00000-0  00000-0 0  9993
2 28874  56.3720  20.0047 0132255 261.0074  96.4094  2.00562878 97720
1 28874U 05038A   19027.74511894 -.00000070  00000-0  00000-0 0  9991
2 28874  56.3721  19.9968 0132270 261.0007 242.0502  2.00562871 97730
1 28874U 05038A   19028.33935782 -.00000071  00000-0  00000+0 0  9993
2 28874  56.3722  19.9735 0132272 261.0016 311.1153  2.00562851 97733
1 28874U 05038A   19030.79159427 -.00000075  00000-0  00000+0 0  9994
2 28874  56.3727  19.8773 0132260 261.0477 281.6888  2.00562767 97784
1 28874U 05038A   19031.19594111 -.00000075  00000-0  00000+0 0  9992
2 28874  56.3728  19.8614 0132259 261.0537 213.6385  2.00562753 97797
1 28874U 05038A   19031.84785141 -.00000077  00000-0  00000-0 0  9992
2 28874  56.3729  19.8358 0132245 261.0756 324.3233  2.00562727 97817
1 28874U 05038A   19032.32435050 -.00000078  00000-0  00000+0 0  9997
2 28874  56.3730  19.8171 0132235 261.0891 308.3623  2.00562709 97816
1 28874U 05038A   19032.79712135 -.00000078  00000-0  00000-0 0  9991
2 28874  56.3731  19.7986 0132236 261.0978 289.7140  2.00562690 97834
1 28874U 05038A   19033.27864740 -.00000079  00000-0  00000+0 0  9995
2 28874  56.3732  19.7797 0132235 261.1065 277.3874  2.00562671 97838
1 28874U 05038A   19034.11264556 -.00000079  00000-0  00000+0 0  9998
2 28874  56.3734  19.7471 0132222 261.1259 159.5496  2.00562630 97858
1 28874U 05038A   19034.82121484 -.00000079  00000-0  00000-0 0  9999
2 28874  56.3735  19.7193 0132223 261.1413 311.1508  2.00562594 97874
1 28874U 05038A   19035.35979663 -.00000078  00000-0  00000+0 0  9996
2 28874  56.3736  19.6983 0132210 261.1577 340.0129  2.00562565 97876
1 28874U 05038A   19035.83260177 -.00000077  00000-0  00000-0 0  9992
2 28874  56.3737  19.6797 0132201 261.1691 321.3863  2.00562533 97891
1 28874U 05038A   19036.51703361 -.00000074  00000-0  00000+0 0  9991
2 28874  56.3739  19.6529 0132187 261.1846  95.5589  2.00562492 97902
1 28874U 05038A   19036.84334802 -.00000073  00000-0  00000-0 0  9997
2 28874  56.3739  19.6401 0132187 261.1924 331.1635  2.00562469 97914
1 28874U 05038A   19037.52211360 -.00000070  00000-0  00000+0 0  9992
2 28874  56.3740  19.6135 0132173 261.2067 101.2459  2.00562421 97923
1 28874U 05038A   19037.79287000 -.00000069  00000-0  00000-0 0  9994
2 28874  56.3741  19.6029 0132190 261.2052 296.7446  2.00562401 97934
1 28874U 05038A   19038.22198289 -.00000067  00000-0  00000+0 0  9990
2 28874  56.3741  19.5861 0132209 261.2005 246.5864  2.00562369 97936
1 28874U 05038A   19038.22198289 -.00000067  00000-0  00000-0 0  9991
2 28874  56.3741  19.5861 0132209 261.2005 246.5864  2.00562369 97947
1 28874U 05038A   19039.81778329 -.00000058  00000-0  00000-0 0  9996
2 28874  56.3745  19.5235 0132207 261.2348 318.7849  2.00562228 97976
1 28874U 05038A   19040.01213010 -.00000057  00000-0  00000-0 0  9990
2 28874  56.3745  19.5159 0132208 261.2349  99.1111  2.00562212 97989
1 28874U 05038A   19040.29441437 -.00000055  00000-0  00000+0 0  9993
2 28874  56.3745  19.5049 0132212 261.2400 302.9266  2.00562186 97975
1 28874U 05038A   19040.83112848 -.00000053  00000-0  00000-0 0  9993
2 28874  56.3746  19.4838 0132200 261.2546 330.4412  2.00562136 97995
1 28874U 05038A   19041.00381216 -.00000052  00000-0  00000+0 0  9998
2 28874  56.3747  19.4770 0132176 261.2628  95.1174  2.00562111 97997
1 28874U 05038A   19041.78199144 -.00000049  00000-0  00000-0 0  9997
2 28874  56.3749  19.4465 0132183 261.2757 296.9811  2.00562038 98012
1 28874U 05038A   19042.31679293 -.00000047  00000-0  00000+0 0  9992
2 28874  56.3750  19.4256 0132172 261.2888 323.1159  2.00561985 98013
1 28874U 05038A   19043.32626872 -.00000044  00000-0  00000+0 0  9996
2 28874  56.3752  19.3860 0132158 261.3096 331.9765  2.00561884 98031
1 28874U 05038A   19043.80493574 -.00000044  00000-0  00000-0 0  9991
2 28874  56.3752  19.3672 0132157 261.3171 317.5855  2.00561838 98056
1 28874U 05038A   19044.27766196 -.00000044  00000-0  00000+0 0  9995
2 28874  56.3753  19.3487 0132157 261.3257 298.9039  2.00561791 98050
1 28874U 05038A   19044.81549376 -.00000044  00000-0  00000-0 0  9995
2 28874  56.3754  19.3276 0132147 261.3372 327.2279  2.00561740 98072
1 28874U 05038A   19045.49059953 -.00000046  00000-0  00000+0 0  9998
2 28874  56.3755  19.3011 0132136 261.3467  94.6711  2.00561677 98089
1 28874U 05038A   19046.49570990 -.00000049  00000-0  00000+0 0  9991
2 28874  56.3757  19.2617 0132121 261.3647 100.3819  2.00561590 98107
1 28874U 05038A   19046.84373012 -.00000051  00000-0  00000-0 0  9990
2 28874  56.3758  19.2480 0132119 261.3724 351.6583  2.00561561 98117
1 28874U 05038A   19047.31502466 -.00000053  00000-0  00000+0 0  9991
2 28874  56.3758  19.2295 0132117 261.3794 331.9440  2.00561520 98114
1 28874U 05038A   19047.85089437 -.00000056  00000-0  00000-0 0  9992
2 28874  56.3760  19.2085 0132105 261.3893 358.8527  2.00561477 98138
1 28874U 05038A   19048.21438434 -.00000058  00000-0  00000+0 0  9999
2 28874  56.3760  19.1942 0132105 261.3941 261.3015  2.00561446 98139
1 28874U 05038A   19048.73878789 -.00000060  00000-0  00000-0 0  9991
2 28874  56.3761  19.1736 0132097 261.4031 279.9318  2.00561405 98150
1 28874U 05038A   19049.27563913 -.00000063  00000-0  00000+0 0  9993
2 28874  56.3762  19.1526 0132106 261.4099 307.5521  2.00561364 98151
1 28874U 05038A   19049.81224113 -.00000066  00000-0  00000-0 0  9993
2 28874  56.3763  19.1315 0132091 261.4207 334.9882  2.00561328 98178
1 28874U 05038A   19050.28734431 -.00000068  00000-0  00000+0 0  9996
2 28874  56.3764  19.1129 0132081 261.4302 318.0212  2.00561297 98172
1 28874U 05038A   19050.71382806 -.00000070  00000-0  00000-0 0  9993
2 28874  56.3765  19.0961 0132083 261.4352 265.9535  2.00561272 98196
1 28874U 05038A   19051.00025519 -.00000071  00000-0  00000+0 0  9991
2 28874  56.3765  19.0849 0132088 261.4332 112.7668  2.00561256 98192
1 28874U 05038A   19052.26014838 -.00000075  00000-0  00000+0 0  9996
2 28874  56.3768  19.0355 0132082 261.4549 302.4352  2.00561192 98211
1 28874U 05038A   19052.75646204 -.00000076  00000-0  00000-0 0  9990
2 28874  56.3769  19.0160 0132076 261.4628 300.7842  2.00561170 98230
1 28874U 05038A   19053.22550727 -.00000076  00000-0  00000+0 0  9996
2 28874  56.3769  18.9976 0132067 261.4711 279.4440  2.00561148 98237
1 28874U 05038A   19053.80037569 -.00000077  00000-0  00000-0 0  9996
2 28874  56.3770  18.9751 0132037 261.4828 334.5085  2.00561120 98256
1 28874U 05038A   19054.46404102 -.00000078  00000-0  00000+0 0  9990
2 28874  56.3771  18.9491 0132017 261.4938  93.6882  2.00561092 98265
1 28874U 05038A   19054.81105869 -.00000078  00000-0  00000-0 0  9998
2 28874  56.3772  18.9354 0132004 261.5021 344.2394  2.00561080 98275
1 28874U 05038A   19055.46915090 -.00000079  00000-0  00000-0 0  9996
2 28874  56.3773  18.9096 0131989 261.5126  99.3955  2.00561055 98280
1 28874U 05038A   19056.06029858 -.00000080  00000-0  00000+0 0  9992
2 28874  56.3774  18.8865 0131981 261.5195 166.2188  2.00561036 98294
1 28874U 05038A   19057.19579920 -.00000083  00000-0  00000+0 0  9990
2 28874  56.3776  18.8420 0131965 261.5360 266.0751  2.00560999 98314
1 28874U 05038A   19057.71222800 -.00000084  00000-0  00000+0 0  9991
2 28874  56.3777  18.8217 0131960 261.5435 278.9480  2.00560984 98323
1 28874U 05038A   19057.71222800 -.00000084  00000-0  00000-0 0  9992
2 28874  56.3777  18.8217 0131960 261.5435 278.9480  2.00560984 98334
1 28874U 05038A   19059.21160487 -.00000088  00000-0  00000+0 0  9994
2 28874  56.3779  18.7630 0131923 261.5681 281.5275  2.00560933 98354
1 28874U 05038A   19059.95590899 -.00000089  00000-0  00000+0 0  9990
2 28874  56.3780  18.7338 0131912 261.5791  98.9308  2.00560908 98372
1 28874U 05038A   19059.95590899 -.00000089  00000-0  00000-0 0  9991
2 28874  56.3780  18.7338 0131912 261.5791  98.9308  2.00560908 98383
1 28874U 05038A   19062.19897934 -.00000090  00000-0  00000+0 0  9992
2 28874  56.3784  18.6459 0131885 261.6118 278.4747  2.00560817 98418
1 28874U 05038A   19062.30618337 -.00000090  00000-0  00000+0 0  9993
2 28874  56.3783  18.6417 0131855 261.6219 355.8696  2.00560807 98412
1 28874U 05038A   19062.78191497 -.00000089  00000-0  00000-0 0  9997
2 28874  56.3784  18.6231 0131849 261.6287 339.3578  2.00560784 98437
1 28874U 05038A   19063.25627501 -.00000088  00000-0  00000+0 0  9998
2 28874  56.3785  18.6046 0131844 261.6383 321.8524  2.00560751 98435
1 28874U 05038A   19063.64978957 -.00000087  00000-0  00000-0 0  9995
2 28874  56.3786  18.5891 0131863 261.6364 245.9856  2.00560728 98453
1 28874U 05038A   19064.44272902 -.00000084  00000-0  00000+0 0  9997
2 28874  56.3787  18.5581 0131834 261.6508  98.5010  2.00560677 98466
1 28874U 05038A   19065.70026661 -.00000078  00000-0  00000-0 0  9990
2 28874  56.3789  18.5089 0131851 261.6607 286.4768  2.00560590 98495
1 28874U 05038A   19066.18729779 -.00000076  00000-0  00000+0 0  9990
2 28874  56.3789  18.4899 0131846 261.6664 278.1243  2.00560552 98494
1 28874U 05038A   19067.19255578 -.00000070  00000-0  00000+0 0  9997
2 28874  56.3790  18.4505 0131832 261.6812 283.9401  2.00560468 98519
1 28874U 05038A   19067.69084823 -.00000067  00000-0  00000-0 0  9992
2 28874  56.3791  18.4310 0131827 261.6884 283.7171  2.00560426 98535
1 28874U 05038A   19068.18075022 -.00000065  00000-0  00000+0 0  9995
2 28874  56.3792  18.4118 0131816 261.6945 277.4367  2.00560378 98531
1 28874U 05038A   19068.18075022 -.00000065  00000-0  00000-0 0  9996
2 28874  56.3792  18.4118 0131816 261.6945 277.4367  2.00560378 98542
1 28874U 05038A   19068.92947587 -.00000062  00000-0  00000+0 0  9998
2 28874  56.3793  18.3825 0131792 261.7062  98.0301  2.00560307 98559
1 28874U 05038A   19069.70054187 -.00000059  00000-0  00000+0 0  9996
2 28874  56.3793  18.3522 0131790 261.7162 294.7557  2.00560236 98562
1 28874U 05038A   19069.70054187 -.00000059  00000-0  00000-0 0  9997
2 28874  56.3793  18.3522 0131790 261.7162 294.7557  2.00560236 98573
1 28874U 05038A   19070.75028947 -.00000057  00000-0  00000-0 0  9997
2 28874  56.3794  18.3111 0131770 261.7307 332.6937  2.00560132 98598
1 28874U 05038A   19071.21612199 -.00000057  00000-0  00000+0 0  9996
2 28874  56.3795  18.2929 0131757 261.7360 309.0348  2.00560083 98598
1 28874U 05038A   19071.76437523 -.00000057  00000-0  00000-0 0  9993
2 28874  56.3795  18.2714 0131739 261.7424 344.8851  2.00560027 98618
1 28874U 05038A   19072.15820278 -.00000057  00000-0  00000+0 0  9999
2 28874  56.3796  18.2559 0131742 261.7477 269.2363  2.00559992 98615
1 28874U 05038A   19072.68244021 -.00000058  00000-0  00000-0 0  9995
2 28874  56.3796  18.2354 0131733 261.7543 287.7463  2.00559945 98638
1 28874U 05038A   19073.41621764 -.00000060  00000-0  00000+0 0  9992
2 28874  56.3798  18.2066 0131717 261.7600  97.5517  2.00559878 98649
1 28874U 05038A   19073.68243747 -.00000061  00000-0  00000-0 0  9994
2 28874  56.3798  18.1962 0131715 261.7648 289.7663  2.00559856 98657
1 28874U 05038A   19074.26460439 -.00000063  00000-0  00000+0 0  9999
2 28874  56.3798  18.1734 0131696 261.7722 350.1022  2.00559805 98651
1 28874U 05038A   19074.92337483 -.00000066  00000-0  00000+0 0  9997
2 28874  56.3799  18.1475 0131686 261.7771 105.7507  2.00559747 98676
1 28874U 05038A   19074.92337483 -.00000066  00000-0  00000-0 0  9998
2 28874  56.3799  18.1475 0131686 261.7771 105.7507  2.00559747 98687
1 28874U 05038A   19075.74973542 -.00000071  00000-0  00000-0 0  9997
2 28874  56.3800  18.1151 0131669 261.7890 342.3976  2.00559682 98692
1 28874U 05038A   19076.21417698 -.00000073  00000-0  00000+0 0  9996
2 28874  56.3801  18.0969 0131660 261.7935 317.7346  2.00559646 98697
1 28874U 05038A   19076.66441809 -.00000075  00000-0  00000-0 0  9999
2 28874  56.3801  18.0792 0131647 261.7967 282.8197  2.00559610 98711
1 28874U 05038A   19077.23335819 -.00000078  00000-0  00000+0 0  9998
2 28874  56.3803  18.0569 0131627 261.8074 333.6016  2.00559569 98711
1 28874U 05038A   19077.77464992 -.00000080  00000-0  00000-0 0  9996
2 28874  56.3804  18.0357 0131611 261.8133   4.4254  2.00559535 98738
1 28874U 05038A   19078.14420862 -.00000082  00000-0  00000+0 0  9997
2 28874  56.3804  18.0212 0131620 261.8169 271.2548  2.00559514 98734
1 28874U 05038A   19078.14420862 -.00000082  00000-0  00000-0 0  9998
2 28874  56.3804  18.0212 0131620 261.8169 271.2548  2.00559514 98734
1 28874U 05038A   19079.73101271 -.00000086  00000-0  00000+0 0  9997
2 28874  56.3806  17.9589 0131606 261.8350 336.9588  2.00559428 98767
1 28874U 05038A   19079.73101271 -.00000086  00000-0  00000-0 0  9998
2 28874  56.3806  17.9589 0131606 261.8350 336.9588  2.00559428 98778
1 28874U 05038A   19080.70929769 -.00000088  00000-0  00000-0 0  9999
2 28874  56.3807  17.9205 0131591 261.8459 323.2999  2.00559385 98796
1 28874U 05038A   19081.20872361 -.00000089  00000-0  00000+0 0  9990
2 28874  56.3808  17.9009 0131583 261.8516 323.8951  2.00559364 98795
1 28874U 05038A   19081.76018314 -.00000089  00000-0  00000-0 0  9992
2 28874  56.3808  17.8793 0131555 261.8575   2.0598  2.00559341 98819
1 28874U 05038A   19082.77073899 -.00000091  00000-0  00000-0 0  9996
2 28874  56.3810  17.8397 0131522 261.8686  11.7007  2.00559304 98832
1 28874U 05038A   19083.58601025 -.00000092  00000-0  00000+0 0  9994
2 28874  56.3810  17.8078 0131508 261.8728 240.3470  2.00559277 98843
1 28874U 05038A   19083.71740618 -.00000093  00000-0  00000-0 0  9993
2 28874  56.3811  17.8026 0131503 261.8749 335.2167  2.00559271 98857
1 28874U 05038A   19084.01475528 -.00000093  00000-0  00000+0 0  9991
2 28874  56.3811  17.7910 0131486 261.8756 189.9108  2.00559258 98850
1 28874U 05038A   19084.58815414 -.00000095  00000-0  00000+0 0  9997
2 28874  56.3812  17.7685 0131472 261.8800 243.9176  2.00559238 98860
1 28874U 05038A   19084.73217316 -.00000095  00000-0  00000-0 0  9992
2 28874  56.3812  17.7628 0131466 261.8828 347.9008  2.00559232 98874
1 28874U 05038A   19085.27016112 -.00000097  00000-0  00000+0 0  9994
2 28874  56.3813  17.7418 0131452 261.8881  16.3390  2.00559216 98880
1 28874U 05038A   19085.61175619 -.00000097  00000-0  00000-0 0  9991
2 28874  56.3813  17.7283 0131448 261.8910 262.9779  2.00559205 98897
1 28874U 05038A   19086.59724997 -.00000100  00000-0  00000+0 0  9992
2 28874  56.3814  17.6897 0131435 261.9000 254.5247  2.00559175 98900
1 28874U 05038A   19086.67911758 -.00000100  00000-0  00000-0 0  9995
2 28874  56.3814  17.6865 0131441 261.9011 313.6344  2.00559172 98917
1 28874U 05038A   19087.57516553 -.00000102  00000-0  00000+0 0  9990
2 28874  56.3814  17.6514 0131425 261.9094 240.5992  2.00559139 98922
1 28874U 05038A   19087.76752669 -.00000102  00000-0  00000-0 0  9992
2 28874  56.3815  17.6438 0131418 261.9125  19.4866  2.00559132 98932
1 28874U 05038A   19088.18028726 -.00000103  00000-0  00000+0 0  9999
2 28874  56.3815  17.6276 0131406 261.9153 317.5089  2.00559115 98941
1 28874U 05038A   19088.66682892 -.00000103  00000-0  00000-0 0  9993
2 28874  56.3816  17.6085 0131406 261.9206 308.8011  2.00559099 98959
1 28874U 05038A   19089.15870163 -.00000103  00000-0  00000+0 0  9997
2 28874  56.3816  17.5893 0131402 261.9254 303.9428  2.00559080 98963
1 28874U 05038A   19089.15870163 -.00000103  00000-0  00000-0 0  9998
2 28874  56.3816  17.5893 0131402 261.9254 303.9428  2.00559080 98963
1 28874U 05038A   19095.19840234 -.00000077  00000-0  00000+0 0  9994
2 28874  56.3822  17.3527 0131318 261.9788 344.7259  2.00558706 99083
1 28874U 05038A   19095.49669507 -.00000076  00000-0  00000+0 0  9998
2 28874  56.3822  17.3410 0131254 261.9748 200.1047  2.00558665 99083
1 28874U 05038A   19095.73609850 -.00000074  00000-0  00000-0 0  9999
2 28874  56.3822  17.3316 0131255 261.9789  12.9564  2.00558641 99092
1 28874U 05038A   19096.21469043 -.00000072  00000-0  00000+0 0  9998
2 28874  56.3823  17.3129 0131247 261.9845 358.5074  2.00558597 99106
1 28874U 05038A   19096.74893779 -.00000070  00000-0  00000+0 0  9991
2 28874  56.3823  17.2919 0131232 261.9890  24.2442  2.00558549 99110
1 28874U 05038A   19096.74893779 -.00000070  00000-0  00000-0 0  9992
2 28874  56.3823  17.2919 0131232 261.9890  24.2442  2.00558549 99110
1 28874U 05038A   19097.66101642 -.00000067  00000-0  00000-0 0  9991
2 28874  56.3824  17.2562 0131226 261.9944 322.7844  2.00558462 99136
1 28874U 05038A   19098.14816921 -.00000067  00000-0  00000+0 0  9997
2 28874  56.3824  17.2371 0131222 261.9983 314.5180  2.00558418 99147
1 28874U 05038A   19098.63833124 -.00000066  00000-0  00000+0 0  9994
2 28874  56.3825  17.2179 0131219 262.0014 308.4251  2.00558373 99159
1 28874U 05038A   19098.63833124 -.00000066  00000-0  00000-0 0  9995
2 28874  56.3825  17.2179 0131219 262.0014 308.4251  2.00558373 99159
1 28874U 05038A   19101.68034566 -.00000072  00000-0  00000+0 0  9994
2 28874  56.3828  17.0986 0131161 262.0205 344.8212  2.00558103 99213
1 28874U 05038A   19102.69239507 -.00000076  00000-0  00000-0 0  9993
2 28874  56.3828  17.0589 0131141 262.0259 355.5416  2.00558016 99239
1 28874U 05038A   19103.71244588 -.00000081  00000-0  00000-0 0  9998
2 28874  56.3830  17.0189 0131110 262.0278  12.0427  2.00557940 99259
1 28874U 05038A   19104.72379405 -.00000085  00000-0  00000+0 0  9990
2 28874  56.3831  16.9792 0131088 262.0344  22.2553  2.00557870 99273
1 28874U 05038A   19105.12606274 -.00000086  00000-0  00000+0 0  9993
2 28874  56.3831  16.9634 0131088 262.0386 312.6993  2.00557842 99288
1 28874U 05038A   19106.20663167 -.00000090  00000-0  00000+0 0  9992
2 28874  56.3832  16.9210 0131057 262.0426  12.8933  2.00557779 99305
1 28874U 05038A   19106.78541933 -.00000091  00000-0  00000-0 0  9993
2 28874  56.3833  16.8983 0131059 262.0479  70.7873  2.00557747 99314
1 28874U 05038A   19107.63980000 -.00000092  00000-0  00000-0 0  9991
2 28874  56.3834  16.8648 0131042 262.0533 327.6660  2.00557712 99338
1 28874U 05038A   19108.60936017 -.00000094  00000-0  00000+0 0  9999
2 28874  56.3835  16.8267 0131033 262.0575 307.7082  2.00557668 99351
1 28874U 05038A   19108.60936017 -.00000094  00000-0  00000-0 0  9990
2 28874  56.3835  16.8267 0131033 262.0575 307.7082  2.00557668 99351
1 28874U 05038A   19112.52650177 -.00000101  00000-0  00000+0 0  9994
2 28874  56.3839  16.6732 0130966 262.0754 255.9613  2.00557537 99431
1 28874U 05038A   19113.52601758 -.00000104  00000-0  00000+0 0  9999
2 28874  56.3840  16.6340 0130948 262.0797 257.6314  2.00557508 99452
1 28874U 05038A   19113.52601758 -.00000104  00000-0  00000-0 0  9990
2 28874  56.3840  16.6340 0130948 262.0797 257.6314  2.00557508 99452
1 28874U 05038A   19113.70637685 -.00000104  00000-0  00000-0 0  9998
2 28874  56.3840  16.6270 0130945 262.0810  27.8538  2.00557504 99458
1 28874U 05038A   19114.52622240 -.00000106  00000-0  00000+0 0  9991
2 28874  56.3841  16.5948 0130934 262.0839 259.7988  2.00557480 99479
1 28874U 05038A   19114.52622240 -.00000106  00000-0  00000-0 0  9992
2 28874  56.3841  16.5948 0130934 262.0839 259.7988  2.00557480 99479
1 28874U 05038A   19117.14533601 -.00000106  00000-0  00000+0 0  9994
2 28874  56.3844  16.4922 0130902 262.1015 350.8426  2.00557390 99521
1 28874U 05038A   19117.51963219 -.00000105  00000-0  00000+0 0  9996
2 28874  56.3845  16.4775 0130897 262.1011 261.0934  2.00557373 99536
1 28874U 05038A   19117.61680346 -.00000105  00000-0  00000-0 0  9995
2 28874  56.3845  16.4737 0130893 262.1006 331.2538  2.00557367 99537
1 28874U 05038A   19118.22980845 -.00000102  00000-0  00000+0 0  9996
2 28874  56.3846  16.4496 0130883 262.1046  53.8535  2.00557338 99546
1 28874U 05038A   19118.59006735 -.00000101  00000-0  00000+0 0  9992
2 28874  56.3846  16.4355 0130877 262.1037 313.9696  2.00557321 99543
1 28874U 05038A   19118.59006735 -.00000101  00000-0  00000-0 0  9993
2 28874  56.3846  16.4355 0130877 262.1037 313.9696  2.00557321 99554
1 28874U 05038A   19121.53165870 -.00000085  00000-0  00000+0 0  9997
2 28874  56.3849  16.3202 0130837 262.1113 277.8572  2.00557137 99600
1 28874U 05038A   19121.67859525 -.00000084  00000-0  00000-0 0  9999
2 28874  56.3849  16.3145 0130837 262.1134  23.9466  2.00557125 99619
1 28874U 05038A   19122.53643505 -.00000079  00000-0  00000+0 0  9997
2 28874  56.3850  16.2809 0130824 262.1131 283.3261  2.00557059 99622
1 28874U 05038A   19122.69287733 -.00000078  00000-0  00000-0 0  9991
2 28874  56.3850  16.2747 0130820 262.1130  36.2810  2.00557047 99631
1 28874U 05038A   19123.49719951 -.00000074  00000-0  00000+0 0  9997
2 28874  56.3851  16.2432 0130814 262.1143 257.0178  2.00556981 99647
1 28874U 05038A   19124.16951797 -.00000071  00000-0  00000+0 0  9995
2 28874  56.3852  16.2168 0130806 262.1183  22.4424  2.00556925 99667
1 28874U 05038A   19124.59452337 -.00000069  00000-0  00000-0 0  9996
2 28874  56.3852  16.2002 0130796 262.1161 329.3076  2.00556886 99677
1 28874U 05038A   19125.65275361 -.00000067  00000-0  00000+0 0  9991
2 28874  56.3853  16.1587 0130781 262.1197  13.3689  2.00556793 99697
1 28874U 05038A   19126.01836257 -.00000066  00000-0  00000+0 0  9998
2 28874  56.3854  16.1444 0130778 262.1213 277.3447  2.00556762 99695
1 28874U 05038A   19126.19922497 -.00000066  00000-0  00000-0 0  9990
2 28874  56.3854  16.1373 0130783 262.1263  47.9265  2.00556750 99705
1 28874U 05038A   19127.14490588 -.00000066  00000-0  00000+0 0  9996
2 28874  56.3855  16.1002 0130769 262.1280  10.7263  2.00556667 99723
1 28874U 05038A   19128.62835878 -.00000069  00000-0  00000+0 0  9998
2 28874  56.3857  16.0420 0130762 262.1352   1.8030  2.00556549 99756
1 28874U 05038A   19129.17016502 -.00000071  00000-0  00000+0 0  9997
2 28874  56.3857  16.0208 0130755 262.1353  32.9981  2.00556507 99768
1 28874U 05038A   19129.63873115 -.00000072  00000-0  00000-0 0  9991
2 28874  56.3858  16.0024 0130751 262.1366  11.3112  2.00556471 99773
1 28874U 05038A   19130.50505582 -.00000076  00000-0  00000+0 0  9992
2 28874  56.3859  15.9684 0130733 262.1339 276.8178  2.00556404 99781
1 28874U 05038A   19131.51010057 -.00000080  00000-0  00000+0 0  9997
2 28874  56.3860  15.9290 0130708 262.1302 282.4839  2.00556335 99801
1 28874U 05038A   19132.14200722 -.00000082  00000-0  00000+0 0  9999
2 28874  56.3861  15.9042 0130699 262.1307  18.7327  2.00556296 99821
1 28874U 05038A   19132.69082476 -.00000084  00000-0  00000-0 0  9996
2 28874  56.3862  15.8827 0130714 262.1378  54.9829  2.00556269 99838
1 28874U 05038A   19133.14973750 -.00000085  00000-0  00000+0 0  9991
2 28874  56.3862  15.8647 0130713 262.1406  26.3241  2.00556244 99844
1 28874U 05038A   19133.69721247 -.00000086  00000-0  00000-0 0  9995
2 28874  56.3863  15.8432 0130710 262.1415  61.6109  2.00556216 99859
1 28874U 05038A   19134.16490314 -.00000087  00000-0  00000+0 0  9996
2 28874  56.3864  15.8248 0130708 262.1438  39.2904  2.00556195 99868
1 28874U 05038A   19134.64244831 -.00000087  00000-0  00000-0 0  9991
2 28874  56.3864  15.8061 0130696 262.1411  24.0900  2.00556173 99873
1 28874U 05038A   19135.46286635 -.00000088  00000-0  00000+0 0  9990
2 28874  56.3865  15.7739 0130679 262.1406 256.4481  2.00556140 99880
1 28874U 05038A   19135.65851572 -.00000089  00000-0  00000-0 0  9991
2 28874  56.3865  15.7662 0130671 262.1386  37.7128  2.00556133 99895
1 28874U 05038A   19135.99682707 -.00000089  00000-0  00000+0 0  9999
2 28874  56.3866  15.7530 0130664 262.1375 281.9811  2.00556120 99898
1 28874U 05038A   19137.56362059 -.00000091  00000-0  00000-0 0  9993
2 28874  56.3868  15.6915 0130627 262.1306 333.2425  2.00556067 99936
1 28874U 05038A   19138.15251182 -.00000092  00000-0  00000+0 0  9993
2 28874  56.3869  15.6684 0130621 262.1301  38.4336  2.00556052 99949
1 28874U 05038A   19138.62025208 -.00000093  00000-0  00000-0 0  9995
2 28874  56.3869  15.6501 0130613 262.1289  16.1520  2.00556038 99956
1 28874U 05038A   19139.48660285 -.00000096  00000-0  00000+0 0  9992
2 28874  56.3870  15.6162 0130610 262.1327 281.6696  2.00556025 99961
1 28874U 05038A   19140.45088035 -.00000098  00000-0  00000+0 0  9990
2 28874  56.3871  15.5784 0130610 262.1371 257.8916  2.00556004 99989
1 28874U 05038A   19140.65166725 -.00000099  00000-0  00000-0 0  9997
2 28874  56.3872  15.5705 0130609 262.1385  42.8621  2.00556000 99998
1 28874U 05038A   19141.47452765 -.00000101  00000-0  00000+0 0  9993
2 28874  56.3873  15.5382 0130602 262.1374 276.9834  2.00555978100005
1 28874U 05038A   19142.48104845 -.00000102  00000-0  00000-0 0  9990
2 28874  56.3874  15.4988 0130591 262.1375 283.7095  2.00555949100031
1 28874U 05038A   19142.61318823 -.00000102  00000-0  00000-0 0  9998
2 28874  56.3874  15.4936 0130587 262.1359  19.1185  2.00555945100038
1 28874U 05038A   19143.15915361 -.00000102  00000-0  00000+0 0  9997
2 28874  56.3875  15.4722 0130583 262.1378  53.3136  2.00555931100041
1 28874U 05038A   19144.09753492 -.00000101  00000-0  00000+0 0  9995
2 28874  56.3876  15.4354 0130571 262.1353  10.8441  2.00555900100068
1 28874U 05038A   19144.63369351 -.00000100  00000-0  00000-0 0  9992
2 28874  56.3876  15.4144 0130567 262.1358  37.9597  2.00555881100076
1 28874U 05038A   19145.43138885 -.00000098  00000-0  00000+0 0  9992
2 28874  56.3878  15.3832 0130552 262.1308 253.9149  2.00555848100087
1 28874U 05038A   19145.64813237 -.00000097  00000-0  00000+0 0  9995
2 28874  56.3878  15.3747 0130562 262.1394  50.3991  2.00555842100097
1 28874U 05038A   19145.64813237 -.00000097  00000-0  00000-0 0  9996
2 28874  56.3878  15.3747 0130562 262.1394  50.3991  2.00555842100097
1 28874U 05038A   19147.13335226 -.00000089  00000-0  00000+0 0  9999
2 28874  56.3880  15.3165 0130558 262.1397  42.7535  2.00555765100129
1 28874U 05038A   19147.46577248 -.00000087  00000-0  00000+0 0  9995
2 28874  56.3880  15.3034 0130567 262.1472 282.7592  2.00555753100124
1 28874U 05038A   19147.46577248 -.00000087  00000-0  00000-0 0  9996
2 28874  56.3880  15.3034 0130567 262.1472 282.7592  2.00555753100135
1 28874U 05038A   19148.70807549 -.00000079  00000-0  00000-0 0  9995
2 28874  56.3882  15.2548 0130536 262.1322  99.7381  2.00555670100169
1 28874U 05038A   19149.16569177 -.00000077  00000-0  00000+0 0  9995
2 28874  56.3883  15.2368 0130557 262.1315  70.1455  2.00555643100160
1 28874U 05038A   19149.63340471 -.00000074  00000-0  00000-0 0  9999
2 28874  56.3883  15.2184 0130550 262.1301  47.8436  2.00555610100179
1 28874U 05038A   19150.10121530 -.00000071  00000-0  00000+0 0  9992
2 28874  56.3884  15.2001 0130550 262.1295  25.6112  2.00555574100185
1 28874U 05038A   19152.45214163 -.00000061  00000-0  00000+0 0  9996
2 28874  56.3887  15.1080 0130521 262.1196 283.0284  2.00555377100228
1 28874U 05038A   19152.60414234 -.00000061  00000-0  00000-0 0  9995
2 28874  56.3887  15.1020 0130516 262.1179  32.7772  2.00555365100236
1 28874U 05038A   19153.44024238 -.00000059  00000-0  00000+0 0  9995
2 28874  56.3888  15.0692 0130513 262.1145 276.4580  2.00555291100244
1 28874U 05038A   19153.62706779 -.00000059  00000-0  00000-0 0  9993
2 28874  56.3888  15.0619 0130510 262.1136  51.3499  2.00555276100253
1 28874U 05038A   19154.09504914 -.00000059  00000-0  00000+0 0  9991
2 28874  56.3889  15.0436 0130506 262.1124  29.2410  2.00555237100268
1 28874U 05038A   19155.65496582 -.00000061  00000-0  00000+0 0  9998
2 28874  56.3891  14.9824 0130529 262.1274  75.5105  2.00555121100291
1 28874U 05038A   19155.65496582 -.00000061  00000-0  00000-0 0  9999
2 28874  56.3891  14.9824 0130529 262.1274  75.5105  2.00555121100291
1 28874U 05038A   19156.66758152 -.00000063  00000-0  00000+0 0  9996
2 28874  56.3892  14.9426 0130543 262.1336  86.6284  2.00555044100313
1 28874U 05038A   19156.66758152 -.00000063  00000-0  00000-0 0  9997
2 28874  56.3892  14.9426 0130543 262.1336  86.6284  2.00555044100313
1 28874U 05038A   19157.60170957 -.00000067  00000-0  00000-0 0  9997
2 28874  56.3894  14.9060 0130538 262.1280  41.0886  2.00554977100330
1 28874U 05038A   19158.43244007 -.00000069  00000-0  00000+0 0  9998
2 28874  56.3895  14.8734 0130537 262.1263 280.8901  2.00554918100345
1 28874U 05038A   19158.62286537 -.00000070  00000-0  00000-0 0  9996
2 28874  56.3895  14.8660 0130529 262.1177  58.3887  2.00554908100359
1 28874U 05038A   19159.42827101 -.00000073  00000-0  00000+0 0  9995
2 28874  56.3896  14.8344 0130522 262.1097 279.9114  2.00554859100363
1 28874U 05038A   19159.63173451 -.00000073  00000-0  00000-0 0  9991
2 28874  56.3897  14.8264 0130527 262.1138  66.8111  2.00554849100376
1 28874U 05038A   19160.10103649 -.00000075  00000-0  00000+0 0  9998
2 28874  56.3897  14.8080 0130520 262.1062  45.6616  2.00554823100389
1 28874U 05038A   19161.42271689 -.00000077  00000-0  00000-0 0  9997
2 28874  56.3899  14.7563 0130523 262.1123 279.9277  2.00554759100403
1 28874U 05038A   19162.42549486 -.00000079  00000-0  00000+0 0  9992
2 28874  56.3900  14.7170 0130517 262.1080 283.9519  2.00554717100425
1 28874U 05038A   19162.91687899 -.00000079  00000-0  00000+0 0  9997
2 28874  56.3901  14.6977 0130512 262.1024 278.7436  2.00554697100431
1 28874U 05038A   19164.08421704 -.00000081  00000-0  00000+0 0  9991
2 28874  56.3903  14.6520 0130503 262.0878  41.5926  2.00554657100462
1 28874U 05038A   19165.41368876 -.00000084  00000-0  00000+0 0  9992
2 28874  56.3904  14.5999 0130501 262.0843 281.4927  2.00554618100487
1 28874U 05038A   19165.41368876 -.00000084  00000-0  00000-0 0  9993
2 28874  56.3904  14.5999 0130501 262.0843 281.4927  2.00554618100498
1 28874U 05038A   19168.07486848 -.00000091  00000-0  00000+0 0  9995
2 28874  56.3907  14.4957 0130496 262.0608  42.9235  2.00554555100544
1 28874U 05038A   19168.61852623 -.00000093  00000-0  00000-0 0  9996
2 28874  56.3908  14.4744 0130533 262.1067  75.4064  2.00554555100553
1 28874U 05038A   19169.60611979 -.00000095  00000-0  00000+0 0  9994
2 28874  56.3909  14.4358 0130542 262.1101  68.4584  2.00554530100578
1 28874U 05038A   19169.64718844 -.00000095  00000-0  00000+0 0  9997
2 28874  56.3909  14.4342 0130557 262.1338  98.0871  2.00554532100579
1 28874U 05038A   19169.64718844 -.00000095  00000-0  00000-0 0  9998
2 28874  56.3909  14.4342 0130557 262.1338  98.0871  2.00554532100580
1 28874U 05038A   19170.64855924 -.00000095  00000-0  00000+0 0  9990
2 28874  56.3911  14.3950 0130558 262.1245 101.0991  2.00554512100592
1 28874U 05038A   19170.64855924 -.00000095  00000-0  00000-0 0  9991
2 28874  56.3911  14.3950 0130558 262.1245 101.0991  2.00554512100604
1 28874U 05038A   19171.89026622 -.00000093  00000-0  00000-0 0  9992
2 28874  56.3912  14.3464 0130549 262.1129 277.6390  2.00554474100628
1 28874U 05038A   19172.45697418 -.00000092  00000-0  00000+0 0  9990
2 28874  56.3914  14.3241 0130539 262.0967 326.8256  2.00554453100626
1 28874U 05038A   19173.06850941 -.00000089  00000-0  00000+0 0  9996
2 28874  56.3914  14.3002 0130541 262.0920  48.3664  2.00554427100645
1 28874U 05038A   19174.56405251 -.00000082  00000-0  00000+0 0  9995
2 28874  56.3916  14.2417 0130558 262.0767  48.1819  2.00554349100679
1 28874U 05038A   19175.64911368 -.00000075  00000-0  00000+0 0  9998
2 28874  56.3918  14.1992 0130575 262.0783 111.6077  2.00554284100697
1 28874U 05038A   19175.64911368 -.00000075  00000-0  00000-0 0  9999
2 28874  56.3918  14.1992 0130575 262.0783 111.6077  2.00554284100709
1 28874U 05038A   19177.05527911 -.00000067  00000-0  00000+0 0  9993
2 28874  56.3919  14.1442 0130593 262.0673  46.8864  2.00554184100722
1 28874U 05038A   19177.92564142 -.00000062  00000-0  00000+0 0  9991
2 28874  56.3920  14.1102 0130596 262.0667 315.2988  2.00554121100735
1 28874U 05038A   19177.92564142 -.00000062  00000-0  00000-0 0  9992
2 28874  56.3920  14.1102 0130596 262.0667 315.2988  2.00554121100746
1 28874U 05038A   19179.56963503 -.00000055  00000-0  00000+0 0  9999
2 28874  56.3922  14.0458 0130616 262.0587  62.2884  2.00553980100774
1 28874U 05038A   19180.86347894 -.00000053  00000-0  00000+0 0  9991
2 28874  56.3923  13.9952 0130629 262.0933 276.4238  2.00553888100792
1 28874U 05038A   19180.86347894 -.00000053  00000-0  00000-0 0  9992
2 28874  56.3923  13.9952 0130629 262.0933 276.4238  2.00553888100804
1 28874U 05038A   19181.86862071 -.00000053  00000-0  00000-0 0  9992
2 28874  56.3925  13.9558 0130647 262.0679 282.1722  2.00553805100828
1 28874U 05038A   19182.38042345 -.00000053  00000-0  00000+0 0  9993
2 28874  56.3926  13.9358 0130649 262.0652 291.7018  2.00553762100826
1 28874U 05038A   19183.55690428 -.00000056  00000-0  00000+0 0  9997
2 28874  56.3927  13.8897 0130668 262.0629  61.1356  2.00553670100854
1 28874U 05038A   19187.59377110 -.00000068  00000-0  00000+0 0  9998
2 28874  56.3932  13.7316 0130733 262.0517  95.8039  2.00553395100939
1 28874U 05038A   19189.40085538 -.00000072  00000-0  00000+0 0  9995
2 28874  56.3934  13.6608 0130756 262.0162 320.5708  2.00553310100966
1 28874U 05038A   19189.87836957 -.00000073  00000-0  00000-0 0  9997
2 28874  56.3935  13.6421 0130763 262.0099 305.3468  2.00553294100984
1 28874U 05038A   19190.55407973 -.00000074  00000-0  00000+0 0  9996
2 28874  56.3935  13.6157 0130776 261.9991  73.2264  2.00553268100990
1 28874U 05038A   19190.89072167 -.00000075  00000-0  00000-0 0  9998
2 28874  56.3936  13.6025 0130778 262.0011 316.2830  2.00553260101006
1 28874U 05038A   19191.36350177 -.00000076  00000-0  00000+0 0  9991
2 28874  56.3936  13.5840 0130785 262.0036 297.6320  2.00553247101006
1 28874U 05038A   19191.59419035 -.00000076  00000-0  00000-0 0  9996
2 28874  56.3937  13.5749 0130795 262.0166 104.1785  2.00553246101028
1 28874U 05038A   19193.39246736 -.00000081  00000-0  00000+0 0  9997
2 28874  56.3938  13.5046 0130812 262.0319 322.5348  2.00553210101043
1 28874U 05038A   19193.86232285 -.00000083  00000-0  00000-0 0  9996
2 28874  56.3938  13.4862 0130824 262.0295 301.7769  2.00553201101062
1 28874U 05038A   19194.40555015 -.00000085  00000-0  00000+0 0  9997
2 28874  56.3939  13.4649 0130839 262.0185 334.0024  2.00553189101068
1 28874U 05038A   19194.87620546 -.00000086  00000-0  00000-0 0  9992
2 28874  56.3940  13.4465 0130848 262.0171 313.8207  2.00553178101089
1 28874U 05038A   19195.59213295 -.00000089  00000-0  00000+0 0  9993
2 28874  56.3941  13.4186 0130867 262.0112 110.7322  2.00553162101092
1 28874U 05038A   19196.35704234 -.00000091  00000-0  00000+0 0  9999
2 28874  56.3942  13.3887 0130885 262.0114 303.0026  2.00553147101105
1 28874U 05038A   19196.90428569 -.00000092  00000-0  00000-0 0  9996
2 28874  56.3942  13.3673 0130886 262.0210 338.1072  2.00553141101122
1 28874U 05038A   19197.37398889 -.00000092  00000-0  00000+0 0  9998
2 28874  56.3942  13.3490 0130892 262.0233 317.2344  2.00553130101129
1 28874U 05038A   19197.57215564 -.00000093  00000-0  00000-0 0  9990
2 28874  56.3943  13.3412 0130893 262.0263 100.3094  2.00553125101147
1 28874U 05038A   19198.52017003 -.00000092  00000-0  00000+0 0  9992
2 28874  56.3944  13.3042 0130917 262.0240  64.7854  2.00553099101157
1 28874U 05038A   19198.57946050 -.00000092  00000-0  00000-0 0  9991
2 28874  56.3944  13.3019 0130915 262.0270 107.5906  2.00553098101166
1 28874U 05038A   19199.52015587 -.00000091  00000-0  00000+0 0  9997
2 28874  56.3945  13.2651 0130941 262.0261  66.7808  2.00553071101176
1 28874U 05038A   19199.81517897 -.00000090  00000-0  00000+0 0  9999
2 28874  56.3945  13.2536 0130948 262.0240 279.7917  2.00553059101175
1 28874U 05038A   19199.81517897 -.00000090  00000-0  00000-0 0  9990
2 28874  56.3945  13.2536 0130948 262.0240 279.7917  2.00553059101186
1 28874U 05038A   19201.05378135 -.00000085  00000-0  00000+0 0  9993
2 28874  56.3946  13.2051 0130976 262.0226  94.0730  2.00553003101207
1 28874U 05038A   19202.05889426 -.00000079  00000-0  00000+0 0  9997
2 28874  56.3947  13.1658 0130998 262.0198  99.7745  2.00552954101226
1 28874U 05038A   19203.50247359 -.00000071  00000-0  00000+0 0  9993
2 28874  56.3948  13.1094 0131046 262.0110  62.0577  2.00552871101257
1 28874U 05038A   19204.50758264 -.00000065  00000-0  00000+0 0  9999
2 28874  56.3949  13.0701 0131069 262.0114  67.7528  2.00552801101274
1 28874U 05038A   19205.63567377 -.00000060  00000-0  00000+0 0  9992
2 28874  56.3950  13.0259 0131088 262.0169 162.2364  2.00552713101298
1 28874U 05038A   19205.63567377 -.00000060  00000-0  00000-0 0  9993
2 28874  56.3950  13.0259 0131088 262.0169 162.2364  2.00552713101300
1 28874U 05038A   19206.54539781 -.00000057  00000-0  00000-0 0  9998
2 28874  56.3951  12.9903 0131112 262.0182  99.0616  2.00552638101312
1 28874U 05038A   19206.54539781 -.00000057  00000-0  00000-0 0  9998
2 28874  56.3951  12.9903 0131112 262.0182  99.0616  2.00552638101323
1 28874U 05038A   19208.78847619 -.00000053  00000-0  00000-0 0  9994
2 28874  56.3952  12.9025 0131161 262.0222 278.5731  2.00552442101367
1 28874U 05038A   19209.62023528 -.00000054  00000-0  00000-0 0  9994
2 28874  56.3952  12.8700 0131179 262.0214 159.1085  2.00552369101371
1 28874U 05038A   19210.52756113 -.00000056  00000-0  00000-0 0  9990
2 28874  56.3953  12.8345 0131210 262.0163  94.2079  2.00552297101390
1 28874U 05038A   19213.27510649 -.00000064  00000-0  00000+0 0  9995
2 28874  56.3955  12.7269 0131285 262.0115 277.9543  2.00552101101441
1 28874U 05038A   19213.50049154 -.00000065  00000-0  00000-0 0  9991
2 28874  56.3955  12.7180 0131294 262.0075  80.6877  2.00552090101455
1 28874U 05038A   19214.50934752 -.00000068  00000-0  00000-0 0  9992
2 28874  56.3956  12.6785 0131327 262.0050  89.0887  2.00552027101472
1 28874U 05038A   19215.51871031 -.00000071  00000-0  00000-0 0  9998
2 28874  56.3957  12.6390 0131364 262.0015  97.8567  2.00551975101492
1 28874U 05038A   19216.60345076 -.00000073  00000-0  00000-0 0  9996
2 28874  56.3958  12.5966 0131393 262.0023 161.0430  2.00551925101513
1 28874U 05038A   19217.01544319 -.00000074  00000-0  00000+0 0  9993
2 28874  56.3959  12.5805 0131406 261.9978  98.5078  2.00551912101527
1 28874U 05038A   19218.51916576 -.00000077  00000-0  00000+0 0  9990
2 28874  56.3960  12.5216 0131429 262.0117 104.1876  2.00551861101553
1 28874U 05038A   19219.00616403 -.00000079  00000-0  00000-0 0  9994
2 28874  56.3960  12.5024 0131451 262.0056  95.8086  2.00551854101569
1 28874U 05038A   19220.00536867 -.00000082  00000-0  00000+0 0  9994
2 28874  56.3961  12.4633 0131467 262.0055  97.2381  2.00551829101589
1 28874U 05038A   19222.24839726 -.00000091  00000-0  00000+0 0  9992
2 28874  56.3961  12.3756 0131549 262.0104 276.7071  2.00551781101622
1 28874U 05038A   19224.49205049 -.00000097  00000-0  00000+0 0  9992
2 28874  56.3965  12.2877 0132206 262.2946  96.7089  2.00578119101674
1 28874U 05038A   19226.73507125 -.00000096  00000-0  00000+0 0  9990
2 28874  56.3960  12.2001 0132294 262.3006 276.3825  2.00578053101719
1 28874U 05038A   19227.56007948 -.00000094  00000-0  00000+0 0  9998
2 28874  56.3962  12.1679 0132328 262.3033 152.1162  2.00578029101739
1 28874U 05038A   19228.43075177 -.00000090  00000-0  00000+0 0  9990
2 28874  56.3965  12.1339 0132346 262.3073  60.8221  2.00577990101758
1 28874U 05038A   19229.44800654 -.00000085  00000-0  00000-0 0  9993
2 28874  56.3965  12.0942 0132389 262.3082  75.3778  2.00577937101775
1 28874U 05038A   19230.57698333 -.00000079  00000-0  00000-0 0  9991
2 28874  56.3964  12.0500 0132420 262.3156 170.6010  2.00577871101799
1 28874U 05038A   19231.42112376 -.00000074  00000-0  00000-0 0  9999
2 28874  56.3964  12.0170 0132450 262.3195  60.1480  2.00577812101810
1 28874U 05038A   19232.45594984 -.00000069  00000-0  00000+0 0  9995
2 28874  56.3965  11.9765 0132484 262.3235  87.3882  2.00577732101831
1 28874U 05038A   19233.56339719 -.00000065  00000-0  00000+0 0  9997
2 28874  56.3965  11.9332 0132542 262.3216 167.0736  2.00577641101850
1 28874U 05038A   19234.43427203 -.00000062  00000-0  00000+0 0  9997
2 28874  56.3965  11.8991 0132582 262.3245  75.9258  2.00577566101870
1 28874U 05038A   19235.54921910 -.00000061  00000-0  00000+0 0  9993
2 28874  56.3965  11.8555 0132622 262.3270 161.0217  2.00577464101890
1 28874U 05038A   19236.71352604 -.00000061  00000-0  00000-0 0  9992
2 28874  56.3965  11.8099 0132669 262.3320 281.7573  2.00577359101922
1 28874U 05038A   19237.55410316 -.00000062  00000-0  00000+0 0  9990
2 28874  56.3965  11.7770 0132696 262.3339 168.7322  2.00577285101932
1 28874U 05038A   19238.53452292 -.00000065  00000-0  00000+0 0  9991
2 28874  56.3964  11.7386 0132733 262.3377 156.6846  2.00577203101957
1 28874U 05038A   19239.52412767 -.00000067  00000-0  00000+0 0  9996
2 28874  56.3964  11.6998 0132795 262.3377 151.2731  2.00577127101974
1 28874U 05038A   19240.19510363 -.00000070  00000-0  00000+0 0  9996
2 28874  56.3964  11.6735 0132807 262.3437 275.7753  2.00577079101987
1 28874U 05038A   19241.44933267 -.00000073  00000-0  00000+0 0  9990
2 28874  56.3964  11.6243 0132856 262.3456 101.4453  2.00576994102018
1 28874U 05038A   19242.44907831 -.00000076  00000-0  00000+0 0  9992
2 28874  56.3964  11.5852 0132884 262.3558 103.3455  2.00576932102034
1 28874U 05038A   19245.68684736 -.00000084  00000-0  00000+0 0  9996
2 28874  56.3964  11.4585 0133003 262.3741 281.2999  2.00576784102094
1 28874U 05038A   19246.92536765 -.00000088  00000-0  00000+0 0  9996
2 28874  56.3964  11.4100 0133061 262.3771  95.6242  2.00576742102120
1 28874U 05038A   19248.42899750 -.00000094  00000-0  00000+0 0  9996
2 28874  56.3964  11.3511 0133133 262.3835 101.3786  2.00576702102153
1 28874U 05038A   19249.38698164 -.00000098  00000-0  00000+0 0  9992
2 28874  56.3964  11.3137 0133179 262.3881  73.1277  2.00576682102178
1 28874U 05038A   19250.38321583 -.00000102  00000-0  00000+0 0  9998
2 28874  56.3963  11.2746 0133203 262.3957  72.4941  2.00576669102191
1 28874U 05038A   19251.48692584 -.00000105  00000-0  00000+0 0  9995
2 28874  56.3964  11.2314 0133257 262.4040 149.4669  2.00576650102211
1 28874U 05038A   19251.92287948 -.00000106  00000-0  00000-0 0  9990
2 28874  56.3965  11.2143 0133283 262.4067 104.2632  2.00576643102233
1 28874U 05038A   19252.50360065 -.00000106  00000-0  00000+0 0  9996
2 28874  56.3964  11.1915 0133299 262.4144 163.5900  2.00576633102236
1 28874U 05038A   19253.50433365 -.00000106  00000-0  00000+0 0  9991
2 28874  56.3964  11.1524 0133334 262.4243 166.2017  2.00576607102254
1 28874U 05038A   19254.66017406 -.00000103  00000-0  00000-0 0  9991
2 28874  56.3964  11.1072 0133356 262.4312 280.8183  2.00576577102289
1 28874U 05038A   19255.39556913 -.00000100  00000-0  00000+0 0  9999
2 28874  56.3964  11.0785 0133388 262.4378  91.8346  2.00576547102295
1 28874U 05038A   19256.36106640 -.00000096  00000-0  00000+0 0  9999
2 28874  56.3964  11.0407 0133440 262.4451  69.0050  2.00576502102310
1 28874U 05038A   19257.41858535 -.00000090  00000-0  00000+0 0  9997
2 28874  56.3964  10.9994 0133491 262.4514 112.6244  2.00576445102333
1 28874U 05038A   19260.47200684 -.00000075  00000-0  00000+0 0  9996
2 28874  56.3964  10.8799 0133621 262.4786 157.4462  2.00576224102391
1 28874U 05038A   19261.44204049 -.00000071  00000-0  00000+0 0  9999
2 28874  56.3964  10.8419 0133691 262.4876 137.8897  2.00576146102417
1 28874U 05038A   19262.39170549 -.00000069  00000-0  00000+0 0  9998
2 28874  56.3964  10.8047 0133735 262.4974 103.6240  2.00576064102436
1 28874U 05038A   19263.45860935 -.00000068  00000-0  00000+0 0  9990
2 28874  56.3964  10.7630 0133775 262.5085 154.0141  2.00575973102451
1 28874U 05038A   19264.34366722 -.00000069  00000-0  00000+0 0  9995
2 28874  56.3963  10.7283 0133782 262.5151  73.0994  2.00575903102477
1 28874U 05038A   19265.37898823 -.00000070  00000-0  00000+0 0  9993
2 28874  56.3963  10.6878 0133832 262.5238 100.6855  2.00575811102491
1 28874U 05038A   19266.33869256 -.00000072  00000-0  00000+0 0  9990
2 28874  56.3963  10.6502 0133864 262.5345  73.6674  2.00575733102513
1 28874U 05038A   19267.40421439 -.00000075  00000-0  00000+0 0  9999
2 28874  56.3963  10.6084 0133928 262.5446 123.0594  2.00575647102538
1 28874U 05038A   19268.38075767 -.00000078  00000-0  00000+0 0  9999
2 28874  56.3963  10.5701 0133981 262.5553 108.2001  2.00575576102552
1 28874U 05038A   19269.40823252 -.00000080  00000-0  00000+0 0  9996
2 28874  56.3963  10.5298 0134020 262.5666 130.1172  2.00575506102571
1 28874U 05038A   19270.32589038 -.00000082  00000-0  00000+0 0  9992
2 28874  56.3962  10.4938 0134062 262.5777  72.7365  2.00575451102595
1 28874U 05038A   19271.41026229 -.00000084  00000-0  00000+0 0  9993
2 28874  56.3962  10.4513 0134095 262.5896 135.7373  2.00575395102611
1 28874U 05038A   19273.45710847 -.00000089  00000-0  00000+0 0  9990
2 28874  56.3961  10.3712 0134150 262.6131 173.7178  2.00575312102653
1 28874U 05038A   19274.44253376 -.00000093  00000-0  00000+0 0  9994
2 28874  56.3960  10.3325 0134166 262.6217 165.2734  2.00575283102677
1 28874U 05038A   19277.32766749 -.00000105  00000-0  00000+0 0  9991
2 28874  56.3959  10.2194 0134331 262.6606  88.5538  2.00575202102731
1 28874U 05038A   19278.40942507 -.00000108  00000-0  00000+0 0  9992
2 28874  56.3958  10.1769 0134367 262.6747 149.6635  2.00575182102758
1 28874U 05038A   19279.30877635 -.00000110  00000-0  00000+0 0  9994
2 28874  56.3958  10.1417 0134411 262.6866  79.0617  2.00575162102776
1 28874U 05038A   19280.47854146 -.00000110  00000-0  00000+0 0  9996
2 28874  56.3957  10.0958 0134431 262.7008 203.7201  2.00575137102794
1 28874U 05038A   19281.30571363 -.00000109  00000-0  00000+0 0  9994
2 28874  56.3957  10.0635 0134472 262.7127  80.9984  2.00575112102812
1 28874U 05038A   19282.49853073 -.00000104  00000-0  00000+0 0  9991
2 28874  56.3957  10.0168 0134526 262.7273 222.3012  2.00575072102836
1 28874U 05038A   19283.30569508 -.00000101  00000-0  00000+0 0  9996
2 28874  56.3957   9.9852 0134559 262.7400  85.1310  2.00575038102851
1 28874U 05038A   19284.35009378 -.00000095  00000-0  00000+0 0  9998
2 28874  56.3957   9.9444 0134614 262.7548 119.2623  2.00574987102873
1 28874U 05038A   19285.39215513 -.00000089  00000-0  00000+0 0  9996
2 28874  56.3956   9.9036 0134653 262.7672 151.7081  2.00574930102899
1 28874U 05038A   19286.35237003 -.00000083  00000-0  00000+0 0  9995
2 28874  56.3956   9.8659 0134698 262.7819 125.0511  2.00574863102911
1 28874U 05038A   19287.41940747 -.00000078  00000-0  00000+0 0  9993
2 28874  56.3956   9.8241 0134744 262.7973 175.5284  2.00574782102930
1 28874U 05038A   19288.38107046 -.00000074  00000-0  00000+0 0  9993
2 28874  56.3956   9.7865 0134792 262.8135 149.9150  2.00574700102954
1 28874U 05038A   19289.38701198 -.00000071  00000-0  00000+0 0  9999
2 28874  56.3956   9.7471 0134830 262.8278 156.2763  2.00574613102974
1 28874U 05038A   19291.38516819 -.00000069  00000-0  00000+0 0  9993
2 28874  56.3955   9.6687 0134921 262.8606 159.0819  2.00574431103014
1 28874U 05038A   19291.79185446 -.00000069  00000-0  00000-0 0  9997
2 28874  56.3955   9.6527 0134931 262.8670  92.7373  2.00574394103026
1 28874U 05038A   19292.36695803 -.00000070  00000-0  00000+0 0  9995
2 28874  56.3955   9.6302 0134956 262.8753 148.0025  2.00574342103039
1 28874U 05038A   19292.79692796 -.00000070  00000-0  00000-0 0  9991
2 28874  56.3955   9.6132 0134956 262.8805  98.4720  2.00574310103055
1 28874U 05038A   19293.25842253 -.00000071  00000-0  00000+0 0  9998
2 28874  56.3955   9.5951 0134983 262.8900  71.7003  2.00574265103056
1 28874U 05038A   19294.39994927 -.00000073  00000-0  00000+0 0  9992
2 28874  56.3955   9.5503 0135037 262.9083 175.9603  2.00574167103079
1 28874U 05038A   19295.46383219 -.00000075  00000-0  00000+0 0  9999
2 28874  56.3955   9.5085 0135095 262.9300 224.1511  2.00574080103091
1 28874U 05038A   19296.32607208 -.00000077  00000-0  00000+0 0  9994
2 28874  56.3955   9.4747 0135125 262.9439 126.7465  2.00574019103112
1 28874U 05038A   19297.30043052 -.00000078  00000-0  00000+0 0  9995
2 28874  56.3955   9.4365 0135152 262.9573 110.3011  2.00573952103130
1 28874U 05038A   19297.77675905 -.00000079  00000-0  00000-0 0  9996
2 28874  56.3955   9.4178 0135167 262.9654  94.2419  2.00573923103149
1 28874U 05038A   19298.38798479 -.00000080  00000-0  00000+0 0  9997
2 28874  56.3955   9.3938 0135189 262.9759 175.5871  2.00573886103156
1 28874U 05038A   19299.32638153 -.00000082  00000-0  00000+0 0  9996
2 28874  56.3955   9.3570 0135217 262.9912 133.1721  2.00573835103171
1 28874U 05038A   19300.24933031 -.00000084  00000-0  00000+0 0  9995
2 28874  56.3955   9.3208 0135244 263.0075  79.6011  2.00573791103190
1 28874U 05038A   19300.76514839 -.00000085  00000-0  00000-0 0  9995
2 28874  56.3954   9.3005 0135260 263.0155  92.0563  2.00573767103207
1 28874U 05038A   19301.27180712 -.00000087  00000-0  00000+0 0  9992
2 28874  56.3954   9.2807 0135269 263.0227  97.8986  2.00573749103218
1 28874U 05038A   19301.77018976 -.00000089  00000-0  00000+0 0  9991
2 28874  56.3955   9.2611 0135287 263.0312  97.7633  2.00573728103223
1 28874U 05038A   19301.77018976 -.00000089  00000-0  00000-0 0  9992
2 28874  56.3955   9.2611 0135287 263.0312  97.7633  2.00573728103234
1 28874U 05038A   19304.29256647 -.00000099  00000-0  00000+0 0  9991
2 28874  56.3954   9.1622 0135374 263.0745 119.0832  2.00573648103275
1 28874U 05038A   19305.29015549 -.00000102  00000-0  00000+0 0  9991
2 28874  56.3953   9.1230 0135405 263.0907 119.4077  2.00573617103297
1 28874U 05038A   19305.81806470 -.00000104  00000-0  00000-0 0  9993
2 28874  56.3953   9.1023 0135413 263.0972 140.5949  2.00573605103311
1 28874U 05038A   19306.25690590 -.00000105  00000-0  00000+0 0  9996
2 28874  56.3953   9.0851 0135425 263.1050  97.4663  2.00573593103319
1 28874U 05038A   19307.27060118 -.00000105  00000-0  00000+0 0  9996
2 28874  56.3953   9.0453 0135454 263.1223 109.4195  2.00573564103335
1 28874U 05038A   19308.23091854 -.00000104  00000-0  00000+0 0  9993
2 28874  56.3953   9.0076 0135521 263.1488  82.8196  2.00573523103356
1 28874U 05038A   19311.21667587 -.00000091  00000-0  00000+0 0  9992
2 28874  56.3953   8.8906 0135682 263.2224  78.7031  2.00573385103417
1 28874U 05038A   19313.32261234 -.00000079  00000-0  00000+0 0  9991
2 28874  56.3953   8.8080 0135783 263.2680 159.3125  2.00573254103457
1 28874U 05038A   19315.34143052 -.00000069  00000-0  00000+0 0  9991
2 28874  56.3952   8.7289 0135850 263.3056 177.0226  2.00573093103493
1 28874U 05038A   19317.22571844 -.00000063  00000-0  00000+0 0  9998
2 28874  56.3953   8.6550 0135900 263.3473  97.5860  2.00572919103534
1 28874U 05038A   19319.71664022 -.00000061  00000-0  00000+0 0  9993
2 28874  56.3953   8.5574 0135864 263.3643  96.2117  2.00572700103581
1 28874U 05038A   19323.17425971 -.00000066  00000-0  00000+0 0  9991
2 28874  56.3953   8.4218 0135983 263.4511  72.7947  2.00572371103654
1 28874U 05038A   19323.17425971 -.00000066  00000-0  00000-0 0  9992
2 28874  56.3953   8.4218 0135983 263.4511  72.7947  2.00572371103654
1 28874U 05038A   19325.18129194 -.00000068  00000-0  00000+0 0  9994
2 28874  56.3952   8.3430 0136056 263.4998  81.9782  2.00572226103691
1 28874U 05038A   19326.23441352 -.00000070  00000-0  00000+0 0  9997
2 28874  56.3953   8.3016 0136081 263.5233 122.3893  2.00572159103714
1 28874U 05038A   19328.17152267 -.00000075  00000-0  00000+0 0  9991
2 28874  56.3953   8.2256 0136138 263.5735  81.0798  2.00572050103758
1 28874U 05038A   19328.68984128 -.00000076  00000-0  00000-0 0  9998
2 28874  56.3953   8.2052 0136093 263.5522  95.3673  2.00572045103772
1 28874U 05038A   19329.29981784 -.00000079  00000-0  00000+0 0  9993
2 28874  56.3953   8.1812 0136159 263.5698 175.7987  2.00572011103776
1 28874U 05038A   19329.29981784 -.00000079  00000-0  00000-0 0  9994
2 28874  56.3953   8.1812 0136159 263.5698 175.7987  2.00572011103787
1 28874U 05038A   19330.27379260 -.00000083  00000-0  00000+0 0  9998
2 28874  56.3953   8.1430 0136171 263.5845 159.0677  2.00571976103792
1 28874U 05038A   19330.27379260 -.00000083  00000-0  00000-0 0  9999
2 28874  56.3953   8.1430 0136171 263.5845 159.0677  2.00571976103804
1 28874U 05038A   19333.17733723 -.00000094  00000-0  00000+0 0  9990
2 28874  56.3952   8.0290 0136268 263.6686  95.5616  2.00571863103854
1 28874U 05038A   19333.17733723 -.00000094  00000-0  00000-0 0  9991
2 28874  56.3952   8.0290 0136268 263.6686  95.5616  2.00571863103865
1 28874U 05038A   19334.17681892 -.00000095  00000-0  00000+0 0  9991
2 28874  56.3952   7.9898 0136290 263.6920  97.2392  2.00571833103871
1 28874U 05038A   19334.17681892 -.00000095  00000-0  00000+0 0  9991
2 28874  56.3952   7.9898 0136297 263.6956  97.2356  2.00571833103877
1 28874U 05038A   19334.17681892 -.00000095  00000-0  00000-0 0  9992
2 28874  56.3952   7.9898 0136290 263.6920  97.2392  2.00571833103882
1 28874U 05038A   19337.35746743 -.00000088  00000-0  00000+0 0  9993
2 28874  56.3951   7.8650 0136391 263.7780 233.8189  2.00571711103936
1 28874U 05038A   19337.66307153 -.00000086  00000-0  00000-0 0  9994
2 28874  56.3951   7.8530 0136396 263.7868  94.4790  2.00571697103948
1 28874U 05038A   19338.27011212 -.00000083  00000-0  00000+0 0  9996
2 28874  56.3951   7.8292 0136408 263.7975 172.7968  2.00571669103953
1 28874U 05038A   19338.27011212 -.00000083  00000-0  00000-0 0  9997
2 28874  56.3951   7.8292 0136408 263.7973 172.7969  2.00571666103960
1 28874U 05038A   19339.35475786 -.00000077  00000-0  00000+0 0  9999
2 28874  56.3951   7.7866 0136433 263.8180 235.9709  2.00571608103976
1 28874U 05038A   19339.35475786 -.00000077  00000-0  00000-0 0  9990
2 28874  56.3951   7.7866 0136433 263.8180 235.9709  2.00571608103987
1 28874U 05038A   19340.27455840 -.00000071  00000-0  00000+0 0  9995
2 28874  56.3951   7.7505 0136444 263.8267 180.1263  2.00571553103991
1 28874U 05038A   19340.66692455 -.00000069  00000-0  00000-0 0  9991
2 28874  56.3951   7.7351 0136448 263.8322 103.4381  2.00571525104018
1 28874U 05038A   19341.39942334 -.00000065  00000-0  00000+0 0  9991
2 28874  56.3951   7.7064 0136473 263.8490 272.3392  2.00571468104017
1 28874U 05038A   19341.74461367 -.00000064  00000-0  00000+0 0  9991
2 28874  56.3951   7.6929 0136475 263.8550 161.5860  2.00571442104027
1 28874U 05038A   19341.74461367 -.00000064  00000-0  00000-0 0  9992
2 28874  56.3951   7.6929 0136475 263.8550 161.5860  2.00571442104038
1 28874U 05038A   19343.89288200 -.00000056  00000-0  00000+0 0  9993
2 28874  56.3951   7.6086 0136526 263.9132 272.7346  2.00571251104061
1 28874U 05038A   19343.89288200 -.00000056  00000-0  00000-0 0  9994
2 28874  56.3951   7.6086 0136521 263.9168 272.7308  2.00571243104075
1 28874U 05038A   19345.39755402 -.00000053  00000-0  00000+0 0  9990
2 28874  56.3951   7.5496 0136534 263.9596 279.1704  2.00571093104094
1 28874U 05038A   19345.65409024 -.00000052  00000-0  00000-0 0  9995
2 28874  56.3952   7.5395 0136529 263.9636 104.4040  2.00571067104119
1 28874U 05038A   19346.13777594 -.00000052  00000-0  00000+0 0  9998
2 28874  56.3952   7.5205 0136534 263.9761  93.6476  2.00571020104115
1 28874U 05038A   19346.63613201 -.00000052  00000-0  00000-0 0  9998
2 28874  56.3952   7.5009 0136538 263.9908  93.4818  2.00570966104121
1 28874U 05038A   19347.13991736 -.00000052  00000-0  00000+0 0  9995
2 28874  56.3952   7.4812 0136545 264.0040  97.2379  2.00570917104130
1 28874U 05038A   19347.13991736 -.00000052  00000-0  00000-0 0  9996
2 28874  56.3952   7.4812 0136544 263.9960  97.2459  2.00570919104140
1 28874U 05038A   19348.13976933 -.00000053  00000-0  00000+0 0  9999
2 28874  56.3952   7.4420 0136559 264.0207  99.1862  2.00570828104156
1 28874U 05038A   19348.13976933 -.00000053  00000-0  00000+0 0  9999
2 28874  56.3952   7.4420 0136559 264.0222  99.1846  2.00570825104152
1 28874U 05038A   19348.13976933 -.00000053  00000-0  00000-0 0  9990
2 28874  56.3952   7.4420 0136559 264.0222  99.1846  2.00570825104163
1 28874U 05038A   19351.12270601 -.00000057  00000-0  00000+0 0  9995
2 28874  56.3952   7.3249 0136598 264.1019  92.9976  2.00570568104214
1 28874U 05038A   19351.12270601 -.00000057  00000-0  00000-0 0  9996
2 28874  56.3952   7.3250 0136598 264.1000  92.9994  2.00570566104214
1 28874U 05038A   19352.12121821 -.00000058  00000-0  00000+0 0  9996
2 28874  56.3952   7.2858 0136608 264.1405  93.9552  2.00570488104234
1 28874U 05038A   19352.12121821 -.00000058  00000-0  00000-0 0  9997
2 28874  56.3952   7.2858 0136605 264.1368  93.9589  2.00570489104230
1 28874U 05038A   19353.31476583 -.00000060  00000-0  00000+0 0  9999
2 28874  56.3952   7.2390 0136620 264.1706 235.7506  2.00570408104252
1 28874U 05038A   19354.31232382 -.00000062  00000-0  00000+0 0  9999
2 28874  56.3951   7.1998 0136635 264.1832 236.0448  2.00570346104272
1 28874U 05038A   19355.16089598 -.00000065  00000-0  00000+0 0  9995
2 28874  56.3951   7.1665 0136631 264.1767 128.7800  2.00570307104294
1 28874U 05038A   19355.60930517 -.00000066  00000-0  00000-0 0  9992
2 28874  56.3951   7.1489 0136637 264.1903  92.5491  2.00570281104303
1 28874U 05038A   19356.25844163 -.00000069  00000-0  00000+0 0  9997
2 28874  56.3951   7.1234 0136645 264.1887 201.2727  2.00570253104312
1 28874U 05038A   19356.61441601 -.00000071  00000-0  00000+0 0  9990
2 28874  56.3951   7.1094 0136643 264.1932  98.3064  2.00570238104328
1 28874U 05038A   19356.61441601 -.00000071  00000-0  00000-0 0  9991
2 28874  56.3951   7.1094 0136643 264.1932  98.3064  2.00570238104339
1 28874U 05038A   19358.85730431 -.00000082  00000-0  00000+0 0  9992
2 28874  56.3950   7.0214 0136669 264.2660 277.7545  2.00570151104362
1 28874U 05038A   19358.85730431 -.00000082  00000-0  00000-0 0  9993
2 28874  56.3950   7.0214 0136669 264.2652 277.7552  2.00570151104372
1 28874U 05038A   19360.35674358 -.00000087  00000-0  00000+0 0  9990
2 28874  56.3950   6.9627 0136679 264.3041 280.4151  2.00570104104398
1 28874U 05038A   19360.35674358 -.00000087  00000-0  00000-0 0  9991
2 28874  56.3950   6.9627 0136678 264.3054 280.4137  2.00570104104407
1 28874U 05038A   19361.10098997 -.00000089  00000-0  00000+0 0  9995
2 28874  56.3949   6.9335 0136680 264.3194  97.7967  2.00570080104413
1 28874U 05038A   19361.10098997 -.00000089  00000-0  00000+0 0  9995
2 28874  56.3950   6.9335 0136680 264.3223  97.7939  2.00570080104417
1 28874U 05038A   19361.10098997 -.00000089  00000-0  00000-0 0  9996
2 28874  56.3949   6.9335 0136680 264.3194  97.7967  2.00570080104424

