1 37846U 11060A   19002.50785556 -.00000077  00000-0  00000+0 0  9993
2 37846  56.2570  55.9765 0003658 307.9073  52.1196  1.70475768 44831
1 37846U 11060A   19005.44078069 -.00000067  00000-0  00000+0 0  9992
2 37846  56.2592  55.8950 0003774 308.3625  51.6740  1.70475858 44881
1 37846U 11060A   19007.78711087 -.00000060  00000-0  00000+0 0  9998
2 37846  56.2610  55.8298 0003857 308.6331  51.4052  1.70475893 44924
1 37846U 11060A   19007.78711087 -.00000060  00000-0  00000-0 0  9999
2 37846  56.2610  55.8298 0003857 308.6331  51.4052  1.70475893 44799
1 37846U 11060A   19008.37369194 -.00000058  00000-0  00000-0 0  9990
2 37846  56.2614  55.8135 0003886 308.8346  51.2033  1.70475894 44803
1 37846U 11060A   19010.13343293 -.00000053  00000-0  00000+0 0  9993
2 37846  56.2627  55.7647 0003932 309.0496  50.9856  1.70475883 44969
1 37846U 11060A   19011.30659310 -.00000050  00000-0  00000-0 0  9991
2 37846  56.2636  55.7321 0003968 309.3063  50.7268  1.70475863 44851
1 37846U 11060A   19012.47975386 -.00000047  00000-0  00000+0 0  9999
2 37846  56.2644  55.6994 0004008 309.5441  50.4872  1.70475836 45009
1 37846U 11060A   19013.06633490 -.00000045  00000-0  00000-0 0  9991
2 37846  56.2649  55.6830 0004026 309.6292  50.4015  1.70475819 44883
1 37846U 11060A   19015.99924862 -.00000039  00000-0  00000+0 0  9993
2 37846  56.2672  55.6014 0004138 310.0458  49.9873  1.70475723 45067
1 37846U 11060A   19016.58583251 -.00000038  00000-0  00000-0 0  9992
2 37846  56.2677  55.5850 0004178 310.2123  49.8221  1.70475688 44946
1 37846U 11060A   19018.34558553 -.00000035  00000-0  00000+0 0  9991
2 37846  56.2690  55.5360 0004227 310.3907  49.6477  1.70475653 45105
1 37846U 11060A   19018.93216858 -.00000034  00000-0  00000-0 0  9995
2 37846  56.2695  55.5196 0004263 310.5983  49.4409  1.70475630 44986
1 37846U 11060A   19021.86507246 -.00000040  00000-0  00000+0 0  9991
2 37846  56.2718  55.4379 0004333 311.0309  49.0040  1.70475602 45167
1 37846U 11060A   19024.21138123 -.00000052  00000-0  00000-0 0  9991
2 37846  56.2736  55.3724 0004418 311.4297  48.5930  1.70475615 45070
1 37846U 11060A   19024.21138126 -.00000052  00000-0  00000+0 0  9993
2 37846  56.2736  55.3724 0004413 311.4242  48.5985  1.70475616 45201
1 37846U 11060A   19026.55769555 -.00000061  00000-0  00000+0 0  9998
2 37846  56.2755  55.3071 0004483 311.7846  48.2294  1.70475668 45248
1 37846U 11060A   19027.14427635 -.00000061  00000-0  00000-0 0  9995
2 37846  56.2760  55.2908 0004501 311.8687  48.1445  1.70475679 45123
1 37846U 11060A   19028.90402424 -.00000060  00000-0  00000+0 0  9997
2 37846  56.2774  55.2418 0004548 312.2023  47.8120  1.70475744 45280
1 37846U 11060A   19028.90402424 -.00000060  00000-0  00000-0 0  9998
2 37846  56.2774  55.2418 0004548 312.2023  47.8120  1.70475744 45156
1 37846U 11060A   19029.49060809 -.00000059  00000-0  00000-0 0  9998
2 37846  56.2779  55.2255 0004575 312.4299  47.5855  1.70475785 45165
1 37846U 11060A   19029.49060816 -.00000059  00000-0  00000-0 0  9996
2 37846  56.2779  55.2256 0004561 312.3080  47.7074  1.70475763 45169
1 37846U 11060A   19031.25036049 -.00000053  00000-0  00000-0 0  9998
2 37846  56.2794  55.1766 0004615 312.8342  47.1851  1.70475846 45199
1 37846U 11060A   19031.83694413 -.00000051  00000-0  00000+0 0  9994
2 37846  56.2798  55.1603 0004616 312.9618  47.0586  1.70475854 45330
1 37846U 11060A   19035.94301309 -.00000039  00000-0  00000+0 0  9995
2 37846  56.2830  55.0463 0004712 313.8363  46.1816  1.70475916 45407
1 37846U 11060A   19036.52959257 -.00000038  00000-0  00000-0 0  9991
2 37846  56.2835  55.0301 0004736 314.0948  45.9215  1.70475911 45282
1 37846U 11060A   19037.11617166 -.00000036  00000-0  00000-0 0  9995
2 37846  56.2840  55.0138 0004754 314.3176  45.6969  1.70475902 45296
1 37846U 11060A   19038.28932924 -.00000033  00000-0  00000+0 0  9992
2 37846  56.2848  54.9812 0004765 314.4450  45.5658  1.70475892 45448
1 37846U 11060A   19038.87590848 -.00000032  00000-0  00000-0 0  9992
2 37846  56.2852  54.9650 0004784 314.7430  45.2660  1.70475869 45326
1 37846U 11060A   19041.80880992 -.00000025  00000-0  00000+0 0  9992
2 37846  56.2874  54.8835 0004835 315.3230  44.6812  1.70475801 45504
1 37846U 11060A   19043.56855789 -.00000021  00000-0  00000-0 0  9990
2 37846  56.2890  54.8347 0004897 315.7985  44.2065  1.70475729 45403
1 37846U 11060A   19044.15514137 -.00000020  00000-0  00000+0 0  9993
2 37846  56.2895  54.8184 0004903 315.9093  44.0965  1.70475716 45545
1 37846U 11060A   19046.50147333 -.00000017  00000-0  00000+0 0  9990
2 37846  56.2912  54.7532 0004960 316.4709  43.5368  1.70475645 45580
1 37846U 11060A   19048.26121416 -.00000020  00000-0  00000-0 0  9994
2 37846  56.2927  54.7042 0005004 317.0735  42.9309  1.70475605 45481
1 37846U 11060A   19050.02094716 -.00000028  00000-0  00000+0 0  9990
2 37846  56.2941  54.6553 0005021 317.4128  42.5830  1.70475600 45640
1 37846U 11060A   19051.19409958 -.00000035  00000-0  00000-0 0  9996
2 37846  56.2952  54.6227 0005038 317.6868  42.3016  1.70475608 45531
1 37846U 11060A   19053.54040960 -.00000046  00000-0  00000+0 0  9992
2 37846  56.2971  54.5574 0005073 318.2371  41.7397  1.70475650 45702
1 37846U 11060A   19056.47331750 -.00000048  00000-0  00000+0 0  9999
2 37846  56.2995  54.4761 0005110 318.8824  41.0924  1.70475736 45755
1 37846U 11060A   19058.81965234 -.00000042  00000-0  00000+0 0  9993
2 37846  56.3014  54.4111 0005128 319.5358  40.4427  1.70475814 45798
1 37846U 11060A   19062.33914241 -.00000035  00000-0  00000+0 0  9999
2 37846  56.3042  54.3136 0005163 320.6777  39.2993  1.70475895 45852
1 37846U 11060A   19062.92572228 -.00000034  00000-0  00000-0 0  9999
2 37846  56.3047  54.2974 0005171 320.9384  39.0372  1.70475899 45732
1 37846U 11060A   19064.09888054 -.00000032  00000-0  00000-0 0  9994
2 37846  56.3056  54.2649 0005188 321.2798  38.6923  1.70475897 45759
1 37846U 11060A   19065.27203869 -.00000029  00000-0  00000-0 0  9996
2 37846  56.3065  54.2325 0005198 321.7920  38.1764  1.70475880 45775
1 37846U 11060A   19065.85861771 -.00000028  00000-0  00000+0 0  9990
2 37846  56.3070  54.2162 0005206 321.9286  38.0379  1.70475873 45916
1 37846U 11060A   19068.20493809 -.00000024  00000-0  00000+0 0  9991
2 37846  56.3088  54.1513 0005225 322.7023  37.2593  1.70475810 45957
1 37846U 11060A   19070.55126759 -.00000020  00000-0  00000+0 0  9995
2 37846  56.3106  54.0863 0005244 323.3309  36.6311  1.70475731 45997
1 37846U 11060A   19071.13785121 -.00000019  00000-0  00000-0 0  9993
2 37846  56.3111  54.0701 0005248 323.4809  36.4820  1.70475713 45874
1 37846U 11060A   19073.48418570 -.00000017  00000-0  00000+0 0  9991
2 37846  56.3129  54.0051 0005267 324.1780  35.7880  1.70475641 46046
1 37846U 11060A   19074.07076815 -.00000018  00000-0  00000-0 0  9991
2 37846  56.3133  53.9888 0005272 324.4250  35.5410  1.70475620 45928
1 37846U 11060A   19075.83050965 -.00000022  00000-0  00000+0 0  9998
2 37846  56.3147  53.9400 0005274 324.8125  35.1500  1.70475591 46081
1 37846U 11060A   19076.41708817 -.00000025  00000-0  00000-0 0  9993
2 37846  56.3151  53.9237 0005269 324.9806  34.9796  1.70475584 45967
1 37846U 11060A   19077.59024322 -.00000032  00000-0  00000-0 0  9993
2 37846  56.3160  53.8912 0005268 325.3224  34.6319  1.70475580 45980
1 37846U 11060A   19078.17682023 -.00000036  00000-0  00000-0 0  9990
2 37846  56.3165  53.8749 0005267 325.4691  34.4818  1.70475582 46122
1 37846U 11060A   19079.34997477 -.00000043  00000-0  00000-0 0  9990
2 37846  56.3174  53.8424 0005265 325.7990  34.1456  1.70475594 46011
1 37846U 11060A   19080.52313173 -.00000049  00000-0  00000+0 0  9992
2 37846  56.3182  53.8098 0005263 326.0489  33.8910  1.70475616 46164
1 37846U 11060A   19081.10971178 -.00000052  00000-0  00000-0 0  9997
2 37846  56.3188  53.7936 0005267 326.2483  33.6901  1.70475626 46046
1 37846U 11060A   19082.28287544 -.00000055  00000-0  00000-0 0  9997
2 37846  56.3197  53.7611 0005269 326.8285  33.1091  1.70475668 46067
1 37846U 11060A   19082.86945855 -.00000055  00000-0  00000+0 0  9996
2 37846  56.3202  53.7448 0005266 326.9546  32.9835  1.70475679 46201
1 37846U 11060A   19083.45604246 -.00000055  00000-0  00000-0 0  9999
2 37846  56.3206  53.7286 0005265 327.1479  32.7911  1.70475697 46081
1 37846U 11060A   19084.62921143 -.00000054  00000-0  00000-0 0  9996
2 37846  56.3215  53.6962 0005264 327.5031  32.4385  1.70475729 46109
1 37846U 11060A   19085.21579650 -.00000053  00000-0  00000+0 0  9992
2 37846  56.3220  53.6799 0005259 327.8201  32.1231  1.70475759 46244
1 37846U 11060A   19086.38896571 -.00000051  00000-0  00000-0 0  9994
2 37846  56.3228  53.6475 0005248 328.2744  31.6715  1.70475795 46137
1 37846U 11060A   19087.56213308 -.00000050  00000-0  00000+0 0  9994
2 37846  56.3236  53.6150 0005240 328.7004  31.2473  1.70475826 46280
1 37846U 11060A   19088.14871604 -.00000049  00000-0  00000-0 0  9997
2 37846  56.3240  53.5988 0005236 328.9268  31.0213  1.70475838 46162
1 37846U 11060A   19090.49504124 -.00000046  00000-0  00000+0 0  9994
2 37846  56.3258  53.5339 0005229 329.5820  30.3640  1.70475864 46338
1 37846U 11060A   19091.66820209 -.00000045  00000-0  00000-0 0  9999
2 37846  56.3267  53.5015 0005232 330.0462  29.8977  1.70475865 46227
1 37846U 11060A   19092.84136283 -.00000043  00000-0  00000-0 0  9990
2 37846  56.3275  53.4691 0005227 330.4997  29.4419  1.70475856 46245
1 37846U 11060A   19094.60110676 -.00000040  00000-0  00000+0 0  9990
2 37846  56.3287  53.4206 0005216 331.4298  28.5099  1.70475811 46406
1 37846U 11060A   19095.18768854 -.00000039  00000-0  00000-0 0  9990
2 37846  56.3291  53.4044 0005219 331.5255  28.4139  1.70475806 46282
1 37846U 11060A   19095.18768869 -.00000039  00000-0  00000-0 0  9996
2 37846  56.3292  53.4044 0005217 331.5930  28.3465  1.70475802 46288
1 37846U 11060A   19097.53402300 -.00000036  00000-0  00000+0 0  9998
2 37846  56.3308  53.3396 0005206 332.2709  27.6718  1.70475732 46459
1 37846U 11060A   19098.70719315 -.00000035  00000-0  00000-0 0  9995
2 37846  56.3316  53.3071 0005201 332.5841  27.3619  1.70475699 46340
1 37846U 11060A   19099.29377873 -.00000034  00000-0  00000-0 0  9998
2 37846  56.3321  53.2909 0005198 332.8249  27.1231  1.70475673 46356
1 37846U 11060A   19099.88036405 -.00000034  00000-0  00000+0 0  9995
2 37846  56.3325  53.2747 0005196 333.0215  26.9282  1.70475655 46492
1 37846U 11060A   19102.22669978 -.00000036  00000-0  00000+0 0  9997
2 37846  56.3341  53.2098 0005176 333.8660  26.0872  1.70475594 46532
1 37846U 11060A   19103.39986212 -.00000041  00000-0  00000-0 0  9996
2 37846  56.3348  53.1773 0005162 334.3553  25.5964  1.70475574 46422
1 37846U 11060A   19104.57302117 -.00000047  00000-0  00000+0 0  9998
2 37846  56.3356  53.1448 0005145 334.7214  25.2266  1.70475570 46573
1 37846U 11060A   19105.15959996 -.00000051  00000-0  00000-0 0  9992
2 37846  56.3360  53.1285 0005137 334.9278  25.0179  1.70475570 46458
1 37846U 11060A   19106.33275761 -.00000059  00000-0  00000-0 0  9992
2 37846  56.3369  53.0960 0005119 335.3286  24.6126  1.70475575 46474
1 37846U 11060A   19106.91933679 -.00000063  00000-0  00000-0 0  9990
2 37846  56.3373  53.0798 0005116 335.4430  24.4962  1.70475583 46483
1 37846U 11060A   19109.26566359 -.00000073  00000-0  00000+0 0  9998
2 37846  56.3389  53.0148 0005089 336.2696  23.6675  1.70475631 46656
1 37846U 11060A   19109.85224798 -.00000074  00000-0  00000-0 0  9993
2 37846  56.3393  52.9986 0005079 336.5229  23.4154  1.70475650 46531
1 37846U 11060A   19111.61200531 -.00000074  00000-0  00000+0 0  9998
2 37846  56.3406  52.9499 0005055 337.2686  22.6756  1.70475705 46691
1 37846U 11060A   19111.61200531 -.00000074  00000-0  00000-0 0  9999
2 37846  56.3406  52.9499 0005055 337.2686  22.6756  1.70475705 46567
1 37846U 11060A   19112.19859193 -.00000074  00000-0  00000-0 0  9997
2 37846  56.3410  52.9337 0005041 337.5432  22.4035  1.70475728 46574
1 37846U 11060A   19113.37176433 -.00000072  00000-0  00000-0 0  9995
2 37846  56.3418  52.9013 0005026 338.0030  21.9484  1.70475763 46599
1 37846U 11060A   19113.95835029 -.00000072  00000-0  00000+0 0  9991
2 37846  56.3422  52.8850 0005014 338.2879  21.6655  1.70475778 46731
1 37846U 11060A   19114.54493562 -.00000071  00000-0  00000-0 0  9999
2 37846  56.3426  52.8688 0005003 338.5374  21.4179  1.70475795 46610
1 37846U 11060A   19115.13152032 -.00000071  00000-0  00000-0 0  9999
2 37846  56.3430  52.8526 0004993 338.7855  21.1712  1.70475810 46628
1 37846U 11060A   19116.89127089 -.00000069  00000-0  00000+0 0  9993
2 37846  56.3441  52.8039 0004968 339.4855  20.4735  1.70475842 46788
1 37846U 11060A   19118.06443496 -.00000068  00000-0  00000-0 0  9997
2 37846  56.3449  52.7715 0004958 339.7571  20.2019  1.70475852 46675
1 37846U 11060A   19119.23759912 -.00000066  00000-0  00000+0 0  9997
2 37846  56.3457  52.7391 0004945 340.3374  19.6213  1.70475855 46827
1 37846U 11060A   19121.58392918 -.00000063  00000-0  00000+0 0  9994
2 37846  56.3472  52.6744 0004910 341.5448  18.4144  1.70475825 46863
1 37846U 11060A   19121.58392918 -.00000063  00000-0  00000-0 0  9995
2 37846  56.3472  52.6744 0004910 341.5448  18.4144  1.70475825 46739
1 37846U 11060A   19122.75709666 -.00000061  00000-0  00000-0 0  9995
2 37846  56.3480  52.6419 0004890 342.0333  17.9276  1.70475799 46755
1 37846U 11060A   19125.10343858 -.00000057  00000-0  00000+0 0  9998
2 37846  56.3495  52.5771 0004854 342.9069  17.0617  1.70475731 46921
1 37846U 11060A   19126.27661222 -.00000055  00000-0  00000-0 0  9994
2 37846  56.3504  52.5446 0004837 343.3263  16.6477  1.70475692 46816
1 37846U 11060A   19128.03637158 -.00000054  00000-0  00000+0 0  9999
2 37846  56.3515  52.4959 0004812 343.9321  16.0493  1.70475643 46975
1 37846U 11060A   19129.20954187 -.00000055  00000-0  00000-0 0  9995
2 37846  56.3523  52.4634 0004792 344.4460  15.5386  1.70475612 46860
1 37846U 11060A   19131.55587058 -.00000064  00000-0  00000+0 0  9994
2 37846  56.3539  52.3985 0004745 345.3847  14.5990  1.70475581 47037
1 37846U 11060A   19133.31561095 -.00000075  00000-0  00000-0 0  9996
2 37846  56.3550  52.3497 0004705 346.1142  13.8651  1.70475582 46936
1 37846U 11060A   19133.90219118 -.00000078  00000-0  00000+0 0  9999
2 37846  56.3554  52.3335 0004693 346.3077  13.6703  1.70475589 47075
1 37846U 11060A   19135.66193667 -.00000087  00000-0  00000-0 0  9995
2 37846  56.3566  52.2847 0004661 346.9523  13.0243  1.70475614 46972
1 37846U 11060A   19136.24852047 -.00000089  00000-0  00000+0 0  9995
2 37846  56.3570  52.2684 0004641 347.2162  12.7612  1.70475633 47111
1 37846U 11060A   19136.83510520 -.00000090  00000-0  00000-0 0  9990
2 37846  56.3574  52.2522 0004638 347.3927  12.5860  1.70475641 46999
1 37846U 11060A   19138.59486441 -.00000091  00000-0  00000+0 0  9999
2 37846  56.3586  52.2034 0004597 348.2544  11.7316  1.70475704 47155
1 37846U 11060A   19142.11438480 -.00000087  00000-0  00000+0 0  9997
2 37846  56.3609  52.1060 0004521 349.7933  10.2089  1.70475815 47215
1 37846U 11060A   19142.11438518 -.00000087  00000-0  00000-0 0  9990
2 37846  56.3609  52.1060 0004515 349.9157  10.0865  1.70475821 47080
1 37846U 11060A   19143.87413871 -.00000085  00000-0  00000-0 0  9997
2 37846  56.3621  52.0573 0004483 350.6185   9.3878  1.70475858 47115
1 37846U 11060A   19145.63388786 -.00000082  00000-0  00000+0 0  9995
2 37846  56.3632  52.0086 0004453 351.3422   8.6657  1.70475877 47270
1 37846U 11060A   19146.22047058 -.00000081  00000-0  00000-0 0  9995
2 37846  56.3636  51.9924 0004443 351.6080   8.4002  1.70475877 47154
1 37846U 11060A   19146.80705299 -.00000080  00000-0  00000-0 0  9996
2 37846  56.3640  51.9762 0004435 351.8608   8.1476  1.70475879 47163
1 37846U 11060A   19147.98021838 -.00000077  00000-0  00000+0 0  9991
2 37846  56.3648  51.9438 0004416 352.3218   7.6874  1.70475870 47317
1 37846U 11060A   19148.56680197 -.00000076  00000-0  00000-0 0  9995
2 37846  56.3652  51.9275 0004404 352.6682   7.3418  1.70475861 47193
1 37846U 11060A   19150.91314026 -.00000070  00000-0  00000+0 0  9995
2 37846  56.3667  51.8626 0004356 353.6436   6.3720  1.70475811 47361
1 37846U 11060A   19153.25948694 -.00000065  00000-0  00000+0 0  9993
2 37846  56.3683  51.7976 0004306 354.5145   5.5117  1.70475738 47402
1 37846U 11060A   19154.43266163 -.00000063  00000-0  00000-0 0  9997
2 37846  56.3691  51.7652 0004283 354.9265   5.1055  1.70475697 47291
1 37846U 11060A   19157.95216971 -.00000065  00000-0  00000+0 0  9990
2 37846  56.3715  51.6676 0004200 356.3986   3.6416  1.70475613 47481
1 37846U 11060A   19160.88507265 -.00000080  00000-0  00000+0 0  9992
2 37846  56.3732  51.5863 0004124 357.6991   2.3349  1.70475599 47532
1 37846U 11060A   19163.23139939 -.00000090  00000-0  00000+0 0  9994
2 37846  56.3751  51.5213 0004063 358.6442   1.3879  1.70475638 47571
1 37846U 11060A   19165.57774085 -.00000092  00000-0  00000+0 0  9992
2 37846  56.3768  51.4563 0004008 359.6959   0.3432  1.70475703 47611
1 37846U 11060A   19168.51067412 -.00000088  00000-0  00000+0 0  9993
2 37846  56.3789  51.3752 0003939   1.0570 358.9950  1.70475795 47665
1 37846U 11060A   19170.27042951 -.00000085  00000-0  00000-0 0  9998
2 37846  56.3800  51.3265 0003888   2.0412 358.0158  1.70475852 47561
1 37846U 11060A   19172.03017906 -.00000082  00000-0  00000+0 0  9992
2 37846  56.3812  51.2779 0003852   2.7363 357.3225  1.70475882 47724
1 37846U 11060A   19175.54967282 -.00000074  00000-0  00000+0 0  9993
2 37846  56.3838  51.1805 0003773   4.4624 355.5964  1.70475877 47782
1 37846U 11060A   19176.13625597 -.00000072  00000-0  00000-0 0  9998
2 37846  56.3842  51.1643 0003761   4.6854 355.3738  1.70475861 47668
1 37846U 11060A   19177.89600813 -.00000066  00000-0  00000+0 0  9998
2 37846  56.3855  51.1156 0003691   5.6027 354.4596  1.70475819 47829
1 37846U 11060A   19178.48259234 -.00000064  00000-0  00000-0 0  9990
2 37846  56.3859  51.0994 0003711   5.4662 354.5975  1.70475812 47700
1 37846U 11060A   19180.24235019 -.00000059  00000-0  00000+0 0  9995
2 37846  56.3872  51.0507 0003667   6.1142 353.9559  1.70475755 47860
1 37846U 11060A   19182.58869456 -.00000053  00000-0  00000-0 0  9997
2 37846  56.3888  50.9857 0003605   7.0492 353.0299  1.70475680 47772
1 37846U 11060A   19182.58869469 -.00000053  00000-0  00000+0 0  9990
2 37846  56.3888  50.9857 0003614   6.9885 353.0905  1.70475685 47900
1 37846U 11060A   19184.93502828 -.00000054  00000-0  00000+0 0  9995
2 37846  56.3905  50.9206 0003545   8.0774 352.0038  1.70475622 47942
1 37846U 11060A   19189.62766621 -.00000075  00000-0  00000+0 0  9992
2 37846  56.3939  50.7906 0003410  10.0747 349.9927  1.70475618 48025
1 37846U 11060A   19190.21424759 -.00000077  00000-0  00000-0 0  9995
2 37846  56.3944  50.7744 0003392  10.3129 349.7536  1.70475630 47901
1 37846U 11060A   19193.14716852 -.00000079  00000-0  00000+0 0  9999
2 37846  56.3967  50.6932 0003293  12.0619 348.0093  1.70475706 48081
1 37846U 11060A   19194.90692545 -.00000076  00000-0  00000-0 0  9994
2 37846  56.3979  50.6445 0003243  13.0211 347.0558  1.70475767 47987
1 37846U 11060A   19196.66667819 -.00000073  00000-0  00000+0 0  9991
2 37846  56.3993  50.5958 0003218  13.3474 346.7330  1.70475825 48145
1 37846U 11060A   19197.25326153 -.00000072  00000-0  00000-0 0  9990
2 37846  56.3997  50.5796 0003201  13.6312 346.4497  1.70475843 48023
1 37846U 11060A   19199.01300799 -.00000069  00000-0  00000+0 0  9999
2 37846  56.4009  50.5309 0003158  14.3049 345.7756  1.70475879 48180
1 37846U 11060A   19201.94591227 -.00000062  00000-0  00000+0 0  9996
2 37846  56.4029  50.4500 0003083  15.2614 344.8144  1.70475893 48232
1 37846U 11060A   19202.53249336 -.00000060  00000-0  00000-0 0  9992
2 37846  56.4034  50.4338 0003069  15.5132 344.5619  1.70475888 48114
1 37846U 11060A   19203.70565650 -.00000056  00000-0  00000-0 0  9997
2 37846  56.4043  50.4013 0003037  15.9429 344.1312  1.70475871 48132
1 37846U 11060A   19204.87882084 -.00000052  00000-0  00000+0 0  9994
2 37846  56.4041  50.3689 0002988  15.9120 344.1621  1.70475845 48280
1 37846U 11060A   19206.05198814 -.00000048  00000-0  00000-0 0  9993
2 37846  56.4050  50.3365 0002955  16.2617 343.8139  1.70475812 48172
1 37846U 11060A   19207.22515734 -.00000044  00000-0  00000-0 0  9993
2 37846  56.4050  50.3040 0002918  16.4683 343.6099  1.70475768 48326
1 37846U 11060A   19209.57149712 -.00000037  00000-0  00000+0 0  9993
2 37846  56.4069  50.2391 0002859  17.0850 342.9987  1.70475682 48368
1 37846U 11060A   19209.57149712 -.00000037  00000-0  00000-0 0  9994
2 37846  56.4069  50.2391 0002859  17.0850 342.9987  1.70475682 48234
1 37846U 11060A   19210.74466546 -.00000036  00000-0  00000-0 0  9991
2 37846  56.4108  50.2068 0002864  17.9940 342.0911  1.70475651 48250
1 37846U 11060A   19211.91782957 -.00000036  00000-0  00000+0 0  9997
2 37846  56.4095  50.1742 0002807  18.9026 341.1815  1.70475612 48403
1 37846U 11060A   19214.26414550 -.00000044  00000-0  00000+0 0  9998
2 37846  56.4116  50.1093 0002736  19.7167 340.3582  1.70475577 48448
1 37846U 11060A   19216.02387922 -.00000053  00000-0  00000-0 0  9997
2 37846  56.4136  50.0606 0002683  20.2164 339.8495  1.70475579 48341
1 37846U 11060A   19216.61045816 -.00000056  00000-0  00000+0 0  9997
2 37846  56.4140  50.0444 0002670  20.3632 339.7003  1.70475582 48486
1 37846U 11060A   19217.78361862 -.00000060  00000-0  00000-0 0  9994
2 37846  56.4150  50.0120 0002649  20.5374 339.5228  1.70475594 48377
1 37846U 11060A   19218.95678254 -.00000062  00000-0  00000+0 0  9991
2 37846  56.4159  49.9795 0002602  21.0283 339.0309  1.70475634 48522
1 37846U 11060A   19221.30311862 -.00000061  00000-0  00000+0 0  9992
2 37846  56.4177  49.9147 0002553  21.6746 338.3876  1.70475689 48563
1 37846U 11060A   19221.30311880 -.00000061  00000-0  00000-0 0  9993
2 37846  56.4178  49.9148 0002537  21.8644 338.1978  1.70475707 48434
1 37846U 11060A   19221.88970315 -.00000060  00000-0  00000-0 0  9999
2 37846  56.4182  49.8986 0002531  22.0331 338.0301  1.70475716 48448
1 37846U 11060A   19224.23603665 -.00000057  00000-0  00000+0 0  9997
2 37846  56.4201  49.8338 0002467  22.7798 337.2849  1.70475788 48619
1 37846U 11060A   19224.23603665 -.00000057  00000-0  00000-0 0  9998
2 37846  56.4201  49.8338 0002467  22.7798 337.2849  1.70475788 48484
1 37846U 11060A   19224.82261855 -.00000057  00000-0  00000-0 0  9994
2 37846  56.4205  49.8177 0002451  22.9247 337.1395  1.70475804 48498
1 37846U 11060A   19225.99578082 -.00000055  00000-0  00000-0 0  9994
2 37846  56.4215  49.7854 0002424  23.0119 337.0502  1.70475837 48518
1 37846U 11060A   19227.75552090 -.00000052  00000-0  00000+0 0  9997
2 37846  56.4228  49.7369 0002401  23.1549 336.9025  1.70475855 48671
1 37846U 11060A   19229.51526067 -.00000048  00000-0  00000-0 0  9994
2 37846  56.4241  49.6884 0002357  23.5826 336.4699  1.70475859 48574
1 37846U 11060A   19231.27500332 -.00000043  00000-0  00000+0 0  9991
2 37846  56.4255  49.6399 0002306  23.9234 336.1258  1.70475833 48739
1 37846U 11060A   19231.86158514 -.00000041  00000-0  00000-0 0  9996
2 37846  56.4259  49.6237 0002293  24.0943 335.9544  1.70475826 48612
1 37846U 11060A   19231.86158532 -.00000041  00000-0  00000-0 0  9996
2 37846  56.4260  49.6237 0002248  24.4626 335.5860  1.70475812 48618
1 37846U 11060A   19234.20791805 -.00000033  00000-0  00000-0 0  9994
2 37846  56.4278  49.5590 0002197  24.5163 335.5336  1.70475755 48780
1 37846U 11060A   19235.96767097 -.00000028  00000-0  00000-0 0  9998
2 37846  56.4292  49.5105 0002132  24.4783 335.5742  1.70475666 48685
1 37846U 11060A   19237.72742196 -.00000025  00000-0  00000+0 0  9993
2 37846  56.4301  49.4619 0002100  24.5346 335.5191  1.70475607 48847
1 37846U 11060A   19238.31400402 -.00000024  00000-0  00000-0 0  9990
2 37846  56.4306  49.4457 0002074  24.6342 335.4190  1.70475581 48725
1 37846U 11060A   19239.48716573 -.00000026  00000-0  00000-0 0  9990
2 37846  56.4315  49.4133 0002042  24.6299 335.4206  1.70475561 48740
1 37846U 11060A   19241.24690094 -.00000032  00000-0  00000+0 0  9992
2 37846  56.4327  49.3646 0001972  24.7505 335.2916  1.70475523 48905
1 37846U 11060A   19243.59321126 -.00000045  00000-0  00000+0 0  9993
2 37846  56.4345  49.2999 0001890  24.7854 335.2433  1.70475518 48943
1 37846U 11060A   19245.35295123 -.00000052  00000-0  00000-0 0  9995
2 37846  56.4358  49.2512 0001853  24.7044 335.3183  1.70475531 48845
1 37846U 11060A   19246.52611555 -.00000055  00000-0  00000+0 0  9998
2 37846  56.4366  49.2188 0001820  24.5659 335.4556  1.70475554 48993
1 37846U 11060A   19248.87245123 -.00000055  00000-0  00000+0 0  9992
2 37846  56.4383  49.1541 0001748  24.6090 335.4145  1.70475620 49037
1 37846U 11060A   19248.87245123 -.00000055  00000-0  00000-0 0  9993
2 37846  56.4383  49.1541 0001748  24.6090 335.4145  1.70475620 48902
1 37846U 11060A   19250.63220236 -.00000054  00000-0  00000-0 0  9997
2 37846  56.4395  49.1055 0001678  24.5478 335.4768  1.70475697 48934
1 37846U 11060A   19252.39194901 -.00000053  00000-0  00000+0 0  9999
2 37846  56.4408  49.0570 0001653  24.3346 335.6885  1.70475729 49091
1 37846U 11060A   19253.56511055 -.00000052  00000-0  00000-0 0  9992
2 37846  56.4416  49.0247 0001620  24.0138 336.0066  1.70475762 48981
1 37846U 11060A   19255.32485082 -.00000051  00000-0  00000+0 0  9996
2 37846  56.4430  48.9763 0001571  23.4285 336.5867  1.70475787 49149
1 37846U 11060A   19255.91143101 -.00000050  00000-0  00000-0 0  9994
2 37846  56.4434  48.9602 0001557  23.0755 336.9379  1.70475791 49021
1 37846U 11060A   19258.25775431 -.00000044  00000-0  00000+0 0  9993
2 37846  56.4449  48.8956 0001503  22.1965 337.8117  1.70475775 49192
1 37846U 11060A   19260.60408547 -.00000037  00000-0  00000+0 0  9998
2 37846  56.4468  48.8309 0001435  20.8617 339.1462  1.70475719 49239
1 37846U 11060A   19261.19066988 -.00000036  00000-0  00000-0 0  9992
2 37846  56.4471  48.8147 0001426  20.8301 339.1786  1.70475707 49116
1 37846U 11060A   19262.36383929 -.00000032  00000-0  00000-0 0  9995
2 37846  56.4481  48.7825 0001389  19.5788 340.4318  1.70475663 49130
1 37846U 11060A   19262.95042397 -.00000031  00000-0  00000+0 0  9999
2 37846  56.4486  48.7663 0001365  18.4837 341.5277  1.70475627 49273
1 37846U 11060A   19263.53700902 -.00000030  00000-0  00000-0 0  9997
2 37846  56.4490  48.7501 0001359  18.4307 341.5818  1.70475616 49150
1 37846U 11060A   19265.29676040 -.00000028  00000-0  00000+0 0  9993
2 37846  56.4501  48.7016 0001308  16.5446 343.4690  1.70475532 49315
1 37846U 11060A   19267.05650471 -.00000031  00000-0  00000-0 0  9994
2 37846  56.4513  48.6531 0001258  14.8106 345.1995  1.70475475 49219
1 37846U 11060A   19268.22966400 -.00000035  00000-0  00000+0 0  9999
2 37846  56.4521  48.6207 0001250  14.5868 345.4187  1.70475464 49362
1 37846U 11060A   19268.81624265 -.00000039  00000-0  00000-0 0  9999
2 37846  56.4525  48.6045 0001236  14.1093 345.8933  1.70475452 49243
1 37846U 11060A   19269.40282100 -.00000042  00000-0  00000-0 0  9997
2 37846  56.4529  48.5882 0001221  13.5023 346.4971  1.70475443 49255
1 37846U 11060A   19270.57597756 -.00000049  00000-0  00000+0 0  9999
2 37846  56.4538  48.5559 0001180  11.7804 348.2128  1.70475434 49408
1 37846U 11060A   19270.57597756 -.00000049  00000-0  00000-0 0  9990
2 37846  56.4538  48.5559 0001180  11.7804 348.2128  1.70475434 49273
1 37846U 11060A   19273.50888354 -.00000062  00000-0  00000-0 0  9998
2 37846  56.4559  48.4749 0001122   8.2389 351.7475  1.70475465 49325
1 37846U 11060A   19273.50888368 -.00000062  00000-0  00000+0 0  9992
2 37846  56.4559  48.4749 0001130   8.2850 351.7014  1.70475463 49458
1 37846U 11060A   19275.26863715 -.00000064  00000-0  00000-0 0  9999
2 37846  56.4572  48.4264 0001092   5.9457 354.0427  1.70475509 49353
1 37846U 11060A   19277.61497722 -.00000064  00000-0  00000+0 0  9990
2 37846  56.4588  48.3617 0001059   3.0697 356.9226  1.70475578 49522
1 37846U 11060A   19278.20156131 -.00000064  00000-0  00000-0 0  9993
2 37846  56.4592  48.3455 0001049   2.2547 357.7380  1.70475597 49409
1 37846U 11060A   19278.78814466 -.00000064  00000-0  00000-0 0  9998
2 37846  56.4596  48.3293 0001030   0.2032 359.7894  1.70475632 49413
1 37846U 11060A   19280.54789189 -.00000065  00000-0  00000+0 0  9998
2 37846  56.4608  48.2808 0001015 357.1395   2.8515  1.70475664 49575
1 37846U 11060A   19284.65396302 -.00000061  00000-0  00000+0 0  9991
2 37846  56.4635  48.1678 0001004 349.1646  10.8189  1.70475707 49649
1 37846U 11060A   19285.24054597 -.00000060  00000-0  00000-0 0  9994
2 37846  56.4638  48.1517 0001004 348.2074  11.7757  1.70475697 49525
1 37846U 11060A   19286.41371281 -.00000057  00000-0  00000-0 0  9992
2 37846  56.4646  48.1194 0001006 346.6710  13.3125  1.70475685 49542
1 37846U 11060A   19288.17346725 -.00000052  00000-0  00000+0 0  9996
2 37846  56.4661  48.0709 0001012 342.8938  17.0925  1.70475644 49709
1 37846U 11060A   19289.34663911 -.00000049  00000-0  00000-0 0  9992
2 37846  56.4668  48.0386 0001020 340.5761  19.4134  1.70475610 49593
1 37846U 11060A   19292.86615281 -.00000044  00000-0  00000+0 0  9994
2 37846  56.4691  47.9417 0001059 333.8954  26.1020  1.70475480 49788
1 37846U 11060A   19292.86615281 -.00000044  00000-0  00000-0 0  9995
2 37846  56.4691  47.9417 0001059 333.8954  26.1020  1.70475480 49654
1 37846U 11060A   19293.45273625 -.00000044  00000-0  00000-0 0  9993
2 37846  56.4695  47.9255 0001067 332.6046  27.3927  1.70475455 49668
1 37846U 11060A   19294.03931815 -.00000045  00000-0  00000-0 0  9991
2 37846  56.4698  47.9092 0001083 330.7288  29.2676  1.70475424 49674
1 37846U 11060A   19295.21248118 -.00000049  00000-0  00000+0 0  9992
2 37846  56.4706  47.8768 0001088 329.2783  30.7154  1.70475404 49824
1 37846U 11060A   19296.97222029 -.00000059  00000-0  00000-0 0  9991
2 37846  56.4718  47.8282 0001129 325.3887  34.5980  1.70475375 49721
1 37846U 11060A   19298.73196182 -.00000069  00000-0  00000+0 0  9997
2 37846  56.4730  47.7796 0001164 322.5369  37.4441  1.70475377 49880
1 37846U 11060A   19300.49171152 -.00000076  00000-0  00000-0 0  9993
2 37846  56.4742  47.7310 0001191 320.8363  39.1436  1.70475391 49788
1 37846U 11060A   19302.25146847 -.00000080  00000-0  00000+0 0  9996
2 37846  56.4753  47.6824 0001236 318.5677  41.4157  1.70475427 49945
1 37846U 11060A   19304.59781423 -.00000081  00000-0  00000+0 0  9991
2 37846  56.4768  47.6177 0001289 316.0273  43.9630  1.70475494 49986
1 37846U 11060A   19307.53073708 -.00000082  00000-0  00000+0 0  9999
2 37846  56.4787  47.5367 0001369 313.0028  46.9905  1.70475583 50036
1 37846U 11060A   19309.87706826 -.00000081  00000-0  00000+0 0  9991
2 37846  56.4800  47.4719 0001448 311.0079  48.9836  1.70475628 50073
1 37846U 11060A   19309.87706826 -.00000081  00000-0  00000-0 0  9992
2 37846  56.4800  47.4719 0001448 311.0079  48.9836  1.70475628 49947
1 37846U 11060A   19310.46365097 -.00000081  00000-0  00000-0 0  9990
2 37846  56.4805  47.4557 0001468 310.6497  49.3414  1.70475637 49951
1 37846U 11060A   19311.05023412 -.00000080  00000-0  00000-0 0  9997
2 37846  56.4808  47.4396 0001509 309.9853  50.0052  1.70475644 49964
1 37846U 11060A   19313.98315525 -.00000072  00000-0  00000-0 0  9991
2 37846  56.4826  47.3587 0001610 308.1912  51.8016  1.70475624 50010
1 37846U 11060A   19313.98315547 -.00000072  00000-0  00000+0 0  9994
2 37846  56.4827  47.3588 0001589 308.5643  51.4288  1.70475633 50143
1 37846U 11060A   19316.91608910 -.00000063  00000-0  00000+0 0  9999
2 37846  56.4848  47.2779 0001705 306.7520  53.2509  1.70475558 50198
1 37846U 11060A   19322.19535755 -.00000060  00000-0  00000+0 0  9999
2 37846  56.4876  47.1320 0001890 305.1271  54.8856  1.70475392 50289
1 37846U 11060A   19323.36851994 -.00000065  00000-0  00000-0 0  9991
2 37846  56.4892  47.0997 0001954 304.0708  55.9385  1.70475366 50178
1 37846U 11060A   19324.54168158 -.00000071  00000-0  00000+0 0  9991
2 37846  56.4901  47.0672 0002007 303.5121  56.4934  1.70475348 50325
1 37846U 11060A   19326.30142633 -.00000080  00000-0  00000-0 0  9998
2 37846  56.4912  47.0186 0002065 302.9075  57.0942  1.70475347 50226
1 37846U 11060A   19326.88800985 -.00000083  00000-0  00000+0 0  9994
2 37846  56.4915  47.0023 0002083 302.9557  57.0457  1.70475350 50364
1 37846U 11060A   19328.64776456 -.00000087  00000-0  00000-0 0  9990
2 37846  56.4927  46.9536 0002171 302.5546  57.4489  1.70475388 50265
1 37846U 11060A   19330.40752577 -.00000089  00000-0  00000+0 0  9996
2 37846  56.4936  46.9050 0002207 302.6376  57.3720  1.70475422 50422
1 37846U 11060A   19330.99411250 -.00000089  00000-0  00000-0 0  9991
2 37846  56.4939  46.8887 0002244 302.5280  57.4834  1.70475455 50306
1 37846U 11060A   19332.75387195 -.00000089  00000-0  00000+0 0  9996
2 37846  56.4954  46.8401 0002291 302.3614  57.6549  1.70475516 50466
1 37846U 11060A   19338.03312532 -.00000086  00000-0  00000-0 0  9994
2 37846  56.4988  46.6942 0002459 302.3982  57.6187  1.70475624 50429
1 37846U 11060A   19339.20629224 -.00000083  00000-0  00000+0 0  9999
2 37846  56.4990  46.6618 0002532 302.5355  57.4811  1.70475630 50575
1 37846U 11060A   19341.55263254 -.00000075  00000-0  00000+0 0  9998
2 37846  56.5009  46.5970 0002652 302.7043  57.3155  1.70475606 50614
1 37846U 11060A   19342.13921855 -.00000072  00000-0  00000-0 0  9999
2 37846  56.5009  46.5808 0002699 302.6827  57.3386  1.70475587 50494
1 37846U 11060A   19343.31239232 -.00000068  00000-0  00000-0 0  9996
2 37846  56.5017  46.5484 0002701 302.7044  57.3214  1.70475574 50518
1 37846U 11060A   19344.48556713 -.00000063  00000-0  00000+0 0  9995
2 37846  56.5024  46.5160 0002738 302.7415  57.2890  1.70475547 50664
1 37846U 11060A   19345.65874112 -.00000059  00000-0  00000-0 0  9997
2 37846  56.5032  46.4835 0002810 302.8994  57.1352  1.70475491 50553
1 37846U 11060A   19349.17824985 -.00000057  00000-0  00000+0 0  9998
2 37846  56.5055  46.3862 0002919 303.1515  56.8867  1.70475394 50740
1 37846U 11060A   19352.11115420 -.00000068  00000-0  00000+0 0  9995
2 37846  56.5075  46.3051 0003034 303.2785  56.7504  1.70475341 50795
1 37846U 11060A   19354.45748211 -.00000077  00000-0  00000+0 0  9994
2 37846  56.5091  46.2402 0003122 303.5184  56.5059  1.70475347 50830
1 37846U 11060A   19356.21723694 -.00000080  00000-0  00000-0 0  9993
2 37846  56.5103  46.1915 0003190 303.7595  56.2666  1.70475368 50738
1 37846U 11060A   19357.39040949 -.00000081  00000-0  00000+0 0  9998
2 37846  56.5112  46.1590 0003233 304.0057  56.0233  1.70475398 50889
1 37846U 11060A   19360.32333786 -.00000080  00000-0  00000-0 0  9999
2 37846  56.5132  46.0779 0003352 304.5586  55.4759  1.70475507 50803
1 37846U 11060A   19360.32333809 -.00000080  00000-0  00000+0 0  9994
2 37846  56.5132  46.0779 0003342 304.5648  55.4698  1.70475495 50933
1 37846U 11060A   19363.25625346 -.00000079  00000-0  00000+0 0  9997
2 37846  56.5151  45.9969 0003438 305.0133  55.0193  1.70475579 50988

