1 38857U 12055A   19002.54950033  .00000068  00000-0  00000+0 0  9998
2 38857  54.9199 176.4370 0001288 231.5184 128.4666  1.70473737 38745
1 38857U 12055A   19003.13607837  .00000064  00000-0  00000-0 0  9992
2 38857  54.9199 176.4208 0001298 231.3099 128.6715  1.70473754 38756
1 38857U 12055A   19007.82870643  .00000054  00000-0  00000+0 0  9997
2 38857  54.9206 176.2913 0001392 231.6876 128.2680  1.70473823 38830
1 38857U 12055A   19007.82870645  .00000054  00000-0  00000-0 0  9990
2 38857  54.9206 176.2913 0001404 231.7095 128.2460  1.70473827 38838
1 38857U 12055A   19009.00187166  .00000059  00000-0  00000-0 0  9996
2 38857  54.9206 176.2590 0001419 231.9581 127.9962  1.70473827 38852
1 38857U 12055A   19010.76162711  .00000067  00000-0  00000+0 0  9998
2 38857  54.9212 176.2104 0001440 232.1643 127.7929  1.70473824 38887
1 38857U 12055A   19011.93480099  .00000074  00000-0  00000-0 0  9999
2 38857  54.9214 176.1781 0001445 232.2405 127.7206  1.70473808 38904
1 38857U 12055A   19013.69456137  .00000082  00000-0  00000+0 0  9998
2 38857  54.9216 176.1295 0001465 232.5968 127.3698  1.70473768 38934
1 38857U 12055A   19014.28114677  .00000084  00000-0  00000-0 0  9997
2 38857  54.9214 176.1134 0001484 232.8886 127.0790  1.70473747 38945
1 38857U 12055A   19015.45431401  .00000086  00000-0  00000-0 0  9996
2 38857  54.9215 176.0810 0001515 233.5405 126.4268  1.70473709 38969
1 38857U 12055A   19017.21405434  .00000081  00000-0  00000-0 0  9994
2 38857  54.9216 176.0325 0001552 234.6338 125.3267  1.70473659 38993
1 38857U 12055A   19017.80063224  .00000077  00000-0  00000+0 0  9990
2 38857  54.9215 176.0163 0001561 234.7182 125.2385  1.70473650 39004
1 38857U 12055A   19020.14693847  .00000057  00000-0  00000+0 0  9999
2 38857  54.9218 175.9516 0001598 235.6144 124.3243  1.70473603 39040
1 38857U 12055A   19022.49325769  .00000043  00000-0  00000+0 0  9999
2 38857  54.9221 175.8869 0001641 236.2647 123.6637  1.70473583 39088
1 38857U 12055A   19023.07984175  .00000042  00000-0  00000-0 0  9996
2 38857  54.9222 175.8706 0001641 236.4266 123.5019  1.70473583 39092
1 38857U 12055A   19024.25301354  .00000042  00000-0  00000-0 0  9999
2 38857  54.9223 175.8382 0001660 236.8320 123.0987  1.70473585 39113
1 38857U 12055A   19025.42618813  .00000043  00000-0  00000+0 0  9990
2 38857  54.9225 175.8058 0001691 237.2648 122.6697  1.70473594 39132
1 38857U 12055A   19027.77253248  .00000039  00000-0  00000+0 0  9992
2 38857  54.9226 175.7410 0001751 238.2111 121.7285  1.70473626 39170
1 38857U 12055A   19028.35911610  .00000036  00000-0  00000-0 0  9999
2 38857  54.9226 175.7248 0001768 238.3440 121.5952  1.70473637 39185
1 38857U 12055A   19029.53227916  .00000028  00000-0  00000-0 0  9990
2 38857  54.9226 175.6925 0001803 238.7622 121.1740  1.70473667 39209
1 38857U 12055A   19030.70543896  .00000019  00000-0  00000+0 0  9998
2 38857  54.9227 175.6601 0001835 238.9416 120.9897  1.70473689 39225
1 38857U 12055A   19032.46517708  .00000009  00000-0  00000-0 0  9996
2 38857  54.9229 175.6116 0001881 239.2294 120.6934  1.70473714 39258
1 38857U 12055A   19034.22491964  .00000006  00000-0  00000+0 0  9993
2 38857  54.9230 175.5631 0001929 239.6378 120.2794  1.70473741 39284
1 38857U 12055A   19034.81150230  .00000007  00000-0  00000-0 0  9998
2 38857  54.9230 175.5470 0001951 239.8583 120.0581  1.70473749 39291
1 38857U 12055A   19035.39808611  .00000008  00000-0  00000-0 0  9996
2 38857  54.9231 175.5308 0001989 240.3233 119.5927  1.70473756 39309
1 38857U 12055A   19037.15784428  .00000016  00000-0  00000+0 0  9999
2 38857  54.9232 175.4823 0002034 241.0290 118.8911  1.70473755 39331
1 38857U 12055A   19038.33102099  .00000022  00000-0  00000-0 0  9996
2 38857  54.9233 175.4500 0002058 241.2388 118.6869  1.70473752 39359
1 38857U 12055A   19040.09078878  .00000031  00000-0  00000+0 0  9998
2 38857  54.9234 175.4015 0002102 241.7575 118.1780  1.70473728 39387
1 38857U 12055A   19042.43713932  .00000039  00000-0  00000+0 0  9993
2 38857  54.9236 175.3368 0002184 242.7961 117.1483  1.70473666 39424
1 38857U 12055A   19043.02372408  .00000039  00000-0  00000-0 0  9999
2 38857  54.9235 175.3205 0002207 243.2009 116.7439  1.70473643 39430
1 38857U 12055A   19044.19688907  .00000036  00000-0  00000-0 0  9999
2 38857  54.9235 175.2882 0002252 243.9316 116.0114  1.70473612 39459
1 38857U 12055A   19044.78346975  .00000033  00000-0  00000+0 0  9996
2 38857  54.9235 175.2720 0002270 244.2125 115.7285  1.70473598 39461
1 38857U 12055A   19046.54320691  .00000020  00000-0  00000-0 0  9996
2 38857  54.9235 175.2234 0002319 245.0149 114.9171  1.70473566 39493
1 38857U 12055A   19046.54320750  .00000020  00000-0  00000-0 0  9992
2 38857  54.9235 175.2234 0002307 244.7798 115.1524  1.70473573 39499
1 38857U 12055A   19048.88952794  .00000002  00000-0  00000+0 0  9999
2 38857  54.9236 175.1587 0002384 245.7188 114.2039  1.70473546 39535
1 38857U 12055A   19051.23587242 -.00000001  00000-0  00000+0 0  9994
2 38857  54.9237 175.0940 0002443 246.4244 113.5028  1.70473543 39576
1 38857U 12055A   19054.75540560 -.00000001  00000-0  00000+0 0  9996
2 38857  54.9238 174.9969 0002576 247.7024 112.2423  1.70473590 39637
1 38857U 12055A   19055.34199178 -.00000003  00000-0  00000-0 0  9990
2 38857  54.9238 174.9807 0002602 247.9458 112.0001  1.70473603 39647
1 38857U 12055A   19055.92857671 -.00000006  00000-0  00000-0 0  9996
2 38857  54.9238 174.9645 0002620 248.1090 111.8374  1.70473615 39656
1 38857U 12055A   19057.10174262 -.00000014  00000-0  00000+0 0  9994
2 38857  54.9236 174.9321 0002672 248.4404 111.5049  1.70473654 39675
1 38857U 12055A   19058.27490612 -.00000022  00000-0  00000-0 0  9993
2 38857  54.9237 174.8997 0002710 248.7802 111.1623  1.70473665 39690
1 38857U 12055A   19059.44806843 -.00000028  00000-0  00000+0 0  9995
2 38857  54.9237 174.8674 0002750 248.9658 110.9734  1.70473690 39718
1 38857U 12055A   19059.44806843 -.00000028  00000-0  00000-0 0  9996
2 38857  54.9237 174.8674 0002750 248.9658 110.9734  1.70473690 39718
1 38857U 12055A   19060.62123229 -.00000030  00000-0  00000-0 0  9991
2 38857  54.9237 174.8350 0002806 249.3071 110.6295  1.70473712 39731
1 38857U 12055A   19061.20781504 -.00000030  00000-0  00000-0 0  9992
2 38857  54.9237 174.8189 0002860 249.5952 110.3406  1.70473735 39748
1 38857U 12055A   19061.79439924 -.00000029  00000-0  00000+0 0  9999
2 38857  54.9236 174.8027 0002886 249.7609 110.1750  1.70473744 39758
1 38857U 12055A   19064.14074676 -.00000018  00000-0  00000+0 0  9998
2 38857  54.9236 174.7380 0002931 250.0027 109.9412  1.70473766 39798
1 38857U 12055A   19064.14074677 -.00000018  00000-0  00000-0 0  9990
2 38857  54.9236 174.7380 0002937 250.1139 109.8298  1.70473761 39795
1 38857U 12055A   19064.72733585 -.00000015  00000-0  00000-0 0  9991
2 38857  54.9236 174.7218 0002965 250.2133 109.7338  1.70473766 39802
1 38857U 12055A   19065.90051659 -.00000007  00000-0  00000-0 0  9998
2 38857  54.9237 174.6894 0002992 250.4811 109.4742  1.70473765 39824
1 38857U 12055A   19068.24687927  .00000008  00000-0  00000+0 0  9990
2 38857  54.9236 174.6247 0003073 251.0614 108.9108  1.70473728 39867
1 38857U 12055A   19069.42005646  .00000013  00000-0  00000-0 0  9990
2 38857  54.9238 174.5924 0003122 251.4619 108.5161  1.70473705 39886
1 38857U 12055A   19071.17981295  .00000015  00000-0  00000+0 0  9999
2 38857  54.9238 174.5438 0003186 252.0409 107.9401  1.70473668 39912
1 38857U 12055A   19074.11271750  .00000000  00000-0  00000+0 0  9998
2 38857  54.9237 174.4629 0003286 253.0029 106.9691  1.70473616 39960
1 38857U 12055A   19075.28587879 -.00000008  00000-0  00000-0 0  9999
2 38857  54.9237 174.4306 0003322 253.2937 106.6745  1.70473602 39987
1 38857U 12055A   19078.21880445 -.00000013  00000-0  00000+0 0  9995
2 38857  54.9238 174.3496 0003427 254.0625 105.9097  1.70473599 40031
1 38857U 12055A   19078.21880445 -.00000013  00000-0  00000-0 0  9996
2 38857  54.9238 174.3496 0003427 254.0625 105.9097  1.70473599 40031
1 38857U 12055A   19079.39198375 -.00000009  00000-0  00000-0 0  9995
2 38857  54.9238 174.3172 0003476 254.3726 105.6066  1.70473608 40057
1 38857U 12055A   19082.32492893 -.00000007  00000-0  00000-0 0  9992
2 38857  54.9236 174.2363 0003576 254.9443 105.0510  1.70473666 40107
1 38857U 12055A   19082.91151447 -.00000008  00000-0  00000-0 0  9995
2 38857  54.9235 174.2201 0003612 255.1527 104.8437  1.70473686 40112
1 38857U 12055A   19083.49809931 -.00000011  00000-0  00000-0 0  9991
2 38857  54.9236 174.2040 0003630 255.2701 104.7269  1.70473699 40126
1 38857U 12055A   19085.25784713 -.00000021  00000-0  00000+0 0  9997
2 38857  54.9236 174.1555 0003650 255.3169 104.6783  1.70473736 40152
1 38857U 12055A   19086.43100969 -.00000026  00000-0  00000-0 0  9999
2 38857  54.9236 174.1232 0003690 255.4963 104.4959  1.70473763 40176
1 38857U 12055A   19088.77733924 -.00000026  00000-0  00000-0 0  9991
2 38857  54.9237 174.0585 0003776 255.7852 104.2040  1.70473813 40212
1 38857U 12055A   19092.29686204 -.00000004  00000-0  00000+0 0  9996
2 38857  54.9236 173.9617 0003928 256.6112 103.3909  1.70473852 40276
1 38857U 12055A   19092.29686204 -.00000004  00000-0  00000-0 0  9997
2 38857  54.9236 173.9617 0003928 256.6112 103.3909  1.70473852 40276
1 38857U 12055A   19093.47004258  .00000006  00000-0  00000-0 0  9992
2 38857  54.9237 173.9293 0003957 256.7843 103.2261  1.70473846 40296
1 38857U 12055A   19095.22981325  .00000020  00000-0  00000-0 0  9992
2 38857  54.9237 173.8807 0004030 257.1364 102.8862  1.70473805 40323
1 38857U 12055A   19095.22981345  .00000020  00000-0  00000+0 0  9993
2 38857  54.9238 173.8806 0004009 257.0101 103.0127  1.70473816 40326
1 38857U 12055A   19099.33591104  .00000033  00000-0  00000+0 0  9993
2 38857  54.9239 173.7674 0004166 258.0575 101.9729  1.70473721 40396
1 38857U 12055A   19103.44197042  .00000015  00000-0  00000-0 0  9995
2 38857  54.9242 173.6542 0004295 259.1676 100.8469  1.70473658 40466
1 38857U 12055A   19103.44197105  .00000015  00000-0  00000+0 0  9994
2 38857  54.9242 173.6542 0004278 259.0780 100.9367  1.70473661 40464
1 38857U 12055A   19105.78831291  .00000017  00000-0  00000-0 0  9997
2 38857  54.9243 173.5895 0004357 259.4597 100.5593  1.70473658 40501
1 38857U 12055A   19105.78831292  .00000017  00000-0  00000+0 0  9997
2 38857  54.9245 173.5894 0004351 259.4454 100.5737  1.70473658 40508
1 38857U 12055A   19106.96148947  .00000021  00000-0  00000-0 0  9992
2 38857  54.9244 173.5571 0004423 259.7879 100.2369  1.70473674 40521
1 38857U 12055A   19108.13466726  .00000025  00000-0  00000-0 0  9995
2 38857  54.9245 173.5247 0004431 259.8168 100.2144  1.70473685 40548
1 38857U 12055A   19109.89442593  .00000025  00000-0  00000-0 0  9995
2 38857  54.9246 173.4762 0004504 260.1962  99.8398  1.70473730 40576
1 38857U 12055A   19112.24075380  .00000015  00000-0  00000-0 0  9993
2 38857  54.9248 173.4115 0004569 260.4801  99.5518  1.70473788 40615
1 38857U 12055A   19112.24075406  .00000015  00000-0  00000+0 0  9991
2 38857  54.9248 173.4115 0004558 260.4432  99.5888  1.70473778 40612
1 38857U 12055A   19114.00049273  .00000008  00000-0  00000-0 0  9993
2 38857  54.9249 173.3630 0004595 260.5450  99.4800  1.70473827 40647
1 38857U 12055A   19118.10656981  .00000022  00000-0  00000+0 0  9993
2 38857  54.9254 173.2498 0004720 260.9662  99.0548  1.70473912 40711
1 38857U 12055A   19121.03950864  .00000048  00000-0  00000+0 0  9994
2 38857  54.9258 173.1690 0004791 261.3928  98.6416  1.70473914 40762
1 38857U 12055A   19122.79927272  .00000062  00000-0  00000-0 0  9992
2 38857  54.9260 173.1205 0004826 261.6155  98.4276  1.70473888 40796
1 38857U 12055A   19124.55902872  .00000072  00000-0  00000+0 0  9997
2 38857  54.9263 173.0720 0004888 262.0119  98.0348  1.70473829 40828
1 38857U 12055A   19126.90535150  .00000073  00000-0  00000+0 0  9990
2 38857  54.9266 173.0073 0004943 262.4851  97.5549  1.70473766 40862
1 38857U 12055A   19129.25166151  .00000062  00000-0  00000+0 0  9990
2 38857  54.9271 172.9426 0004971 262.7686  97.2566  1.70473727 40906
1 38857U 12055A   19131.01139875  .00000056  00000-0  00000-0 0  9994
2 38857  54.9272 172.8941 0005009 263.1364  96.8807  1.70473700 40936
1 38857U 12055A   19134.53090824  .00000064  00000-0  00000+0 0  9992
2 38857  54.9275 172.7969 0005084 263.6395  96.3825  1.70473707 40998
1 38857U 12055A   19135.11749481  .00000065  00000-0  00000-0 0  9999
2 38857  54.9269 172.7808 0005113 263.8843  96.1394  1.70473712 41004
1 38857U 12055A   19137.46383172  .00000064  00000-0  00000+0 0  9998
2 38857  54.9279 172.7160 0005141 264.0563  95.9692  1.70473755 41048
1 38857U 12055A   19139.22357093  .00000055  00000-0  00000-0 0  9998
2 38857  54.9285 172.6676 0005162 264.1980  95.8206  1.70473813 41071
1 38857U 12055A   19140.39672613  .00000048  00000-0  00000-0 0  9998
2 38857  54.9288 172.6352 0005169 264.1917  95.8201  1.70473851 41091
1 38857U 12055A   19140.39672637  .00000048  00000-0  00000+0 0  9993
2 38857  54.9288 172.6352 0005161 264.1810  95.8309  1.70473840 41092
1 38857U 12055A   19144.50278086  .00000051  00000-0  00000+0 0  9994
2 38857  54.9296 172.5222 0005239 264.5053  95.4890  1.70473941 41166
1 38857U 12055A   19146.26253318  .00000063  00000-0  00000-0 0  9994
2 38857  54.9299 172.4737 0005263 264.7294  95.2666  1.70473964 41192
1 38857U 12055A   19148.02229233  .00000077  00000-0  00000+0 0  9993
2 38857  54.9302 172.4252 0005275 264.8953  95.1063  1.70473960 41225
1 38857U 12055A   19149.78205200  .00000090  00000-0  00000-0 0  9991
2 38857  54.9305 172.3767 0005281 265.0194  94.9883  1.70473935 41257
1 38857U 12055A   19153.88812405  .00000101  00000-0  00000+0 0  9990
2 38857  54.9313 172.2635 0005322 265.6302  94.3707  1.70473809 41329
1 38857U 12055A   19155.06127779  .00000096  00000-0  00000-0 0  9999
2 38857  54.9313 172.2312 0005357 266.0939  93.8982  1.70473769 41346
1 38857U 12055A   19156.23442925  .00000089  00000-0  00000+0 0  9993
2 38857  54.9316 172.1988 0005353 266.3595  93.6233  1.70473736 41367
1 38857U 12055A   19156.23442925  .00000089  00000-0  00000-0 0  9994
2 38857  54.9316 172.1988 0005353 266.3595  93.6233  1.70473736 41367
1 38857U 12055A   19158.58074137  .00000078  00000-0  00000+0 0  9997
2 38857  54.9320 172.1344 0005358 266.6398  93.3295  1.70473706 41404
1 38857U 12055A   19159.16732246  .00000078  00000-0  00000-0 0  9995
2 38857  54.9321 172.1181 0005353 266.6494  93.3187  1.70473708 41419
1 38857U 12055A   19162.10024616  .00000083  00000-0  00000+0 0  9993
2 38857  54.9326 172.0371 0005347 266.8716  93.1003  1.70473721 41461
1 38857U 12055A   19163.27341593  .00000083  00000-0  00000-0 0  9999
2 38857  54.9329 172.0048 0005354 267.0182  92.9554  1.70473734 41487
1 38857U 12055A   19164.44658139  .00000080  00000-0  00000+0 0  9992
2 38857  54.9331 171.9725 0005355 267.1334  92.8392  1.70473751 41502
1 38857U 12055A   19166.79289745  .00000065  00000-0  00000-0 0  9999
2 38857  54.9336 171.9079 0005342 267.3153  92.6462  1.70473802 41543
1 38857U 12055A   19166.79289747  .00000065  00000-0  00000+0 0  9990
2 38857  54.9358 171.9079 0005314 267.2825  92.6793  1.70473811 41548
1 38857U 12055A   19169.13920501  .00000052  00000-0  00000+0 0  9997
2 38857  54.9358 171.8433 0005312 267.3562  92.5896  1.70473869 41588
1 38857U 12055A   19170.89894153  .00000051  00000-0  00000-0 0  9995
2 38857  54.9349 171.7948 0005328 267.1199  92.8175  1.70473919 41612
1 38857U 12055A   19172.07210477  .00000056  00000-0  00000+0 0  9992
2 38857  54.9347 171.7624 0005332 267.2326  92.7027  1.70473944 41634
1 38857U 12055A   19173.24527281  .00000063  00000-0  00000-0 0  9995
2 38857  54.9350 171.7301 0005327 267.3075  92.6286  1.70473962 41654
1 38857U 12055A   19173.83185786  .00000066  00000-0  00000-0 0  9993
2 38857  54.9351 171.7140 0005324 267.3598  92.5775  1.70473963 41667
1 38857U 12055A   19175.00503021  .00000074  00000-0  00000+0 0  9998
2 38857  54.9353 171.6816 0005317 267.4057  92.5352  1.70473962 41683
1 38857U 12055A   19176.17820343  .00000082  00000-0  00000-0 0  9996
2 38857  54.9357 171.6494 0005304 267.4417  92.5034  1.70473951 41703
1 38857U 12055A   19178.52454512  .00000093  00000-0  00000+0 0  9999
2 38857  54.9356 171.5848 0005276 267.8104  92.1395  1.70473888 41748
1 38857U 12055A   19178.52454512  .00000093  00000-0  00000-0 0  9990
2 38857  54.9356 171.5848 0005276 267.8104  92.1395  1.70473888 41748
1 38857U 12055A   19179.69770926  .00000095  00000-0  00000-0 0  9991
2 38857  54.9357 171.5525 0005266 268.0098  91.9384  1.70473845 41765
1 38857U 12055A   19180.87086804  .00000094  00000-0  00000+0 0  9996
2 38857  54.9359 171.5202 0005263 268.1220  91.8213  1.70473819 41787
1 38857U 12055A   19183.21717514  .00000081  00000-0  00000+0 0  9992
2 38857  54.9362 171.4555 0005235 268.4018  91.5252  1.70473758 41825
1 38857U 12055A   19186.15006938  .00000064  00000-0  00000+0 0  9990
2 38857  54.9364 171.3748 0005165 268.8929  91.0194  1.70473706 41875
1 38857U 12055A   19188.49640806  .00000064  00000-0  00000+0 0  9997
2 38857  54.9367 171.3102 0005135 269.0808  90.8342  1.70473701 41910
1 38857U 12055A   19190.84275171  .00000063  00000-0  00000+0 0  9997
2 38857  54.9371 171.2456 0005099 269.3541  90.5667  1.70473724 41958
1 38857U 12055A   19193.18907840  .00000049  00000-0  00000+0 0  9996
2 38857  54.9375 171.1809 0005061 269.5103  90.4059  1.70473766 41992
1 38857U 12055A   19194.36223619  .00000038  00000-0  00000-0 0  9991
2 38857  54.9380 171.1487 0005007 269.6790  90.2314  1.70473792 42018
1 38857U 12055A   19195.53539213  .00000029  00000-0  00000+0 0  9990
2 38857  54.9381 171.1164 0004976 269.7268  90.1767  1.70473822 42033
1 38857U 12055A   19198.46828989  .00000023  00000-0  00000-0 0  9991
2 38857  54.9377 171.0356 0004977 269.4898  90.4023  1.70473906 42083
1 38857U 12055A   19198.46828993  .00000023  00000-0  00000+0 0  9995
2 38857  54.9374 171.0356 0004978 269.5012  90.3910  1.70473899 42085
1 38857U 12055A   19200.81462885  .00000033  00000-0  00000+0 0  9993
2 38857  54.9382 170.9710 0004944 269.5560  90.3397  1.70473937 42124
1 38857U 12055A   19200.81462885  .00000033  00000-0  00000-0 0  9994
2 38857  54.9382 170.9710 0004944 269.5560  90.3397  1.70473937 42124
1 38857U 12055A   19203.74756887  .00000050  00000-0  00000+0 0  9995
2 38857  54.9386 170.8903 0004864 269.7505  90.1596  1.70473929 42178
1 38857U 12055A   19204.92074404  .00000055  00000-0  00000-0 0  9990
2 38857  54.9387 170.8580 0004822 269.8598  90.0554  1.70473897 42196
1 38857U 12055A   19206.09391479  .00000059  00000-0  00000+0 0  9997
2 38857  54.9387 170.8258 0004805 270.0376  89.8802  1.70473880 42214
1 38857U 12055A   19207.85366242  .00000058  00000-0  00000-0 0  9992
2 38857  54.9388 170.7773 0004768 270.2341  89.6821  1.70473831 42246
1 38857U 12055A   19209.02682176  .00000054  00000-0  00000+0 0  9995
2 38857  54.9390 170.7450 0004740 270.3300  89.5816  1.70473798 42264
1 38857U 12055A   19210.78655693  .00000042  00000-0  00000-0 0  9992
2 38857  54.9392 170.6965 0004688 270.5187  89.3836  1.70473759 42292
1 38857U 12055A   19211.37313566  .00000037  00000-0  00000+0 0  9991
2 38857  54.9391 170.6804 0004664 270.5979  89.3017  1.70473749 42308
1 38857U 12055A   19212.54629644  .00000030  00000-0  00000-0 0  9992
2 38857  54.9391 170.6481 0004625 270.7303  89.1655  1.70473730 42327
1 38857U 12055A   19213.13287895  .00000027  00000-0  00000-0 0  9992
2 38857  54.9391 170.6319 0004613 270.8078  89.0873  1.70473722 42337
1 38857U 12055A   19215.47922343  .00000025  00000-0  00000+0 0  9992
2 38857  54.9393 170.5673 0004546 270.9349  88.9664  1.70473706 42370
1 38857U 12055A   19217.23898889  .00000025  00000-0  00000-0 0  9996
2 38857  54.9394 170.5188 0004481 271.0781  88.8324  1.70473721 42405
1 38857U 12055A   19218.99874788  .00000020  00000-0  00000+0 0  9996
2 38857  54.9394 170.4704 0004443 271.1695  88.7459  1.70473739 42431
1 38857U 12055A   19220.17191419  .00000011  00000-0  00000-0 0  9993
2 38857  54.9394 170.4381 0004399 271.2282  88.6869  1.70473764 42459
1 38857U 12055A   19220.75849570  .00000006  00000-0  00000-0 0  9999
2 38857  54.9394 170.4220 0004376 271.2136  88.7001  1.70473777 42468
1 38857U 12055A   19222.51823602 -.00000009  00000-0  00000+0 0  9996
2 38857  54.9394 170.3735 0004314 271.2574  88.6502  1.70473818 42490
1 38857U 12055A   19222.51823602 -.00000009  00000-0  00000-0 0  9997
2 38857  54.9394 170.3735 0004314 271.2574  88.6502  1.70473818 42490
1 38857U 12055A   19224.86456044 -.00000019  00000-0  00000+0 0  9999
2 38857  54.9395 170.3089 0004246 271.1751  88.7267  1.70473870 42535
1 38857U 12055A   19224.86456059 -.00000019  00000-0  00000-0 0  9996
2 38857  54.9395 170.3089 0004241 271.1719  88.7301  1.70473874 42537
1 38857U 12055A   19227.21090199 -.00000012  00000-0  00000+0 0  9999
2 38857  54.9395 170.2444 0004179 271.2170  88.6897  1.70473921 42579
1 38857U 12055A   19227.79749009 -.00000009  00000-0  00000-0 0  9990
2 38857  54.9394 170.2283 0004165 271.1269  88.7828  1.70473929 42586
1 38857U 12055A   19228.97066895 -.00000002  00000-0  00000-0 0  9999
2 38857  54.9394 170.1960 0004120 271.2459  88.6713  1.70473937 42604
1 38857U 12055A   19231.90361986  .00000015  00000-0  00000+0 0  9997
2 38857  54.9396 170.1152 0004006 271.5020  88.4364  1.70473911 42656
1 38857U 12055A   19233.07679654  .00000020  00000-0  00000-0 0  9998
2 38857  54.9396 170.0830 0003963 271.5592  88.3852  1.70473882 42673
1 38857U 12055A   19234.24996790  .00000022  00000-0  00000-0 0  9993
2 38857  54.9394 170.0507 0003929 271.6019  88.3457  1.70473857 42694
1 38857U 12055A   19234.83655177  .00000022  00000-0  00000+0 0  9998
2 38857  54.9395 170.0346 0003912 271.6471  88.3008  1.70473846 42702
1 38857U 12055A   19237.18287699  .00000013  00000-0  00000+0 0  9999
2 38857  54.9393 169.9698 0003831 271.8791  88.0641  1.70473796 42742
1 38857U 12055A   19239.52920144 -.00000001  00000-0  00000+0 0  9996
2 38857  54.9396 169.9051 0003730 272.0778  87.8600  1.70473755 42785
1 38857U 12055A   19239.52920144 -.00000001  00000-0  00000-0 0  9997
2 38857  54.9396 169.9051 0003730 272.0778  87.8600  1.70473755 42785
1 38857U 12055A   19241.87554493 -.00000006  00000-0  00000+0 0  9992
2 38857  54.9396 169.8404 0003638 272.1054  87.8383  1.70473732 42829
1 38857U 12055A   19243.04872408 -.00000005  00000-0  00000-0 0  9992
2 38857  54.9397 169.8080 0003596 272.1979  87.7533  1.70473733 42848
1 38857U 12055A   19244.22190457 -.00000003  00000-0  00000+0 0  9997
2 38857  54.9394 169.7757 0003557 272.1925  87.7670  1.70473738 42862
1 38857U 12055A   19244.80849423 -.00000003  00000-0  00000-0 0  9996
2 38857  54.9394 169.7595 0003535 272.2191  87.7442  1.70473745 42870
1 38857U 12055A   19245.98167044 -.00000005  00000-0  00000-0 0  9990
2 38857  54.9399 169.7272 0003491 272.3223  87.6466  1.70473759 42897
1 38857U 12055A   19248.32800696 -.00000021  00000-0  00000+0 0  9995
2 38857  54.9400 169.6626 0003388 272.4653  87.5054  1.70473805 42934
1 38857U 12055A   19253.02066747 -.00000038  00000-0  00000+0 0  9997
2 38857  54.9401 169.5333 0003215 272.2533  87.7137  1.70473913 43017
1 38857U 12055A   19254.78043048 -.00000028  00000-0  00000-0 0  9990
2 38857  54.9401 169.4848 0003164 271.9121  88.0631  1.70473946 43041
1 38857U 12055A   19257.12679321 -.00000011  00000-0  00000+0 0  9991
2 38857  54.9402 169.4202 0003069 271.9020  88.0917  1.70473964 43089
1 38857U 12055A   19260.05974517  .00000008  00000-0  00000+0 0  9997
2 38857  54.9403 169.3394 0002959 271.8417  88.1741  1.70473928 43139
1 38857U 12055A   19260.64633318  .00000011  00000-0  00000-0 0  9998
2 38857  54.9401 169.3233 0002927 271.8277  88.1911  1.70473913 43142
1 38857U 12055A   19262.99267174  .00000014  00000-0  00000+0 0  9993
2 38857  54.9402 169.2587 0002857 271.9583  88.0641  1.70473859 43189
1 38857U 12055A   19266.51215977  .00000001  00000-0  00000+0 0  9995
2 38857  54.9403 169.1618 0002712 272.0288  87.9867  1.70473793 43240
1 38857U 12055A   19268.85850152 -.00000003  00000-0  00000+0 0  9997
2 38857  54.9405 169.0971 0002617 271.8517  88.1687  1.70473758 43287
1 38857U 12055A   19270.03167991  .00000000  00000-0  00000-0 0  9999
2 38857  54.9406 169.0648 0002580 271.7717  88.2558  1.70473755 43307
1 38857U 12055A   19271.20486044  .00000004  00000-0  00000+0 0  9995
2 38857  54.9407 169.0324 0002539 271.6931  88.3429  1.70473756 43321
1 38857U 12055A   19273.55121363  .00000004  00000-0  00000+0 0  9995
2 38857  54.9408 168.9677 0002463 271.6349  88.4131  1.70473782 43364
1 38857U 12055A   19273.55121381  .00000004  00000-0  00000-0 0  9996
2 38857  54.9408 168.9677 0002453 271.5753  88.4729  1.70473785 43367
1 38857U 12055A   19275.89754638 -.00000009  00000-0  00000+0 0  9997
2 38857  54.9408 168.9029 0002356 271.2338  88.8140  1.70473832 43405
1 38857U 12055A   19279.41703452 -.00000022  00000-0  00000+0 0  9992
2 38857  54.9410 168.8059 0002227 270.4410  89.5999  1.70473919 43461
1 38857U 12055A   19280.00361826 -.00000020  00000-0  00000-0 0  9993
2 38857  54.9411 168.7897 0002206 270.3336  89.7079  1.70473936 43475
1 38857U 12055A   19281.17679000 -.00000013  00000-0  00000-0 0  9990
2 38857  54.9412 168.7574 0002169 270.1362  89.9086  1.70473964 43496
1 38857U 12055A   19281.76337780 -.00000009  00000-0  00000+0 0  9995
2 38857  54.9412 168.7412 0002146 269.8801  90.1674  1.70473971 43502
1 38857U 12055A   19285.28291633  .00000022  00000-0  00000+0 0  9996
2 38857  54.9412 168.6442 0002004 269.1474  90.9248  1.70473993 43561
1 38857U 12055A   19285.86950605  .00000026  00000-0  00000-0 0  9996
2 38857  54.9414 168.6280 0001983 269.0158  91.0604  1.70473986 43577
1 38857U 12055A   19288.21585660  .00000042  00000-0  00000+0 0  9990
2 38857  54.9417 168.5634 0001916 268.6353  91.4518  1.70473935 43617
1 38857U 12055A   19292.90850771  .00000040  00000-0  00000+0 0  9997
2 38857  54.9413 168.4340 0001733 268.5150  91.5626  1.70473815 43693
1 38857U 12055A   19294.66824975  .00000036  00000-0  00000-0 0  9995
2 38857  54.9412 168.3855 0001711 267.5471  92.5262  1.70473788 43723
1 38857U 12055A   19295.84141834  .00000036  00000-0  00000+0 0  9991
2 38857  54.9417 168.3531 0001671 267.4932  92.5813  1.70473775 43745
1 38857U 12055A   19298.18776891  .00000044  00000-0  00000+0 0  9997
2 38857  54.9425 168.2883 0001604 266.7196  93.3651  1.70473762 43782
1 38857U 12055A   19300.53411666  .00000048  00000-0  00000+0 0  9990
2 38857  54.9428 168.2236 0001541 265.9357  94.1577  1.70473782 43820
1 38857U 12055A   19300.53411666  .00000048  00000-0  00000-0 0  9991
2 38857  54.9428 168.2236 0001541 265.9357  94.1577  1.70473782 43820
1 38857U 12055A   19301.70728295  .00000044  00000-0  00000-0 0  9996
2 38857  54.9430 168.1913 0001500 265.2147  94.8784  1.70473799 43846
1 38857U 12055A   19302.88044385  .00000037  00000-0  00000+0 0  9998
2 38857  54.9438 168.1589 0001456 264.6545  95.4349  1.70473826 43865
1 38857U 12055A   19305.22675845  .00000024  00000-0  00000+0 0  9996
2 38857  54.9440 168.0941 0001382 263.2966  96.7814  1.70473880 43905
1 38857U 12055A   19306.98649858  .00000024  00000-0  00000-0 0  9996
2 38857  54.9443 168.0456 0001351 262.1162  97.9560  1.70473931 43932
1 38857U 12055A   19308.74624855  .00000034  00000-0  00000+0 0  9992
2 38857  54.9451 167.9971 0001336 261.3120  98.7607  1.70473977 43963
1 38857U 12055A   19308.74624855  .00000034  00000-0  00000-0 0  9993
2 38857  54.9451 167.9971 0001336 261.3120  98.7607  1.70473977 43963
1 38857U 12055A   19312.26577243  .00000065  00000-0  00000-0 0  9997
2 38857  54.9450 167.9001 0001247 258.9831 101.1049  1.70474002 44025
1 38857U 12055A   19314.02553330  .00000078  00000-0  00000-0 0  9998
2 38857  54.9453 167.8515 0001210 257.6872 102.4077  1.70473970 44059
1 38857U 12055A   19315.78528500  .00000088  00000-0  00000+0 0  9993
2 38857  54.9456 167.8030 0001198 257.1855 102.9108  1.70473933 44087
1 38857U 12055A   19317.54502613  .00000092  00000-0  00000-0 0  9992
2 38857  54.9459 167.7546 0001171 256.6499 103.4410  1.70473881 44118
1 38857U 12055A   19319.89133642  .00000086  00000-0  00000+0 0  9996
2 38857  54.9464 167.6899 0001124 255.2394 104.8372  1.70473815 44154
1 38857U 12055A   19322.23765226  .00000080  00000-0  00000+0 0  9991
2 38857  54.9469 167.6253 0001081 253.3537 106.7120  1.70473765 44193
1 38857U 12055A   19323.41081769  .00000080  00000-0  00000-0 0  9996
2 38857  54.9471 167.5929 0001069 253.0937 106.9709  1.70473749 44212
1 38857U 12055A   19325.75715978  .00000087  00000-0  00000+0 0  9997
2 38857  54.9476 167.5282 0001051 251.3177 108.7519  1.70473734 44254
1 38857U 12055A   19325.75715978  .00000087  00000-0  00000-0 0  9998
2 38857  54.9476 167.5282 0001051 251.3177 108.7519  1.70473734 44254
1 38857U 12055A   19327.51691425  .00000089  00000-0  00000-0 0  9996
2 38857  54.9480 167.4797 0001036 250.1941 109.8778  1.70473742 44289
1 38857U 12055A   19328.69007730  .00000085  00000-0  00000+0 0  9991
2 38857  54.9482 167.4474 0001023 249.2201 110.8494  1.70473763 44300
1 38857U 12055A   19329.86323463  .00000077  00000-0  00000-0 0  9997
2 38857  54.9484 167.4150 0001012 248.2579 111.8057  1.70473788 44323
1 38857U 12055A   19331.03638837  .00000068  00000-0  00000+0 0  9992
2 38857  54.9486 167.3827 0001002 247.9143 112.1410  1.70473798 44347
1 38857U 12055A   19331.03638839  .00000068  00000-0  00000-0 0  9995
2 38857  54.9486 167.3827 0001000 247.2871 112.7682  1.70473813 44341
1 38857U 12055A   19332.20954077  .00000060  00000-0  00000-0 0  9992
2 38857  54.9488 167.3503 0000994 246.2647 113.7818  1.70473837 44365
1 38857U 12055A   19336.31560016  .00000066  00000-0  00000+0 0  9999
2 38857  54.9497 167.2371 0001004 243.9875 116.0440  1.70473936 44432
1 38857U 12055A   19336.90218506  .00000070  00000-0  00000-0 0  9994
2 38857  54.9499 167.2210 0001004 243.1945 116.8377  1.70473954 44444
1 38857U 12055A   19339.83511481  .00000093  00000-0  00000+0 0  9991
2 38857  54.9501 167.1401 0000999 241.8346 118.2057  1.70473955 44498
1 38857U 12055A   19340.42170050  .00000097  00000-0  00000-0 0  9996
2 38857  54.9503 167.1239 0001000 241.3815 118.6602  1.70473950 44506
1 38857U 12055A   19341.59486997  .00000103  00000-0  00000-0 0  9993
2 38857  54.9504 167.0916 0001001 241.0345 119.0087  1.70473921 44526
1 38857U 12055A   19342.18145302  .00000106  00000-0  00000-0 0  9994
2 38857  54.9505 167.0754 0001005 240.9061 119.1369  1.70473906 44532
1 38857U 12055A   19343.35461576  .00000109  00000-0  00000-0 0  9991
2 38857  54.9507 167.0431 0001014 240.4472 119.5932  1.70473876 44555
1 38857U 12055A   19344.52777363  .00000110  00000-0  00000+0 0  9996
2 38857  54.9509 167.0107 0001020 240.4595 119.5754  1.70473837 44571
1 38857U 12055A   19344.52777363  .00000110  00000-0  00000-0 0  9997
2 38857  54.9509 167.0107 0001020 240.4595 119.5754  1.70473837 44571
1 38857U 12055A   19346.87408005  .00000103  00000-0  00000+0 0  9992
2 38857  54.9514 166.9461 0001021 239.9250 120.0929  1.70473767 44618
1 38857U 12055A   19349.80697094  .00000091  00000-0  00000+0 0  9992
2 38857  54.9518 166.8653 0001015 239.1540 120.8469  1.70473699 44667
1 38857U 12055A   19350.98013586  .00000090  00000-0  00000-0 0  9991
2 38857  54.9521 166.8329 0001032 238.6485 121.3508  1.70473672 44685
1 38857U 12055A   19352.15330524  .00000092  00000-0  00000+0 0  9997
2 38857  54.9523 166.8006 0001045 238.3859 121.6146  1.70473666 44702
1 38857U 12055A   19354.49964498  .00000093  00000-0  00000+0 0  9990
2 38857  54.9527 166.7360 0001069 238.5122 121.4910  1.70473663 44747
1 38857U 12055A   19356.25938823  .00000084  00000-0  00000-0 0  9990
2 38857  54.9530 166.6875 0001091 238.0231 121.9751  1.70473689 44771
1 38857U 12055A   19358.60569626  .00000062  00000-0  00000+0 0  9997
2 38857  54.9536 166.6228 0001116 237.1744 122.8071  1.70473739 44812
1 38857U 12055A   19361.53858323  .00000047  00000-0  00000+0 0  9991
2 38857  54.9544 166.5420 0001168 236.8643 123.0978  1.70473807 44865
1 38857U 12055A   19361.53858323  .00000047  00000-0  00000-0 0  9992
2 38857  54.9544 166.5420 0001168 236.8643 123.0978  1.70473807 44865
1 38857U 12055A   19362.71174573  .00000049  00000-0  00000-0 0  9993
2 38857  54.9550 166.5098 0001196 237.0556 122.9034  1.70473834 44883

