1 39166U 13023A   19001.94569988 -.00000075  00000-0  00000+0 0  9995
2 39166  56.0552  17.8409 0062974  22.3342 337.9808  2.00560571 41259
1 39166U 13023A   19002.44428999 -.00000075  00000-0  00000+0 0  9997
2 39166  56.0553  17.8212 0063006  22.3332 337.9817  2.00560582 41261
1 39166U 13023A   19002.44428999 -.00000075  00000-0  00000-0 0  9998
2 39166  56.0553  17.8212 0063006  22.3332 337.9817  2.00560582 41272
1 39166U 13023A   19003.44146945 -.00000077  00000-0  00000-0 0  9999
2 39166  56.0555  17.7817 0063072  22.3303 337.9838  2.00560603 41294
1 39166U 13023A   19003.94005870 -.00000078  00000-0  00000+0 0  9995
2 39166  56.0557  17.7619 0063098  22.3320 337.9815  2.00560613 41299
1 39166U 13023A   19004.93723689 -.00000079  00000-0  00000-0 0  9992
2 39166  56.0558  17.7225 0063135  22.3409 337.9708  2.00560627 41323
1 39166U 13023A   19005.43582564 -.00000080  00000-0  00000+0 0  9994
2 39166  56.0559  17.7028 0063172  22.3382 337.9726  2.00560637 41327
1 39166U 13023A   19005.93441436 -.00000080  00000-0  00000+0 0  9991
2 39166  56.0560  17.6830 0063205  22.3359 337.9738  2.00560642 41330
1 39166U 13023A   19006.43300314 -.00000080  00000-0  00000-0 0  9997
2 39166  56.0561  17.6633 0063235  22.3357 337.9729  2.00560645 41358
1 39166U 13023A   19006.93159197 -.00000079  00000-0  00000+0 0  9990
2 39166  56.0562  17.6436 0063262  22.3380 337.9696  2.00560646 41350
1 39166U 13023A   19007.43018091 -.00000079  00000-0  00000+0 0  9993
2 39166  56.0564  17.6239 0063294  22.3393 337.9673  2.00560648 41360
1 39166U 13023A   19007.43018091 -.00000079  00000-0  00000-0 0  9994
2 39166  56.0564  17.6239 0063294  22.3393 337.9673  2.00560648 41371
1 39166U 13023A   19008.92594888 -.00000074  00000-0  00000+0 0  9996
2 39166  56.0567  17.5647 0063389  22.3402 337.9642  2.00560633 41394
1 39166U 13023A   19008.92594888 -.00000074  00000-0  00000-0 0  9997
2 39166  56.0567  17.5647 0063389  22.3402 337.9642  2.00560633 41406
1 39166U 13023A   19010.92030949 -.00000064  00000-0  00000+0 0  9991
2 39166  56.0570  17.4858 0063492  22.3461 337.9578  2.00560592 41438
1 39166U 13023A   19012.41601344 -.00000055  00000-0  00000+0 0  9990
2 39166  56.0577  17.4267 0063914  22.3559 337.9511  2.00568976 41460
1 39166U 13023A   19013.41315161 -.00000050  00000-0  00000+0 0  9995
2 39166  56.0576  17.3873 0063916  22.2778 338.0295  2.00568901 41486
1 39166U 13023A   19014.90886406 -.00000044  00000-0  00000+0 0  9998
2 39166  56.0580  17.3280 0064010  22.2890 338.0207  2.00568851 41515
1 39166U 13023A   19014.90886406 -.00000044  00000-0  00000-0 0  9999
2 39166  56.0580  17.3280 0064010  22.2890 338.0207  2.00568851 41526
1 39166U 13023A   19015.40743450 -.00000042  00000-0  00000+0 0  9993
2 39166  56.0580  17.3083 0064059  22.2873 338.0229  2.00568813 41523
1 39166U 13023A   19015.40743450 -.00000042  00000-0  00000-0 0  9994
2 39166  56.0580  17.3083 0064059  22.2873 338.0229  2.00568813 41534
1 39166U 13023A   19016.40457461 -.00000041  00000-0  00000-0 0  9998
2 39166  56.0582  17.2688 0064120  22.2938 338.0168  2.00568769 41551
1 39166U 13023A   19016.90314413 -.00000041  00000-0  00000+0 0  9991
2 39166  56.0582  17.2490 0064150  22.2982 338.0122  2.00568750 41554
1 39166U 13023A   19016.90314413 -.00000041  00000-0  00000-0 0  9992
2 39166  56.0582  17.2490 0064150  22.2982 338.0122  2.00568750 41565
1 39166U 13023A   19017.40171315 -.00000041  00000-0  00000-0 0  9990
2 39166  56.0584  17.2293 0064178  22.3029 338.0070  2.00568731 41573
1 39166U 13023A   19017.90028167 -.00000042  00000-0  00000+0 0  9991
2 39166  56.0584  17.2095 0064203  22.3059 338.0031  2.00568716 41575
1 39166U 13023A   19018.39884988 -.00000043  00000-0  00000+0 0  9997
2 39166  56.0585  17.1897 0064237  22.3107 337.9970  2.00568696 41584
1 39166U 13023A   19018.39884988 -.00000043  00000-0  00000-0 0  9998
2 39166  56.0585  17.1897 0064237  22.3107 337.9970  2.00568696 41595
1 39166U 13023A   19019.39598524 -.00000047  00000-0  00000-0 0  9991
2 39166  56.0587  17.1502 0064297  22.3208 337.9838  2.00568666 41611
1 39166U 13023A   19020.39311956 -.00000052  00000-0  00000-0 0  9991
2 39166  56.0589  17.1107 0064356  22.3297 337.9709  2.00568639 41626
1 39166U 13023A   19021.39025387 -.00000057  00000-0  00000-0 0  9997
2 39166  56.0591  17.0712 0064393  22.3403 337.9561  2.00568623 41641
1 39166U 13023A   19021.88882111 -.00000059  00000-0  00000+0 0  9998
2 39166  56.0592  17.0514 0064445  22.3426 337.9519  2.00568609 41653
1 39166U 13023A   19023.38452562 -.00000066  00000-0  00000+0 0  9996
2 39166  56.0595  16.9922 0064515  22.3640 337.9264  2.00568602 41686
1 39166U 13023A   19023.88309458 -.00000067  00000-0  00000+0 0  9997
2 39166  56.0596  16.9724 0064565  22.3709 337.9188  2.00568599 41699
1 39166U 13023A   19024.88023431 -.00000069  00000-0  00000+0 0  9994
2 39166  56.0598  16.9330 0064614  22.3880 337.9012  2.00568602 41713
1 39166U 13023A   19024.88023431 -.00000069  00000-0  00000-0 0  9995
2 39166  56.0598  16.9330 0064614  22.3880 337.9012  2.00568602 41724
1 39166U 13023A   19025.87737512 -.00000071  00000-0  00000+0 0  9999
2 39166  56.0600  16.8935 0064703  22.4043 337.8855  2.00568615 41738
1 39166U 13023A   19025.87737512 -.00000071  00000-0  00000-0 0  9990
2 39166  56.0600  16.8935 0064703  22.4043 337.8855  2.00568615 41749
1 39166U 13023A   19025.87737530 -.00000071  00000-0  00000-0 0  9990
2 39166  56.0599  16.8935 0064684  22.4043 337.8854  2.00568611 41749
1 39166U 13023A   19026.37594596 -.00000071  00000-0  00000-0 0  9999
2 39166  56.0600  16.8738 0064733  22.4131 337.8772  2.00568622 41758
1 39166U 13023A   19026.87451690 -.00000072  00000-0  00000-0 0  9992
2 39166  56.0601  16.8540 0064767  22.4231 337.8678  2.00568631 41764
1 39166U 13023A   19027.37308786 -.00000072  00000-0  00000+0 0  9994
2 39166  56.0602  16.8343 0064797  22.4323 337.8592  2.00568640 41766
1 39166U 13023A   19027.87165877 -.00000073  00000-0  00000+0 0  9992
2 39166  56.0603  16.8146 0064826  22.4415 337.8505  2.00568649 41777
1 39166U 13023A   19028.37022950 -.00000073  00000-0  00000-0 0  9993
2 39166  56.0604  16.7948 0064859  22.4509 337.8415  2.00568660 41792
1 39166U 13023A   19028.86880005 -.00000074  00000-0  00000+0 0  9990
2 39166  56.0605  16.7751 0064887  22.4602 337.8325  2.00568670 41791
1 39166U 13023A   19030.36451015 -.00000077  00000-0  00000-0 0  9997
2 39166  56.0607  16.7159 0064981  22.4878 337.8047  2.00568701 41836
1 39166U 13023A   19030.36451021 -.00000077  00000-0  00000+0 0  9993
2 39166  56.0607  16.7159 0064973  22.4872 337.8052  2.00568698 41821
1 39166U 13023A   19030.86307986 -.00000078  00000-0  00000+0 0  9999
2 39166  56.0608  16.6962 0065029  22.4932 337.7988  2.00568715 41831
1 39166U 13023A   19031.36164889 -.00000080  00000-0  00000-0 0  9992
2 39166  56.0609  16.6765 0065045  22.5041 337.7873  2.00568721 41855
1 39166U 13023A   19031.86021801 -.00000081  00000-0  00000+0 0  9993
2 39166  56.0609  16.6568 0065074  22.5132 337.7774  2.00568730 41859
1 39166U 13023A   19032.35878695 -.00000082  00000-0  00000-0 0  9991
2 39166  56.0610  16.6370 0065106  22.5205 337.7693  2.00568738 41879
1 39166U 13023A   19033.35592480 -.00000083  00000-0  00000+0 0  9997
2 39166  56.0612  16.5976 0065169  22.5392 337.7488  2.00568751 41886
1 39166U 13023A   19034.35306272 -.00000083  00000-0  00000-0 0  9991
2 39166  56.0613  16.5582 0065234  22.5572 337.7292  2.00568759 41918
1 39166U 13023A   19035.35020126 -.00000081  00000-0  00000+0 0  9990
2 39166  56.0615  16.5188 0065292  22.5787 337.7064  2.00568762 41926
1 39166U 13023A   19035.35020134 -.00000081  00000-0  00000-0 0  9990
2 39166  56.0614  16.5189 0065310  22.5723 337.7128  2.00568761 41938
1 39166U 13023A   19035.84877063 -.00000080  00000-0  00000+0 0  9993
2 39166  56.0615  16.4992 0065325  22.5820 337.7026  2.00568758 41937
1 39166U 13023A   19036.34734048 -.00000078  00000-0  00000+0 0  9991
2 39166  56.0616  16.4795 0065354  22.5929 337.6915  2.00568754 41944
1 39166U 13023A   19036.34734048 -.00000078  00000-0  00000-0 0  9992
2 39166  56.0616  16.4795 0065354  22.5929 337.6915  2.00568754 41955
1 39166U 13023A   19037.34448085 -.00000074  00000-0  00000-0 0  9992
2 39166  56.0617  16.4401 0065408  22.6096 337.6748  2.00568739 41975
1 39166U 13023A   19037.84305142 -.00000071  00000-0  00000+0 0  9999
2 39166  56.0618  16.4204 0065436  22.6151 337.6697  2.00568727 41970
1 39166U 13023A   19037.84305142 -.00000071  00000-0  00000-0 0  9990
2 39166  56.0618  16.4204 0065436  22.6151 337.6697  2.00568727 41981
1 39166U 13023A   19039.33876493 -.00000063  00000-0  00000+0 0  9998
2 39166  56.0620  16.3612 0065519  22.6423 337.6446  2.00568687 42001
1 39166U 13023A   19039.83733677 -.00000060  00000-0  00000+0 0  9996
2 39166  56.0621  16.3415 0065560  22.6486 337.6393  2.00568662 42013
1 39166U 13023A   19041.33305212 -.00000053  00000-0  00000-0 0  9997
2 39166  56.0623  16.2824 0065636  22.6760 337.6153  2.00568611 42059
1 39166U 13023A   19042.33019572 -.00000050  00000-0  00000-0 0  9996
2 39166  56.0624  16.2430 0065707  22.6979 337.5955  2.00568566 42074
1 39166U 13023A   19042.33019585 -.00000050  00000-0  00000+0 0  9999
2 39166  56.0624  16.2430 0065692  22.6989 337.5944  2.00568574 42064
1 39166U 13023A   19042.82876732 -.00000049  00000-0  00000+0 0  9996
2 39166  56.0625  16.2233 0065735  22.7108 337.5834  2.00568549 42079
1 39166U 13023A   19043.32733893 -.00000048  00000-0  00000-0 0  9992
2 39166  56.0625  16.2036 0065782  22.7267 337.5683  2.00568515 42095
1 39166U 13023A   19044.32448049 -.00000048  00000-0  00000+0 0  9998
2 39166  56.0627  16.1641 0065835  22.7551 337.5403  2.00568482 42108
1 39166U 13023A   19044.32448053 -.00000048  00000-0  00000-0 0  9994
2 39166  56.0627  16.1641 0065842  22.7547 337.5408  2.00568473 42117
1 39166U 13023A   19044.82305048 -.00000048  00000-0  00000+0 0  9994
2 39166  56.0627  16.1444 0065860  22.7639 337.5313  2.00568460 42111
1 39166U 13023A   19045.32162040 -.00000049  00000-0  00000-0 0  9995
2 39166  56.0628  16.1246 0065902  22.7792 337.5155  2.00568434 42136
1 39166U 13023A   19045.82018944 -.00000051  00000-0  00000+0 0  9995
2 39166  56.0628  16.1049 0065918  22.7857 337.5080  2.00568422 42130
1 39166U 13023A   19046.81732725 -.00000055  00000-0  00000+0 0  9999
2 39166  56.0629  16.0654 0065981  22.8140 337.4773  2.00568389 42150
1 39166U 13023A   19048.31303245 -.00000062  00000-0  00000-0 0  9996
2 39166  56.0631  16.0062 0066069  22.8549 337.4317  2.00568357 42190
1 39166U 13023A   19049.31016978 -.00000067  00000-0  00000+0 0  9995
2 39166  56.0633  15.9668 0066124  22.8790 337.4048  2.00568344 42201
1 39166U 13023A   19049.31016982 -.00000067  00000-0  00000+0 0  9990
2 39166  56.0633  15.9668 0066112  22.8762 337.4076  2.00568345 42209
1 39166U 13023A   19050.30730843 -.00000071  00000-0  00000+0 0  9995
2 39166  56.0634  15.9273 0066184  22.9072 337.3746  2.00568334 42229
1 39166U 13023A   19051.30444900 -.00000075  00000-0  00000+0 0  9996
2 39166  56.0635  15.8879 0066241  22.9362 337.3450  2.00568332 42249
1 39166U 13023A   19052.30159161 -.00000077  00000-0  00000+0 0  9991
2 39166  56.0637  15.8484 0066289  22.9678 337.3140  2.00568332 42263
1 39166U 13023A   19053.29873534 -.00000079  00000-0  00000-0 0  9990
2 39166  56.0638  15.8090 0066378  23.0024 337.2812  2.00568348 42298
1 39166U 13023A   19054.29587967 -.00000080  00000-0  00000+0 0  9994
2 39166  56.0639  15.7695 0066431  23.0360 337.2497  2.00568362 42309
1 39166U 13023A   19054.79445189 -.00000081  00000-0  00000-0 0  9990
2 39166  56.0640  15.7498 0066441  23.0467 337.2399  2.00568366 42328
1 39166U 13023A   19055.79159606 -.00000083  00000-0  00000+0 0  9998
2 39166  56.0641  15.7104 0066520  23.0840 337.2046  2.00568392 42335
1 39166U 13023A   19055.79159607 -.00000083  00000-0  00000-0 0  9990
2 39166  56.0641  15.7104 0066502  23.0796 337.2089  2.00568385 42345
1 39166U 13023A   19057.28731067 -.00000087  00000-0  00000-0 0  9996
2 39166  56.0642  15.6513 0066611  23.1354 337.1549  2.00568429 42373
1 39166U 13023A   19057.28731069 -.00000087  00000-0  00000+0 0  9997
2 39166  56.0642  15.6513 0066607  23.1361 337.1541  2.00568428 42366
1 39166U 13023A   19058.28445231 -.00000089  00000-0  00000-0 0  9994
2 39166  56.0643  15.6118 0066666  23.1664 337.1240  2.00568452 42395
1 39166U 13023A   19058.28445233 -.00000089  00000-0  00000+0 0  9995
2 39166  56.0643  15.6118 0066657  23.1646 337.1257  2.00568450 42380
1 39166U 13023A   19059.28159296 -.00000092  00000-0  00000+0 0  9991
2 39166  56.0644  15.5724 0066711  23.1899 337.1000  2.00568475 42400
1 39166U 13023A   19059.78016331 -.00000093  00000-0  00000+0 0  9999
2 39166  56.0645  15.5527 0066742  23.2061 337.0834  2.00568483 42412
1 39166U 13023A   19059.78016331 -.00000093  00000-0  00000-0 0  9990
2 39166  56.0645  15.5527 0066742  23.2061 337.0834  2.00568483 42423
1 39166U 13023A   19061.27587424 -.00000095  00000-0  00000-0 0  9995
2 39166  56.0646  15.4936 0066831  23.2486 337.0399  2.00568504 42450
1 39166U 13023A   19062.27301540 -.00000094  00000-0  00000+0 0  9997
2 39166  56.0647  15.4542 0066877  23.2818 337.0065  2.00568512 42463
1 39166U 13023A   19062.27301543 -.00000094  00000-0  00000+0 0  9990
2 39166  56.0647  15.4542 0066887  23.2844 337.0039  2.00568512 42464
1 39166U 13023A   19062.27301570 -.00000094  00000-0  00000-0 0  9991
2 39166  56.0647  15.4542 0066902  23.2841 337.0043  2.00568512 42475
1 39166U 13023A   19063.27015753 -.00000091  00000-0  00000+0 0  9993
2 39166  56.0648  15.4148 0066949  23.3176 336.9711  2.00568511 42481
1 39166U 13023A   19064.26730069 -.00000088  00000-0  00000+0 0  9993
2 39166  56.0649  15.3755 0067007  23.3565 336.9335  2.00568506 42502
1 39166U 13023A   19065.26444503 -.00000083  00000-0  00000+0 0  9994
2 39166  56.0649  15.3361 0067061  23.3906 336.9013  2.00568492 42523
1 39166U 13023A   19066.26159024 -.00000077  00000-0  00000+0 0  9999
2 39166  56.0650  15.2967 0067119  23.4189 336.8757  2.00568465 42540
1 39166U 13023A   19066.76016337 -.00000075  00000-0  00000+0 0  9991
2 39166  56.0650  15.2770 0067155  23.4348 336.8614  2.00568447 42552
1 39166U 13023A   19067.25873647 -.00000072  00000-0  00000-0 0  9999
2 39166  56.0651  15.2573 0067181  23.4485 336.8493  2.00568430 42574
1 39166U 13023A   19068.25588276 -.00000067  00000-0  00000+0 0  9994
2 39166  56.0652  15.2179 0067218  23.4763 336.8249  2.00568403 42587
1 39166U 13023A   19068.25588276 -.00000067  00000-0  00000-0 0  9995
2 39166  56.0652  15.2179 0067218  23.4763 336.8249  2.00568403 42598
1 39166U 13023A   19069.25302932 -.00000063  00000-0  00000-0 0  9995
2 39166  56.0653  15.1785 0067275  23.5076 336.7970  2.00568360 42617
1 39166U 13023A   19069.25302937 -.00000063  00000-0  00000+0 0  9999
2 39166  56.0653  15.1785 0067272  23.5075 336.7971  2.00568362 42605
1 39166U 13023A   19070.25017531 -.00000061  00000-0  00000+0 0  9992
2 39166  56.0653  15.1391 0067324  23.5408 336.7667  2.00568321 42625
1 39166U 13023A   19070.74874793 -.00000060  00000-0  00000+0 0  9996
2 39166  56.0654  15.1194 0067350  23.5587 336.7500  2.00568301 42639
1 39166U 13023A   19071.24732034 -.00000060  00000-0  00000-0 0  9994
2 39166  56.0654  15.0997 0067390  23.5803 336.7293  2.00568269 42658
1 39166U 13023A   19072.24446340 -.00000060  00000-0  00000+0 0  9996
2 39166  56.0655  15.0603 0067428  23.6096 336.7008  2.00568240 42664
1 39166U 13023A   19072.74303453 -.00000061  00000-0  00000-0 0  9990
2 39166  56.0655  15.0406 0067440  23.6274 336.6829  2.00568229 42686
1 39166U 13023A   19073.24160516 -.00000063  00000-0  00000-0 0  9999
2 39166  56.0655  15.0208 0067483  23.6485 336.6615  2.00568201 42691
1 39166U 13023A   19073.24160519 -.00000063  00000-0  00000+0 0  9991
2 39166  56.0655  15.0208 0067480  23.6471 336.6629  2.00568203 42689
1 39166U 13023A   19074.23874564 -.00000066  00000-0  00000-0 0  9997
2 39166  56.0656  14.9814 0067531  23.6855 336.6232  2.00568170 42711
1 39166U 13023A   19075.23588536 -.00000071  00000-0  00000+0 0  9994
2 39166  56.0657  14.9419 0067581  23.7227 336.5841  2.00568145 42720
1 39166U 13023A   19076.23302513 -.00000076  00000-0  00000+0 0  9999
2 39166  56.0658  14.9024 0067630  23.7576 336.5475  2.00568126 42749
1 39166U 13023A   19076.73159567 -.00000078  00000-0  00000-0 0  9996
2 39166  56.0658  14.8827 0067644  23.7769 336.5275  2.00568120 42762
1 39166U 13023A   19077.23016621 -.00000080  00000-0  00000-0 0  9998
2 39166  56.0658  14.8630 0067690  23.8038 336.5003  2.00568111 42775
1 39166U 13023A   19077.23016632 -.00000080  00000-0  00000+0 0  9999
2 39166  56.0658  14.8630 0067689  23.8027 336.5014  2.00568113 42764
1 39166U 13023A   19078.22730881 -.00000084  00000-0  00000+0 0  9992
2 39166  56.0659  14.8235 0067736  23.8384 336.4657  2.00568106 42781
1 39166U 13023A   19079.72302603 -.00000087  00000-0  00000+0 0  9998
2 39166  56.0660  14.7643 0067817  23.9000 336.4065  2.00568109 42811
1 39166U 13023A   19080.72017211 -.00000089  00000-0  00000+0 0  9990
2 39166  56.0661  14.7249 0067860  23.9300 336.3792  2.00568122 42838
1 39166U 13023A   19082.21589259 -.00000092  00000-0  00000+0 0  9996
2 39166  56.0663  14.6657 0067922  23.9818 336.3319  2.00568142 42865
1 39166U 13023A   19082.21589259 -.00000092  00000-0  00000-0 0  9997
2 39166  56.0663  14.6657 0067922  23.9818 336.3319  2.00568142 42876
1 39166U 13023A   19083.21303916 -.00000094  00000-0  00000+0 0  9993
2 39166  56.0663  14.6263 0067982  24.0274 336.2892  2.00568165 42884
1 39166U 13023A   19083.21303916 -.00000094  00000-0  00000-0 0  9994
2 39166  56.0663  14.6263 0067982  24.0274 336.2892  2.00568165 42895
1 39166U 13023A   19084.21018472 -.00000096  00000-0  00000+0 0  9996
2 39166  56.0664  14.5869 0068029  24.0661 336.2526  2.00568188 42901
1 39166U 13023A   19084.21018472 -.00000096  00000-0  00000-0 0  9997
2 39166  56.0664  14.5869 0068029  24.0661 336.2526  2.00568188 42912
1 39166U 13023A   19086.70304408 -.00000103  00000-0  00000+0 0  9998
2 39166  56.0665  14.4883 0068146  24.1575 336.1632  2.00568247 42950
1 39166U 13023A   19088.19875835 -.00000105  00000-0  00000+0 0  9992
2 39166  56.0666  14.4292 0068210  24.2116 336.1094  2.00568273 42983
1 39166U 13023A   19089.19590195 -.00000105  00000-0  00000+0 0  9996
2 39166  56.0667  14.3898 0068275  24.2675 336.0543  2.00568288 43004
1 39166U 13023A   19090.19304626 -.00000103  00000-0  00000+0 0  9998
2 39166  56.0667  14.3504 0068324  24.3130 336.0100  2.00568293 43027
1 39166U 13023A   19092.18733761 -.00000095  00000-0  00000+0 0  9995
2 39166  56.0668  14.2716 0068422  24.3977 335.9298  2.00568286 43062
1 39166U 13023A   19092.18733761 -.00000095  00000-0  00000-0 0  9996
2 39166  56.0668  14.2716 0068422  24.3977 335.9298  2.00568286 43062
1 39166U 13023A   19093.18448467 -.00000089  00000-0  00000+0 0  9995
2 39166  56.0669  14.2322 0068455  24.4314 335.8993  2.00568272 43086
1 39166U 13023A   19094.68020714 -.00000080  00000-0  00000+0 0  9993
2 39166  56.0670  14.1730 0068524  24.4902 335.8466  2.00568232 43115
1 39166U 13023A   19096.17593008 -.00000073  00000-0  00000+0 0  9992
2 39166  56.0670  14.1138 0068581  24.5447 335.7984  2.00568184 43148
1 39166U 13023A   19096.67450444 -.00000071  00000-0  00000+0 0  9991
2 39166  56.0671  14.0941 0068603  24.5626 335.7825  2.00568158 43150
1 39166U 13023A   19099.16737138 -.00000067  00000-0  00000+0 0  9991
2 39166  56.0672  13.9955 0068708  24.6539 335.6979  2.00568057 43207
1 39166U 13023A   19100.16451539 -.00000069  00000-0  00000+0 0  9994
2 39166  56.0673  13.9562 0068742  24.6850 335.6673  2.00568019 43227
1 39166U 13023A   19100.66308731 -.00000070  00000-0  00000+0 0  9996
2 39166  56.0673  13.9366 0068766  24.7161 335.6363  2.00567998 43233
1 39166U 13023A   19101.66022937 -.00000073  00000-0  00000+0 0  9991
2 39166  56.0674  13.8971 0068802  24.7535 335.5980  2.00567970 43257
1 39166U 13023A   19103.15594114 -.00000079  00000-0  00000-0 0  9995
2 39166  56.0675  13.8380 0068882  24.7939 335.5554  2.00567934 43299
1 39166U 13023A   19103.65451230 -.00000081  00000-0  00000+0 0  9993
2 39166  56.0675  13.8182 0068904  24.8188 335.5301  2.00567918 43293
1 39166U 13023A   19106.14737271 -.00000089  00000-0  00000+0 0  9990
2 39166  56.0677  13.7196 0068988  24.9149 335.4348  2.00567900 43346
1 39166U 13023A   19107.14451971 -.00000091  00000-0  00000-0 0  9995
2 39166  56.0677  13.6801 0069032  24.9617 335.3905  2.00567902 43361
1 39166U 13023A   19107.64309366 -.00000092  00000-0  00000-0 0  9991
2 39166  56.0678  13.6604 0069050  24.9837 335.3701  2.00567905 43375
1 39166U 13023A   19109.13881654 -.00000094  00000-0  00000+0 0  9993
2 39166  56.0678  13.6012 0069086  25.0522 335.3064  2.00567921 43404
1 39166U 13023A   19110.63453864 -.00000097  00000-0  00000-0 0  9992
2 39166  56.0679  13.5421 0069130  25.1365 335.2267  2.00567953 43447
1 39166U 13023A   19111.13311200 -.00000098  00000-0  00000+0 0  9995
2 39166  56.0680  13.5223 0069150  25.1542 335.2101  2.00567964 43447
1 39166U 13023A   19112.13025788 -.00000101  00000-0  00000+0 0  9994
2 39166  56.0680  13.4828 0069177  25.1915 335.1743  2.00567985 43466
1 39166U 13023A   19112.62883042 -.00000102  00000-0  00000+0 0  9994
2 39166  56.0680  13.4631 0069198  25.2112 335.1551  2.00567998 43473
1 39166U 13023A   19112.62883042 -.00000102  00000-0  00000-0 0  9995
2 39166  56.0680  13.4631 0069198  25.2112 335.1551  2.00567998 43484
1 39166U 13023A   19113.12740272 -.00000104  00000-0  00000+0 0  9999
2 39166  56.0681  13.4434 0069212  25.2290 335.1376  2.00568008 43488
1 39166U 13023A   19113.12740272 -.00000104  00000-0  00000-0 0  9990
2 39166  56.0681  13.4434 0069212  25.2290 335.1376  2.00568008 43499
1 39166U 13023A   19116.11883510 -.00000107  00000-0  00000+0 0  9997
2 39166  56.0683  13.3250 0069311  25.3417 335.0257  2.00568060 43549
1 39166U 13023A   19116.11883516 -.00000107  00000-0  00000+0 0  9993
2 39166  56.0683  13.3250 0069314  25.3458 335.0217  2.00568061 43544
1 39166U 13023A   19117.11598021 -.00000106  00000-0  00000+0 0  9997
2 39166  56.0683  13.2856 0069352  25.3833 334.9851  2.00568070 43568
1 39166U 13023A   19118.11312585 -.00000102  00000-0  00000-0 0  9994
2 39166  56.0684  13.2461 0069376  25.4220 334.9478  2.00568075 43591
1 39166U 13023A   19119.11027289 -.00000098  00000-0  00000+0 0  9992
2 39166  56.0685  13.2067 0069411  25.4602 334.9118  2.00568066 43601
1 39166U 13023A   19119.60884667 -.00000095  00000-0  00000+0 0  9994
2 39166  56.0685  13.1870 0069426  25.4784 334.8950  2.00568063 43610
1 39166U 13023A   19119.60884667 -.00000095  00000-0  00000-0 0  9995
2 39166  56.0685  13.1870 0069424  25.4799 334.8935  2.00568064 43629
1 39166U 13023A   19120.60599511 -.00000089  00000-0  00000+0 0  9990
2 39166  56.0686  13.1476 0069449  25.5169 334.8598  2.00568050 43632
1 39166U 13023A   19120.60599511 -.00000089  00000-0  00000-0 0  9991
2 39166  56.0686  13.1476 0069449  25.5169 334.8598  2.00568050 43643
1 39166U 13023A   19121.10456957 -.00000086  00000-0  00000+0 0  9999
2 39166  56.0686  13.1279 0069463  25.5326 334.8459  2.00568036 43645
1 39166U 13023A   19121.10456957 -.00000086  00000-0  00000-0 0  9990
2 39166  56.0686  13.1279 0069463  25.5326 334.8459  2.00568036 43656
1 39166U 13023A   19122.60029370 -.00000077  00000-0  00000+0 0  9990
2 39166  56.0687  13.0687 0069510  25.5821 334.8024  2.00567992 43672
1 39166U 13023A   19123.09886846 -.00000075  00000-0  00000-0 0  9992
2 39166  56.0687  13.0490 0069523  25.5967 334.7898  2.00567974 43699
1 39166U 13023A   19123.59744306 -.00000072  00000-0  00000-0 0  9998
2 39166  56.0687  13.0293 0069534  25.6109 334.7773  2.00567958 43707
1 39166U 13023A   19124.09601761 -.00000070  00000-0  00000+0 0  9998
2 39166  56.0688  13.0096 0069548  25.6292 334.7609  2.00567938 43703
1 39166U 13023A   19126.09031281 -.00000066  00000-0  00000+0 0  9999
2 39166  56.0689  12.9307 0069605  25.7014 334.6935  2.00567861 43744
1 39166U 13023A   19128.58317331 -.00000069  00000-0  00000+0 0  9991
2 39166  56.0691  12.8320 0069673  25.7893 334.6052  2.00567765 43799
1 39166U 13023A   19129.08174570 -.00000070  00000-0  00000+0 0  9995
2 39166  56.0692  12.8123 0069691  25.8442 334.5500  2.00567733 43806
1 39166U 13023A   19130.07888793 -.00000074  00000-0  00000-0 0  9990
2 39166  56.0692  12.7728 0069716  25.8787 334.5137  2.00567708 43837
1 39166U 13023A   19130.07888794 -.00000074  00000-0  00000+0 0  9990
2 39166  56.0692  12.7728 0069711  25.8804 334.5120  2.00567711 43827
1 39166U 13023A   19131.07603050 -.00000077  00000-0  00000+0 0  9994
2 39166  56.0693  12.7334 0069738  25.9166 334.4741  2.00567688 43845
1 39166U 13023A   19132.07317406 -.00000080  00000-0  00000+0 0  9996
2 39166  56.0694  12.6939 0069763  25.9524 334.4375  2.00567675 43863
1 39166U 13023A   19133.07031981 -.00000083  00000-0  00000+0 0  9991
2 39166  56.0695  12.6544 0069781  26.0008 334.3895  2.00567661 43888
1 39166U 13023A   19134.06746665 -.00000085  00000-0  00000+0 0  9995
2 39166  56.0696  12.6149 0069812  26.0441 334.3476  2.00567659 43901
1 39166U 13023A   19134.06746665 -.00000085  00000-0  00000+0 0  9995
2 39166  56.0696  12.6150 0069810  26.0404 334.3513  2.00567659 43902
1 39166U 13023A   19134.06746665 -.00000085  00000-0  00000-0 0  9996
2 39166  56.0696  12.6149 0069812  26.0441 334.3476  2.00567659 43912
1 39166U 13023A   19137.55748563 -.00000090  00000-0  00000+0 0  9997
2 39166  56.0699  12.4769 0069895  26.1786 334.2213  2.00567699 43973
1 39166U 13023A   19137.55748579 -.00000090  00000-0  00000+0 0  9994
2 39166  56.0699  12.4769 0069898  26.1847 334.2153  2.00567701 43971
1 39166U 13023A   19139.05320581 -.00000094  00000-0  00000+0 0  9994
2 39166  56.0700  12.4178 0069930  26.2344 334.1672  2.00567728 44007
1 39166U 13023A   19141.04749590 -.00000100  00000-0  00000+0 0  9999
2 39166  56.0702  12.3389 0069966  26.3194 334.0821  2.00567773 44044
1 39166U 13023A   19142.04464016 -.00000102  00000-0  00000+0 0  9999
2 39166  56.0702  12.2994 0069980  26.3490 334.0517  2.00567782 44064
1 39166U 13023A   19143.04178443 -.00000102  00000-0  00000+0 0  9996
2 39166  56.0703  12.2600 0070001  26.3852 334.0149  2.00567799 44088
1 39166U 13023A   19145.03607488 -.00000098  00000-0  00000+0 0  9997
2 39166  56.0705  12.1811 0070042  26.4536 333.9467  2.00567816 44124
1 39166U 13023A   19146.53179532 -.00000091  00000-0  00000+0 0  9990
2 39166  56.0706  12.1220 0070067  26.5055 333.8968  2.00567813 44158
1 39166U 13023A   19146.53179532 -.00000091  00000-0  00000-0 0  9991
2 39166  56.0706  12.1220 0070067  26.5055 333.8968  2.00567813 44169
1 39166U 13023A   19147.52894355 -.00000085  00000-0  00000+0 0  9990
2 39166  56.0707  12.0826 0070083  26.5383 333.8662  2.00567801 44172
1 39166U 13023A   19147.52894355 -.00000085  00000-0  00000-0 0  9991
2 39166  56.0707  12.0826 0070083  26.5383 333.8662  2.00567801 44183
1 39166U 13023A   19151.01896655 -.00000065  00000-0  00000+0 0  9992
2 39166  56.0710  11.9446 0070123  26.6577 333.7571  2.00567702 44249
1 39166U 13023A   19151.01896661 -.00000065  00000-0  00000-0 0  9990
2 39166  56.0710  11.9446 0070123  26.6557 333.7590  2.00567699 44254
1 39166U 13023A   19153.01326294 -.00000059  00000-0  00000+0 0  9994
2 39166  56.0712  11.8658 0070161  26.7200 333.6984  2.00567607 44286
1 39166U 13023A   19154.50898105 -.00000059  00000-0  00000+0 0  9994
2 39166  56.0712  11.8066 0070187  26.7563 333.6617  2.00567567 44311
1 39166U 13023A   19155.50612473 -.00000060  00000-0  00000-0 0  9990
2 39166  56.0713  11.7672 0070207  26.7891 333.6273  2.00567521 44342
1 39166U 13023A   19155.50612518 -.00000060  00000-0  00000+0 0  9999
2 39166  56.0713  11.7672 0070213  26.8019 333.6147  2.00567509 44337
1 39166U 13023A   19156.50326773 -.00000063  00000-0  00000+0 0  9998
2 39166  56.0714  11.7278 0070225  26.8300 333.5842  2.00567485 44352
1 39166U 13023A   19156.50326773 -.00000063  00000-0  00000-0 0  9999
2 39166  56.0714  11.7278 0070225  26.8300 333.5842  2.00567485 44363
1 39166U 13023A   19158.99612438 -.00000071  00000-0  00000+0 0  9998
2 39166  56.0716  11.6292 0070261  26.9124 333.4956  2.00567430 44405
1 39166U 13023A   19158.99612448 -.00000071  00000-0  00000+0 0  9999
2 39166  56.0716  11.6292 0070252  26.9114 333.4966  2.00567432 44407
1 39166U 13023A   19159.99326902 -.00000073  00000-0  00000+0 0  9999
2 39166  56.0716  11.5898 0070276  26.9396 333.4672  2.00567418 44426
1 39166U 13023A   19160.99041527 -.00000075  00000-0  00000+0 0  9990
2 39166  56.0717  11.5504 0070290  26.9693 333.4375  2.00567412 44443
1 39166U 13023A   19160.99041527 -.00000075  00000-0  00000-0 0  9991
2 39166  56.0717  11.5504 0070290  26.9693 333.4375  2.00567412 44443
1 39166U 13023A   19162.98471192 -.00000078  00000-0  00000+0 0  9999
2 39166  56.0720  11.4715 0070285  27.0598 333.3495  2.00567408 44481
1 39166U 13023A   19163.98186024 -.00000080  00000-0  00000+0 0  9990
2 39166  56.0719  11.4321 0070321  27.0750 333.3357  2.00567422 44509
1 39166U 13023A   19164.48043426 -.00000081  00000-0  00000+0 0  9995
2 39166  56.0720  11.4124 0070327  27.0884 333.3228  2.00567426 44518
1 39166U 13023A   19164.48043426 -.00000081  00000-0  00000-0 0  9996
2 39166  56.0720  11.4124 0070327  27.0884 333.3228  2.00567426 44529
1 39166U 13023A   19165.47758151 -.00000084  00000-0  00000+0 0  9996
2 39166  56.0721  11.3730 0070337  27.1205 333.2913  2.00567446 44534
1 39166U 13023A   19165.47758151 -.00000084  00000-0  00000-0 0  9997
2 39166  56.0721  11.3730 0070337  27.1205 333.2913  2.00567446 44545
1 39166U 13023A   19167.97044483 -.00000092  00000-0  00000+0 0  9998
2 39166  56.0723  11.2745 0070360  27.1946 333.2151  2.00567501 44580
1 39166U 13023A   19168.96758912 -.00000095  00000-0  00000+0 0  9990
2 39166  56.0723  11.2351 0070373  27.2198 333.1882  2.00567519 44609
1 39166U 13023A   19169.96473324 -.00000096  00000-0  00000+0 0  9993
2 39166  56.0725  11.1957 0070385  27.2461 333.1602  2.00567538 44621
1 39166U 13023A   19172.45759625 -.00000092  00000-0  00000+0 0  9998
2 39166  56.0727  11.0973 0070411  27.3108 333.0932  2.00567562 44676
1 39166U 13023A   19172.45759672 -.00000092  00000-0  00000-0 0  9991
2 39166  56.0729  11.0973 0070419  27.3052 333.0988  2.00567558 44681
1 39166U 13023A   19172.95617013 -.00000090  00000-0  00000+0 0  9995
2 39166  56.0729  11.0776 0070425  27.3181 333.0860  2.00567559 44682
1 39166U 13023A   19173.95331784 -.00000085  00000-0  00000+0 0  9998
2 39166  56.0730  11.0383 0070431  27.3465 333.0583  2.00567550 44706
1 39166U 13023A   19174.45189191 -.00000082  00000-0  00000+0 0  9994
2 39166  56.0730  11.0186 0070429  27.3588 333.0467  2.00567546 44717
1 39166U 13023A   19174.45189191 -.00000082  00000-0  00000-0 0  9995
2 39166  56.0730  11.0186 0070429  27.3588 333.0467  2.00567546 44728
1 39166U 13023A   19175.94761560 -.00000073  00000-0  00000+0 0  9995
2 39166  56.0731  10.9596 0070436  27.3911 333.0171  2.00567518 44743
1 39166U 13023A   19176.94476537 -.00000067  00000-0  00000+0 0  9996
2 39166  56.0732  10.9202 0070447  27.4137 332.9967  2.00567496 44769
1 39166U 13023A   19177.94191521 -.00000062  00000-0  00000-0 0  9990
2 39166  56.0733  10.8808 0070449  27.4294 332.9831  2.00567440 44799
1 39166U 13023A   19178.93906424 -.00000058  00000-0  00000+0 0  9990
2 39166  56.0733  10.8414 0070451  27.4509 332.9632  2.00567411 44803
1 39166U 13023A   19179.93621258 -.00000055  00000-0  00000-0 0  9998
2 39166  56.0734  10.8020 0070460  27.4717 332.9431  2.00567357 44837
1 39166U 13023A   19180.93335934 -.00000054  00000-0  00000+0 0  9991
2 39166  56.0735  10.7627 0070467  27.4940 332.9207  2.00567315 44841
1 39166U 13023A   19181.93050469 -.00000054  00000-0  00000+0 0  9999
2 39166  56.0735  10.7233 0070474  27.5177 332.8955  2.00567273 44869
1 39166U 13023A   19183.42622007 -.00000057  00000-0  00000-0 0  9992
2 39166  56.0736  10.6642 0070482  27.5479 332.8613  2.00567228 44903
1 39166U 13023A   19184.42336299 -.00000060  00000-0  00000+0 0  9991
2 39166  56.0737  10.6248 0070470  27.5786 332.8273  2.00567204 44911
1 39166U 13023A   19184.92193431 -.00000061  00000-0  00000+0 0  9996
2 39166  56.0737  10.6051 0070473  27.5836 332.8206  2.00567182 44924
1 39166U 13023A   19185.91907814 -.00000064  00000-0  00000+0 0  9997
2 39166  56.0738  10.5657 0070474  27.6097 332.7915  2.00567160 44941
1 39166U 13023A   19187.91336900 -.00000069  00000-0  00000+0 0  9996
2 39166  56.0740  10.4869 0070488  27.6476 332.7504  2.00567129 44987
1 39166U 13023A   19189.40909136 -.00000072  00000-0  00000+0 0  9993
2 39166  56.0740  10.4279 0070492  27.6803 332.7180  2.00567125 45012
1 39166U 13023A   19189.90766586 -.00000073  00000-0  00000+0 0  9999
2 39166  56.0741  10.4083 0070500  27.6897 332.7090  2.00567127 45022
1 39166U 13023A   19191.40338971 -.00000077  00000-0  00000+0 0  9994
2 39166  56.0742  10.3492 0070507  27.7209 332.6789  2.00567135 45057
1 39166U 13023A   19192.40053783 -.00000080  00000-0  00000+0 0  9994
2 39166  56.0742  10.3098 0070514  27.7400 332.6600  2.00567156 45077
1 39166U 13023A   19193.39768496 -.00000083  00000-0  00000-0 0  9991
2 39166  56.0743  10.2704 0070514  27.7579 332.6415  2.00567175 45107
1 39166U 13023A   19194.39483119 -.00000087  00000-0  00000+0 0  9991
2 39166  56.0749  10.2311 0070525  27.7776 332.6205  2.00567189 45111
1 39166U 13023A   19194.89340384 -.00000089  00000-0  00000+0 0  9994
2 39166  56.0746  10.2113 0070529  27.7851 332.6120  2.00567199 45124
1 39166U 13023A   19194.89340384 -.00000089  00000-0  00000-0 0  9995
2 39166  56.0746  10.2113 0070529  27.7851 332.6120  2.00567199 45135
1 39166U 13023A   19196.88769375 -.00000094  00000-0  00000+0 0  9996
2 39166  56.0747  10.1327 0070538  27.8162 332.5766  2.00567248 45161
1 39166U 13023A   19198.88198558 -.00000094  00000-0  00000+0 0  9997
2 39166  56.0749  10.0541 0070547  27.8461 332.5435  2.00567277 45202
1 39166U 13023A   19200.37770691 -.00000089  00000-0  00000+0 0  9993
2 39166  56.0745   9.9951 0070556  27.8750 332.5141  2.00567280 45232
1 39166U 13023A   19201.37485589 -.00000084  00000-0  00000+0 0  9998
2 39166  56.0745   9.9557 0070554  27.8852 332.5046  2.00567272 45252
1 39166U 13023A   19201.37485589 -.00000084  00000-0  00000-0 0  9999
2 39166  56.0745   9.9557 0070554  27.8852 332.5046  2.00567272 45263
1 39166U 13023A   19203.36915653 -.00000073  00000-0  00000-0 0  9998
2 39166  56.0747   9.8769 0070558  27.9005 332.4924  2.00567228 45304
1 39166U 13023A   19203.86773199 -.00000070  00000-0  00000+0 0  9996
2 39166  56.0747   9.8573 0070555  27.9061 332.4878  2.00567214 45309
1 39166U 13023A   19205.86203371 -.00000061  00000-0  00000+0 0  9998
2 39166  56.0748   9.7786 0070554  27.9255 332.4721  2.00567147 45345
1 39166U 13023A   19207.85633251 -.00000056  00000-0  00000+0 0  9997
2 39166  56.0746   9.6999 0070561  27.9492 332.4496  2.00567067 45383
1 39166U 13023A   19207.85633251 -.00000056  00000-0  00000-0 0  9998
2 39166  56.0746   9.6999 0070561  27.9492 332.4496  2.00567067 45394
1 39166U 13023A   19210.34919797 -.00000058  00000-0  00000+0 0  9999
2 39166  56.0746   9.6014 0070559  27.9685 332.4257  2.00566954 45437
1 39166U 13023A   19211.34634288 -.00000061  00000-0  00000+0 0  9993
2 39166  56.0747   9.5621 0070574  27.9753 332.4158  2.00566906 45453
1 39166U 13023A   19211.34634317 -.00000061  00000-0  00000+0 0  9996
2 39166  56.0747   9.5621 0070576  27.9850 332.4062  2.00566924 45457
1 39166U 13023A   19212.34348723 -.00000064  00000-0  00000+0 0  9993
2 39166  56.0745   9.5227 0070564  27.9828 332.4050  2.00566877 45475
1 39166U 13023A   19212.34348723 -.00000064  00000-0  00000-0 0  9994
2 39166  56.0745   9.5227 0070564  27.9828 332.4050  2.00566877 45486
1 39166U 13023A   19213.34063241 -.00000067  00000-0  00000-0 0  9997
2 39166  56.0746   9.4833 0070562  27.9909 332.3942  2.00566856 45506
1 39166U 13023A   19213.83920551 -.00000068  00000-0  00000-0 0  9998
2 39166  56.0745   9.4636 0070557  27.9946 332.3894  2.00566847 45518
1 39166U 13023A   19214.83635311 -.00000071  00000-0  00000+0 0  9999
2 39166  56.0745   9.4242 0070563  28.0050 332.3778  2.00566837 45527
1 39166U 13023A   19215.33492726 -.00000072  00000-0  00000-0 0  9998
2 39166  56.0745   9.4045 0070558  28.0071 332.3755  2.00566830 45545
1 39166U 13023A   19215.83350208 -.00000073  00000-0  00000-0 0  9992
2 39166  56.0746   9.3849 0070561  28.0113 332.3713  2.00566829 45540
1 39166U 13023A   19216.83065221 -.00000075  00000-0  00000+0 0  9992
2 39166  56.0745   9.3455 0070562  28.0194 332.3639  2.00566830 45563
1 39166U 13023A   19218.32637870 -.00000079  00000-0  00000+0 0  9997
2 39166  56.0745   9.2864 0070568  28.0411 332.3438  2.00566836 45590
1 39166U 13023A   19219.32352876 -.00000082  00000-0  00000+0 0  9992
2 39166  56.0745   9.2470 0070569  28.0436 332.3419  2.00566853 45612
1 39166U 13023A   19219.32352876 -.00000082  00000-0  00000-0 0  9993
2 39166  56.0745   9.2470 0070569  28.0436 332.3419  2.00566853 45623
1 39166U 13023A   19220.32067803 -.00000086  00000-0  00000+0 0  9991
2 39166  56.0744   9.2076 0070573  28.0500 332.3353  2.00566869 45636
1 39166U 13023A   19220.32067803 -.00000086  00000-0  00000-0 0  9992
2 39166  56.0744   9.2076 0070573  28.0500 332.3353  2.00566869 45647
1 39166U 13023A   19221.31782626 -.00000090  00000-0  00000-0 0  9994
2 39166  56.0737   9.1682 0070581  28.0534 332.3311  2.00566894 45661
1 39166U 13023A   19221.81640002 -.00000092  00000-0  00000+0 0  9991
2 39166  56.0737   9.1485 0070580  28.0599 332.3239  2.00566900 45669
1 39166U 13023A   19222.81354710 -.00000096  00000-0  00000+0 0  9994
2 39166  56.0737   9.1091 0070583  28.0695 332.3126  2.00566916 45686
1 39166U 13023A   19222.81354710 -.00000096  00000-0  00000-0 0  9995
2 39166  56.0737   9.1091 0070583  28.0695 332.3126  2.00566916 45697
1 39166U 13023A   19224.30926732 -.00000100  00000-0  00000-0 0  9996
2 39166  56.0737   9.0501 0070595  28.0721 332.3072  2.00566952 45729
1 39166U 13023A   19224.80784106 -.00000101  00000-0  00000+0 0  9998
2 39166  56.0737   9.0304 0070597  28.0696 332.3089  2.00566962 45722
1 39166U 13023A   19225.80498912 -.00000101  00000-0  00000+0 0  9996
2 39166  56.0736   8.9911 0070608  28.0669 332.3105  2.00566983 45740
1 39166U 13023A   19227.30071288 -.00000097  00000-0  00000+0 0  9990
2 39166  56.0736   8.9321 0070611  28.0807 332.2966  2.00566993 45771
1 39166U 13023A   19228.29786360 -.00000093  00000-0  00000-0 0  9990
2 39166  56.0737   8.8928 0070605  28.0765 332.3017  2.00566994 45803
1 39166U 13023A   19229.29501534 -.00000088  00000-0  00000-0 0  9993
2 39166  56.0737   8.8535 0070601  28.0732 332.3066  2.00566985 45823
1 39166U 13023A   19230.29216812 -.00000082  00000-0  00000-0 0  9991
2 39166  56.0736   8.8142 0070610  28.0653 332.3167  2.00566963 45848
1 39166U 13023A   19230.79074460 -.00000080  00000-0  00000-0 0  9995
2 39166  56.0737   8.7945 0070611  28.0638 332.3196  2.00566951 45842
1 39166U 13023A   19231.78789778 -.00000074  00000-0  00000+0 0  9992
2 39166  56.0737   8.7552 0070610  28.0612 332.3248  2.00566919 45861
1 39166U 13023A   19232.78505074 -.00000070  00000-0  00000+0 0  9994
2 39166  56.0755   8.7158 0070595  28.0614 332.3269  2.00566887 45886
1 39166U 13023A   19233.78220320 -.00000067  00000-0  00000+0 0  9999
2 39166  56.0755   8.6765 0070602  28.0538 332.3363  2.00566837 45906
1 39166U 13023A   19236.27507939 -.00000064  00000-0  00000+0 0  9997
2 39166  56.0756   8.5780 0070617  28.0670 332.3241  2.00566746 45955
1 39166U 13023A   19236.77365307 -.00000064  00000-0  00000+0 0  9993
2 39166  56.0755   8.5583 0070611  28.0511 332.3391  2.00566706 45966
1 39166U 13023A   19237.77080083 -.00000066  00000-0  00000-0 0  9992
2 39166  56.0742   8.5190 0070608  28.0567 332.3317  2.00566681 45996
1 39166U 13023A   19238.26937404 -.00000067  00000-0  00000+0 0  9995
2 39166  56.0741   8.4992 0070605  28.0436 332.3435  2.00566653 45996
1 39166U 13023A   19240.76224297 -.00000074  00000-0  00000+0 0  9990
2 39166  56.0741   8.4008 0070623  28.0488 332.3330  2.00566584 46045
1 39166U 13023A   19241.75939212 -.00000076  00000-0  00000+0 0  9992
2 39166  56.0741   8.3614 0070635  28.0339 332.3470  2.00566554 46069
1 39166U 13023A   19242.75654325 -.00000078  00000-0  00000+0 0  9994
2 39166  56.0741   8.3220 0070646  28.0343 332.3469  2.00566544 46088
1 39166U 13023A   19243.75369535 -.00000081  00000-0  00000+0 0  9995
2 39166  56.0740   8.2826 0070646  28.0257 332.3566  2.00566539 46107
1 39166U 13023A   19245.24942537 -.00000084  00000-0  00000+0 0  9993
2 39166  56.0739   8.2235 0070655  28.0352 332.3498  2.00566543 46137
1 39166U 13023A   19245.74800154 -.00000086  00000-0  00000+0 0  9998
2 39166  56.0737   8.2038 0070662  28.0227 332.3630  2.00566552 46144
1 39166U 13023A   19247.24372981 -.00000091  00000-0  00000+0 0  9993
2 39166  56.0735   8.1448 0070671  28.0192 332.3680  2.00566570 46175
1 39166U 13023A   19249.73660504 -.00000103  00000-0  00000+0 0  9994
2 39166  56.0734   8.0463 0070686  28.0121 332.3740  2.00566621 46228
1 39166U 13023A   19250.23517982 -.00000104  00000-0  00000+0 0  9993
2 39166  56.0737   8.0267 0070705  28.0099 332.3757  2.00566636 46234
1 39166U 13023A   19251.23232878 -.00000107  00000-0  00000+0 0  9995
2 39166  56.0736   7.9873 0070715  27.9888 332.3955  2.00566669 46257
1 39166U 13023A   19252.72805354 -.00000109  00000-0  00000+0 0  9997
2 39166  56.0735   7.9282 0070727  27.9928 332.3906  2.00566690 46281
1 39166U 13023A   19252.72805354 -.00000109  00000-0  00000-0 0  9998
2 39166  56.0735   7.9282 0070727  27.9928 332.3906  2.00566690 46292
1 39166U 13023A   19254.22378050 -.00000106  00000-0  00000-0 0  9990
2 39166  56.0733   7.8692 0070745  27.9816 332.4025  2.00566717 46327
1 39166U 13023A   19255.22093313 -.00000102  00000-0  00000+0 0  9992
2 39166  56.0732   7.8298 0070752  27.9730 332.4125  2.00566727 46334
1 39166U 13023A   19255.71950993 -.00000100  00000-0  00000+0 0  9990
2 39166  56.0732   7.8102 0070752  27.9482 332.4381  2.00566726 46346
1 39166U 13023A   19260.20670735 -.00000077  00000-0  00000+0 0  9996
2 39166  56.0730   7.6331 0070784  27.8845 332.5155  2.00566631 46438
1 39166U 13023A   19261.20386196 -.00000074  00000-0  00000+0 0  9999
2 39166  56.0729   7.5937 0070786  27.8852 332.5174  2.00566601 46457
1 39166U 13023A   19261.70243897 -.00000072  00000-0  00000+0 0  9992
2 39166  56.0728   7.5740 0070790  27.8777 332.5258  2.00566579 46467
1 39166U 13023A   19261.70243897 -.00000072  00000-0  00000-0 0  9993
2 39166  56.0728   7.5740 0070790  27.8777 332.5258  2.00566579 46478
1 39166U 13023A   19263.19816760 -.00000070  00000-0  00000-0 0  9991
2 39166  56.0727   7.5149 0070818  27.8626 332.5422  2.00566491 46504
1 39166U 13023A   19264.19531836 -.00000071  00000-0  00000+0 0  9990
2 39166  56.0726   7.4755 0070824  27.8642 332.5402  2.00566468 46513
1 39166U 13023A   19265.19246809 -.00000072  00000-0  00000+0 0  9995
2 39166  56.0725   7.4360 0070839  27.8576 332.5456  2.00566427 46532
1 39166U 13023A   19266.18961703 -.00000074  00000-0  00000+0 0  9994
2 39166  56.0724   7.3966 0070852  27.8447 332.5568  2.00566389 46557
1 39166U 13023A   19268.18391664 -.00000078  00000-0  00000+0 0  9993
2 39166  56.0723   7.3177 0070882  27.8222 332.5768  2.00566331 46597
1 39166U 13023A   19269.18106844 -.00000080  00000-0  00000+0 0  9991
2 39166  56.0722   7.2782 0070897  27.8137 332.5853  2.00566311 46614
1 39166U 13023A   19270.17822165 -.00000082  00000-0  00000+0 0  9995
2 39166  56.0722   7.2388 0070914  27.7973 332.6027  2.00566294 46639
1 39166U 13023A   19271.17537595 -.00000084  00000-0  00000+0 0  9998
2 39166  56.0721   7.1993 0070940  27.7792 332.6226  2.00566284 46659
1 39166U 13023A   19274.66541631 -.00000095  00000-0  00000+0 0  9993
2 39166  56.0718   7.0613 0071000  27.7357 332.6724  2.00566315 46724
1 39166U 13023A   19278.15544596 -.00000109  00000-0  00000+0 0  9990
2 39166  56.0716   6.9233 0071062  27.7040 332.7027  2.00566392 46794
1 39166U 13023A   19279.15259701 -.00000111  00000-0  00000+0 0  9995
2 39166  56.0715   6.8839 0071081  27.6923 332.7137  2.00566414 46814
1 39166U 13023A   19282.64263306 -.00000103  00000-0  00000+0 0  9990
2 39166  56.0713   6.7460 0071150  27.6474 332.7618  2.00566489 46882
1 39166U 13023A   19283.14121054 -.00000100  00000-0  00000+0 0  9996
2 39166  56.0712   6.7262 0071157  27.6214 332.7890  2.00566478 46891
1 39166U 13023A   19284.13836654 -.00000095  00000-0  00000+0 0  9998
2 39166  56.0711   6.6868 0071175  27.6047 332.8086  2.00566476 46914
1 39166U 13023A   19285.13552313 -.00000089  00000-0  00000+0 0  9999
2 39166  56.0711   6.6475 0071191  27.5836 332.8331  2.00566466 46935
1 39166U 13023A   19285.13552324 -.00000089  00000-0  00000-0 0  9992
2 39166  56.0711   6.6474 0071202  27.5662 332.8503  2.00566458 46947
1 39166U 13023A   19286.13268006 -.00000084  00000-0  00000+0 0  9998
2 39166  56.0710   6.6080 0071213  27.5643 332.8559  2.00566445 46958
1 39166U 13023A   19286.13268012 -.00000084  00000-0  00000-0 0  9996
2 39166  56.0710   6.6080 0071222  27.5492 332.8709  2.00566435 46967
1 39166U 13023A   19287.12983662 -.00000079  00000-0  00000+0 0  9994
2 39166  56.0710   6.5687 0071235  27.5520 332.8716  2.00566422 46970
1 39166U 13023A   19291.11845339 -.00000069  00000-0  00000+0 0  9995
2 39166  56.0707   6.4109 0071330  27.4854 332.9437  2.00566271 47052
1 39166U 13023A   19292.11560441 -.00000069  00000-0  00000+0 0  9994
2 39166  56.0707   6.3715 0071355  27.4761 332.9521  2.00566230 47079
1 39166U 13023A   19293.11275461 -.00000070  00000-0  00000+0 0  9992
2 39166  56.0705   6.3320 0071378  27.4571 332.9695  2.00566188 47099
1 39166U 13023A   19294.10990457 -.00000072  00000-0  00000+0 0  9993
2 39166  56.0705   6.2925 0071415  27.4261 332.9987  2.00566141 47113
1 39166U 13023A   19294.10990457 -.00000072  00000-0  00000-0 0  9994
2 39166  56.0705   6.2925 0071415  27.4261 332.9987  2.00566141 47124
1 39166U 13023A   19295.60563178 -.00000074  00000-0  00000-0 0  9998
2 39166  56.0704   6.2334 0071444  27.4226 333.0008  2.00566115 47150
1 39166U 13023A   19296.10420777 -.00000075  00000-0  00000-0 0  9992
2 39166  56.0704   6.2136 0071462  27.4120 333.0113  2.00566103 47168
1 39166U 13023A   19297.10136134 -.00000076  00000-0  00000+0 0  9994
2 39166  56.0703   6.1742 0071494  27.4041 333.0198  2.00566087 47171
1 39166U 13023A   19299.09567175 -.00000079  00000-0  00000+0 0  9990
2 39166  56.0702   6.0952 0071556  27.3772 333.0501  2.00566072 47218
1 39166U 13023A   19300.09282713 -.00000082  00000-0  00000+0 0  9999
2 39166  56.0701   6.0558 0071588  27.3684 333.0609  2.00566080 47236
1 39166U 13023A   19302.58571179 -.00000091  00000-0  00000+0 0  9992
2 39166  56.0700   5.9571 0071681  27.3262 333.1049  2.00566120 47283
1 39166U 13023A   19304.58001506 -.00000100  00000-0  00000+0 0  9997
2 39166  56.0698   5.8782 0071733  27.3144 333.1148  2.00566154 47321
1 39166U 13023A   19304.58001506 -.00000100  00000-0  00000-0 0  9998
2 39166  56.0698   5.8782 0071733  27.3144 333.1148  2.00566154 47332
1 39166U 13023A   19307.57146936 -.00000104  00000-0  00000+0 0  9990
2 39166  56.0697   5.7598 0071852  27.2480 333.1781  2.00566242 47385
1 39166U 13023A   19309.06719962 -.00000100  00000-0  00000+0 0  9997
2 39166  56.0696   5.7007 0071886  27.2446 333.1824  2.00566265 47415
1 39166U 13023A   19310.56293225 -.00000093  00000-0  00000+0 0  9994
2 39166  56.0695   5.6415 0071950  27.2086 333.2209  2.00566289 47445
1 39166U 13023A   19312.55724521 -.00000081  00000-0  00000+0 0  9990
2 39166  56.0694   5.5626 0072021  27.1498 333.2848  2.00566272 47488
1 39166U 13023A   19313.55440207 -.00000076  00000-0  00000+0 0  9991
2 39166  56.0693   5.5232 0072053  27.1192 333.3181  2.00566250 47506
1 39166U 13023A   19314.55155844 -.00000071  00000-0  00000+0 0  9997
2 39166  56.0693   5.4837 0072089  27.1029 333.3369  2.00566223 47524
1 39166U 13023A   19316.54586844 -.00000064  00000-0  00000+0 0  9998
2 39166  56.0692   5.4049 0072154  27.0914 333.3516  2.00566175 47567
1 39166U 13023A   19318.54017334 -.00000061  00000-0  00000+0 0  9990
2 39166  56.0691   5.3260 0072231  27.0664 333.3757  2.00566102 47600
1 39166U 13023A   19319.53732398 -.00000060  00000-0  00000+0 0  9993
2 39166  56.0690   5.2865 0072271  27.0555 333.3848  2.00566064 47622
1 39166U 13023A   19320.53447404 -.00000061  00000-0  00000+0 0  9997
2 39166  56.0689   5.2471 0072312  27.0439 333.3941  2.00566029 47647
1 39166U 13023A   19320.53447404 -.00000061  00000-0  00000-0 0  9998
2 39166  56.0689   5.2471 0072312  27.0439 333.3941  2.00566029 47658
1 39166U 13023A   19322.03019903 -.00000062  00000-0  00000+0 0  9994
2 39166  56.0690   5.1878 0072391  27.0017 333.4327  2.00565975 47679
1 39166U 13023A   19323.02735069 -.00000064  00000-0  00000+0 0  9994
2 39166  56.0689   5.1484 0072420  27.0060 333.4271  2.00565960 47695
1 39166U 13023A   19324.02450327 -.00000065  00000-0  00000+0 0  9997
2 39166  56.0688   5.1089 0072484  26.9890 333.4436  2.00565934 47711
1 39166U 13023A   19324.02450327 -.00000065  00000-0  00000-0 0  9998
2 39166  56.0688   5.1089 0072484  26.9890 333.4436  2.00565934 47722
1 39166U 13023A   19325.02165726 -.00000066  00000-0  00000-0 0  9996
2 39166  56.0687   5.0694 0072531  26.9766 333.4564  2.00565924 47740
1 39166U 13023A   19326.01881244 -.00000067  00000-0  00000+0 0  9996
2 39166  56.0687   5.0299 0072562  26.9749 333.4591  2.00565924 47757
1 39166U 13023A   19326.51738970 -.00000068  00000-0  00000+0 0  9999
2 39166  56.0686   5.0102 0072606  26.9554 333.4790  2.00565924 47764
1 39166U 13023A   19328.01312207 -.00000073  00000-0  00000+0 0  9993
2 39166  56.0686   4.9510 0072660  26.9515 333.4841  2.00565931 47790
1 39166U 13023A   19328.51169885 -.00000075  00000-0  00000+0 0  9992
2 39166  56.0685   4.9312 0072697  26.9403 333.4953  2.00565940 47801
1 39166U 13023A   19330.00742789 -.00000081  00000-0  00000+0 0  9996
2 39166  56.0685   4.8720 0072753  26.9333 333.5011  2.00565958 47836
1 39166U 13023A   19331.00457879 -.00000086  00000-0  00000+0 0  9995
2 39166  56.0684   4.8325 0072820  26.9073 333.5252  2.00565989 47855
1 39166U 13023A   19332.50030450 -.00000092  00000-0  00000+0 0  9990
2 39166  56.0683   4.7734 0072869  26.9094 333.5197  2.00566018 47888
1 39166U 13023A   19333.49745476 -.00000094  00000-0  00000+0 0  9992
2 39166  56.0683   4.7339 0072919  26.9127 333.5143  2.00566053 47905
1 39166U 13023A   19333.49745476 -.00000094  00000-0  00000-0 0  9993
2 39166  56.0683   4.7339 0072919  26.9127 333.5143  2.00566053 47916
1 39166U 13023A   19335.99033497 -.00000091  00000-0  00000+0 0  9999
2 39166  56.0682   4.6352 0073058  26.8794 333.5449  2.00566122 47953
1 39166U 13023A   19336.48891183 -.00000090  00000-0  00000+0 0  9997
2 39166  56.0681   4.6154 0073087  26.8636 333.5608  2.00566127 47962
1 39166U 13023A   19337.98464410 -.00000083  00000-0  00000+0 0  9994
2 39166  56.0681   4.5563 0073145  26.8604 333.5655  2.00566138 47992
1 39166U 13023A   19339.48037827 -.00000074  00000-0  00000+0 0  9999
2 39166  56.0680   4.4971 0073215  26.8496 333.5791  2.00566138 48026
1 39166U 13023A   19339.97895650 -.00000071  00000-0  00000+0 0  9996
2 39166  56.0680   4.4774 0073256  26.8313 333.5983  2.00566129 48034
1 39166U 13023A   19342.47184592 -.00000060  00000-0  00000+0 0  9999
2 39166  56.0679   4.3788 0073370  26.8173 333.6165  2.00566081 48082
1 39166U 13023A   19342.47184592 -.00000060  00000-0  00000-0 0  9990
2 39166  56.0679   4.3788 0073370  26.8173 333.6165  2.00566081 48093
1 39166U 13023A   19342.47184607 -.00000060  00000-0  00000+0 0  9996
2 39166  56.0679   4.3788 0073369  26.8190 333.6149  2.00566083 48083
1 39166U 13023A   19344.46615358 -.00000054  00000-0  00000+0 0  9992
2 39166  56.0678   4.2999 0073497  26.7940 333.6399  2.00566004 48124
1 39166U 13023A   19345.96188094 -.00000053  00000-0  00000+0 0  9999
2 39166  56.0678   4.2407 0073546  26.8026 333.6289  2.00565966 48156
1 39166U 13023A   19346.46045584 -.00000052  00000-0  00000-0 0  9991
2 39166  56.0677   4.2210 0073585  26.7921 333.6381  2.00565942 48172
1 39166U 13023A   19346.95903084 -.00000052  00000-0  00000+0 0  9992
2 39166  56.0677   4.2013 0073608  26.7950 333.6339  2.00565923 48173
1 39166U 13023A   19347.45760580 -.00000053  00000-0  00000-0 0  9992
2 39166  56.0677   4.1816 0073665  26.7748 333.6524  2.00565896 48198
1 39166U 13023A   19347.95618040 -.00000053  00000-0  00000+0 0  9999
2 39166  56.0677   4.1618 0073679  26.7797 333.6461  2.00565891 48192
1 39166U 13023A   19349.45190574 -.00000054  00000-0  00000+0 0  9994
2 39166  56.0676   4.1026 0073756  26.7768 333.6447  2.00565850 48221
1 39166U 13023A   19349.45190574 -.00000054  00000-0  00000-0 0  9995
2 39166  56.0676   4.1026 0073756  26.7768 333.6447  2.00565850 48221
1 39166U 13023A   19351.44620984 -.00000056  00000-0  00000+0 0  9991
2 39166  56.0674   4.0237 0073877  26.7723 333.6463  2.00565807 48261
1 39166U 13023A   19351.44620984 -.00000056  00000-0  00000-0 0  9992
2 39166  56.0674   4.0237 0073877  26.7723 333.6463  2.00565807 48272
1 39166U 13023A   19352.44336382 -.00000058  00000-0  00000+0 0  9990
2 39166  56.0674   3.9842 0073931  26.7756 333.6428  2.00565796 48288
1 39166U 13023A   19352.44336382 -.00000058  00000-0  00000-0 0  9991
2 39166  56.0674   3.9842 0073931  26.7756 333.6428  2.00565796 48299
1 39166U 13023A   19353.44051872 -.00000060  00000-0  00000+0 0  9992
2 39166  56.0673   3.9447 0074003  26.7716 333.6472  2.00565791 48302
1 39166U 13023A   19354.93625087 -.00000064  00000-0  00000+0 0  9996
2 39166  56.0673   3.8856 0074052  26.7858 333.6334  2.00565798 48333
1 39166U 13023A   19355.43482772 -.00000066  00000-0  00000-0 0  9997
2 39166  56.0672   3.8658 0074099  26.7821 333.6370  2.00565804 48353
1 39166U 13023A   19355.93340445 -.00000068  00000-0  00000+0 0  9993
2 39166  56.0672   3.8461 0074130  26.7828 333.6360  2.00565808 48351
1 39166U 13023A   19356.93055681 -.00000073  00000-0  00000+0 0  9995
2 39166  56.0672   3.8066 0074190  26.7865 333.6310  2.00565827 48377
1 39166U 13023A   19357.92770815 -.00000078  00000-0  00000+0 0  9993
2 39166  56.0671   3.7672 0074259  26.7840 333.6312  2.00565854 48391
1 39166U 13023A   19359.42343370 -.00000085  00000-0  00000+0 0  9990
2 39166  56.0671   3.7081 0074316  26.7973 333.6137  2.00565882 48426
1 39166U 13023A   19360.42058395 -.00000089  00000-0  00000-0 0  9997
2 39166  56.0670   3.6686 0074390  26.7942 333.6140  2.00565914 48456
1 39166U 13023A   19361.41773479 -.00000090  00000-0  00000+0 0  9995
2 39166  56.0670   3.6292 0074455  26.7952 333.6106  2.00565944 48468
1 39166U 13023A   19361.41773479 -.00000090  00000-0  00000-0 0  9996
2 39166  56.0670   3.6292 0074455  26.7952 333.6106  2.00565944 48479
1 39166U 13023A   19361.41773502 -.00000090  00000-0  00000+0 0  9992
2 39166  56.0670   3.6292 0074451  26.7942 333.6116  2.00565937 48466
1 39166U 13023A   19363.41204035 -.00000088  00000-0  00000+0 0  9991
2 39166  56.0669   3.5504 0074573  26.8011 333.6026  2.00565986 48501
1 39166U 13023A   19363.41204035 -.00000088  00000-0  00000-0 0  9992
2 39166  56.0669   3.5504 0074573  26.8011 333.6026  2.00565986 48501
1 39166U 13023A   19363.41204035 -.00000088  00000-0  00000-0 0  9992
2 39166  56.0669   3.5504 0074573  26.8011 333.6026  2.00565986 48512
1 39166U 13023A   19364.90777245 -.00000082  00000-0  00000+0 0  9998
2 39166  56.0669   3.4912 0074656  26.8056 333.5988  2.00566009 48530
1 39166U 13023A   19365.40635073 -.00000079  00000-0  00000-0 0  9993
2 39166  56.0668   3.4715 0074719  26.7928 333.6122  2.00566011 48553
1 39166U 13023A   19365.90492855 -.00000077  00000-0  00000+0 0  9994
2 39166  56.0668   3.4518 0074729  26.8018 333.6040  2.00566012 48556

