1 38858U 12055B   19002.48373327  .00000069  00000-0  00000-0 0  9999
2 38858  54.9206 176.4378 0000319 171.1809 188.8166  1.70473731 38749
1 38858U 12055B   19003.07031152  .00000065  00000-0  00000+0 0  9997
2 38858  54.9207 176.4217 0000325 171.4218 188.5722  1.70473747 38715
1 38858U 12055B   19003.65688935  .00000061  00000-0  00000-0 0  9995
2 38858  54.9209 176.4055 0000329 171.7607 188.2296  1.70473758 38766
1 38858U 12055B   19005.41662186  .00000053  00000-0  00000+0 0  9991
2 38858  54.9211 176.3570 0000345 174.6036 185.3750  1.70473787 38749
1 38858U 12055B   19006.00320005  .00000052  00000-0  00000-0 0  9998
2 38858  54.9211 176.3408 0000350 175.6953 184.2800  1.70473793 38802
1 38858U 12055B   19007.76293984  .00000054  00000-0  00000+0 0  9998
2 38858  54.9213 176.2923 0000370 183.2339 176.7342  1.70473814 38788
1 38858U 12055B   19007.76293991  .00000054  00000-0  00000-0 0  9997
2 38858  54.9213 176.2923 0000376 184.0955 175.8725  1.70473819 38833
1 38858U 12055B   19010.69586033  .00000067  00000-0  00000+0 0  9998
2 38858  54.9217 176.2114 0000397 190.7108 169.2584  1.70473809 38835
1 38858U 12055B   19010.69643326  .00000067  00000-0  00000+0 0  9997
2 38858  54.9275 176.2100 0000352 196.4342 163.8804  1.70473538 38843
1 38858U 12055B   19012.45562108  .00000077  00000-0  00000-0 0  9993
2 38858  54.9219 176.1628 0000406 192.0452 167.9299  1.70473788 38917
1 38858U 12055B   19013.04220826  .00000080  00000-0  00000+0 0  9990
2 38858  54.9220 176.1467 0000410 193.7688 166.2082  1.70473761 38872
1 38858U 12055B   19015.38854828  .00000086  00000-0  00000+0 0  9990
2 38858  54.9221 176.0819 0000431 199.3391 160.6406  1.70473696 38919
1 38858U 12055B   19017.73486708  .00000078  00000-0  00000+0 0  9990
2 38858  54.9223 176.0170 0000464 206.7608 153.2086  1.70473632 38957
1 38858U 12055B   19019.49459755  .00000063  00000-0  00000-0 0  9992
2 38858  54.9225 175.9685 0000458 207.8306 152.1255  1.70473598 39035
1 38858U 12055B   19020.08117399  .00000057  00000-0  00000+0 0  9996
2 38858  54.9226 175.9523 0000472 209.5682 150.3834  1.70473583 38990
1 38858U 12055B   19020.66775199  .00000052  00000-0  00000-0 0  9994
2 38858  54.9227 175.9360 0000467 209.6919 150.2559  1.70473578 39053
1 38858U 12055B   19021.25433055  .00000048  00000-0  00000-0 0  9997
2 38858  54.9228 175.9198 0000475 210.9526 148.9919  1.70473566 39063
1 38858U 12055B   19022.42749323  .00000043  00000-0  00000-0 0  9990
2 38858  54.9230 175.8874 0000493 212.4271 147.5140  1.70473560 39087
1 38858U 12055B   19022.42749349  .00000043  00000-0  00000+0 0  9997
2 38858  54.9229 175.8874 0000481 211.6933 148.2479  1.70473562 39038
1 38858U 12055B   19023.01407718  .00000042  00000-0  00000-0 0  9994
2 38858  54.9230 175.8712 0000493 213.0195 146.9214  1.70473559 39094
1 38858U 12055B   19025.36042334  .00000043  00000-0  00000+0 0  9993
2 38858  54.9232 175.8065 0000547 218.9394 141.0072  1.70473570 39082
1 38858U 12055B   19027.12018305  .00000042  00000-0  00000-0 0  9990
2 38858  54.9234 175.7579 0000598 223.5471 136.4041  1.70473602 39166
1 38858U 12055B   19027.70676792  .00000039  00000-0  00000+0 0  9999
2 38858  54.9234 175.7417 0000610 224.3927 135.5590  1.70473612 39123
1 38858U 12055B   19028.29335159  .00000036  00000-0  00000-0 0  9991
2 38858  54.9234 175.7255 0000621 225.1168 134.8346  1.70473623 39180
1 38858U 12055B   19028.87993418  .00000032  00000-0  00000-0 0  9999
2 38858  54.9234 175.7093 0000640 225.9026 134.0477  1.70473630 39198
1 38858U 12055B   19030.05309606  .00000024  00000-0  00000+0 0  9992
2 38858  54.9236 175.6769 0000661 226.5812 133.3654  1.70473645 39164
1 38858U 12055B   19032.39941377  .00000009  00000-0  00000+0 0  9991
2 38858  54.9238 175.6122 0000741 229.6773 130.2578  1.70473684 39207
1 38858U 12055B   19032.98599358  .00000007  00000-0  00000-0 0  9993
2 38858  54.9238 175.5961 0000774 230.7908 129.1417  1.70473703 39263
1 38858U 12055B   19034.74573870  .00000007  00000-0  00000+0 0  9999
2 38858  54.9239 175.5476 0000822 232.7556 127.1726  1.70473720 39248
1 38858U 12055B   19035.33232310  .00000008  00000-0  00000-0 0  9998
2 38858  54.9239 175.5315 0000815 232.6553 127.2730  1.70473725 39306
1 38858U 12055B   19037.09208090  .00000015  00000-0  00000+0 0  9998
2 38858  54.9238 175.4830 0000878 235.0330 124.8990  1.70473729 39287
1 38858U 12055B   19037.67866943  .00000018  00000-0  00000-0 0  9993
2 38858  54.9239 175.4668 0000876 235.3694 124.5652  1.70473726 39347
1 38858U 12055B   19038.26525813  .00000021  00000-0  00000-0 0  9991
2 38858  54.9239 175.4506 0000906 236.3874 123.5500  1.70473715 39353
1 38858U 12055B   19040.02502620  .00000031  00000-0  00000+0 0  9999
2 38858  54.9240 175.4021 0000937 237.3749 122.5724  1.70473697 39337
1 38858U 12055B   19042.37137750  .00000039  00000-0  00000+0 0  9995
2 38858  54.9240 175.3374 0001027 240.0828 119.8735  1.70473631 39370
1 38858U 12055B   19042.37137755  .00000039  00000-0  00000-0 0  9991
2 38858  54.9241 175.3375 0001033 240.5307 119.4255  1.70473623 39426
1 38858U 12055B   19044.13112823  .00000037  00000-0  00000-0 0  9994
2 38858  54.9241 175.2890 0001092 242.5005 117.4547  1.70473580 39456
1 38858U 12055B   19045.30428899  .00000030  00000-0  00000+0 0  9999
2 38858  54.9241 175.2566 0001126 243.6865 116.2642  1.70473554 39421
1 38858U 12055B   19046.47744684  .00000020  00000-0  00000-0 0  9991
2 38858  54.9241 175.2243 0001160 244.6809 115.2635  1.70473535 39497
1 38858U 12055B   19048.82376884  .00000003  00000-0  00000-0 0  9996
2 38858  54.9244 175.1596 0001168 245.1125 114.8229  1.70473521 39539
1 38858U 12055B   19051.17011238 -.00000002  00000-0  00000+0 0  9996
2 38858  54.9242 175.0950 0001267 247.0488 112.8904  1.70473514 39522
1 38858U 12055B   19054.10305916  .00000001  00000-0  00000-0 0  9990
2 38858  54.9229 175.0140 0001348 248.8087 111.1463  1.70473547 39575
1 38858U 12055B   19055.27623292 -.00000003  00000-0  00000-0 0  9992
2 38858  54.9229 174.9817 0001407 249.6670 110.2913  1.70473582 39644
1 38858U 12055B   19057.03598492 -.00000014  00000-0  00000+0 0  9992
2 38858  54.9227 174.9331 0001451 250.2665 109.6918  1.70473624 39626
1 38858U 12055B   19058.20914895 -.00000022  00000-0  00000-0 0  9991
2 38858  54.9238 174.9007 0001512 250.7833 109.1719  1.70473630 39696
1 38858U 12055B   19058.79572985 -.00000025  00000-0  00000-0 0  9998
2 38858  54.9238 174.8846 0001549 250.9691 108.9842  1.70473654 39702
1 38858U 12055B   19061.14205845 -.00000030  00000-0  00000+0 0  9994
2 38858  54.9235 174.8200 0001646 251.6388 108.3098  1.70473698 39695
1 38858U 12055B   19063.48840184 -.00000022  00000-0  00000+0 0  9995
2 38858  54.9236 174.7553 0001725 252.3915 107.5616  1.70473720 39736
1 38858U 12055B   19063.48840185 -.00000022  00000-0  00000-0 0  9997
2 38858  54.9234 174.7553 0001737 252.6577 107.2953  1.70473716 39785
1 38858U 12055B   19068.18112429  .00000008  00000-0  00000+0 0  9994
2 38858  54.9240 174.6260 0001894 254.3979 105.5861  1.70473686 39814
1 38858U 12055B   19069.35430197  .00000013  00000-0  00000-0 0  9996
2 38858  54.9242 174.5937 0001950 255.1201 104.8699  1.70473655 39880
1 38858U 12055B   19070.52747536  .00000015  00000-0  00000+0 0  9996
2 38858  54.9242 174.5613 0001984 255.3443 104.6489  1.70473638 39851
1 38858U 12055B   19070.52747536  .00000015  00000-0  00000-0 0  9997
2 38858  54.9242 174.5613 0001984 255.3443 104.6489  1.70473638 39907
1 38858U 12055B   19071.11405980  .00000015  00000-0  00000-0 0  9997
2 38858  54.9242 174.5451 0002011 255.5665 104.4269  1.70473621 39914
1 38858U 12055B   19074.63354623 -.00000004  00000-0  00000+0 0  9992
2 38858  54.9242 174.4481 0002130 257.0600 102.9225  1.70473554 39925
1 38858U 12055B   19075.22012647 -.00000007  00000-0  00000-0 0  9999
2 38858  54.9242 174.4319 0002166 257.4476 102.5329  1.70473550 39982
1 38858U 12055B   19078.15305336 -.00000013  00000-0  00000-0 0  9991
2 38858  54.9243 174.3508 0002244 258.0544 101.9300  1.70473547 39980
1 38858U 12055B   19082.25917872 -.00000006  00000-0  00000-0 0  9993
2 38858  54.9242 174.2376 0002430 259.4243 100.5831  1.70473619 40109
1 38858U 12055B   19082.84576489 -.00000008  00000-0  00000-0 0  9995
2 38858  54.9242 174.2214 0002449 259.5332 100.4755  1.70473633 40111
1 38858U 12055B   19084.60551668 -.00000017  00000-0  00000+0 0  9992
2 38858  54.9242 174.1727 0002487 259.6799 100.3288  1.70473665 40091
1 38858U 12055B   19085.19209813 -.00000021  00000-0  00000-0 0  9995
2 38858  54.9241 174.1567 0002508 259.8567 100.1507  1.70473684 40151
1 38858U 12055B   19086.95184194 -.00000027  00000-0  00000+0 0  9999
2 38858  54.9242 174.1081 0002581 260.0819  99.9211  1.70473742 40138
1 38858U 12055B   19086.95184194 -.00000027  00000-0  00000-0 0  9990
2 38858  54.9242 174.1081 0002581 260.0819  99.9211  1.70473742 40183
1 38858U 12055B   19088.71159054 -.00000026  00000-0  00000-0 0  9992
2 38858  54.9243 174.0595 0002632 260.2554  99.7460  1.70473765 40211
1 38858U 12055B   19089.29817507 -.00000024  00000-0  00000+0 0  9997
2 38858  54.9243 174.0433 0002658 260.3514  99.6505  1.70473776 40173
1 38858U 12055B   19089.88476066 -.00000021  00000-0  00000-0 0  9991
2 38858  54.9243 174.0272 0002701 260.5927  99.4101  1.70473791 40237
1 38858U 12055B   19092.23111362 -.00000004  00000-0  00000-0 0  9990
2 38858  54.9243 173.9626 0002790 261.1385  98.8754  1.70473807 40270
1 38858U 12055B   19092.23111364 -.00000004  00000-0  00000+0 0  9991
2 38858  54.9243 173.9626 0002780 261.1192  98.8948  1.70473806 40224
1 38858U 12055B   19092.81770386  .00000001  00000-0  00000-0 0  9997
2 38858  54.9243 173.9465 0002807 261.2787  98.7393  1.70473803 40282
1 38858U 12055B   19095.16406559  .00000020  00000-0  00000+0 0  9996
2 38858  54.9244 173.8818 0002882 261.7387  98.2958  1.70473769 40270
1 38858U 12055B   19096.33724340  .00000027  00000-0  00000-0 0  9995
2 38858  54.9245 173.8493 0002903 261.8818  98.1593  1.70473758 40344
1 38858U 12055B   19099.27016562  .00000033  00000-0  00000+0 0  9997
2 38858  54.9245 173.7685 0003030 262.7746  97.2682  1.70473676 40346
1 38858U 12055B   19099.85674615  .00000031  00000-0  00000-0 0  9999
2 38858  54.9246 173.7523 0003047 262.9604  97.0804  1.70473665 40400
1 38858U 12055B   19100.44332535  .00000029  00000-0  00000-0 0  9996
2 38858  54.9246 173.7361 0003082 263.2938  96.7443  1.70473643 40415
1 38858U 12055B   19103.37622665  .00000015  00000-0  00000+0 0  9991
2 38858  54.9248 173.6552 0003150 263.8417  96.1853  1.70473613 40418
1 38858U 12055B   19105.72256874  .00000016  00000-0  00000+0 0  9998
2 38858  54.9250 173.5905 0003224 264.2459  95.7852  1.70473608 40457
1 38858U 12055B   19108.06892388  .00000025  00000-0  00000-0 0  9995
2 38858  54.9253 173.5259 0003331 264.9370  95.1058  1.70473625 40495
1 38858U 12055B   19109.82868341  .00000025  00000-0  00000-0 0  9992
2 38858  54.9254 173.4773 0003410 265.3369  94.7110  1.70473670 40570
1 38858U 12055B   19111.58843215  .00000018  00000-0  00000+0 0  9992
2 38858  54.9255 173.4288 0003447 265.5489  94.4972  1.70473703 40555
1 38858U 12055B   19113.34817229  .00000010  00000-0  00000-0 0  9997
2 38858  54.9256 173.3802 0003458 265.4169  94.6231  1.70473760 40635
1 38858U 12055B   19113.93475135  .00000008  00000-0  00000+0 0  9994
2 38858  54.9256 173.3641 0003490 265.4604  94.5769  1.70473790 40599
1 38858U 12055B   19120.38717918  .00000042  00000-0  00000+0 0  9997
2 38858  54.9263 173.1863 0003671 266.2725  93.7705  1.70473879 40707
1 38858U 12055B   19120.97376821  .00000047  00000-0  00000-0 0  9992
2 38858  54.9264 173.1701 0003684 266.3637  93.6825  1.70473871 40766
1 38858U 12055B   19122.14694495  .00000057  00000-0  00000-0 0  9994
2 38858  54.9265 173.1378 0003712 266.5589  93.4935  1.70473851 40787
1 38858U 12055B   19123.32011934  .00000065  00000-0  00000+0 0  9994
2 38858  54.9266 173.1053 0003729 266.6516  93.4055  1.70473840 40755
1 38858U 12055B   19123.90670498  .00000069  00000-0  00000-0 0  9999
2 38858  54.9270 173.0891 0003764 266.8616  93.1966  1.70473809 40811
1 38858U 12055B   19124.49328937  .00000072  00000-0  00000-0 0  9996
2 38858  54.9271 173.0730 0003785 266.9789  93.0799  1.70473792 40824
1 38858U 12055B   19126.83961324  .00000073  00000-0  00000+0 0  9999
2 38858  54.9275 173.0083 0003848 267.5454  92.5070  1.70473729 40810
1 38858U 12055B   19128.01276914  .00000069  00000-0  00000-0 0  9991
2 38858  54.9276 172.9759 0003856 267.6628  92.3827  1.70473715 40882
1 38858U 12055B   19131.53224332  .00000056  00000-0  00000+0 0  9994
2 38858  54.9282 172.8788 0003924 268.3996  91.6287  1.70473662 40896
1 38858U 12055B   19131.53224332  .00000056  00000-0  00000-0 0  9995
2 38858  54.9282 172.8788 0003924 268.3996  91.6287  1.70473662 40942
1 38858U 12055B   19132.11882630  .00000056  00000-0  00000-0 0  9991
2 38858  54.9283 172.8626 0003949 268.5666  91.4614  1.70473658 40955
1 38858U 12055B   19134.46517116  .00000063  00000-0  00000+0 0  9992
2 38858  54.9288 172.7979 0003990 268.8092  91.2248  1.70473664 40949
1 38858U 12055B   19135.05175787  .00000065  00000-0  00000-0 0  9995
2 38858  54.9289 172.7817 0003993 268.7548  91.2812  1.70473674 41005
1 38858U 12055B   19137.39809575  .00000064  00000-0  00000+0 0  9991
2 38858  54.9293 172.7170 0004034 269.0859  90.9521  1.70473715 40994
1 38858U 12055B   19139.15783571  .00000055  00000-0  00000-0 0  9995
2 38858  54.9296 172.6685 0004059 269.2734  90.7580  1.70473772 41074
1 38858U 12055B   19142.09072496  .00000044  00000-0  00000+0 0  9996
2 38858  54.9299 172.5878 0004084 269.4032  90.6110  1.70473843 41078
1 38858U 12055B   19147.36997180  .00000072  00000-0  00000+0 0  9998
2 38858  54.9305 172.4422 0004167 269.9753  90.0363  1.70473924 41161
1 38858U 12055B   19147.95655877  .00000076  00000-0  00000-0 0  9992
2 38858  54.9299 172.4261 0004200 270.3433  89.6702  1.70473911 41227
1 38858U 12055B   19149.71631876  .00000090  00000-0  00000+0 0  9996
2 38858  54.9305 172.3776 0004200 270.4056  89.6140  1.70473891 41208
1 38858U 12055B   19150.88948877  .00000097  00000-0  00000-0 0  9996
2 38858  54.9312 172.3453 0004207 270.5478  89.4740  1.70473855 41275
1 38858U 12055B   19153.23581446  .00000102  00000-0  00000+0 0  9999
2 38858  54.9318 172.2806 0004232 270.8399  89.1770  1.70473797 41269
1 38858U 12055B   19154.40896964  .00000099  00000-0  00000-0 0  9999
2 38858  54.9320 172.2483 0004240 271.0611  88.9486  1.70473765 41336
1 38858U 12055B   19156.16869771  .00000090  00000-0  00000+0 0  9990
2 38858  54.9324 172.1999 0004241 271.4880  88.5079  1.70473717 41313
1 38858U 12055B   19156.16869771  .00000090  00000-0  00000-0 0  9991
2 38858  54.9324 172.1999 0004241 271.4880  88.5079  1.70473717 41368
1 38858U 12055B   19159.10159118  .00000078  00000-0  00000+0 0  9990
2 38858  54.9329 172.1190 0004238 271.7479  88.2330  1.70473687 41362
1 38858U 12055B   19160.27475820  .00000078  00000-0  00000-0 0  9992
2 38858  54.9332 172.0866 0004240 271.8890  88.0917  1.70473685 41431
1 38858U 12055B   19162.03451490  .00000082  00000-0  00000+0 0  9999
2 38858  54.9335 172.0382 0004250 272.1908  87.7934  1.70473694 41415
1 38858U 12055B   19164.38085099  .00000080  00000-0  00000+0 0  9995
2 38858  54.9339 171.9735 0004258 272.4872  87.4981  1.70473723 41456
1 38858U 12055B   19164.96743212  .00000078  00000-0  00000-0 0  9995
2 38858  54.9340 171.9574 0004260 272.4361  87.5475  1.70473738 41517
1 38858U 12055B   19166.14059051  .00000070  00000-0  00000-0 0  9990
2 38858  54.9342 171.9251 0004253 272.5573  87.4207  1.70473762 41530
1 38858U 12055B   19167.31374487  .00000061  00000-0  00000-0 0  9993
2 38858  54.9344 171.8928 0004247 272.5188  87.4516  1.70473795 41558
1 38858U 12055B   19167.31374489  .00000061  00000-0  00000+0 0  9994
2 38858  54.9344 171.8927 0004253 272.5098  87.4606  1.70473786 41509
1 38858U 12055B   19168.48689869  .00000054  00000-0  00000-0 0  9997
2 38858  54.9346 171.8605 0004240 272.6629  87.2993  1.70473833 41578
1 38858U 12055B   19170.24663294  .00000050  00000-0  00000-0 0  9994
2 38858  54.9348 171.8121 0004240 272.7328  87.2194  1.70473871 41609
1 38858U 12055B   19170.24663318  .00000050  00000-0  00000+0 0  9990
2 38858  54.9348 171.8121 0004239 272.8441  87.1081  1.70473865 41555
1 38858U 12055B   19171.41979399  .00000053  00000-0  00000-0 0  9993
2 38858  54.9350 171.7798 0004244 272.8366  87.1120  1.70473895 41624
1 38858U 12055B   19173.76612955  .00000066  00000-0  00000+0 0  9998
2 38858  54.9354 171.7152 0004238 273.1318  86.8179  1.70473923 41617
1 38858U 12055B   19176.11247631  .00000081  00000-0  00000+0 0  9992
2 38858  54.9357 171.6505 0004213 273.5446  86.4128  1.70473906 41655
1 38858U 12055B   19177.28564890  .00000088  00000-0  00000-0 0  9998
2 38858  54.9363 171.6183 0004196 273.7411  86.2198  1.70473883 41725
1 38858U 12055B   19178.45881815  .00000093  00000-0  00000+0 0  9992
2 38858  54.9365 171.5859 0004189 273.9066  86.0558  1.70473852 41696
1 38858U 12055B   19179.63198197  .00000095  00000-0  00000-0 0  9990
2 38858  54.9365 171.5536 0004190 274.0453  85.9155  1.70473817 41762
1 38858U 12055B   19180.80514129  .00000094  00000-0  00000+0 0  9996
2 38858  54.9367 171.5212 0004186 274.2100  85.7461  1.70473791 41737
1 38858U 12055B   19183.15144908  .00000081  00000-0  00000+0 0  9997
2 38858  54.9370 171.4566 0004161 274.5964  85.3436  1.70473734 41775
1 38858U 12055B   19184.91118152  .00000069  00000-0  00000-0 0  9991
2 38858  54.9371 171.4081 0004129 274.8794  85.0492  1.70473696 41851
1 38858U 12055B   19185.49776096  .00000066  00000-0  00000+0 0  9998
2 38858  54.9372 171.3920 0004117 275.0062  84.9200  1.70473684 41819
1 38858U 12055B   19188.43068108  .00000064  00000-0  00000+0 0  9991
2 38858  54.9377 171.3112 0004086 275.2418  84.6852  1.70473673 41862
1 38858U 12055B   19190.77702488  .00000063  00000-0  00000+0 0  9996
2 38858  54.9381 171.2466 0004076 275.4236  84.5090  1.70473698 41902
1 38858U 12055B   19193.12335312  .00000049  00000-0  00000+0 0  9990
2 38858  54.9387 171.1819 0004021 275.8546  84.0741  1.70473739 41945
1 38858U 12055B   19195.46966567  .00000030  00000-0  00000+0 0  9991
2 38858  54.9389 171.1173 0003989 275.8575  84.0580  1.70473800 41988
1 38858U 12055B   19196.05624325  .00000026  00000-0  00000-0 0  9996
2 38858  54.9390 171.1011 0003998 275.7870  84.1250  1.70473809 42040
1 38858U 12055B   19197.22940258  .00000022  00000-0  00000-0 0  9998
2 38858  54.9395 171.0688 0003956 275.9860  83.9210  1.70473844 42063
1 38858U 12055B   19198.40256563  .00000023  00000-0  00000+0 0  9998
2 38858  54.9392 171.0366 0003935 276.0683  83.8361  1.70473861 42037
1 38858U 12055B   19200.16231857  .00000029  00000-0  00000-0 0  9991
2 38858  54.9393 170.9881 0003891 276.2635  83.6426  1.70473906 42117
1 38858U 12055B   19203.68184578  .00000049  00000-0  00000+0 0  9999
2 38858  54.9394 170.8913 0003797 276.7790  83.1432  1.70473891 42121
1 38858U 12055B   19204.85502069  .00000055  00000-0  00000-0 0  9996
2 38858  54.9394 170.8590 0003775 276.8951  83.0322  1.70473876 42195
1 38858U 12055B   19205.44160751  .00000057  00000-0  00000-0 0  9992
2 38858  54.9395 170.8428 0003751 277.1152  82.8140  1.70473855 42201
1 38858U 12055B   19206.02819265  .00000059  00000-0  00000+0 0  9999
2 38858  54.9395 170.8267 0003741 277.1882  82.7421  1.70473843 42164
1 38858U 12055B   19209.54767923  .00000050  00000-0  00000-0 0  9994
2 38858  54.9397 170.7297 0003664 277.9060  82.0156  1.70473752 42277
1 38858U 12055B   19210.72083591  .00000042  00000-0  00000-0 0  9999
2 38858  54.9399 170.6974 0003637 278.1363  81.7789  1.70473729 42293
1 38858U 12055B   19211.30741493  .00000038  00000-0  00000-0 0  9991
2 38858  54.9399 170.6813 0003610 278.2386  81.6738  1.70473714 42301
1 38858U 12055B   19212.48057587  .00000030  00000-0  00000-0 0  9997
2 38858  54.9400 170.6490 0003569 278.4532  81.4553  1.70473693 42324
1 38858U 12055B   19213.06715837  .00000027  00000-0  00000-0 0  9997
2 38858  54.9401 170.6328 0003550 278.5593  81.3485  1.70473685 42338
1 38858U 12055B   19216.00009148  .00000025  00000-0  00000+0 0  9992
2 38858  54.9403 170.5520 0003467 278.9680  80.9486  1.70473672 42333
1 38858U 12055B   19218.34644296  .00000023  00000-0  00000+0 0  9998
2 38858  54.9403 170.4874 0003399 279.3598  80.5672  1.70473699 42377
1 38858U 12055B   19218.93302773  .00000020  00000-0  00000-0 0  9992
2 38858  54.9402 170.4713 0003400 279.3491  80.5787  1.70473712 42433
1 38858U 12055B   19222.45251707 -.00000009  00000-0  00000+0 0  9991
2 38858  54.9402 170.3743 0003256 279.9504  79.9701  1.70473790 42440
1 38858U 12055B   19224.21225878 -.00000018  00000-0  00000-0 0  9998
2 38858  54.9403 170.3259 0003211 279.9589  79.9563  1.70473836 42523
1 38858U 12055B   19224.79884124 -.00000019  00000-0  00000+0 0  9996
2 38858  54.9403 170.3098 0003193 280.0138  79.9007  1.70473850 42480
1 38858U 12055B   19227.14518252 -.00000013  00000-0  00000+0 0  9998
2 38858  54.9400 170.2453 0003133 280.2731  79.6459  1.70473895 42528
1 38858U 12055B   19230.07813052  .00000005  00000-0  00000-0 0  9991
2 38858  54.9404 170.1645 0003025 280.7883  79.1498  1.70473909 42576
1 38858U 12055B   19231.25131109  .00000012  00000-0  00000-0 0  9996
2 38858  54.9399 170.1322 0002979 280.9453  79.0014  1.70473898 42641
1 38858U 12055B   19231.83790050  .00000015  00000-0  00000-0 0  9999
2 38858  54.9400 170.1161 0002967 280.9610  78.9895  1.70473890 42655
1 38858U 12055B   19234.77083394  .00000022  00000-0  00000+0 0  9998
2 38858  54.9400 170.0354 0002873 281.6698  78.2906  1.70473823 42650
1 38858U 12055B   19235.94399876  .00000019  00000-0  00000-0 0  9990
2 38858  54.9401 170.0031 0002832 281.9854  77.9740  1.70473796 42724
1 38858U 12055B   19237.11716055  .00000013  00000-0  00000+0 0  9996
2 38858  54.9400 169.9708 0002790 282.2894  77.6667  1.70473767 42691
1 38858U 12055B   19239.46348508 -.00000001  00000-0  00000+0 0  9998
2 38858  54.9401 169.9061 0002691 282.9084  77.0421  1.70473726 42734
1 38858U 12055B   19240.63665374 -.00000005  00000-0  00000-0 0  9997
2 38858  54.9402 169.8738 0002644 283.1793  76.7722  1.70473712 42806
1 38858U 12055B   19241.80982829 -.00000007  00000-0  00000+0 0  9995
2 38858  54.9402 169.8415 0002601 283.3689  76.5871  1.70473704 42777
1 38858U 12055B   19242.98300751 -.00000005  00000-0  00000-0 0  9992
2 38858  54.9402 169.8092 0002561 283.6075  76.3559  1.70473703 42843
1 38858U 12055B   19244.15618830 -.00000003  00000-0  00000+0 0  9990
2 38858  54.9402 169.7768 0002521 283.8268  76.1449  1.70473708 42812
1 38858U 12055B   19245.91595459 -.00000005  00000-0  00000-0 0  9999
2 38858  54.9402 169.7283 0002461 284.2619  75.7194  1.70473731 42898
1 38858U 12055B   19248.84887345 -.00000025  00000-0  00000+0 0  9993
2 38858  54.9402 169.6475 0002335 284.7697  75.2127  1.70473795 42892
1 38858U 12055B   19250.02203560 -.00000034  00000-0  00000-0 0  9998
2 38858  54.9401 169.6151 0002283 284.9051  75.0747  1.70473830 42964
1 38858U 12055B   19251.19519956 -.00000039  00000-0  00000+0 0  9990
2 38858  54.9404 169.5828 0002237 285.0168  74.9612  1.70473859 42934
1 38858U 12055B   19252.36836699 -.00000040  00000-0  00000-0 0  9999
2 38858  54.9406 169.5506 0002200 285.1262  74.8520  1.70473885 43000
1 38858U 12055B   19252.95495236 -.00000038  00000-0  00000-0 0  9999
2 38858  54.9406 169.5344 0002181 285.2172  74.7623  1.70473896 43015
1 38858U 12055B   19254.12812613 -.00000033  00000-0  00000+0 0  9996
2 38858  54.9407 169.5021 0002152 285.4803  74.5038  1.70473927 42987
1 38858U 12055B   19255.30130502 -.00000025  00000-0  00000-0 0  9999
2 38858  54.9407 169.4698 0002102 285.7103  74.2813  1.70473945 43054
1 38858U 12055B   19256.47448594 -.00000016  00000-0  00000+0 0  9990
2 38858  54.9407 169.4375 0002073 285.8640  74.1367  1.70473950 43026
1 38858U 12055B   19256.47448665 -.00000016  00000-0  00000-0 0  9990
2 38858  54.9407 169.4375 0002056 286.0145  73.9865  1.70473949 43073
1 38858U 12055B   19257.64766891 -.00000007  00000-0  00000-0 0  9994
2 38858  54.9407 169.4052 0002020 286.2054  73.8055  1.70473949 43099
1 38858U 12055B   19257.64766951 -.00000007  00000-0  00000-0 0  9991
2 38858  54.9407 169.4052 0002008 286.3155  73.6955  1.70473944 43090
1 38858U 12055B   19259.99403025  .00000008  00000-0  00000+0 0  9990
2 38858  54.9408 169.3405 0001932 286.8234  73.2049  1.70473914 43086
1 38858U 12055B   19262.92695800  .00000014  00000-0  00000+0 0  9998
2 38858  54.9408 169.2598 0001836 287.9271  72.1080  1.70473843 43134
1 38858U 12055B   19265.27328311  .00000006  00000-0  00000+0 0  9990
2 38858  54.9409 169.1951 0001745 288.8676  71.1627  1.70473796 43172
1 38858U 12055B   19267.03302978 -.00000001  00000-0  00000-0 0  9994
2 38858  54.9411 169.1465 0001670 289.5593  70.4689  1.70473764 43252
1 38858U 12055B   19268.79278798 -.00000003  00000-0  00000+0 0  9991
2 38858  54.9412 169.0980 0001605 290.1061  69.9267  1.70473741 43238
1 38858U 12055B   19269.96596629 -.00000000  00000-0  00000-0 0  9995
2 38858  54.9413 169.0656 0001556 290.4149  69.6250  1.70473739 43308
1 38858U 12055B   19271.13914715  .00000004  00000-0  00000+0 0  9999
2 38858  54.9414 169.0333 0001518 290.8061  69.2422  1.70473737 43277
1 38858U 12055B   19272.31232650  .00000006  00000-0  00000-0 0  9994
2 38858  54.9414 169.0009 0001477 291.2210  68.8350  1.70473746 43345
1 38858U 12055B   19272.89891482  .00000006  00000-0  00000-0 0  9991
2 38858  54.9414 168.9847 0001443 291.7027  68.3563  1.70473758 43352
1 38858U 12055B   19274.07208679  .00000002  00000-0  00000+0 0  9998
2 38858  54.9415 168.9524 0001409 291.9487  68.1133  1.70473773 43324
1 38858U 12055B   19279.93790751 -.00000020  00000-0  00000+0 0  9996
2 38858  54.9416 168.7908 0001187 293.5163  66.5379  1.70473909 43427
1 38858U 12055B   19281.69766690 -.00000010  00000-0  00000-0 0  9997
2 38858  54.9419 168.7422 0001131 293.8760  66.1839  1.70473935 43501
1 38858U 12055B   19283.45743518  .00000005  00000-0  00000+0 0  9999
2 38858  54.9420 168.6937 0001061 294.8743  65.1969  1.70473957 43481
1 38858U 12055B   19283.45743518  .00000005  00000-0  00000-0 0  9990
2 38858  54.9420 168.6937 0001061 294.8743  65.1969  1.70473957 43537
1 38858U 12055B   19285.80379636  .00000026  00000-0  00000+0 0  9999
2 38858  54.9422 168.6290 0000968 296.3168  63.7718  1.70473947 43528
1 38858U 12055B   19288.15014767  .00000041  00000-0  00000+0 0  9998
2 38858  54.9424 168.5644 0000895 297.6190  62.4808  1.70473901 43560
1 38858U 12055B   19288.73673238  .00000044  00000-0  00000-0 0  9990
2 38858  54.9425 168.5483 0000883 297.8346  62.2662  1.70473890 43624
1 38858U 12055B   19289.90989852  .00000046  00000-0  00000-0 0  9994
2 38858  54.9427 168.5160 0000848 299.1644  60.9360  1.70473857 43640
1 38858U 12055B   19291.08306021  .00000046  00000-0  00000+0 0  9996
2 38858  54.9428 168.4836 0000808 300.2827  59.8147  1.70473828 43618
1 38858U 12055B   19294.60254227  .00000036  00000-0  00000-0 0  9997
2 38858  54.9432 168.3866 0000695 304.6067  55.4797  1.70473762 43679
1 38858U 12055B   19295.77571089  .00000036  00000-0  00000-0 0  9994
2 38858  54.9433 168.3543 0000657 305.9768  54.1106  1.70473746 43742
1 38858U 12055B   19296.94888445  .00000039  00000-0  00000+0 0  9993
2 38858  54.9436 168.3219 0000620 307.0943  52.9972  1.70473741 43712
1 38858U 12055B   19298.12206118  .00000044  00000-0  00000-0 0  9993
2 38858  54.9438 168.2895 0000591 308.2900  51.8074  1.70473739 43781
1 38858U 12055B   19299.88182426  .00000048  00000-0  00000+0 0  9995
2 38858  54.9441 168.2411 0000546 310.5684  49.5367  1.70473750 43764
1 38858U 12055B   19300.46840988  .00000048  00000-0  00000-0 0  9997
2 38858  54.9442 168.2249 0000530 311.4161  48.6903  1.70473757 43827
1 38858U 12055B   19301.64157651  .00000044  00000-0  00000-0 0  9992
2 38858  54.9442 168.1925 0000493 312.7106  47.3956  1.70473772 43841
1 38858U 12055B   19302.81473776  .00000037  00000-0  00000+0 0  9992
2 38858  54.9445 168.1601 0000457 314.9577  45.1449  1.70473796 43817
1 38858U 12055B   19305.16105369  .00000024  00000-0  00000+0 0  9999
2 38858  54.9456 168.0954 0000374 324.3933  35.6982  1.70473850 43859
1 38858U 12055B   19308.09396010  .00000029  00000-0  00000+0 0  9994
2 38858  54.9462 168.0145 0000309 331.4739  28.6114  1.70473928 43900
1 38858U 12055B   19308.68054431  .00000033  00000-0  00000-0 0  9993
2 38858  54.9459 167.9983 0000303 330.6981  29.3879  1.70473942 43966
1 38858U 12055B   19313.37324215  .00000074  00000-0  00000+0 0  9999
2 38858  54.9458 167.8690 0000210 346.5755  13.5304  1.70473960 43992
1 38858U 12055B   19315.13299794  .00000085  00000-0  00000-0 0  9991
2 38858  54.9461 167.8205 0000194 352.6290   7.4808  1.70473924 44072
1 38858U 12055B   19315.71958034  .00000088  00000-0  00000+0 0  9996
2 38858  54.9462 167.8043 0000191 349.4985  10.6109  1.70473912 44038
1 38858U 12055B   19315.71958046  .00000088  00000-0  00000-0 0  9990
2 38858  54.9462 167.8043 0000192 349.8290  10.2804  1.70473909 44081
1 38858U 12055B   19317.47932246  .00000092  00000-0  00000-0 0  9994
2 38858  54.9466 167.7558 0000187 359.1734   0.9309  1.70473859 44110
1 38858U 12055B   19320.99878874  .00000083  00000-0  00000+0 0  9990
2 38858  54.9472 167.6588 0000183  24.6216 335.4617  1.70473772 44127
1 38858U 12055B   19322.75852990  .00000080  00000-0  00000-0 0  9995
2 38858  54.9476 167.6102 0000179  34.9320 325.1458  1.70473741 44202
1 38858U 12055B   19326.86462593  .00000089  00000-0  00000+0 0  9995
2 38858  54.9484 167.4970 0000181  56.3398 303.7450  1.70473725 44226
1 38858U 12055B   19329.79753166  .00000078  00000-0  00000+0 0  9997
2 38858  54.9489 167.4161 0000208  67.8295 292.2475  1.70473766 44275
1 38858U 12055B   19331.55726176  .00000064  00000-0  00000-0 0  9991
2 38858  54.9492 167.3676 0000221  76.6923 283.3720  1.70473796 44356
1 38858U 12055B   19332.14383843  .00000061  00000-0  00000+0 0  9993
2 38858  54.9493 167.3514 0000229  79.8091 280.2509  1.70473822 44314
1 38858U 12055B   19336.24989810  .00000066  00000-0  00000+0 0  9999
2 38858  54.9499 167.2383 0000231  87.5889 272.4555  1.70473907 44382
1 38858U 12055B   19336.83648274  .00000070  00000-0  00000-0 0  9996
2 38858  54.9502 167.2221 0000233  88.1133 271.9318  1.70473921 44443
1 38858U 12055B   19338.59624064  .00000084  00000-0  00000+0 0  9996
2 38858  54.9509 167.1736 0000251  93.9594 266.0901  1.70473925 44420
1 38858U 12055B   19338.59624064  .00000084  00000-0  00000-0 0  9997
2 38858  54.9509 167.1736 0000251  93.9594 266.0901  1.70473925 44475
1 38858U 12055B   19340.94258465  .00000100  00000-0  00000+0 0  9995
2 38858  54.9512 167.1089 0000261  98.4730 261.5826  1.70473898 44467
1 38858U 12055B   19342.11575244  .00000106  00000-0  00000-0 0  9990
2 38858  54.9512 167.0766 0000258 100.8686 259.1874  1.70473865 44530
1 38858U 12055B   19345.63522834  .00000108  00000-0  00000+0 0  9998
2 38858  54.9515 166.9796 0000248 104.1944 255.8460  1.70473768 44544
1 38858U 12055B   19346.80838092  .00000103  00000-0  00000-0 0  9990
2 38858  54.9518 166.9473 0000253 105.0342 254.9972  1.70473734 44616
1 38858U 12055B   19348.56811217  .00000095  00000-0  00000+0 0  9994
2 38858  54.9529 166.8987 0000263 106.2975 253.7215  1.70473683 44590
1 38858U 12055B   19349.74127188  .00000091  00000-0  00000-0 0  9999
2 38858  54.9531 166.8664 0000265 106.5651 253.4489  1.70473665 44669
1 38858U 12055B   19351.50102121  .00000091  00000-0  00000-0 0  9996
2 38858  54.9535 166.8179 0000268 111.5804 248.4322  1.70473636 44694
1 38858U 12055B   19351.50102128  .00000091  00000-0  00000+0 0  9992
2 38858  54.9535 166.8179 0000270 110.4232 249.5895  1.70473639 44645
1 38858U 12055B   19353.26077729  .00000093  00000-0  00000-0 0  9998
2 38858  54.9539 166.7694 0000256 114.6733 245.3420  1.70473631 44725
1 38858U 12055B   19353.84736209  .00000094  00000-0  00000+0 0  9997
2 38858  54.9540 166.7532 0000249 117.6392 242.3767  1.70473632 44681
1 38858U 12055B   19356.19369164  .00000084  00000-0  00000-0 0  9990
2 38858  54.9545 166.6887 0000254 118.7732 241.2385  1.70473649 44776
1 38858U 12055B   19356.19369180  .00000084  00000-0  00000+0 0  9997
2 38858  54.9545 166.6887 0000252 117.8890 242.1227  1.70473641 44721
1 38858U 12055B   19357.95342467  .00000068  00000-0  00000-0 0  9994
2 38858  54.9548 166.6402 0000262 122.2200 237.7801  1.70473677 44809
1 38858U 12055B   19358.54000086  .00000063  00000-0  00000+0 0  9992
2 38858  54.9549 166.6240 0000258 124.1206 235.8747  1.70473694 44764
1 38858U 12055B   19361.47288839  .00000047  00000-0  00000+0 0  9994
2 38858  54.9554 166.5432 0000250 134.9017 225.0738  1.70473757 44810
1 38858U 12055B   19362.64605054  .00000049  00000-0  00000-0 0  9999
2 38858  54.9557 166.5110 0000239 145.6162 214.3559  1.70473789 44887
1 38858U 12055B   19363.81921800  .00000054  00000-0  00000+0 0  9994
2 38858  54.9559 166.4786 0000234 150.8315 209.1406  1.70473813 44858
1 38858U 12055B   19364.40580370  .00000058  00000-0  00000-0 0  9998
2 38858  54.9560 166.4624 0000236 151.3800 208.5931  1.70473815 44913

