1 43058U 17079D   19001.06364752 -.00000068  00000-0  00000-0 0  9993
2 43058  56.6940 296.4032 0004771 268.8655  91.0824  1.70473449  6578
1 43058U 17079D   19002.82342024 -.00000064  00000-0  00000+0 0  9991
2 43058  56.6926 296.3552 0004718 269.2871  90.6634  1.70473495  6579
1 43058U 17079D   19002.86753481 -.00000064  00000-0  00000+0 0  9998
2 43058  56.6915 296.3557 0005380 264.9540 122.0717  1.70473528  6583
1 43058U 17079D   19004.58320308 -.00000055  00000-0  00000+0 0  9997
2 43058  56.6910 296.3072 0004644 269.7764  90.1827  1.70473553  6612
1 43058U 17079D   19005.16979905 -.00000052  00000-0  00000-0 0  9993
2 43058  56.6905 296.2912 0004625 269.8962  90.0666  1.70473551  6649
1 43058U 17079D   19007.51617918 -.00000041  00000-0  00000+0 0  9994
2 43058  56.6884 296.2272 0004574 270.2522  89.7254  1.70473622  6664
1 43058U 17079D   19007.51617918 -.00000041  00000-0  00000-0 0  9995
2 43058  56.6884 296.2272 0004574 270.2522  89.7254  1.70473622  6686
1 43058U 17079D   19008.10277350 -.00000039  00000-0  00000-0 0  9990
2 43058  56.6880 296.2112 0004563 270.3070  89.6738  1.70473626  6693
1 43058U 17079D   19008.68936783 -.00000037  00000-0  00000+0 0  9992
2 43058  56.6875 296.1952 0004538 270.4742  89.5097  1.70473625  6682
1 43058U 17079D   19008.98287736 -.00000036  00000-0  00000+0 0  9991
2 43058  56.6916 296.1885 0005150 265.3858 274.7270  1.70473428  6687
1 43058U 17079D   19010.44914630 -.00000031  00000-0  00000+0 0  9990
2 43058  56.6861 296.1472 0004472 270.7814  89.2082  1.70473576  6703
1 43058U 17079D   19012.20891435 -.00000028  00000-0  00000+0 0  9999
2 43058  56.6845 296.0992 0004405 270.9633  89.0275  1.70473591  6730
1 43058U 17079D   19015.14185608 -.00000026  00000-0  00000+0 0  9991
2 43058  56.6820 296.0190 0004305 271.2786  88.7089  1.70473497  6784
1 43058U 17079D   19015.72844639 -.00000026  00000-0  00000-0 0  9992
2 43058  56.6814 296.0030 0004274 271.3645  88.6229  1.70473455  6824
1 43058U 17079D   19018.66140355 -.00000021  00000-0  00000+0 0  9996
2 43058  56.6789 295.9227 0004147 272.0657  87.9286  1.70473426  6846
1 43058U 17079D   19019.83459230 -.00000019  00000-0  00000+0 0  9998
2 43058  56.6779 295.8906 0004106 272.2344  87.7659  1.70473409  6863
1 43058U 17079D   19022.76755972 -.00000023  00000-0  00000+0 0  9991
2 43058  56.6753 295.8103 0003993 272.7959  87.2165  1.70473385  6910
1 43058U 17079D   19025.11391191 -.00000037  00000-0  00000+0 0  9997
2 43058  56.6732 295.7460 0003913 273.1915  86.8184  1.70473450  6954
1 43058U 17079D   19025.11391191 -.00000037  00000-0  00000-0 0  9998
2 43058  56.6732 295.7460 0003913 273.1915  86.8184  1.70473450  6987
1 43058U 17079D   19028.63343101 -.00000049  00000-0  00000+0 0  9998
2 43058  56.6702 295.6497 0003810 273.9968  86.0036  1.70473559  7018
1 43058U 17079D   19029.80661184 -.00000046  00000-0  00000+0 0  9999
2 43058  56.6692 295.6176 0003754 274.3273  85.6743  1.70473601  7031
1 43058U 17079D   19031.56638990 -.00000037  00000-0  00000+0 0  9994
2 43058  56.6676 295.5694 0003688 274.5684  85.4398  1.70473664  7067
1 43058U 17079D   19032.15298370 -.00000033  00000-0  00000-0 0  9991
2 43058  56.6672 295.5534 0003674 274.6600  85.3512  1.70473680  7100
1 43058U 17079D   19033.91276813 -.00000024  00000-0  00000+0 0  9993
2 43058  56.6657 295.5053 0003624 274.8076  85.2138  1.70473686  7102
1 43058U 17079D   19034.49936110 -.00000021  00000-0  00000-0 0  9998
2 43058  56.6652 295.4893 0003604 274.8675  85.1572  1.70473728  7143
1 43058U 17079D   19035.67254742 -.00000016  00000-0  00000+0 0  9996
2 43058  56.6642 295.4572 0003576 274.9043  85.1258  1.70473731  7149
1 43058U 17079D   19036.84573076 -.00000012  00000-0  00000+0 0  9996
2 43058  56.6633 295.4252 0003525 275.0782  84.9557  1.70473747  7168
1 43058U 17079D   19043.88478442 -.00000001  00000-0  00000+0 0  9997
2 43058  56.6575 295.2325 0003275 274.9919  85.0345  1.70473594  7273
1 43058U 17079D   19043.88478442 -.00000001  00000-0  00000-0 0  9998
2 43058  56.6575 295.2325 0003275 274.9919  85.0345  1.70473594    18
1 43058U 17079D   19045.05796275  .00000001  00000-0  00000+0 0  9994
2 43058  56.6565 295.2004 0003236 275.0579  84.9697  1.70473608  7293
1 43058U 17079D   19046.23114264  .00000003  00000-0  00000+0 0  9999
2 43058  56.6556 295.1681 0003194 275.0994  84.9316  1.70473683  7311
1 43058U 17079D   19046.81773754  .00000005  00000-0  00000-0 0  9991
2 43058  56.6551 295.1521 0003175 275.1422  84.8910  1.70473602  7359
1 43058U 17079D   19049.16410583  .00000005  00000-0  00000+0 0  9999
2 43058  56.6532 295.0878 0003097 275.1372  84.9041  1.70473587  7379
1 43058U 17079D   19050.92387149 -.00000003  00000-0  00000+0 0  9995
2 43058  56.6517 295.0394 0003057 274.9239  85.1170  1.70473592  7394
1 43058U 17079D   19051.51045806 -.00000007  00000-0  00000-0 0  9997
2 43058  56.6512 295.0233 0003040 274.9334  85.1060  1.70473586  7435
1 43058U 17079D   19056.20313407 -.00000026  00000-0  00000+0 0  9993
2 43058  56.6466 294.8945 0002895 275.1356  84.8842  1.70473730  7484
1 43058U 17079D   19057.37631028 -.00000022  00000-0  00000+0 0  9990
2 43058  56.6465 294.8623 0002874 275.2490  84.7703  1.70473754  7507
1 43058U 17079D   19058.54949170 -.00000017  00000-0  00000+0 0  9994
2 43058  56.6441 294.8302 0002813 275.7323  84.2897  1.70473836  7520
1 43058U 17079D   19058.54949170 -.00000017  00000-0  00000-0 0  9995
2 43058  56.6441 294.8302 0002813 275.7323  84.2897  1.70473836  7553
1 43058U 17079D   19060.89585754 -.00000005  00000-0  00000+0 0  9996
2 43058  56.6420 294.7659 0002771 275.3947  84.6360  1.70473931  7561
1 43058U 17079D   19061.48245004 -.00000003  00000-0  00000-0 0  9992
2 43058  56.6415 294.7498 0002764 275.5123  84.5206  1.70473935  7603
1 43058U 17079D   19063.82881234  .00000005  00000-0  00000+0 0  9993
2 43058  56.6409 294.6855 0002700 274.3047  85.7340  1.70473922  7613
1 43058U 17079D   19066.17516096  .00000010  00000-0  00000+0 0  9991
2 43058  56.6388 294.6212 0002612 273.5869  86.4498  1.70473910  7654
1 43058U 17079D   19068.52149875  .00000012  00000-0  00000+0 0  9991
2 43058  56.6374 294.5571 0002562 272.5845  87.4433  1.70473858  7698
1 43058U 17079D   19070.86783746  .00000013  00000-0  00000+0 0  9993
2 43058  56.6356 294.4929 0002514 271.7893  88.2305  1.70473811  7736
1 43058U 17079D   19071.45442310  .00000013  00000-0  00000-0 0  9999
2 43058  56.6357 294.4767 0002524 271.7029  88.3156  1.70473811  7778
1 43058U 17079D   19072.04101016  .00000014  00000-0  00000+0 0  9990
2 43058  56.6353 294.4607 0002509 271.4713  88.5469  1.70473805  7757
1 43058U 17079D   19073.80077716  .00000017  00000-0  00000+0 0  9997
2 43058  56.6339 294.4124 0002475 271.2098  88.8104  1.70473796  7782
1 43058U 17079D   19073.80077716  .00000017  00000-0  00000-0 0  9998
2 43058  56.6339 294.4124 0002475 271.2098  88.8104  1.70473796  7816
1 43058U 17079D   19074.38736785  .00000018  00000-0  00000-0 0  9991
2 43058  56.6334 294.3963 0002457 270.8946  89.1271  1.70473773  7823
1 43058U 17079D   19075.56054882  .00000018  00000-0  00000+0 0  9992
2 43058  56.6325 294.3641 0002428 270.5229  89.5015  1.70473747  7815
1 43058U 17079D   19076.14713812  .00000017  00000-0  00000-0 0  9992
2 43058  56.6320 294.3481 0002423 270.3231  89.7020  1.70473749  7852
1 43058U 17079D   19077.32031352  .00000013  00000-0  00000+0 0  9990
2 43058  56.6311 294.3159 0002409 270.1229  89.9018  1.70473757  7840
1 43058U 17079D   19077.90689926  .00000010  00000-0  00000-0 0  9998
2 43058  56.6307 294.2998 0002396 269.7083  90.3150  1.70473760  7883
1 43058U 17079D   19079.08006662  .00000001  00000-0  00000+0 0  9998
2 43058  56.6298 294.2676 0002378 269.1026  90.9157  1.70473788  7878
1 43058U 17079D   19079.66664900 -.00000004  00000-0  00000-0 0  9992
2 43058  56.6298 294.2515 0002380 269.0029  91.0119  1.70473786  7918
1 43058U 17079D   19082.59955621 -.00000020  00000-0  00000-0 0  9999
2 43058  56.6276 294.1711 0002351 268.2199  91.7761  1.70473900  7961
1 43058U 17079D   19083.18614029 -.00000020  00000-0  00000+0 0  9998
2 43058  56.6271 294.1550 0002336 267.9367  92.0569  1.70473923  7946
1 43058U 17079D   19084.35931144 -.00000019  00000-0  00000+0 0  9996
2 43058  56.6263 294.1228 0002325 267.6190  92.3718  1.70473952  7961
1 43058U 17079D   19085.53248755 -.00000015  00000-0  00000+0 0  9992
2 43058  56.6255 294.0906 0002306 266.9990  92.9921  1.70473995  7984
1 43058U 17079D   19086.11907654 -.00000012  00000-0  00000-0 0  9995
2 43058  56.6251 294.0746 0002307 266.7788  93.2131  1.70474006  8023
1 43058U 17079D   19086.11907716 -.00000012  00000-0  00000-0 0  9994
2 43058  56.6250 294.0745 0002299 266.4490  93.5430  1.70474018  8026
1 43058U 17079D   19087.87884724 -.00000005  00000-0  00000+0 0  9992
2 43058  56.6235 294.0264 0002285 265.7041  94.2926  1.70474070  8020
1 43058U 17079D   19088.46543645 -.00000003  00000-0  00000-0 0  9991
2 43058  56.6231 294.0103 0002289 265.4923  94.5060  1.70474098  8064
1 43058U 17079D   19089.63861548  .00000000  00000-0  00000+0 0  9991
2 43058  56.6223 293.9782 0002286 264.8736  95.1273  1.70474124  8050
1 43058U 17079D   19090.22520453  .00000001  00000-0  00000-0 0  9997
2 43058  56.6219 293.9621 0002278 264.2644  95.7374  1.70474133  8092
1 43058U 17079D   19091.98496647  .00000004  00000-0  00000+0 0  9990
2 43058  56.6206 293.9140 0002258 263.1862  96.8152  1.70474113  8096
1 43058U 17079D   19092.57155182  .00000005  00000-0  00000-0 0  9994
2 43058  56.6202 293.8980 0002259 263.3139  96.6863  1.70474106  8137
1 43058U 17079D   19093.15813569  .00000005  00000-0  00000+0 0  9998
2 43058  56.6196 293.8819 0002246 262.8159  97.1826  1.70474122  8113
1 43058U 17079D   19094.91788552  .00000006  00000-0  00000+0 0  9997
2 43058  56.6184 293.8338 0002234 261.1286  98.8627  1.70474100  8142
1 43058U 17079D   19095.50446802  .00000006  00000-0  00000-0 0  9993
2 43058  56.6179 293.8178 0002236 260.9657  99.0227  1.70474091  8181
1 43058U 17079D   19097.85080100  .00000006  00000-0  00000+0 0  9997
2 43058  56.6162 293.7537 0002239 259.3838 100.5944  1.70474031  8196
1 43058U 17079D   19099.02397134  .00000006  00000-0  00000+0 0  9996
2 43058  56.6153 293.7216 0002239 258.6945 101.2812  1.70474013  8216
1 43058U 17079D   19099.61055846  .00000007  00000-0  00000-0 0  9994
2 43058  56.6149 293.7056 0002238 258.3053 101.6701  1.70473993  8250
1 43058U 17079D   19100.19714666  .00000007  00000-0  00000+0 0  9991
2 43058  56.6144 293.6895 0002235 257.9503 102.0252  1.70473969  8234
1 43058U 17079D   19100.78373559  .00000008  00000-0  00000-0 0  9990
2 43058  56.6139 293.6735 0002231 257.8154 102.1609  1.70473960  8270
1 43058U 17079D   19102.54350296  .00000009  00000-0  00000+0 0  9999
2 43058  56.6128 293.6253 0002233 255.8842 104.0955  1.70473941  8271
1 43058U 17079D   19103.13009075  .00000008  00000-0  00000-0 0  9991
2 43058  56.6124 293.6092 0002235 256.1393 103.8413  1.70473968  8315
1 43058U 17079D   19103.71667773  .00000006  00000-0  00000+0 0  9997
2 43058  56.6120 293.5932 0002242 255.5100 104.4708  1.70473984  8299
1 43058U 17079D   19105.47643534 -.00000004  00000-0  00000+0 0  9990
2 43058  56.6102 293.5450 0002250 254.9473 105.0303  1.70473969  8324
1 43058U 17079D   19106.06301768 -.00000008  00000-0  00000-0 0  9991
2 43058  56.6094 293.5290 0002263 254.3181 105.6568  1.70473990  8367
1 43058U 17079D   19108.40934182 -.00000028  00000-0  00000+0 0  9994
2 43058  56.6074 293.4648 0002280 253.7408 106.2187  1.70474025  8370
1 43058U 17079D   19108.99592307 -.00000031  00000-0  00000-0 0  9992
2 43058  56.6072 293.4487 0002290 253.3106 106.6450  1.70474030  8419
1 43058U 17079D   19109.58250390 -.00000034  00000-0  00000+0 0  9993
2 43058  56.6067 293.4327 0002300 253.1328 106.8192  1.70474072  8390
1 43058U 17079D   19110.16908655 -.00000035  00000-0  00000-0 0  9995
2 43058  56.6061 293.4166 0002299 252.9749 106.9744  1.70474081  8435
1 43058U 17079D   19112.51542827 -.00000033  00000-0  00000+0 0  9998
2 43058  56.6040 293.3524 0002319 252.0197 107.9257  1.70474173  8443
1 43058U 17079D   19113.10201693 -.00000031  00000-0  00000-0 0  9996
2 43058  56.6037 293.3364 0002327 251.7502 108.1961  1.70474174  8486
1 43058U 17079D   19113.68860623 -.00000029  00000-0  00000+0 0  9999
2 43058  56.6035 293.3204 0002339 251.1972 108.7504  1.70474199  8469
1 43058U 17079D   19113.68860623 -.00000029  00000-0  00000-0 0  9990
2 43058  56.6035 293.3204 0002339 251.1972 108.7504  1.70474199  8492
1 43058U 17079D   19114.86178626 -.00000025  00000-0  00000+0 0  9991
2 43058  56.6029 293.2883 0002361 250.5541 109.3970  1.70474226  8481
1 43058U 17079D   19116.62155400 -.00000020  00000-0  00000+0 0  9997
2 43058  56.6015 293.2402 0002395 249.7063 110.2501  1.70474294  8519
1 43058U 17079D   19117.79473104 -.00000019  00000-0  00000+0 0  9998
2 43058  56.6007 293.2082 0002414 249.1670 110.7915  1.70474305  8533
1 43058U 17079D   19120.14107503 -.00000017  00000-0  00000+0 0  9996
2 43058  56.5988 293.1441 0002449 247.7766 112.1803  1.70474309  8576
1 43058U 17079D   19121.31424274 -.00000016  00000-0  00000+0 0  9992
2 43058  56.5979 293.1121 0002466 247.0714 112.8821  1.70474295  8599
1 43058U 17079D   19121.31424318 -.00000016  00000-0  00000-0 0  9992
2 43058  56.5981 293.1122 0002477 246.7134 113.2400  1.70474277  8629
1 43058U 17079D   19122.48740883 -.00000017  00000-0  00000+0 0  9999
2 43058  56.5972 293.0801 0002492 246.3175 113.6314  1.70474271  8611
1 43058U 17079D   19122.48740883 -.00000017  00000-0  00000-0 0  9990
2 43058  56.5972 293.0801 0002492 246.3175 113.6314  1.70474271  8644
1 43058U 17079D   19126.59349843 -.00000016  00000-0  00000+0 0  9995
2 43058  56.5940 292.9681 0002601 244.1395 115.7987  1.70474168  8683
1 43058U 17079D   19127.18008607 -.00000015  00000-0  00000-0 0  9991
2 43058  56.5935 292.9521 0002608 244.0361 115.9026  1.70474159  8720
1 43058U 17079D   19128.35326365 -.00000014  00000-0  00000+0 0  9993
2 43058  56.5925 292.9201 0002621 243.7743 116.1671  1.70474156  8714
1 43058U 17079D   19131.87279439 -.00000020  00000-0  00000+0 0  9990
2 43058  56.5897 292.8240 0002726 242.3737 117.5749  1.70474158  8777
1 43058U 17079D   19133.04596392 -.00000028  00000-0  00000+0 0  9999
2 43058  56.5888 292.7920 0002761 242.1709 117.7753  1.70474167  8796
1 43058U 17079D   19134.21912886 -.00000038  00000-0  00000+0 0  9990
2 43058  56.5878 292.7600 0002788 241.9064 118.0346  1.70474175  8814
1 43058U 17079D   19134.80571063 -.00000043  00000-0  00000-0 0  9990
2 43058  56.5873 292.7439 0002797 241.9373 118.0005  1.70474174  8857
1 43058U 17079D   19137.15203699 -.00000057  00000-0  00000-0 0  9993
2 43058  56.5854 292.6799 0002866 241.5860 118.3393  1.70474221  8898
1 43058U 17079D   19137.15203700 -.00000057  00000-0  00000+0 0  9995
2 43058  56.5854 292.6799 0002863 241.6242 118.3012  1.70474220  8864
1 43058U 17079D   19138.91179129 -.00000058  00000-0  00000+0 0  9998
2 43058  56.5838 292.6319 0002923 241.1076 118.8148  1.70474299  8895
1 43058U 17079D   19139.49837886 -.00000056  00000-0  00000-0 0  9992
2 43058  56.5833 292.6159 0002929 241.0127 118.9104  1.70474308  8933
1 43058U 17079D   19140.08496678 -.00000054  00000-0  00000+0 0  9996
2 43058  56.5828 292.5999 0002944 240.9568 118.9676  1.70474336  8915
1 43058U 17079D   19140.67155600 -.00000052  00000-0  00000-0 0  9997
2 43058  56.5823 292.5839 0002963 240.8416 119.0847  1.70474364  8952
1 43058U 17079D   19141.25814636 -.00000050  00000-0  00000+0 0  9990
2 43058  56.5819 292.5679 0003001 240.5465 119.3820  1.70474393  8938
1 43058U 17079D   19142.43132806 -.00000046  00000-0  00000+0 0  9998
2 43058  56.5809 292.5359 0003022 240.4402 119.4939  1.70474399  8955
1 43058U 17079D   19143.60450877 -.00000043  00000-0  00000+0 0  9996
2 43058  56.5799 292.5039 0003063 240.3304 119.6088  1.70474436  8974
1 43058U 17079D   19144.19109830 -.00000042  00000-0  00000-0 0  9991
2 43058  56.5794 292.4879 0003087 240.1646 119.7768  1.70474456  9017
1 43058U 17079D   19146.53745119 -.00000040  00000-0  00000+0 0  9994
2 43058  56.5775 292.4240 0003157 239.6759 120.2703  1.70474445  9029
1 43058U 17079D   19148.29720645 -.00000038  00000-0  00000+0 0  9993
2 43058  56.5760 292.3760 0003208 239.1913 120.7535  1.70474449  9058
1 43058U 17079D   19148.88379009 -.00000038  00000-0  00000-0 0  9993
2 43058  56.5755 292.3600 0003233 239.0004 120.9432  1.70474444  9090
1 43058U 17079D   19153.57646654 -.00000035  00000-0  00000+0 0  9994
2 43058  56.5717 292.2321 0003411 238.1614 121.7754  1.70474370  9142
1 43058U 17079D   19154.74964354 -.00000033  00000-0  00000+0 0  9992
2 43058  56.5706 292.2001 0003441 238.1167 121.8230  1.70474350  9161
1 43058U 17079D   19155.33623363 -.00000032  00000-0  00000-0 0  9990
2 43058  56.5701 292.1841 0003469 238.0092 121.9328  1.70474323  9207
1 43058U 17079D   19156.50941433 -.00000030  00000-0  00000+0 0  9998
2 43058  56.5691 292.1521 0003497 237.9251 122.0223  1.70474315  9191
1 43058U 17079D   19156.50941433 -.00000030  00000-0  00000-0 0  9999
2 43058  56.5691 292.1521 0003497 237.9251 122.0223  1.70474315  9225
1 43058U 17079D   19158.26918500 -.00000031  00000-0  00000+0 0  9993
2 43058  56.5674 292.1041 0003560 237.8203 122.1342  1.70474272  9225
1 43058U 17079D   19159.44236060 -.00000036  00000-0  00000+0 0  9993
2 43058  56.5664 292.0720 0003584 237.8226 122.1339  1.70474272  9246
1 43058U 17079D   19160.61553072 -.00000044  00000-0  00000+0 0  9998
2 43058  56.5654 292.0400 0003627 237.8656 122.0894  1.70474268  9267
1 43058U 17079D   19161.20211202 -.00000049  00000-0  00000-0 0  9996
2 43058  56.5648 292.0240 0003653 237.8522 122.1010  1.70474313  9300
1 43058U 17079D   19161.78869370 -.00000053  00000-0  00000+0 0  9998
2 43058  56.5643 292.0080 0003684 237.9777 121.9730  1.70474335  9281
1 43058U 17079D   19162.96185656 -.00000062  00000-0  00000+0 0  9997
2 43058  56.5633 291.9760 0003722 238.0856 121.8600  1.70474370  9303
1 43058U 17079D   19164.13502194 -.00000068  00000-0  00000+0 0  9994
2 43058  56.5623 291.9439 0003741 238.1365 121.8048  1.70474376  9326
1 43058U 17079D   19165.89477522 -.00000069  00000-0  00000+0 0  9995
2 43058  56.5608 291.8959 0003815 238.2366 121.7027  1.70474476  9359
1 43058U 17079D   19168.82772403 -.00000058  00000-0  00000+0 0  9995
2 43058  56.5583 291.8159 0003897 238.2511 121.6997  1.70474516  9401
1 43058U 17079D   19168.82772403 -.00000058  00000-0  00000-0 0  9996
2 43058  56.5583 291.8159 0003897 238.2511 121.6997  1.70474516  9434
1 43058U 17079D   19170.00090734 -.00000054  00000-0  00000+0 0  9994
2 43058  56.5573 291.7839 0003968 238.2680 121.6894  1.70474525  9428
1 43058U 17079D   19170.58749781 -.00000052  00000-0  00000-0 0  9999
2 43058  56.5568 291.7679 0004015 238.2807 121.6800  1.70474560  9469
1 43058U 17079D   19172.93385631 -.00000047  00000-0  00000+0 0  9993
2 43058  56.5548 291.7040 0004100 238.3035 121.6671  1.70474583  9470
1 43058U 17079D   19175.86678649 -.00000043  00000-0  00000+0 0  9998
2 43058  56.5524 291.6239 0004195 238.1726 121.8000  1.70474576  9528
1 43058U 17079D   19177.62653979 -.00000041  00000-0  00000+0 0  9991
2 43058  56.5509 291.5759 0004251 238.1247 121.8455  1.70474536  9551
1 43058U 17079D   19178.79970792 -.00000039  00000-0  00000-0 0  9993
2 43058  56.5499 291.5440 0004315 238.2167 121.7519  1.70474515  9602
1 43058U 17079D   19178.79970836 -.00000039  00000-0  00000+0 0  9991
2 43058  56.5499 291.5439 0004293 238.2233 121.7455  1.70474523  9573
1 43058U 17079D   19179.38629444 -.00000039  00000-0  00000-0 0  9994
2 43058  56.5494 291.5279 0004336 238.2587 121.7098  1.70474462  9610
1 43058U 17079D   19181.14605402 -.00000035  00000-0  00000-0 0  9995
2 43058  56.5480 291.4798 0004383 238.3674 121.6037  1.70474479  9643
1 43058U 17079D   19181.14605446 -.00000035  00000-0  00000+0 0  9992
2 43058  56.5480 291.4798 0004379 238.3754 121.5957  1.70474472  9617
1 43058U 17079D   19182.31923268 -.00000031  00000-0  00000+0 0  9993
2 43058  56.5470 291.4478 0004418 238.4728 121.5028  1.70474457  9631
1 43058U 17079D   19183.49241460 -.00000028  00000-0  00000+0 0  9996
2 43058  56.5460 291.4158 0004446 238.4910 121.4908  1.70474417  9653
1 43058U 17079D   19185.25218604 -.00000026  00000-0  00000+0 0  9994
2 43058  56.5444 291.3677 0004514 238.6326 121.3582  1.70474375  9682
1 43058U 17079D   19185.25218604 -.00000026  00000-0  00000-0 0  9995
2 43058  56.5444 291.3677 0004514 238.6326 121.3582  1.70474375  9716
1 43058U 17079D   19186.42536377 -.00000029  00000-0  00000+0 0  9997
2 43058  56.5435 291.3356 0004544 238.7630 121.2312  1.70474361  9706
1 43058U 17079D   19187.59853403 -.00000035  00000-0  00000+0 0  9995
2 43058  56.5424 291.3035 0004613 239.0282 120.9658  1.70474372  9725
1 43058U 17079D   19188.77170148 -.00000043  00000-0  00000+0 0  9993
2 43058  56.5414 291.2714 0004636 239.1390 120.8523  1.70474367  9749
1 43058U 17079D   19189.35828298 -.00000048  00000-0  00000-0 0  9990
2 43058  56.5409 291.2553 0004674 239.2952 120.6937  1.70474373  9789
1 43058U 17079D   19195.81072697 -.00000048  00000-0  00000+0 0  9991
2 43058  56.5355 291.0789 0004881 240.2708 119.7187  1.70474503  9869
1 43058U 17079D   19196.39731806 -.00000045  00000-0  00000-0 0  9997
2 43058  56.5350 291.0629 0004906 240.3685 119.6244  1.70474525  9902
1 43058U 17079D   19198.15709109 -.00000039  00000-0  00000+0 0  9996
2 43058  56.5336 291.0148 0004971 240.5576 119.4454  1.70474562  9907
1 43058U 17079D   19200.50345057 -.00000033  00000-0  00000+0 0  9991
2 43058  56.5317 290.9506 0005048 240.8885 119.1232  1.70474503  9944
1 43058U 17079D   19201.67662171 -.00000031  00000-0  00000+0 0  9997
2 43058  56.5308 290.9186 0005101 240.9315 119.0814  1.70474551  9967
1 43058U 17079D   19202.26320599 -.00000030  00000-0  00000-0 0  9998
2 43058  56.5303 290.9026 0005110 241.0549 118.9580  1.70474583 10006
1 43058U 17079D   19205.19612756 -.00000024  00000-0  00000+0 0  9994
2 43058  56.5279 290.8224 0005197 241.1928 118.8158  1.70474514 10020
1 43058U 17079D   19210.47541164 -.00000008  00000-0  00000+0 0  9997
2 43058  56.5236 290.6778 0005361 241.9998 118.0168  1.70474381 10118
1 43058U 17079D   19211.06200225 -.00000006  00000-0  00000-0 0  9992
2 43058  56.5232 290.6618 0005375 242.0691 117.9504  1.70474363 10150
1 43058U 17079D   19212.23518257 -.00000004  00000-0  00000+0 0  9996
2 43058  56.5222 290.6296 0005421 242.3007 117.7239  1.70474328 10140
1 43058U 17079D   19212.82177185 -.00000004  00000-0  00000-0 0  9993
2 43058  56.5217 290.6135 0005433 242.4079 117.6188  1.70474320 10187
1 43058U 17079D   19212.82177275 -.00000004  00000-0  00000-0 0  9993
2 43058  56.5217 290.6136 0005453 242.5200 117.5064  1.70474270 10183
1 43058U 17079D   19215.16811547 -.00000014  00000-0  00000+0 0  9990
2 43058  56.5198 290.5493 0005511 242.8709 117.1558  1.70474295 10190
1 43058U 17079D   19218.10102295 -.00000032  00000-0  00000+0 0  9990
2 43058  56.5174 290.4688 0005604 243.5640 116.4488  1.70474294 10243
1 43058U 17079D   19218.68760481 -.00000034  00000-0  00000-0 0  9993
2 43058  56.5170 290.4527 0005619 243.6909 116.3195  1.70474299 10289
1 43058U 17079D   19222.20711688 -.00000028  00000-0  00000+0 0  9993
2 43058  56.5143 290.3562 0005726 244.4895 115.5203  1.70474465 10319
1 43058U 17079D   19222.20711688 -.00000028  00000-0  00000-0 0  9994
2 43058  56.5143 290.3562 0005726 244.4895 115.5203  1.70474465 10342
1 43058U 17079D   19225.14007083 -.00000015  00000-0  00000+0 0  9992
2 43058  56.5120 290.2759 0005811 244.9810 115.0419  1.70474425 10363
1 43058U 17079D   19226.31324932 -.00000012  00000-0  00000+0 0  9994
2 43058  56.5112 290.2437 0005845 245.2208 114.8061  1.70474441 10389
1 43058U 17079D   19227.48642480 -.00000010  00000-0  00000+0 0  9992
2 43058  56.5104 290.2116 0005868 245.3599 114.6694  1.70474445 10400
1 43058U 17079D   19232.17909746 -.00000001  00000-0  00000+0 0  9995
2 43058  56.5069 290.0832 0005978 245.9455 114.0750  1.70474405 10483
1 43058U 17079D   19233.35226395  .00000002  00000-0  00000+0 0  9998
2 43058  56.5061 290.0511 0006009 246.1311 113.8860  1.70474367 10508
1 43058U 17079D   19233.93884832  .00000003  00000-0  00000-0 0  9990
2 43058  56.5056 290.0349 0006026 246.2641 113.7517  1.70474330 10549
1 43058U 17079D   19236.28519436  .00000011  00000-0  00000+0 0  9994
2 43058  56.5039 289.9706 0006060 246.6417 113.3744  1.70474249 10555
1 43058U 17079D   19239.21813890  .00000020  00000-0  00000+0 0  9991
2 43058  56.5016 289.8901 0006113 247.2580 112.7668  1.70474194 10606
1 43058U 17079D   19242.15106967  .00000012  00000-0  00000+0 0  9999
2 43058  56.4993 289.8096 0006171 247.8711 112.1533  1.70474155 10657
1 43058U 17079D   19243.91081429 -.00000000  00000-0  00000+0 0  9997
2 43058  56.4979 289.7613 0006217 248.3544 111.6601  1.70474105 10684
1 43058U 17079D   19246.25713461 -.00000013  00000-0  00000-0 0  9990
2 43058  56.4962 289.6967 0006259 249.1089 110.8904  1.70474143 10753
1 43058U 17079D   19246.25713474 -.00000013  00000-0  00000+0 0  9993
2 43058  56.4962 289.6968 0006252 248.9894 111.0100  1.70474146 10729
1 43058U 17079D   19248.60347186 -.00000011  00000-0  00000+0 0  9995
2 43058  56.4945 289.6323 0006291 249.6519 110.3418  1.70474182 10768
1 43058U 17079D   19253.88277013  .00000005  00000-0  00000+0 0  9994
2 43058  56.4906 289.4875 0006376 250.7345 109.2713  1.70474269 10850
1 43058U 17079D   19255.05594305  .00000006  00000-0  00000+0 0  9992
2 43058  56.4898 289.4554 0006387 250.8818 109.1238  1.70474266 10872
1 43058U 17079D   19256.22911235  .00000007  00000-0  00000-0 0  9999
2 43058  56.4889 289.4233 0006413 251.2252 108.7779  1.70474257 10924
1 43058U 17079D   19256.22911339  .00000007  00000-0  00000+0 0  9993
2 43058  56.4890 289.4232 0006400 251.2268 108.7765  1.70474233 10893
1 43058U 17079D   19257.98886238  .00000009  00000-0  00000+0 0  9998
2 43058  56.4876 289.3751 0006424 251.4634 108.5333  1.70474205 10929
1 43058U 17079D   19258.57544419  .00000010  00000-0  00000-0 0  9999
2 43058  56.4874 289.3590 0006422 251.5228 108.4713  1.70474213 10960
1 43058U 17079D   19259.16202619  .00000011  00000-0  00000+0 0  9998
2 43058  56.4870 289.3429 0006425 251.5461 108.4454  1.70474213 10949
1 43058U 17079D   19260.92177408  .00000014  00000-0  00000+0 0  9994
2 43058  56.4856 289.2947 0006449 251.8677 108.1164  1.70474169 10973
1 43058U 17079D   19261.50835794  .00000015  00000-0  00000-0 0  9990
2 43058  56.4853 289.2786 0006456 251.9774 108.0049  1.70474152 11017
1 43058U 17079D   19263.26811490  .00000020  00000-0  00000+0 0  9997
2 43058  56.4842 289.2303 0006472 252.5374 107.4428  1.70474074 11018
1 43058U 17079D   19263.26811490  .00000020  00000-0  00000-0 0  9998
2 43058  56.4842 289.2303 0006472 252.5374 107.4428  1.70474074 11041
1 43058U 17079D   19263.85470288  .00000022  00000-0  00000-0 0  9991
2 43058  56.4838 289.2142 0006474 252.6785 107.3022  1.70474044 11053
1 43058U 17079D   19265.61446917  .00000027  00000-0  00000+0 0  9993
2 43058  56.4825 289.1659 0006479 253.1083 106.8757  1.70473991 11052
1 43058U 17079D   19266.20105812  .00000028  00000-0  00000-0 0  9997
2 43058  56.4819 289.1499 0006480 253.1513 106.8341  1.70473989 11097
1 43058U 17079D   19267.96082165  .00000026  00000-0  00000+0 0  9993
2 43058  56.4805 289.1016 0006485 253.5030 106.4837  1.70473950 11094
1 43058U 17079D   19269.13399059  .00000021  00000-0  00000+0 0  9992
2 43058  56.4796 289.0694 0006500 253.8010 106.1828  1.70473934 11115
1 43058U 17079D   19269.72057355  .00000017  00000-0  00000-0 0  9993
2 43058  56.4791 289.0533 0006502 254.0718 105.9091  1.70473909 11157
1 43058U 17079D   19271.48031520  .00000003  00000-0  00000+0 0  9999
2 43058  56.4778 289.0050 0006510 254.4005 105.5685  1.70473913 11158
1 43058U 17079D   19273.82663657 -.00000011  00000-0  00000+0 0  9991
2 43058  56.4760 288.9405 0006518 255.0969 104.8553  1.70473921 11194
1 43058U 17079D   19274.41321908 -.00000012  00000-0  00000-0 0  9999
2 43058  56.4756 288.9244 0006518 255.3946 104.5547  1.70473936 11239
1 43058U 17079D   19275.58638871 -.00000011  00000-0  00000+0 0  9996
2 43058  56.4748 288.8922 0006518 255.6948 104.2516  1.70473960 11226
1 43058U 17079D   19280.27909942 -.00000000  00000-0  00000+0 0  9996
2 43058  56.4708 288.7635 0006523 256.7451 103.2093  1.70474052 11300
1 43058U 17079D   19280.86568736  .00000000  00000-0  00000-0 0  9993
2 43058  56.4703 288.7474 0006527 256.8281 103.1269  1.70474060 11349
1 43058U 17079D   19280.86568802 -.00000000  00000-0  00000-0 0  9998
2 43058  56.4701 288.7474 0006522 256.9315 103.0235  1.70474049 11340
1 43058U 17079D   19285.55836832  .00000000  00000-0  00000+0 0  9998
2 43058  56.4663 288.6189 0006486 257.9858 101.9578  1.70473988 11394
1 43058U 17079D   19286.14495043  .00000000  00000-0  00000-0 0  9990
2 43058  56.4660 288.6029 0006484 258.0927 101.8481  1.70473994 11435
1 43058U 17079D   19286.73153325  .00000001  00000-0  00000+0 0  9999
2 43058  56.4655 288.5868 0006486 258.1822 101.7559  1.70473983 11417
1 43058U 17079D   19287.31811667  .00000002  00000-0  00000-0 0  9996
2 43058  56.4658 288.5708 0006490 258.1766 101.7589  1.70473956 11452
1 43058U 17079D   19287.90470010  .00000002  00000-0  00000+0 0  9993
2 43058  56.4653 288.5547 0006489 258.2910 101.6421  1.70473946 11439
1 43058U 17079D   19289.07786921  .00000004  00000-0  00000+0 0  9996
2 43058  56.4644 288.5226 0006484 258.5170 101.4129  1.70473925 11451
1 43058U 17079D   19290.83763108  .00000008  00000-0  00000+0 0  9998
2 43058  56.4631 288.4744 0006463 259.0623 100.8668  1.70473857 11485
1 43058U 17079D   19290.83763108  .00000008  00000-0  00000-0 0  9999
2 43058  56.4631 288.4744 0006463 259.0623 100.8668  1.70473857 11519
1 43058U 17079D   19294.35717004  .00000014  00000-0  00000+0 0  9990
2 43058  56.4604 288.3779 0006422 260.0295  99.9073  1.70473723 11541
1 43058U 17079D   19294.35717004  .00000014  00000-0  00000-0 0  9991
2 43058  56.4604 288.3779 0006422 260.0295  99.9073  1.70473723 11574
1 43058U 17079D   19295.53034478  .00000011  00000-0  00000-0 0  9996
2 43058  56.4594 288.3458 0006421 260.0844  99.8526  1.70473735 11592
1 43058U 17079D   19295.53034492  .00000011  00000-0  00000+0 0  9991
2 43058  56.4594 288.3458 0006417 260.2186  99.7183  1.70473723 11560
1 43058U 17079D   19297.29009890 -.00000001  00000-0  00000+0 0  9990
2 43058  56.4581 288.2975 0006406 260.5754  99.3558  1.70473708 11599
1 43058U 17079D   19297.87668098 -.00000006  00000-0  00000-0 0  9991
2 43058  56.4576 288.2814 0006404 260.7768  99.1508  1.70473701 11631
1 43058U 17079D   19299.63642471 -.00000021  00000-0  00000+0 0  9990
2 43058  56.4562 288.2331 0006388 261.3120  98.6032  1.70473685 11637
1 43058U 17079D   19301.39617133 -.00000030  00000-0  00000+0 0  9994
2 43058  56.4549 288.1849 0006364 261.8487  98.0564  1.70473717 11663
1 43058U 17079D   19302.56934346 -.00000031  00000-0  00000+0 0  9993
2 43058  56.4540 288.1527 0006345 262.2239  97.6783  1.70473711 11680
1 43058U 17079D   19302.56934346 -.00000031  00000-0  00000-0 0  9994
2 43058  56.4540 288.1527 0006345 262.2239  97.6783  1.70473711 11714
1 43058U 17079D   19303.15593081 -.00000030  00000-0  00000-0 0  9996
2 43058  56.4536 288.1366 0006344 262.2879  97.6142  1.70473725 11724
1 43058U 17079D   19305.50229199 -.00000025  00000-0  00000+0 0  9996
2 43058  56.4518 288.0724 0006319 262.8259  97.0819  1.70473764 11730
1 43058U 17079D   19307.26206556 -.00000022  00000-0  00000+0 0  9990
2 43058  56.4504 288.0242 0006302 263.2525  96.6614  1.70473803 11768
1 43058U 17079D   19307.26206559 -.00000022  00000-0  00000-0 0  9994
2 43058  56.4504 288.0242 0006296 263.3653  96.5487  1.70473820 11792
1 43058U 17079D   19308.43524535 -.00000023  00000-0  00000+0 0  9991
2 43058  56.4494 287.9921 0006285 263.5824  96.3342  1.70473833 11783
1 43058U 17079D   19310.19501050 -.00000024  00000-0  00000+0 0  9995
2 43058  56.4479 287.9438 0006234 264.2820  95.6351  1.70473822 11811
1 43058U 17079D   19311.36818349 -.00000025  00000-0  00000+0 0  9998
2 43058  56.4471 287.9117 0006210 264.5049  95.4101  1.70473797 11831
1 43058U 17079D   19312.54135301 -.00000025  00000-0  00000-0 0  9990
2 43058  56.4462 287.8797 0006183 264.7616  95.1501  1.70473807 11850
1 43058U 17079D   19314.30110737 -.00000023  00000-0  00000+0 0  9999
2 43058  56.4449 287.8316 0006152 265.0733  94.8328  1.70473786 11884
1 43058U 17079D   19314.88769356 -.00000023  00000-0  00000-0 0  9990
2 43058  56.4444 287.8156 0006138 265.2684  94.6361  1.70473757 11920
1 43058U 17079D   19315.47428070 -.00000022  00000-0  00000+0 0  9999
2 43058  56.4440 287.7995 0006121 265.5193  94.3842  1.70473719 11903
1 43058U 17079D   19317.23404384 -.00000018  00000-0  00000+0 0  9992
2 43058  56.4426 287.7514 0006089 265.9365  93.9666  1.70473685 11936
1 43058U 17079D   19317.82063291 -.00000017  00000-0  00000-0 0  9995
2 43058  56.4421 287.7353 0006085 265.9710  93.9331  1.70473687 11977
1 43058U 17079D   19319.58040797 -.00000012  00000-0  00000+0 0  9990
2 43058  56.4407 287.6872 0006036 266.5940  93.3163  1.70473618 11975
1 43058U 17079D   19324.85971492 -.00000025  00000-0  00000+0 0  9995
2 43058  56.4362 287.5428 0005927 268.1159  91.8017  1.70473510 12062
1 43058U 17079D   19324.85971505 -.00000025  00000-0  00000-0 0  9991
2 43058  56.4362 287.5428 0005929 268.0841  91.8335  1.70473508 12094
1 43058U 17079D   19327.20604877 -.00000044  00000-0  00000+0 0  9998
2 43058  56.4342 287.4785 0005877 268.9183  90.9875  1.70473519 12100
1 43058U 17079D   19328.37921828 -.00000050  00000-0  00000+0 0  9992
2 43058  56.4333 287.4464 0005847 269.3200  90.5810  1.70473522 12127
1 43058U 17079D   19329.55239276 -.00000052  00000-0  00000+0 0  9994
2 43058  56.4323 287.4142 0005815 269.7210  90.1784  1.70473533 12149
1 43058U 17079D   19329.55239276 -.00000052  00000-0  00000-0 0  9995
2 43058  56.4323 287.4142 0005815 269.7210  90.1784  1.70473533 12172
1 43058U 17079D   19330.72557336 -.00000050  00000-0  00000+0 0  9993
2 43058  56.4314 287.3822 0005787 270.0663  89.8351  1.70473540 12163
1 43058U 17079D   19331.89875731 -.00000047  00000-0  00000+0 0  9990
2 43058  56.4304 287.3500 0005768 270.3360  89.5700  1.70473569 12189
1 43058U 17079D   19331.89875759 -.00000047  00000-0  00000-0 0  9991
2 43058  56.4304 287.3500 0005756 270.4762  89.4301  1.70473583 12219
1 43058U 17079D   19334.24513101 -.00000042  00000-0  00000+0 0  9997
2 43058  56.4284 287.2859 0005720 270.9765  88.9423  1.70473651 12227
1 43058U 17079D   19337.76467645 -.00000043  00000-0  00000-0 0  9990
2 43058  56.4255 287.1896 0005611 272.0105  87.9185  1.70473714 12319
1 43058U 17079D   19338.35126808 -.00000043  00000-0  00000+0 0  9998
2 43058  56.4250 287.1736 0005587 272.1808  87.7483  1.70473634 12297
1 43058U 17079D   19338.35126808 -.00000043  00000-0  00000-0 0  9999
2 43058  56.4250 287.1736 0005587 272.1808  87.7483  1.70473634 12321
1 43058U 17079D   19339.52444163 -.00000043  00000-0  00000+0 0  9995
2 43058  56.4236 287.1415 0005548 272.4569  87.4713  1.70473672 12317
1 43058U 17079D   19339.52444163 -.00000043  00000-0  00000-0 0  9996
2 43058  56.4236 287.1415 0005548 272.4569  87.4713  1.70473672 12340
1 43058U 17079D   19341.87079027 -.00000039  00000-0  00000+0 0  9994
2 43058  56.4209 287.0774 0005478 272.9608  86.9646  1.70473641 12354
1 43058U 17079D   19343.63055639 -.00000035  00000-0  00000+0 0  9999
2 43058  56.4200 287.0293 0005436 273.3178  86.6082  1.70473605 12386
1 43058U 17079D   19344.21714740 -.00000033  00000-0  00000-0 0  9998
2 43058  56.4195 287.0132 0005414 273.5675  86.3598  1.70473579 12425
1 43058U 17079D   19346.56351868 -.00000024  00000-0  00000+0 0  9995
2 43058  56.4175 286.9491 0005338 274.2880  85.6500  1.70473513 12434
1 43058U 17079D   19347.15011345 -.00000022  00000-0  00000-0 0  9993
2 43058  56.4164 286.9330 0005307 274.6094  85.3324  1.70473494 12474
1 43058U 17079D   19348.90989571 -.00000018  00000-0  00000-0 0  9997
2 43058  56.4149 286.8849 0005252 275.1062  84.8459  1.70473458 12474
1 43058U 17079D   19351.84284649 -.00000029  00000-0  00000+0 0  9999
2 43058  56.4128 286.8046 0005189 275.8148  84.1419  1.70473408 12521
1 43058U 17079D   19355.94894574 -.00000053  00000-0  00000+0 0  9995
2 43058  56.4090 286.6921 0005066 277.3979  82.5462  1.70473444 12599
1 43058U 17079D   19357.12212347 -.00000053  00000-0  00000+0 0  9999
2 43058  56.4085 286.6599 0005030 277.6753  82.2696  1.70473481 12618
1 43058U 17079D   19358.88190150 -.00000048  00000-0  00000+0 0  9994
2 43058  56.4069 286.6117 0004978 278.1658  81.7863  1.70473504 12645
1 43058U 17079D   19360.64168491 -.00000042  00000-0  00000+0 0  9998
2 43058  56.4055 286.5635 0004948 278.4148  81.5484  1.70473539 12676
1 43058U 17079D   19361.22827937 -.00000041  00000-0  00000-0 0  9990
2 43058  56.4049 286.5475 0004924 278.6116  81.3556  1.70473576 12716
1 43058U 17079D   19364.74783324 -.00000039  00000-0  00000-0 0  9998
2 43058  56.4019 286.4511 0004814 279.5245  80.4572  1.70473633 12749
1 43058U 17079D   19364.74783324 -.00000039  00000-0  00000-0 0  9998
2 43058  56.4019 286.4511 0004814 279.5245  80.4572  1.70473633 12772

