1 43055U 17079A   19002.67695002 -.00000065  00000-0  00000+0 0  9999
2 43055  56.6941 296.3610 0002342 277.3395  82.6380  1.70473397  6570
1 43055U 17079A   19004.43673302 -.00000056  00000-0  00000-0 0  9995
2 43055  56.6925 296.3130 0002289 278.3395  81.6460  1.70473442  6603
1 43055U 17079A   19006.19652015 -.00000047  00000-0  00000+0 0  9997
2 43055  56.6910 296.2650 0002241 279.1974  80.7993  1.70473496  6636
1 43055U 17079A   19007.95630707 -.00000039  00000-0  00000-0 0  9998
2 43055  56.6896 296.2170 0002200 279.9401  80.0674  1.70473500  6662
1 43055U 17079A   19009.71608921 -.00000033  00000-0  00000+0 0  9990
2 43055  56.6881 296.1690 0002132 281.1022  78.9131  1.70473490  6695
1 43055U 17079A   19010.30268107 -.00000032  00000-0  00000-0 0  9995
2 43055  56.6876 296.1531 0002111 281.3883  78.6285  1.70473492  6708
1 43055U 17079A   19012.06245411 -.00000028  00000-0  00000+0 0  9997
2 43055  56.6860 296.1050 0002047 282.1655  77.8529  1.70473417  6733
1 43055U 17079A   19013.23563146 -.00000027  00000-0  00000-0 0  9995
2 43055  56.6849 296.0730 0002002 282.6492  77.3683  1.70473400  6759
1 43055U 17079A   19014.40880755 -.00000027  00000-0  00000+0 0  9992
2 43055  56.6839 296.0409 0001963 283.1654  76.8505  1.70473398  6777
1 43055U 17079A   19014.99539607 -.00000026  00000-0  00000-0 0  9993
2 43055  56.6834 296.0249 0001943 283.4148  76.6005  1.70473391  6780
1 43055U 17079A   19016.75516653 -.00000025  00000-0  00000+0 0  9993
2 43055  56.6819 295.9768 0001886 284.4618  75.5538  1.70473333  6815
1 43055U 17079A   19018.51494487 -.00000022  00000-0  00000-0 0  9997
2 43055  56.6803 295.9286 0001826 285.8350  74.1861  1.70473294  6848
1 43055U 17079A   19022.03451075 -.00000020  00000-0  00000+0 0  9992
2 43055  56.6772 295.8324 0001706 288.3741  71.6640  1.70473297  6901
1 43055U 17079A   19026.72721835 -.00000046  00000-0  00000+0 0  9994
2 43055  56.6730 295.7038 0001573 292.1116  67.9202  1.70473374  6983
1 43055U 17079A   19027.31380559 -.00000048  00000-0  00000-0 0  9997
2 43055  56.6725 295.6878 0001556 292.7504  67.2797  1.70473381  6997
1 43055U 17079A   19027.90039394 -.00000049  00000-0  00000-0 0  9991
2 43055  56.6720 295.6717 0001542 293.3003  66.7284  1.70473372  7008
1 43055U 17079A   19028.48698140 -.00000049  00000-0  00000-0 0  9995
2 43055  56.6715 295.6556 0001533 293.6827  66.3452  1.70473410  7017
1 43055U 17079A   19031.41993857 -.00000037  00000-0  00000+0 0  9991
2 43055  56.6691 295.5754 0001447 296.4560  63.5788  1.70473561  7061
1 43055U 17079A   19033.76631728 -.00000025  00000-0  00000+0 0  9994
2 43055  56.6671 295.5112 0001386 297.9746  62.0733  1.70473620  7106
1 43055U 17079A   19034.93950650 -.00000019  00000-0  00000-0 0  9996
2 43055  56.6661 295.4791 0001355 298.9048  61.1494  1.70473623  7128
1 43055U 17079A   19036.11269185 -.00000015  00000-0  00000+0 0  9999
2 43055  56.6652 295.4471 0001323 299.8267  60.2324  1.70473652  7147
1 43055U 17079A   19036.69928416 -.00000013  00000-0  00000-0 0  9990
2 43055  56.6647 295.4310 0001302 300.3537  59.7072  1.70473641  7150
1 43055U 17079A   19038.45905618 -.00000008  00000-0  00000+0 0  9998
2 43055  56.6633 295.3829 0001234 302.8281  57.2350  1.70473600  7186
1 43055U 17079A   19039.04564463 -.00000007  00000-0  00000-0 0  9993
2 43055  56.6629 295.3669 0001213 303.2407  56.8219  1.70473592  7195
1 43055U 17079A   19040.80540488 -.00000004  00000-0  00000+0 0  9996
2 43055  56.6614 295.3187 0001153 304.4255  55.6338  1.70473600  7224
1 43055U 17079A   19041.39199157 -.00000004  00000-0  00000-0 0  9995
2 43055  56.6610 295.3026 0001138 305.3158  54.7421  1.70473590  7239
1 43055U 17079A   19043.73834209 -.00000002  00000-0  00000+0 0  9996
2 43055  56.6590 295.2383 0001074 307.2496  52.8044  1.70473522  7275
1 43055U 17079A   19044.91152193  .00000000  00000-0  00000-0 0  9990
2 43055  56.6579 295.2061 0001040 307.1461  52.9087  1.70473482  7294
1 43055U 17079A   19046.08470438  .00000003  00000-0  00000+0 0  9997
2 43055  56.6570 295.1740 0001007 308.3396  51.7183  1.70473488  7314
1 43055U 17079A   19048.43107561  .00000006  00000-0  00000+0 0  9995
2 43055  56.6550 295.1097 0000941 311.2337  48.8331  1.70473463  7350
1 43055U 17079A   19049.60425796  .00000003  00000-0  00000-0 0  9996
2 43055  56.6541 295.0775 0000904 312.6624  47.4070  1.70473469  7378
1 43055U 17079A   19050.77743386 -.00000002  00000-0  00000+0 0  9993
2 43055  56.6541 295.0453 0000905 312.3035  47.7650  1.70473489  7396
1 43055U 17079A   19053.12377571 -.00000018  00000-0  00000+0 0  9991
2 43055  56.6512 294.9809 0000851 315.7259  44.3334  1.70473509  7432
1 43055U 17079A   19054.29694312 -.00000024  00000-0  00000-0 0  9993
2 43055  56.6503 294.9486 0000825 317.3706  42.6827  1.70473562  7458
1 43055U 17079A   19057.81646505 -.00000020  00000-0  00000-0 0  9991
2 43055  56.6475 294.8521 0000756 322.7851  37.2622  1.70473708  7511
1 43055U 17079A   19057.81646564 -.00000020  00000-0  00000+0 0  9995
2 43055  56.6475 294.8521 0000746 323.5517  36.4958  1.70473710  7514
1 43055U 17079A   19058.40305621 -.00000018  00000-0  00000-0 0  9995
2 43055  56.6470 294.8360 0000738 323.6595  36.3892  1.70473720  7526
1 43055U 17079A   19060.74942542 -.00000006  00000-0  00000+0 0  9990
2 43055  56.6452 294.7717 0000676 326.8911  33.1665  1.70473799  7562
1 43055U 17079A   19063.09579249  .00000003  00000-0  00000+0 0  9997
2 43055  56.6434 294.7075 0000621 330.2851  29.7801  1.70473817  7600
1 43055U 17079A   19063.68238142  .00000005  00000-0  00000-0 0  9999
2 43055  56.6429 294.6914 0000620 329.7269  30.3390  1.70473822  7618
1 43055U 17079A   19065.44214577  .00000008  00000-0  00000+0 0  9993
2 43055  56.6417 294.6433 0000573 333.5553  26.5102  1.70473819  7644
1 43055U 17079A   19067.78848653  .00000011  00000-0  00000+0 0  9994
2 43055  56.6399 294.5791 0000510 337.3124  22.7458  1.70473805  7687
1 43055U 17079A   19070.13482479  .00000012  00000-0  00000+0 0  9998
2 43055  56.6382 294.5148 0000452 340.4168  19.6321  1.70473751  7722
1 43055U 17079A   19071.30799758  .00000013  00000-0  00000-0 0  9991
2 43055  56.6373 294.4826 0000432 342.3611  17.6851  1.70473709  7747
1 43055U 17079A   19071.89458482  .00000014  00000-0  00000-0 0  9992
2 43055  56.6368 294.4665 0000421 343.7435  16.3022  1.70473706  7753
1 43055U 17079A   19072.48117396  .00000015  00000-0  00000+0 0  9994
2 43055  56.6364 294.4504 0000402 346.7472  13.2987  1.70473677  7768
1 43055U 17079A   19073.06776328  .00000016  00000-0  00000-0 0  9997
2 43055  56.6360 294.4343 0000382 349.0814  10.9652  1.70473676  7771
1 43055U 17079A   19074.82753525  .00000019  00000-0  00000+0 0  9998
2 43055  56.6346 294.3861 0000357 353.0947   6.9556  1.70473640  7806
1 43055U 17079A   19075.41412512  .00000018  00000-0  00000-0 0  9992
2 43055  56.6342 294.3700 0000344 355.3695   4.6822  1.70473656  7814
1 43055U 17079A   19076.00071430  .00000018  00000-0  00000-0 0  9998
2 43055  56.6337 294.3539 0000335 356.9771   3.0755  1.70473673  7828
1 43055U 17079A   19077.76047729  .00000010  00000-0  00000-0 0  9998
2 43055  56.6323 294.3057 0000318   0.0585 359.9928  1.70473679  7853
1 43055U 17079A   19077.76047735  .00000010  00000-0  00000+0 0  9994
2 43055  56.6323 294.3057 0000325 359.8787   0.1725  1.70473678  7859
1 43055U 17079A   19080.10681108 -.00000007  00000-0  00000+0 0  9991
2 43055  56.6304 294.2414 0000283   6.8407 353.1988  1.70473719  7897
1 43055U 17079A   19082.45313884 -.00000019  00000-0  00000+0 0  9997
2 43055  56.6286 294.1770 0000261  13.7853 346.2391  1.70473797  7930
1 43055U 17079A   19083.03972229 -.00000020  00000-0  00000-0 0  9999
2 43055  56.6282 294.1609 0000259  14.4309 345.5908  1.70473822  7944
1 43055U 17079A   19085.38606862 -.00000015  00000-0  00000+0 0  9999
2 43055  56.6265 294.0965 0000240  21.4204 338.5980  1.70473906  7980
1 43055U 17079A   19085.97265809 -.00000013  00000-0  00000-0 0  9995
2 43055  56.6260 294.0805 0000236  23.9604 336.0588  1.70473935  7994
1 43055U 17079A   19087.14583879 -.00000008  00000-0  00000-0 0  9990
2 43055  56.6252 294.0483 0000209  29.5723 330.4497  1.70473976  8017
1 43055U 17079A   19090.07878935  .00000001  00000-0  00000-0 0  9998
2 43055  56.6229 293.9680 0000177  46.8277 313.2015  1.70474022  8061
1 43055U 17079A   19090.07878937  .00000001  00000-0  00000+0 0  9999
2 43055  56.6230 293.9680 0000177  41.2619 318.7671  1.70474009  8065
1 43055U 17079A   19091.83855182  .00000004  00000-0  00000+0 0  9994
2 43055  56.6216 293.9199 0000169  58.8025 301.2266  1.70474030  8094
1 43055U 17079A   19091.83855182  .00000004  00000-0  00000-0 0  9995
2 43055  56.6216 293.9199 0000169  58.8025 301.2266  1.70474030  8094
1 43055U 17079A   19092.42513782  .00000005  00000-0  00000-0 0  9999
2 43055  56.6212 293.9039 0000173  66.2837 293.7444  1.70474028  8104
1 43055U 17079A   19094.77147444  .00000006  00000-0  00000+0 0  9997
2 43055  56.6196 293.8397 0000186  90.5111 269.5084  1.70473990  8142
1 43055U 17079A   19099.46414807  .00000007  00000-0  00000+0 0  9999
2 43055  56.6161 293.7114 0000246 122.5853 237.4176  1.70473912  8225
1 43055U 17079A   19100.63732466  .00000008  00000-0  00000-0 0  9997
2 43055  56.6150 293.6793 0000264 125.5928 234.4108  1.70473888  8247
1 43055U 17079A   19101.81050319  .00000009  00000-0  00000+0 0  9998
2 43055  56.6143 293.6472 0000290 129.6438 230.3620  1.70473879  8269
1 43055U 17079A   19102.98368223  .00000008  00000-0  00000-0 0  9993
2 43055  56.6134 293.6151 0000308 133.1603 226.8475  1.70473864  8281
1 43055U 17079A   19104.15685778  .00000005  00000-0  00000-0 0  9998
2 43055  56.6125 293.5830 0000328 137.1799 222.8283  1.70473873  8302
1 43055U 17079A   19104.15685789  .00000005  00000-0  00000+0 0  9999
2 43055  56.6125 293.5830 0000328 136.7505 223.2577  1.70473870  8300
1 43055U 17079A   19104.74344380  .00000001  00000-0  00000-0 0  9990
2 43055  56.6119 293.5669 0000337 138.4151 221.5922  1.70473881  8317
1 43055U 17079A   19107.67635723 -.00000022  00000-0  00000-0 0  9993
2 43055  56.6095 293.4867 0000375 146.9235 213.0686  1.70473919  8368
1 43055U 17079A   19107.67635740 -.00000022  00000-0  00000-0 0  9992
2 43055  56.6096 293.4867 0000374 145.7632 214.2290  1.70473912  8363
1 43055U 17079A   19109.43610037 -.00000033  00000-0  00000+0 0  9991
2 43055  56.6082 293.4385 0000399 149.9084 210.0720  1.70473971  8397
1 43055U 17079A   19110.60926618 -.00000036  00000-0  00000-0 0  9991
2 43055  56.6075 293.4064 0000407 151.6622 208.3129  1.70474008  8419
1 43055U 17079A   19111.78243749 -.00000035  00000-0  00000+0 0  9996
2 43055  56.6066 293.3743 0000434 153.6890 206.2839  1.70474051  8436
1 43055U 17079A   19113.54220180 -.00000029  00000-0  00000-0 0  9990
2 43055  56.6053 293.3262 0000464 157.0963 202.8785  1.70474121  8463
1 43055U 17079A   19114.12879204 -.00000027  00000-0  00000+0 0  9999
2 43055  56.6049 293.3102 0000476 158.2511 201.7253  1.70474139  8474
1 43055U 17079A   19114.71538133 -.00000025  00000-0  00000-0 0  9996
2 43055  56.6045 293.2941 0000490 159.7172 200.2609  1.70474168  8487
1 43055U 17079A   19114.71538191 -.00000025  00000-0  00000-0 0  9990
2 43055  56.6045 293.2942 0000502 160.9054 199.0727  1.70474174  8488
1 43055U 17079A   19117.06174087 -.00000020  00000-0  00000+0 0  9995
2 43055  56.6028 293.2300 0000540 164.4844 195.5004  1.70474215  8525
1 43055U 17079A   19117.06174097 -.00000020  00000-0  00000-0 0  9997
2 43055  56.6028 293.2301 0000542 164.6653 195.3196  1.70474218  8521
1 43055U 17079A   19118.82150380 -.00000018  00000-0  00000-0 0  9998
2 43055  56.6014 293.1820 0000595 167.2539 192.7323  1.70474241  8553
1 43055U 17079A   19121.16784371 -.00000016  00000-0  00000+0 0  9999
2 43055  56.5997 293.1180 0000662 169.3080 190.6735  1.70474213  8597
1 43055U 17079A   19121.75442733 -.00000016  00000-0  00000-0 0  9998
2 43055  56.5992 293.1020 0000670 169.8738 190.1055  1.70474197  8602
1 43055U 17079A   19122.34101067 -.00000017  00000-0  00000-0 0  9997
2 43055  56.5987 293.0860 0000691 170.4723 189.5047  1.70474188  8616
1 43055U 17079A   19124.10075841 -.00000017  00000-0  00000+0 0  9992
2 43055  56.5974 293.0380 0000756 173.4842 186.4857  1.70474185  8641
1 43055U 17079A   19126.44710075 -.00000016  00000-0  00000+0 0  9995
2 43055  56.5955 292.9740 0000822 176.1376 183.8281  1.70474089  8683
1 43055U 17079A   19128.79345502 -.00000014  00000-0  00000-0 0  9993
2 43055  56.5936 292.9100 0000875 178.0455 181.9247  1.70474079  8724
1 43055U 17079A   19128.79345537 -.00000014  00000-0  00000+0 0  9990
2 43055  56.5936 292.9099 0000872 177.8956 182.0746  1.70474070  8728
1 43055U 17079A   19132.31298584 -.00000023  00000-0  00000+0 0  9992
2 43055  56.5910 292.8138 0000969 182.3576 177.6178  1.70474056  8788
1 43055U 17079A   19135.83248024 -.00000051  00000-0  00000+0 0  9997
2 43055  56.5879 292.7178 0001035 185.7182 174.2410  1.70474118  8848
1 43055U 17079A   19136.41906186 -.00000054  00000-0  00000-0 0  9996
2 43055  56.5874 292.7018 0001042 185.9544 174.0017  1.70474135  8859
1 43055U 17079A   19137.59222792 -.00000058  00000-0  00000-0 0  9994
2 43055  56.5864 292.6698 0001067 187.0912 172.8603  1.70474167  8874
1 43055U 17079A   19138.17881223 -.00000058  00000-0  00000+0 0  9998
2 43055  56.5859 292.6538 0001095 188.0596 171.8905  1.70474213  8888
1 43055U 17079A   19141.69834473 -.00000049  00000-0  00000+0 0  9994
2 43055  56.5820 292.5579 0001197 190.8570 169.1010  1.70474331  8941
1 43055U 17079A   19143.45811709 -.00000044  00000-0  00000-0 0  9993
2 43055  56.5808 292.5099 0001241 192.3359 167.6302  1.70474366  8974
1 43055U 17079A   19144.04470717 -.00000043  00000-0  00000+0 0  9997
2 43055  56.5803 292.4939 0001255 192.6091 167.3593  1.70474376  8983
1 43055U 17079A   19144.04470723 -.00000043  00000-0  00000-0 0  9995
2 43055  56.5803 292.4939 0001268 192.8977 167.0707  1.70474383  8984
1 43055U 17079A   19146.39106058 -.00000040  00000-0  00000+0 0  9998
2 43055  56.5785 292.4299 0001325 194.1239 165.8498  1.70474403  9024
1 43055U 17079A   19148.73740215 -.00000038  00000-0  00000+0 0  9994
2 43055  56.5766 292.3659 0001394 195.1013 164.8701  1.70474385  9068
1 43055U 17079A   19151.08373700 -.00000037  00000-0  00000+0 0  9996
2 43055  56.5748 292.3020 0001491 196.8915 163.0741  1.70474350  9109
1 43055U 17079A   19152.84349274 -.00000036  00000-0  00000-0 0  9990
2 43055  56.5733 292.2541 0001557 198.1761 161.7875  1.70474307  9135
1 43055U 17079A   19154.60325734 -.00000033  00000-0  00000+0 0  9997
2 43055  56.5720 292.2060 0001599 199.1003 160.8665  1.70474264  9165
1 43055U 17079A   19156.36302801 -.00000030  00000-0  00000-0 0  9990
2 43055  56.5705 292.1581 0001645 200.0813 159.8928  1.70474248  9193
1 43055U 17079A   19157.53620674 -.00000030  00000-0  00000+0 0  9990
2 43055  56.5695 292.1261 0001679 200.8370 159.1424  1.70474300  9215
1 43055U 17079A   19157.53620674 -.00000030  00000-0  00000-0 0  9991
2 43055  56.5695 292.1261 0001679 200.8370 159.1424  1.70474300  9215
1 43055U 17079A   19161.05572969 -.00000047  00000-0  00000+0 0  9993
2 43055  56.5664 292.0300 0001790 203.3632 156.6178  1.70474223  9275
1 43055U 17079A   19162.22889395 -.00000057  00000-0  00000-0 0  9999
2 43055  56.5654 291.9980 0001826 204.2492 155.7270  1.70474247  9291
1 43055U 17079A   19163.40205755 -.00000065  00000-0  00000+0 0  9990
2 43055  56.5644 291.9659 0001856 205.1053 154.8657  1.70474278  9315
1 43055U 17079A   19165.16180786 -.00000069  00000-0  00000-0 0  9996
2 43055  56.5629 291.9180 0001917 206.6200 153.3462  1.70474350  9347
1 43055U 17079A   19166.33498241 -.00000068  00000-0  00000+0 0  9992
2 43055  56.5619 291.8859 0001935 206.9434 153.0238  1.70474346  9365
1 43055U 17079A   19170.44111609 -.00000053  00000-0  00000+0 0  9993
2 43055  56.5586 291.7739 0002063 209.4166 150.5707  1.70474496  9434
1 43055U 17079A   19171.61429760 -.00000050  00000-0  00000-0 0  9991
2 43055  56.5576 291.7419 0002099 210.1406 149.8526  1.70474517  9459
1 43055U 17079A   19172.20088691 -.00000049  00000-0  00000-0 0  9999
2 43055  56.5571 291.7259 0002127 210.4224 149.5732  1.70474533  9464
1 43055U 17079A   19173.37406275 -.00000047  00000-0  00000+0 0  9997
2 43055  56.5561 291.6938 0002155 210.8333 149.1658  1.70474572  9480
1 43055U 17079A   19174.54723999 -.00000045  00000-0  00000-0 0  9991
2 43055  56.5551 291.6619 0002191 211.1603 148.8402  1.70474479  9501
1 43055U 17079A   19175.72041003 -.00000044  00000-0  00000+0 0  9999
2 43055  56.5541 291.6299 0002230 211.4769 148.5233  1.70474494  9522
1 43055U 17079A   19177.48016005 -.00000041  00000-0  00000-0 0  9996
2 43055  56.5526 291.5818 0002294 212.0544 147.9434  1.70474549  9559
1 43055U 17079A   19179.23991558 -.00000039  00000-0  00000+0 0  9992
2 43055  56.5511 291.5337 0002372 213.0210 146.9748  1.70474460  9589
1 43055U 17079A   19180.41308968 -.00000036  00000-0  00000-0 0  9999
2 43055  56.5501 291.5017 0002393 213.4029 146.5939  1.70474418  9602
1 43055U 17079A   19181.58626567 -.00000033  00000-0  00000+0 0  9992
2 43055  56.5491 291.4697 0002441 214.2129 145.7869  1.70474388  9628
1 43055U 17079A   19182.17285564 -.00000031  00000-0  00000-0 0  9995
2 43055  56.5486 291.4537 0002456 214.4539 145.5482  1.70474367  9635
1 43055U 17079A   19183.34603733 -.00000028  00000-0  00000-0 0  9993
2 43055  56.5476 291.4216 0002473 214.6933 145.3150  1.70474357  9658
1 43055U 17079A   19184.51921909 -.00000026  00000-0  00000+0 0  9998
2 43055  56.5466 291.3896 0002517 215.4558 144.5587  1.70474328  9676
1 43055U 17079A   19190.38507445 -.00000054  00000-0  00000+0 0  9996
2 43055  56.5415 291.2291 0002675 218.3475 141.6645  1.70474323  9772
1 43055U 17079A   19190.97165639 -.00000057  00000-0  00000-0 0  9990
2 43055  56.5410 291.2131 0002705 218.9887 141.0208  1.70474335  9780
1 43055U 17079A   19192.73140989 -.00000060  00000-0  00000+0 0  9990
2 43055  56.5395 291.1650 0002735 219.6057 140.4008  1.70474350  9819
1 43055U 17079A   19193.90458444 -.00000057  00000-0  00000-0 0  9995
2 43055  56.5383 291.1329 0002769 220.2062 139.8020  1.70474383  9834
1 43055U 17079A   19194.49117337 -.00000054  00000-0  00000-0 0  9990
2 43055  56.5377 291.1169 0002788 220.5343 139.4758  1.70474405  9845
1 43055U 17079A   19195.07776336 -.00000052  00000-0  00000+0 0  9992
2 43055  56.5370 291.1009 0002805 220.8039 139.2089  1.70474427  9856
1 43055U 17079A   19196.83753682 -.00000043  00000-0  00000-0 0  9997
2 43055  56.5356 291.0528 0002877 221.7092 138.3134  1.70474487  9883
1 43055U 17079A   19198.01071948 -.00000039  00000-0  00000+0 0  9991
2 43055  56.5343 291.0207 0002883 221.7728 138.2570  1.70474504  9902
1 43055U 17079A   19199.18389985 -.00000036  00000-0  00000-0 0  9991
2 43055  56.5334 290.9887 0002931 222.3908 137.6443  1.70474525  9922
1 43055U 17079A   19202.70342234 -.00000029  00000-0  00000+0 0  9991
2 43055  56.5310 290.8926 0003034 223.5535 136.4864  1.70474506  9982
1 43055U 17079A   19204.46317666 -.00000026  00000-0  00000-0 0  9995
2 43055  56.5293 290.8445 0003064 223.7901 136.2474  1.70474449 10017
1 43055U 17079A   19205.04976047 -.00000024  00000-0  00000+0 0  9991
2 43055  56.5292 290.8284 0003107 224.2804 135.7557  1.70474435 10025
1 43055U 17079A   19207.39610014 -.00000019  00000-0  00000+0 0  9994
2 43055  56.5271 290.7642 0003173 225.0562 134.9782  1.70474397 10064
1 43055U 17079A   19208.56927532 -.00000015  00000-0  00000-0 0  9997
2 43055  56.5261 290.7321 0003203 225.5322 134.5042  1.70474362 10089
1 43055U 17079A   19209.74245418 -.00000011  00000-0  00000-0 0  9990
2 43055  56.5252 290.6999 0003231 226.0125 134.0280  1.70474326 10109
1 43055U 17079A   19212.08881579 -.00000004  00000-0  00000-0 0  9997
2 43055  56.5232 290.6357 0003290 226.9754 133.0760  1.70474276 10147
1 43055U 17079A   19213.84858144 -.00000007  00000-0  00000-0 0  9997
2 43055  56.5220 290.5874 0003354 228.0758 131.9795  1.70474219 10170
1 43055U 17079A   19216.78149702 -.00000025  00000-0  00000+0 0  9995
2 43055  56.5209 290.5069 0003442 229.5448 130.5018  1.70474253 10220
1 43055U 17079A   19219.12782499 -.00000035  00000-0  00000-0 0  9994
2 43055  56.5189 290.4426 0003481 230.2815 129.7545  1.70474256 10265
1 43055U 17079A   19219.71440920 -.00000035  00000-0  00000-0 0  9999
2 43055  56.5185 290.4265 0003501 230.8690 129.1653  1.70474255 10276
1 43055U 17079A   19222.06075763 -.00000028  00000-0  00000+0 0  9991
2 43055  56.5166 290.3622 0003537 231.5682 128.4685  1.70474305 10317
1 43055U 17079A   19224.40711967 -.00000018  00000-0  00000+0 0  9993
2 43055  56.5139 290.2981 0003594 232.4742 127.5728  1.70474339 10353
1 43055U 17079A   19224.40711967 -.00000018  00000-0  00000-0 0  9994
2 43055  56.5139 290.2981 0003594 232.4742 127.5728  1.70474339 10353
1 43055U 17079A   19224.99370995 -.00000016  00000-0  00000-0 0  9998
2 43055  56.5135 290.2820 0003610 232.7215 127.3281  1.70474356 10360
1 43055U 17079A   19226.16688927 -.00000012  00000-0  00000-0 0  9992
2 43055  56.5126 290.2499 0003651 233.3297 126.7240  1.70474373 10383
1 43055U 17079A   19228.51323868 -.00000008  00000-0  00000+0 0  9997
2 43055  56.5110 290.1856 0003695 234.0278 126.0289  1.70474374 10429
1 43055U 17079A   19230.85957629 -.00000004  00000-0  00000-0 0  9992
2 43055  56.5092 290.1214 0003739 234.5606 125.4914  1.70474330 10469
1 43055U 17079A   19232.61932538 -.00000000  00000-0  00000-0 0  9996
2 43055  56.5078 290.0732 0003770 234.9149 125.1316  1.70474316 10498
1 43055U 17079A   19233.79249143  .00000003  00000-0  00000-0 0  9991
2 43055  56.5069 290.0410 0003809 235.5246 124.5186  1.70474307 10510
1 43055U 17079A   19236.72542691  .00000012  00000-0  00000+0 0  9990
2 43055  56.5047 289.9606 0003844 236.3762 123.6680  1.70474177 10560
1 43055U 17079A   19237.31201649  .00000015  00000-0  00000-0 0  9995
2 43055  56.5042 289.9446 0003851 236.6036 123.4423  1.70474149 10575
1 43055U 17079A   19239.07178541  .00000020  00000-0  00000+0 0  9999
2 43055  56.5029 289.8963 0003875 237.2407 122.8109  1.70474105 10608
1 43055U 17079A   19240.83154858  .00000018  00000-0  00000-0 0  9998
2 43055  56.5015 289.8479 0003903 237.9060 122.1483  1.70474093 10636
1 43055U 17079A   19241.41813498  .00000016  00000-0  00000+0 0  9992
2 43055  56.5010 289.8318 0003910 238.0970 121.9566  1.70474065 10642
1 43055U 17079A   19243.17788295  .00000005  00000-0  00000-0 0  9992
2 43055  56.4996 289.7835 0003954 239.2116 120.8347  1.70474044 10675
1 43055U 17079A   19245.52420490 -.00000010  00000-0  00000+0 0  9999
2 43055  56.4978 289.7190 0003986 240.2265 119.8041  1.70474040 10711
1 43055U 17079A   19246.11078642 -.00000013  00000-0  00000-0 0  9997
2 43055  56.4974 289.7029 0003988 240.2986 119.7287  1.70474047 10729
1 43055U 17079A   19250.21688754 -.00000005  00000-0  00000+0 0  9994
2 43055  56.4946 289.5901 0004035 241.8564 118.1673  1.70474146 10797
1 43055U 17079A   19253.14983554  .00000004  00000-0  00000+0 0  9993
2 43055  56.4924 289.5097 0004079 242.9028 117.1291  1.70474179 10841
1 43055U 17079A   19253.73642326  .00000005  00000-0  00000-0 0  9999
2 43055  56.4920 289.4936 0004086 242.9824 117.0505  1.70474188 10858
1 43055U 17079A   19255.49618254  .00000006  00000-0  00000+0 0  9997
2 43055  56.4909 289.4454 0004099 243.6706 116.3615  1.70474197 10888
1 43055U 17079A   19257.84251819  .00000009  00000-0  00000+0 0  9991
2 43055  56.4892 289.3812 0004111 244.1948 115.8299  1.70474155 10926
1 43055U 17079A   19260.18884827  .00000012  00000-0  00000+0 0  9997
2 43055  56.4876 289.3169 0004138 244.8196 115.1945  1.70474097 10964
1 43055U 17079A   19260.77543146  .00000014  00000-0  00000-0 0  9991
2 43055  56.4870 289.3008 0004145 244.9743 115.0375  1.70474094 10971
1 43055U 17079A   19260.77543168  .00000014  00000-0  00000-0 0  9995
2 43055  56.4871 289.3008 0004148 245.1010 114.9108  1.70474080 10972
1 43055U 17079A   19263.12177235  .00000019  00000-0  00000+0 0  9999
2 43055  56.4854 289.2365 0004166 245.8756 114.1318  1.70474016 11012
1 43055U 17079A   19265.46812741  .00000027  00000-0  00000+0 0  9995
2 43055  56.4837 289.1721 0004166 246.7275 113.2834  1.70473925 11059
1 43055U 17079A   19267.22789390  .00000028  00000-0  00000-0 0  9996
2 43055  56.4823 289.1238 0004166 247.2882 112.7258  1.70473893 11088
1 43055U 17079A   19268.98765216  .00000022  00000-0  00000+0 0  9994
2 43055  56.4810 289.0755 0004176 247.8503 112.1613  1.70473856 11116
1 43055U 17079A   19270.74739914  .00000009  00000-0  00000-0 0  9993
2 43055  56.4795 289.0272 0004183 248.6082 111.3935  1.70473816 11148
1 43055U 17079A   19274.26688307 -.00000012  00000-0  00000+0 0  9997
2 43055  56.4768 288.9305 0004180 250.3500 109.6271  1.70473853 11206
1 43055U 17079A   19275.44005305 -.00000011  00000-0  00000-0 0  9999
2 43055  56.4759 288.8982 0004175 250.8315 109.1423  1.70473862 11225
1 43055U 17079A   19277.19981687 -.00000007  00000-0  00000+0 0  9993
2 43055  56.4746 288.8499 0004175 251.6152 108.3592  1.70473900 11256
1 43055U 17079A   19280.13276476 -.00000000  00000-0  00000+0 0  9997
2 43055  56.4724 288.7695 0004181 252.4593 107.5220  1.70473964 11309
1 43055U 17079A   19280.13276558 -.00000000  00000-0  00000-0 0  9999
2 43055  56.4725 288.7695 0004180 252.6039 107.3774  1.70473950 11303
1 43055U 17079A   19281.89252971 -.00000000  00000-0  00000-0 0  9996
2 43055  56.4712 288.7213 0004177 253.1456 106.8365  1.70473950 11333
1 43055U 17079A   19282.47911600 -.00000000  00000-0  00000+0 0  9991
2 43055  56.4707 288.7052 0004172 253.4288 106.5526  1.70473957 11343
1 43055U 17079A   19283.06570135 -.00000000  00000-0  00000-0 0  9992
2 43055  56.4704 288.6892 0004163 253.6532 106.3271  1.70473961 11356
1 43055U 17079A   19283.65228627 -.00000000  00000-0  00000-0 0  9993
2 43055  56.4700 288.6731 0004157 253.8476 106.1309  1.70473953 11368
1 43055U 17079A   19284.82545435 -.00000000  00000-0  00000+0 0  9991
2 43055  56.4691 288.6410 0004146 254.1710 105.8030  1.70473931 11389
1 43055U 17079A   19285.41203747  .00000000  00000-0  00000-0 0  9994
2 43055  56.4687 288.6250 0004144 254.1980 105.7734  1.70473926 11398
1 43055U 17079A   19285.99862061  .00000000  00000-0  00000-0 0  9997
2 43055  56.4683 288.6089 0004140 254.4578 105.5108  1.70473914 11408
1 43055U 17079A   19287.17178693  .00000001  00000-0  00000+0 0  9990
2 43055  56.4674 288.5768 0004137 254.7033 105.2599  1.70473893 11425
1 43055U 17079A   19287.75837086  .00000002  00000-0  00000-0 0  9994
2 43055  56.4670 288.5608 0004133 254.8342 105.1267  1.70473879 11430
1 43055U 17079A   19288.34495569  .00000003  00000-0  00000-0 0  9997
2 43055  56.4665 288.5447 0004132 255.0277 104.9311  1.70473848 11448
1 43055U 17079A   19290.10471379  .00000006  00000-0  00000+0 0  9999
2 43055  56.4652 288.4966 0004118 255.7021 104.2538  1.70473800 11472
1 43055U 17079A   19292.45107170  .00000013  00000-0  00000+0 0  9992
2 43055  56.4634 288.4323 0004087 256.7232 103.2362  1.70473709 11516
1 43055U 17079A   19294.79743138  .00000013  00000-0  00000+0 0  9991
2 43055  56.4616 288.3680 0004062 257.6248 102.3395  1.70473653 11559
1 43055U 17079A   19294.79743202  .00000013  00000-0  00000-0 0  9994
2 43055  56.4616 288.3680 0004061 257.5541 102.4101  1.70473642 11557
1 43055U 17079A   19295.97060552  .00000009  00000-0  00000-0 0  9990
2 43055  56.4607 288.3359 0004052 258.0832 101.8801  1.70473647 11576
1 43055U 17079A   19297.14377540  .00000000  00000-0  00000+0 0  9999
2 43055  56.4597 288.3037 0004044 258.6399 101.3191  1.70473609 11599
1 43055U 17079A   19298.31694079 -.00000010  00000-0  00000-0 0  9991
2 43055  56.4588 288.2716 0004034 259.2238 100.7279  1.70473581 11612
1 43055U 17079A   19299.49010291 -.00000020  00000-0  00000+0 0  9999
2 43055  56.4578 288.2394 0004021 259.8081 100.1352  1.70473595 11634
1 43055U 17079A   19301.83643554 -.00000030  00000-0  00000+0 0  9996
2 43055  56.4560 288.1751 0003988 260.9198  99.0110  1.70473606 11679
1 43055U 17079A   19301.83643554 -.00000030  00000-0  00000-0 0  9997
2 43055  56.4560 288.1751 0003988 260.9198  99.0110  1.70473606 11679
1 43055U 17079A   19302.42302189 -.00000031  00000-0  00000-0 0  9990
2 43055  56.4555 288.1590 0003977 261.1454  98.7842  1.70473617 11681
1 43055U 17079A   19304.18278789 -.00000028  00000-0  00000+0 0  9998
2 43055  56.4542 288.1107 0003948 262.0637  97.8671  1.70473681 11717
1 43055U 17079A   19305.35597077 -.00000025  00000-0  00000-0 0  9990
2 43055  56.4533 288.0786 0003937 262.3973  97.5371  1.70473690 11739
1 43055U 17079A   19307.11574593 -.00000022  00000-0  00000+0 0  9990
2 43055  56.4519 288.0304 0003917 263.1206  96.8201  1.70473718 11763
1 43055U 17079A   19309.46210475 -.00000023  00000-0  00000+0 0  9997
2 43055  56.4499 287.9662 0003878 264.0830  95.8616  1.70473747 11800
1 43055U 17079A   19310.04869241 -.00000024  00000-0  00000-0 0  9996
2 43055  56.4495 287.9502 0003869 264.2481  95.6962  1.70473747 11816
1 43055U 17079A   19314.15479299 -.00000023  00000-0  00000+0 0  9990
2 43055  56.4462 287.8379 0003784 265.5979  94.3357  1.70473683 11883
1 43055U 17079A   19315.91455134 -.00000021  00000-0  00000-0 0  9996
2 43055  56.4448 287.7898 0003756 266.1079  93.8220  1.70473661 11912
1 43055U 17079A   19321.78046457 -.00000009  00000-0  00000-0 0  9998
2 43055  56.4401 287.6293 0003616 269.1215  90.8249  1.70473454 12019
1 43055U 17079A   19322.95364533 -.00000013  00000-0  00000-0 0  9991
2 43055  56.4392 287.5972 0003592 269.7128  90.2357  1.70473431 12034
1 43055U 17079A   19324.12682100 -.00000020  00000-0  00000+0 0  9992
2 43055  56.4382 287.5651 0003565 270.5389  89.4083  1.70473411 12052
1 43055U 17079A   19325.88657508 -.00000034  00000-0  00000-0 0  9996
2 43055  56.4367 287.5169 0003549 271.1919  88.7479  1.70473391 12088
1 43055U 17079A   19327.05974191 -.00000043  00000-0  00000+0 0  9996
2 43055  56.4357 287.4847 0003520 271.9535  87.9800  1.70473411 12105
1 43055U 17079A   19328.81949784 -.00000051  00000-0  00000-0 0  9991
2 43055  56.4343 287.4365 0003478 273.0006  86.9266  1.70473430 12132
1 43055U 17079A   19329.99267488 -.00000052  00000-0  00000+0 0  9995
2 43055  56.4333 287.4044 0003453 273.6409  86.2860  1.70473445 12152
1 43055U 17079A   19331.75245030 -.00000048  00000-0  00000-0 0  9997
2 43055  56.4318 287.3562 0003418 274.4519  85.4806  1.70473475 12188
1 43055U 17079A   19332.33904443 -.00000046  00000-0  00000+0 0  9999
2 43055  56.4314 287.3402 0003400 274.7938  85.1417  1.70473492 12191
1 43055U 17079A   19334.09882621 -.00000042  00000-0  00000-0 0  9994
2 43055  56.4299 287.2920 0003369 275.5703  84.3749  1.70473534 12220
1 43055U 17079A   19336.44519595 -.00000042  00000-0  00000-0 0  9992
2 43055  56.4279 287.2279 0003314 276.7666  83.1877  1.70473566 12264
1 43055U 17079A   19337.61837557 -.00000043  00000-0  00000-0 0  9994
2 43055  56.4269 287.1958 0003279 277.3657  82.5903  1.70473583 12287
1 43055U 17079A   19338.20496435 -.00000043  00000-0  00000-0 0  9996
2 43055  56.4264 287.1798 0003259 277.5461  82.4101  1.70473583 12297
1 43055U 17079A   19338.79155274 -.00000043  00000-0  00000+0 0  9992
2 43055  56.4259 287.1637 0003238 278.0000  81.9560  1.70473582 12309
1 43055U 17079A   19339.96472887 -.00000042  00000-0  00000-0 0  9994
2 43055  56.4249 287.1316 0003205 278.4238  81.5309  1.70473544 12320
1 43055U 17079A   19341.13790304 -.00000041  00000-0  00000+0 0  9991
2 43055  56.4239 287.0996 0003175 278.8799  81.0732  1.70473544 12341
1 43055U 17079A   19343.48425705 -.00000035  00000-0  00000+0 0  9994
2 43055  56.4220 287.0355 0003120 279.9056  80.0472  1.70473507 12381
1 43055U 17079A   19344.07084736 -.00000033  00000-0  00000-0 0  9994
2 43055  56.4215 287.0194 0003108 280.1524  79.8014  1.70473500 12398
1 43055U 17079A   19348.17700329 -.00000019  00000-0  00000+0 0  9995
2 43055  56.4178 286.9071 0002989 282.4966  77.4782  1.70473388 12467
1 43055U 17079A   19349.35019156 -.00000018  00000-0  00000-0 0  9997
2 43055  56.4168 286.8750 0002959 283.2467  76.7342  1.70473343 12488
1 43055U 17079A   19351.10996377 -.00000024  00000-0  00000+0 0  9998
2 43055  56.4152 286.8269 0002921 284.2584  75.7260  1.70473326 12519
1 43055U 17079A   19351.69655202 -.00000028  00000-0  00000-0 0  9996
2 43055  56.4147 286.8108 0002910 284.6194  75.3645  1.70473317 12528
1 43055U 17079A   19353.45630953 -.00000041  00000-0  00000+0 0  9992
2 43055  56.4131 286.7626 0002870 285.7715  74.2070  1.70473322 12550
1 43055U 17079A   19354.04289461 -.00000045  00000-0  00000-0 0  9997
2 43055  56.4126 286.7465 0002854 286.1544  73.8218  1.70473325 12565
1 43055U 17079A   19354.62948150 -.00000048  00000-0  00000-0 0  9991
2 43055  56.4121 286.7304 0002840 286.6024  73.3716  1.70473287 12571
1 43055U 17079A   19355.80265404 -.00000053  00000-0  00000+0 0  9991
2 43055  56.4110 286.6983 0002808 287.4485  72.5227  1.70473326 12599
1 43055U 17079A   19356.97583113 -.00000053  00000-0  00000-0 0  9991
2 43055  56.4100 286.6661 0002789 288.3167  71.6547  1.70473369 12611
1 43055U 17079A   19360.49539392 -.00000042  00000-0  00000+0 0  9990
2 43055  56.4070 286.5698 0002697 290.5618  69.4276  1.70473454 12675
1 43055U 17079A   19362.25517759 -.00000039  00000-0  00000-0 0  9996
2 43055  56.4056 286.5216 0002669 291.5175  68.4826  1.70473490 12707
1 43055U 17079A   19364.01495537 -.00000039  00000-0  00000+0 0  9990
2 43055  56.4040 286.4734 0002620 292.7772  67.2299  1.70473523 12738
1 43055U 17079A   19365.18813575 -.00000038  00000-0  00000-0 0  9995
2 43055  56.4030 286.4413 0002578 293.5738  66.4354  1.70473545 12753
1 43055U 17079A   19365.77472516 -.00000038  00000-0  00000-0 0  9996
2 43055  56.4025 286.4252 0002553 294.0562  65.9535  1.70473547 12760

