1 40889U 15045A   19002.31236121 -.00000067  00000-0  00000-0 0  9999
2 40889  56.5792 296.7198 0004031 357.5351   2.4656  1.70474417 20598
1 40889U 15045A   19004.07213126 -.00000059  00000-0  00000+0 0  9994
2 40889  56.5775 296.6717 0004064 358.4084   1.5992  1.70474465 20624
1 40889U 15045A   19005.24531487 -.00000052  00000-0  00000-0 0  9991
2 40889  56.5764 296.6396 0004080 358.9214   1.0931  1.70474496 20647
1 40889U 15045A   19007.00509288 -.00000044  00000-0  00000+0 0  9991
2 40889  56.5755 296.5914 0004119   0.0607 359.9656  1.70474511 20676
1 40889U 15045A   19007.00509308 -.00000044  00000-0  00000-0 0  9995
2 40889  56.5755 296.5914 0004119   0.0833 359.9430  1.70474510 20676
1 40889U 15045A   19008.17827646 -.00000039  00000-0  00000-0 0  9996
2 40889  56.5745 296.5593 0004139   0.6836 359.3497  1.70474515 20693
1 40889U 15045A   19008.76486591 -.00000037  00000-0  00000-0 0  9999
2 40889  56.5738 296.5433 0004130   0.5033 359.5325  1.70474517 20703
1 40889U 15045A   19011.11122104 -.00000031  00000-0  00000+0 0  9992
2 40889  56.5725 296.4790 0004162   1.9135 358.1289  1.70474486 20740
1 40889U 15045A   19012.87097908 -.00000028  00000-0  00000-0 0  9996
2 40889  56.5710 296.4309 0004184   2.9984 357.0440  1.70474443 20770
1 40889U 15045A   19015.21731870 -.00000027  00000-0  00000+0 0  9998
2 40889  56.5689 296.3665 0004208   4.1404 355.8992  1.70474381 20811
1 40889U 15045A   19015.80390433 -.00000027  00000-0  00000-0 0  9990
2 40889  56.5684 296.3504 0004215   4.3962 355.6431  1.70474372 20824
1 40889U 15045A   19020.49662031 -.00000019  00000-0  00000-0 0  9998
2 40889  56.5643 296.2216 0004294   7.0474 353.0084  1.70474285 20901
1 40889U 15045A   19022.84297846 -.00000024  00000-0  00000+0 0  9992
2 40889  56.5622 296.1572 0004328   8.1051 351.9592  1.70474291 20945
1 40889U 15045A   19025.18931803 -.00000039  00000-0  00000+0 0  9996
2 40889  56.5601 296.0928 0004363   9.0652 350.9965  1.70474327 20989
1 40889U 15045A   19025.18931803 -.00000039  00000-0  00000-0 0  9997
2 40889  56.5601 296.0928 0004363   9.0652 350.9965  1.70474327 20989
1 40889U 15045A   19027.53564928 -.00000049  00000-0  00000+0 0  9998
2 40889  56.5580 296.0283 0004410  10.0058 350.0483  1.70474395 21021
1 40889U 15045A   19028.70881755 -.00000050  00000-0  00000-0 0  9991
2 40889  56.5569 295.9960 0004429  10.2369 349.8155  1.70474425 21043
1 40889U 15045A   19032.22836338 -.00000034  00000-0  00000+0 0  9991
2 40889  56.5537 295.8996 0004595  16.3683 343.6994  1.70474287 21102
1 40889U 15045A   19034.57473539 -.00000022  00000-0  00000+0 0  9998
2 40889  56.5532 295.8352 0004698  19.6859 340.3977  1.70474336 21142
1 40889U 15045A   19035.74789411 -.00000017  00000-0  00000+0 0  9991
2 40889  56.5508 295.8032 0004522  13.3668 346.7157  1.70474646 21161
1 40889U 15045A   19037.50765831 -.00000011  00000-0  00000-0 0  9992
2 40889  56.5499 295.7549 0004542  14.4029 345.6844  1.70474642 21197
1 40889U 15045A   19039.85399872 -.00000006  00000-0  00000+0 0  9993
2 40889  56.5482 295.6905 0004553  15.6793 344.4072  1.70474597 21231
1 40889U 15045A   19042.20033186 -.00000004  00000-0  00000+0 0  9997
2 40889  56.5459 295.6260 0004559  16.9110 343.1703  1.70474538 21278
1 40889U 15045A   19044.54667221 -.00000001  00000-0  00000+0 0  9996
2 40889  56.5440 295.5615 0004585  18.2681 341.8120  1.70474476 21312
1 40889U 15045A   19046.89302656  .00000004  00000-0  00000+0 0  9996
2 40889  56.5420 295.4970 0004620  19.7669 340.3203  1.70474429 21353
1 40889U 15045A   19050.41255007 -.00000001  00000-0  00000+0 0  9994
2 40889  56.5389 295.4002 0004640  20.0012 340.0936  1.70474445 21417
1 40889U 15045A   19054.51861788 -.00000026  00000-0  00000-0 0  9996
2 40889  56.5356 295.2870 0004686  21.3047 338.7734  1.70474574 21484
1 40889U 15045A   19054.51861858 -.00000026  00000-0  00000+0 0  9993
2 40889  56.5355 295.2871 0004682  21.4038 338.6744  1.70474561 21487
1 40889U 15045A   19056.86494908 -.00000025  00000-0  00000+0 0  9990
2 40889  56.5337 295.2225 0004715  22.1593 337.9130  1.70474647 21522
1 40889U 15045A   19057.45153436 -.00000023  00000-0  00000-0 0  9993
2 40889  56.5333 295.2064 0004716  22.1782 337.8943  1.70474660 21537
1 40889U 15045A   19059.21129681 -.00000014  00000-0  00000+0 0  9993
2 40889  56.5319 295.1580 0004697  23.0891 336.9880  1.70474740 21564
1 40889U 15045A   19059.79788539 -.00000011  00000-0  00000-0 0  9997
2 40889  56.5314 295.1418 0004695  23.3002 336.7791  1.70474757 21572
1 40889U 15045A   19061.55765134 -.00000003  00000-0  00000+0 0  9990
2 40889  56.5301 295.0935 0004688  23.8801 336.2063  1.70474800 21605
1 40889U 15045A   19061.55765134 -.00000003  00000-0  00000-0 0  9991
2 40889  56.5301 295.0935 0004688  23.8801 336.2063  1.70474800 21605
1 40889U 15045A   19062.14423934 -.00000001  00000-0  00000-0 0  9994
2 40889  56.5297 295.0774 0004687  24.0930 335.9955  1.70474809 21611
1 40889U 15045A   19063.31741306  .00000003  00000-0  00000-0 0  9991
2 40889  56.5289 295.0450 0004678  24.5989 335.4925  1.70474821 21630
1 40889U 15045A   19063.90399944  .00000004  00000-0  00000+0 0  9993
2 40889  56.5284 295.0289 0004693  24.7117 335.3804  1.70474812 21643
1 40889U 15045A   19063.90399975  .00000004  00000-0  00000-0 0  9998
2 40889  56.5283 295.0290 0004712  24.7791 335.3131  1.70474808 21642
1 40889U 15045A   19068.01007880  .00000011  00000-0  00000+0 0  9993
2 40889  56.5245 294.9163 0004695  26.6078 333.4760  1.70474765 21713
1 40889U 15045A   19069.76982132  .00000011  00000-0  00000-0 0  9999
2 40889  56.5235 294.8679 0004683  27.3490 332.7279  1.70474732 21740
1 40889U 15045A   19070.94298553  .00000012  00000-0  00000+0 0  9998
2 40889  56.5225 294.8357 0004676  27.6923 332.3812  1.70474702 21766
1 40889U 15045A   19071.52956734  .00000013  00000-0  00000-0 0  9997
2 40889  56.5219 294.8196 0004667  27.7669 332.3056  1.70474706 21773
1 40889U 15045A   19073.87590833  .00000017  00000-0  00000+0 0  9994
2 40889  56.5212 294.7550 0004661  28.1182 331.9559  1.70474661 21816
1 40889U 15045A   19076.22225506  .00000016  00000-0  00000+0 0  9997
2 40889  56.5191 294.6905 0004652  28.9219 331.1571  1.70474640 21851
1 40889U 15045A   19077.39542341  .00000012  00000-0  00000-0 0  9992
2 40889  56.5179 294.6583 0004646  29.2421 330.8364  1.70474649 21878
1 40889U 15045A   19077.98200576  .00000008  00000-0  00000-0 0  9993
2 40889  56.5171 294.6421 0004636  29.6070 330.4701  1.70474657 21885
1 40889U 15045A   19081.50147823 -.00000017  00000-0  00000-0 0  9992
2 40889  56.5140 294.5451 0004676  29.9851 330.0716  1.70474759 21949
1 40889U 15045A   19081.50147914 -.00000017  00000-0  00000+0 0  9992
2 40889  56.5145 294.5452 0004670  29.7308 330.3257  1.70474731 21947
1 40889U 15045A   19082.08805637 -.00000019  00000-0  00000-0 0  9992
2 40889  56.5143 294.5289 0004676  29.8523 330.2006  1.70474775 21959
1 40889U 15045A   19083.26121632 -.00000021  00000-0  00000-0 0  9992
2 40889  56.5135 294.4966 0004676  30.0446 330.0028  1.70474821 21975
1 40889U 15045A   19084.43438055 -.00000019  00000-0  00000+0 0  9998
2 40889  56.5128 294.4643 0004674  30.1034 329.9414  1.70474851 21992
1 40889U 15045A   19086.19413564 -.00000013  00000-0  00000-0 0  9996
2 40889  56.5115 294.4161 0004614  31.2257 328.8207  1.70474939 22026
1 40889U 15045A   19088.54048312 -.00000004  00000-0  00000-0 0  9992
2 40889  56.5097 294.3517 0004578  31.7914 328.2613  1.70474996 22065
1 40889U 15045A   19089.12706923 -.00000002  00000-0  00000-0 0  9994
2 40889  56.5093 294.3356 0004571  31.8516 328.2026  1.70475013 22074
1 40889U 15045A   19091.47340858  .00000003  00000-0  00000+0 0  9995
2 40889  56.5075 294.2713 0004543  32.4014 327.6549  1.70475022 22117
1 40889U 15045A   19091.47340858  .00000003  00000-0  00000-0 0  9996
2 40889  56.5075 294.2713 0004543  32.4014 327.6549  1.70475022 22117
1 40889U 15045A   19093.81973521  .00000005  00000-0  00000+0 0  9996
2 40889  56.5057 294.2069 0004509  33.2731 326.7775  1.70475002 22151
1 40889U 15045A   19095.57947383  .00000005  00000-0  00000-0 0  9999
2 40889  56.5044 294.1587 0004459  34.1060 325.9366  1.70474965 22187
1 40889U 15045A   19096.16605315  .00000005  00000-0  00000+0 0  9990
2 40889  56.5040 294.1426 0004451  34.2592 325.7806  1.70474961 22192
1 40889U 15045A   19098.51237490  .00000005  00000-0  00000-0 0  9997
2 40889  56.5023 294.0783 0004392  34.9682 325.0629  1.70474902 22235
1 40889U 15045A   19098.51237509  .00000005  00000-0  00000+0 0  9997
2 40889  56.5022 294.0783 0004395  35.0110 325.0202  1.70474906 22236
1 40889U 15045A   19100.27212398  .00000007  00000-0  00000-0 0  9996
2 40889  56.5009 294.0299 0004372  35.2875 324.7426  1.70474870 22265
1 40889U 15045A   19102.03188046  .00000008  00000-0  00000+0 0  9994
2 40889  56.4995 293.9815 0004324  36.0676 323.9657  1.70474851 22294
1 40889U 15045A   19103.20505147  .00000007  00000-0  00000-0 0  9999
2 40889  56.4986 293.9493 0004290  36.5744 323.4609  1.70474842 22314
1 40889U 15045A   19104.96480114 -.00000001  00000-0  00000+0 0  9993
2 40889  56.4972 293.9012 0004221  37.2333 322.8007  1.70474855 22344
1 40889U 15045A   19105.55138206 -.00000005  00000-0  00000-0 0  9996
2 40889  56.4967 293.8851 0004206  37.4116 322.6205  1.70474856 22352
1 40889U 15045A   19106.72453936 -.00000015  00000-0  00000-0 0  9997
2 40889  56.4962 293.8528 0004262  36.5118 323.5140  1.70474878 22376
1 40889U 15045A   19107.31111617 -.00000020  00000-0  00000-0 0  9996
2 40889  56.4957 293.8366 0004245  36.5307 323.4911  1.70474899 22380
1 40889U 15045A   19109.07084763 -.00000032  00000-0  00000-0 0  9995
2 40889  56.4942 293.7883 0004209  36.7115 323.2983  1.70474951 22416
1 40889U 15045A   19110.83058482 -.00000036  00000-0  00000-0 0  9994
2 40889  56.4928 293.7402 0004174  36.9166 323.0849  1.70475023 22449
1 40889U 15045A   19110.83058549 -.00000036  00000-0  00000+0 0  9997
2 40889  56.4928 293.7400 0004192  36.8366 323.1650  1.70474991 22442
1 40889U 15045A   19113.17691736 -.00000031  00000-0  00000+0 0  9993
2 40889  56.4911 293.6757 0004113  37.3364 322.6644  1.70475118 22488
1 40889U 15045A   19113.17691736 -.00000031  00000-0  00000-0 0  9994
2 40889  56.4911 293.6757 0004113  37.3364 322.6644  1.70475118 22488
1 40889U 15045A   19114.35008960 -.00000027  00000-0  00000-0 0  9991
2 40889  56.4903 293.6436 0004101  37.3455 322.6584  1.70475141 22503
1 40889U 15045A   19115.52326262 -.00000023  00000-0  00000+0 0  9994
2 40889  56.4894 293.6115 0004069  37.4905 322.5172  1.70475172 22528
1 40889U 15045A   19115.52326262 -.00000023  00000-0  00000-0 0  9995
2 40889  56.4894 293.6115 0004069  37.4905 322.5172  1.70475172 22528
1 40889U 15045A   19117.86960449 -.00000019  00000-0  00000+0 0  9999
2 40889  56.4875 293.5473 0004008  37.7982 322.2148  1.70475215 22566
1 40889U 15045A   19119.04277113 -.00000018  00000-0  00000-0 0  9990
2 40889  56.4865 293.5152 0003975  38.1024 321.9108  1.70475217 22589
1 40889U 15045A   19120.21593398 -.00000017  00000-0  00000+0 0  9995
2 40889  56.4856 293.4830 0003962  38.2348 321.7766  1.70475215 22606
1 40889U 15045A   19120.80251449 -.00000017  00000-0  00000-0 0  9999
2 40889  56.4851 293.4670 0003943  38.4555 321.5543  1.70475209 22619
1 40889U 15045A   19122.56225347 -.00000017  00000-0  00000+0 0  9991
2 40889  56.4837 293.4188 0003897  38.7731 321.2302  1.70475178 22642
1 40889U 15045A   19122.56225347 -.00000017  00000-0  00000-0 0  9992
2 40889  56.4837 293.4188 0003897  38.7731 321.2302  1.70475178 22642
1 40889U 15045A   19125.49515388 -.00000017  00000-0  00000+0 0  9993
2 40889  56.4814 293.3385 0003805  39.3388 320.6548  1.70475125 22691
1 40889U 15045A   19127.84148824 -.00000015  00000-0  00000+0 0  9999
2 40889  56.4795 293.2743 0003733  39.7165 320.2781  1.70475079 22731
1 40889U 15045A   19128.42807355 -.00000014  00000-0  00000-0 0  9995
2 40889  56.4792 293.2583 0003755  39.8006 320.1958  1.70475086 22743
1 40889U 15045A   19130.18783157 -.00000014  00000-0  00000+0 0  9993
2 40889  56.4778 293.2101 0003701  40.0111 319.9905  1.70475065 22773
1 40889U 15045A   19131.94758313 -.00000021  00000-0  00000-0 0  9993
2 40889  56.4765 293.1618 0003623  40.2208 319.7825  1.70475066 22807
1 40889U 15045A   19132.53416419 -.00000025  00000-0  00000-0 0  9991
2 40889  56.4761 293.1458 0003580  40.2027 319.7995  1.70475071 22811
1 40889U 15045A   19132.53416458 -.00000025  00000-0  00000+0 0  9993
2 40889  56.4761 293.1458 0003589  40.2572 319.7452  1.70475066 22817
1 40889U 15045A   19134.29390213 -.00000039  00000-0  00000-0 0  9994
2 40889  56.4746 293.0975 0003521  40.1597 319.8355  1.70475094 22842
1 40889U 15045A   19135.46705683 -.00000049  00000-0  00000+0 0  9995
2 40889  56.4735 293.0655 0003472  39.9774 320.0108  1.70475127 22862
1 40889U 15045A   19136.64021320 -.00000055  00000-0  00000-0 0  9993
2 40889  56.4723 293.0332 0003459  40.1235 319.8587  1.70475145 22881
1 40889U 15045A   19137.22679231 -.00000058  00000-0  00000-0 0  9991
2 40889  56.4715 293.0172 0003447  40.1458 319.8340  1.70475164 22897
1 40889U 15045A   19141.91946643 -.00000048  00000-0  00000+0 0  9994
2 40889  56.4666 292.8886 0003316  40.3244 319.6618  1.70475314 22973
1 40889U 15045A   19142.50605205 -.00000047  00000-0  00000-0 0  9996
2 40889  56.4678 292.8726 0003255  40.0471 319.9414  1.70475346 22983
1 40889U 15045A   19143.67922559 -.00000044  00000-0  00000-0 0  9996
2 40889  56.4656 292.8409 0003277  39.9123 320.0818  1.70475386 23001
1 40889U 15045A   19144.85239628 -.00000042  00000-0  00000-0 0  9993
2 40889  56.4657 292.8088 0003186  39.7229 320.2748  1.70475417 23020
1 40889U 15045A   19144.85239710 -.00000042  00000-0  00000+0 0  9994
2 40889  56.4649 292.8087 0003229  39.8951 320.1030  1.70475403 23029
1 40889U 15045A   19144.85239710 -.00000042  00000-0  00000-0 0  9995
2 40889  56.4649 292.8087 0003229  39.8951 320.1030  1.70475403 23029
1 40889U 15045A   19146.61214826 -.00000040  00000-0  00000-0 0  9990
2 40889  56.4644 292.7607 0003124  39.7756 320.2248  1.70475414 23054
1 40889U 15045A   19148.37189312 -.00000039  00000-0  00000+0 0  9993
2 40889  56.4629 292.7125 0003075  39.9240 320.0749  1.70475405 23084
1 40889U 15045A   19149.54505343 -.00000038  00000-0  00000-0 0  9999
2 40889  56.4616 292.6804 0003028  39.9945 320.0017  1.70475381 23107
1 40889U 15045A   19151.89137501 -.00000037  00000-0  00000+0 0  9995
2 40889  56.4597 292.6161 0002932  40.0079 319.9831  1.70475332 23146
1 40889U 15045A   19154.23770725 -.00000034  00000-0  00000+0 0  9994
2 40889  56.4571 292.5520 0002849  39.9844 320.0080  1.70475284 23189
1 40889U 15045A   19155.41087863 -.00000032  00000-0  00000-0 0  9998
2 40889  56.4575 292.5199 0002810  39.6810 320.3152  1.70475271 23205
1 40889U 15045A   19156.58405180 -.00000030  00000-0  00000-0 0  9991
2 40889  56.4562 292.4878 0002765  39.6343 320.3673  1.70475257 23228
1 40889U 15045A   19157.17063895 -.00000030  00000-0  00000-0 0  9990
2 40889  56.4556 292.4717 0002759  39.6251 320.3793  1.70475258 23239
1 40889U 15045A   19158.34381091 -.00000032  00000-0  00000+0 0  9992
2 40889  56.4543 292.4397 0002726  39.6132 320.3955  1.70475255 23250
1 40889U 15045A   19159.51697857 -.00000037  00000-0  00000-0 0  9998
2 40889  56.4531 292.4075 0002687  39.4034 320.6070  1.70475252 23275
1 40889U 15045A   19161.27671990 -.00000050  00000-0  00000-0 0  9999
2 40889  56.4517 292.3593 0002602  38.8257 321.1812  1.70475264 23307
1 40889U 15045A   19162.44987671 -.00000059  00000-0  00000-0 0  9994
2 40889  56.4506 292.3272 0002565  38.4167 321.5851  1.70475280 23320
1 40889U 15045A   19163.62303255 -.00000066  00000-0  00000+0 0  9992
2 40889  56.4495 292.2951 0002511  37.8110 322.1856  1.70475318 23348
1 40889U 15045A   19165.38277363 -.00000070  00000-0  00000-0 0  9993
2 40889  56.4480 292.2468 0002476  37.4564 322.5365  1.70475357 23379
1 40889U 15045A   19165.96935590 -.00000069  00000-0  00000+0 0  9997
2 40889  56.4456 292.2308 0002454  36.9415 323.0515  1.70475395 23386
1 40889U 15045A   19166.55593975 -.00000068  00000-0  00000-0 0  9990
2 40889  56.4446 292.2147 0002454  36.9381 323.0562  1.70475409 23397
1 40889U 15045A   19168.90228518 -.00000059  00000-0  00000-0 0  9999
2 40889  56.4450 292.1505 0002341  36.2777 323.7268  1.70475493 23434
1 40889U 15045A   19168.90228528 -.00000059  00000-0  00000+0 0  9999
2 40889  56.4431 292.1504 0002372  36.2350 323.7697  1.70475482 23437
1 40889U 15045A   19168.90228528 -.00000059  00000-0  00000-0 0  9990
2 40889  56.4431 292.1504 0002372  36.2350 323.7697  1.70475482 23437
1 40889U 15045A   19170.66204815 -.00000053  00000-0  00000-0 0  9993
2 40889  56.4436 292.1024 0002292  35.5350 324.4798  1.70475533 23462
1 40889U 15045A   19171.24863527 -.00000051  00000-0  00000+0 0  9996
2 40889  56.4431 292.0863 0002296  35.5372 324.4809  1.70475545 23472
1 40889U 15045A   19171.83522141 -.00000050  00000-0  00000-0 0  9995
2 40889  56.4426 292.0703 0002271  35.2422 324.7786  1.70475557 23486
1 40889U 15045A   19174.18155935 -.00000046  00000-0  00000+0 0  9993
2 40889  56.4407 292.0061 0002196  34.4216 325.6053  1.70475567 23523
1 40889U 15045A   19175.35472352 -.00000044  00000-0  00000-0 0  9997
2 40889  56.4397 291.9741 0002155  34.1076 325.9195  1.70475559 23543
1 40889U 15045A   19176.52788534 -.00000043  00000-0  00000+0 0  9997
2 40889  56.4387 291.9420 0002114  33.7575 326.2683  1.70475546 23564
1 40889U 15045A   19178.28762667 -.00000041  00000-0  00000-0 0  9990
2 40889  56.4371 291.8938 0002025  32.7676 327.2553  1.70475500 23592
1 40889U 15045A   19178.87420736 -.00000040  00000-0  00000+0 0  9991
2 40889  56.4367 291.8777 0002002  32.3806 327.6418  1.70475492 23600
1 40889U 15045A   19179.46078928 -.00000039  00000-0  00000-0 0  9998
2 40889  56.4361 291.8616 0002007  32.5464 327.4761  1.70475492 23613
1 40889U 15045A   19180.04737188 -.00000038  00000-0  00000-0 0  9993
2 40889  56.4356 291.8455 0001994  32.3032 327.7197  1.70475481 23626
1 40889U 15045A   19180.63395499 -.00000036  00000-0  00000-0 0  9991
2 40889  56.4351 291.8295 0001961  31.6031 328.4205  1.70475454 23637
1 40889U 15045A   19182.39371117 -.00000031  00000-0  00000+0 0  9991
2 40889  56.4337 291.7813 0001925  30.7951 329.2346  1.70475421 23669
1 40889U 15045A   19183.56688560 -.00000028  00000-0  00000-0 0  9991
2 40889  56.4327 291.7491 0001904  30.2280 329.8080  1.70475401 23688
1 40889U 15045A   19187.08639843 -.00000033  00000-0  00000+0 0  9997
2 40889  56.4295 291.6526 0001809  27.6375 332.4109  1.70475362 23744
1 40889U 15045A   19188.25955924 -.00000040  00000-0  00000-0 0  9997
2 40889  56.4285 291.6205 0001764  25.9371 334.1094  1.70475364 23760
1 40889U 15045A   19189.43271735 -.00000049  00000-0  00000+0 0  9997
2 40889  56.4275 291.5883 0001753  25.3521 334.6905  1.70475370 23784
1 40889U 15045A   19191.19245216 -.00000058  00000-0  00000-0 0  9999
2 40889  56.4260 291.5400 0001713  23.4246 336.6110  1.70475396 23814
1 40889U 15045A   19192.95219410 -.00000060  00000-0  00000+0 0  9993
2 40889  56.4246 291.4917 0001675  21.1881 338.8449  1.70475450 23840
1 40889U 15045A   19194.71194798 -.00000054  00000-0  00000-0 0  9994
2 40889  56.4231 291.4434 0001653  20.0446 339.9931  1.70475485 23878
1 40889U 15045A   19195.29853435 -.00000051  00000-0  00000+0 0  9994
2 40889  56.4226 291.4274 0001628  18.7998 341.2405  1.70475518 23882
1 40889U 15045A   19195.29853435 -.00000051  00000-0  00000-0 0  9995
2 40889  56.4226 291.4274 0001628  18.7998 341.2405  1.70475518 23882
1 40889U 15045A   19196.47170921 -.00000046  00000-0  00000-0 0  9992
2 40889  56.4216 291.3952 0001607  17.4303 342.6167  1.70475536 23909
1 40889U 15045A   19197.64488424 -.00000041  00000-0  00000+0 0  9996
2 40889  56.4207 291.3630 0001570  15.4722 344.5814  1.70475569 23922
1 40889U 15045A   19201.75097861 -.00000032  00000-0  00000+0 0  9995
2 40889  56.4173 291.2505 0001505  10.8297 349.2370  1.70475585 23992
1 40889U 15045A   19202.92414135 -.00000029  00000-0  00000-0 0  9999
2 40889  56.4164 291.2184 0001486   9.6279 350.4381  1.70475572 24015
1 40889U 15045A   19204.09730321 -.00000027  00000-0  00000+0 0  9994
2 40889  56.4154 291.1862 0001473   9.0485 351.0160  1.70475549 24033
1 40889U 15045A   19205.85704413 -.00000023  00000-0  00000-0 0  9999
2 40889  56.4139 291.1379 0001446   6.7839 353.2776  1.70475514 24068
1 40889U 15045A   19209.96312933 -.00000011  00000-0  00000-0 0  9994
2 40889  56.4107 291.0251 0001423   0.2993 359.7684  1.70475387 24131
1 40889U 15045A   19211.13630362 -.00000007  00000-0  00000-0 0  9990
2 40889  56.4096 290.9929 0001420 359.9859   0.0878  1.70475364 24158
1 40889U 15045A   19212.30947612 -.00000005  00000-0  00000+0 0  9996
2 40889  56.4086 290.9606 0001422 357.6827   2.3959  1.70475335 24176
1 40889U 15045A   19213.48264632 -.00000006  00000-0  00000-0 0  9992
2 40889  56.4076 290.9284 0001425 356.7014   3.3805  1.70475326 24191
1 40889U 15045A   19216.41554730 -.00000023  00000-0  00000-0 0  9998
2 40889  56.4051 290.8478 0001446 351.7831   8.2924  1.70475312 24240
1 40889U 15045A   19219.34843804 -.00000036  00000-0  00000-0 0  9990
2 40889  56.4028 290.7670 0001494 347.7959  12.2662  1.70475329 24293
1 40889U 15045A   19220.52160043 -.00000035  00000-0  00000-0 0  9998
2 40889  56.4019 290.7347 0001511 346.6626  13.3981  1.70475350 24316
1 40889U 15045A   19224.04111236 -.00000020  00000-0  00000+0 0  9992
2 40889  56.3991 290.6380 0001562 342.1157  17.9561  1.70475454 24371
1 40889U 15045A   19224.04111236 -.00000020  00000-0  00000-0 0  9993
2 40889  56.3991 290.6380 0001562 342.1157  17.9561  1.70475454 24371
1 40889U 15045A   19225.21428571 -.00000016  00000-0  00000-0 0  9991
2 40889  56.3982 290.6059 0001580 340.7546  19.3225  1.70475471 24394
1 40889U 15045A   19225.80087180 -.00000014  00000-0  00000-0 0  9991
2 40889  56.3978 290.5897 0001582 340.3341  19.7453  1.70475472 24409
1 40889U 15045A   19226.97404180 -.00000012  00000-0  00000+0 0  9990
2 40889  56.3970 290.5574 0001610 338.7164  21.3660  1.70475479 24427
1 40889U 15045A   19229.32037141 -.00000007  00000-0  00000-0 0  9996
2 40889  56.3953 290.4930 0001629 337.5013  22.5817  1.70475472 24467
1 40889U 15045A   19231.08011206 -.00000004  00000-0  00000-0 0  9993
2 40889  56.3940 290.4447 0001635 336.4060  23.6727  1.70475440 24493
1 40889U 15045A   19235.18617343  .00000006  00000-0  00000+0 0  9992
2 40889  56.3908 290.3320 0001701 333.0514  27.0180  1.70475344 24569
1 40889U 15045A   19236.35934091  .00000010  00000-0  00000-0 0  9990
2 40889  56.3899 290.2997 0001730 332.5180  27.5527  1.70475305 24581
1 40889U 15045A   19237.53251126  .00000014  00000-0  00000+0 0  9995
2 40889  56.3890 290.2674 0001757 331.9659  28.1079  1.70475271 24601
1 40889U 15045A   19239.29226928  .00000019  00000-0  00000-0 0  9998
2 40889  56.3876 290.2189 0001794 330.1741  29.9052  1.70475195 24638
1 40889U 15045A   19239.29226942  .00000019  00000-0  00000-0 0  9994
2 40889  56.3876 290.2189 0001783 330.1672  29.9121  1.70475205 24638
1 40889U 15045A   19241.63860207  .00000014  00000-0  00000+0 0  9997
2 40889  56.3858 290.1542 0001907 328.4553  31.6245  1.70475151 24677
1 40889U 15045A   19242.81176043  .00000007  00000-0  00000-0 0  9999
2 40889  56.3848 290.1219 0001932 328.2161  31.8594  1.70475146 24693
1 40889U 15045A   19243.98491453 -.00000002  00000-0  00000+0 0  9998
2 40889  56.3839 290.0895 0001964 327.9521  32.1163  1.70475149 24715
1 40889U 15045A   19245.15806769 -.00000009  00000-0  00000-0 0  9997
2 40889  56.3830 290.0572 0001964 328.1385  31.9223  1.70475155 24732
1 40889U 15045A   19249.26412899 -.00000010  00000-0  00000+0 0  9991
2 40889  56.3802 289.9442 0002090 327.1368  32.9125  1.70475223 24801
1 40889U 15045A   19249.85071446 -.00000007  00000-0  00000-0 0  9992
2 40889  56.3798 289.9280 0002109 326.8927  33.1577  1.70475219 24813
1 40889U 15045A   19250.43730018 -.00000005  00000-0  00000-0 0  9993
2 40889  56.3793 289.9119 0002133 326.6512  33.4007  1.70475235 24824
1 40889U 15045A   19251.61047228 -.00000001  00000-0  00000-0 0  9994
2 40889  56.3785 289.8796 0002188 325.5938  34.4614  1.70475251 24840
1 40889U 15045A   19251.61047231 -.00000001  00000-0  00000+0 0  9997
2 40889  56.3785 289.8796 0002180 325.7831  34.2722  1.70475245 24847
1 40889U 15045A   19251.61047231 -.00000001  00000-0  00000-0 0  9998
2 40889  56.3785 289.8796 0002180 325.7831  34.2722  1.70475245 24847
1 40889U 15045A   19252.78364364  .00000002  00000-0  00000-0 0  9996
2 40889  56.3777 289.8473 0002220 325.4093  34.6492  1.70475263 24862
1 40889U 15045A   19254.54339543  .00000005  00000-0  00000+0 0  9995
2 40889  56.3762 289.7990 0002246 325.1147  34.9458  1.70475283 24894
1 40889U 15045A   19254.54339553  .00000005  00000-0  00000-0 0  9997
2 40889  56.3763 289.7990 0002259 325.0727  34.9877  1.70475287 24891
1 40889U 15045A   19256.30314004  .00000006  00000-0  00000-0 0  9998
2 40889  56.3750 289.7506 0002282 325.1513  34.9067  1.70475287 24925
1 40889U 15045A   19258.64945713  .00000009  00000-0  00000+0 0  9996
2 40889  56.3736 289.6860 0002274 325.0337  35.0154  1.70475253 24961
1 40889U 15045A   19259.82261400  .00000011  00000-0  00000-0 0  9995
2 40889  56.3727 289.6538 0002290 324.8314  35.2124  1.70475239 24988
1 40889U 15045A   19261.58235360  .00000014  00000-0  00000+0 0  9999
2 40889  56.3713 289.6054 0002367 324.5973  35.4400  1.70475165 25011
1 40889U 15045A   19261.58235360  .00000014  00000-0  00000-0 0  9990
2 40889  56.3713 289.6054 0002367 324.5973  35.4400  1.70475165 25011
1 40889U 15045A   19262.16893544  .00000016  00000-0  00000-0 0  9991
2 40889  56.3709 289.5893 0002401 324.5568  35.4792  1.70475130 25022
1 40889U 15045A   19263.92868479  .00000021  00000-0  00000+0 0  9990
2 40889  56.3696 289.5408 0002462 324.6752  35.3605  1.70475073 25053
1 40889U 15045A   19266.27502781  .00000027  00000-0  00000+0 0  9998
2 40889  56.3675 289.4765 0002520 325.1694  34.8711  1.70474988 25091
1 40889U 15045A   19266.86161299  .00000027  00000-0  00000-0 0  9999
2 40889  56.3671 289.4603 0002541 325.1736  34.8678  1.70474971 25104
1 40889U 15045A   19266.86161351  .00000027  00000-0  00000-0 0  9998
2 40889  56.3668 289.4603 0002500 325.2979  34.7438  1.70474968 25104
1 40889U 15045A   19269.20794220  .00000020  00000-0  00000-0 0  9999
2 40889  56.3652 289.3957 0002566 325.1528  34.8859  1.70474933 25143
1 40889U 15045A   19269.20794235  .00000020  00000-0  00000+0 0  9994
2 40889  56.3652 289.3957 0002560 325.2167  34.8221  1.70474938 25145
1 40889U 15045A   19270.96767494  .00000006  00000-0  00000-0 0  9991
2 40889  56.3638 289.3472 0002637 325.3453  34.6828  1.70474932 25173
1 40889U 15045A   19272.14082786 -.00000003  00000-0  00000+0 0  9994
2 40889  56.3633 289.3148 0002666 325.2813  34.7376  1.70474927 25194
1 40889U 15045A   19272.14082840 -.00000003  00000-0  00000-0 0  9996
2 40889  56.3633 289.3148 0002690 325.2832  34.7356  1.70474919 25191
1 40889U 15045A   19273.90055943 -.00000012  00000-0  00000-0 0  9995
2 40889  56.3620 289.2664 0002748 325.6934  34.3134  1.70474944 25222
1 40889U 15045A   19276.24688452 -.00000010  00000-0  00000+0 0  9999
2 40889  56.3603 289.2017 0002879 326.4694  33.5316  1.70474980 25269
1 40889U 15045A   19280.35298384 -.00000001  00000-0  00000+0 0  9997
2 40889  56.3572 289.0888 0003032 327.4915  32.5176  1.70475057 25334
1 40889U 15045A   19281.52615503 -.00000001  00000-0  00000-0 0  9994
2 40889  56.3562 289.0565 0002936 327.5230  32.4875  1.70475042 25359
1 40889U 15045A   19282.11273816 -.00000001  00000-0  00000-0 0  9997
2 40889  56.3555 289.0405 0002934 327.3574  32.6527  1.70475049 25365
1 40889U 15045A   19283.28590181 -.00000001  00000-0  00000+0 0  9992
2 40889  56.3547 289.0082 0002966 327.7601  32.2478  1.70475049 25380
1 40889U 15045A   19283.87248236 -.00000001  00000-0  00000-0 0  9999
2 40889  56.3542 288.9921 0002973 327.8538  32.1522  1.70475045 25399
1 40889U 15045A   19285.04564290 -.00000001  00000-0  00000-0 0  9991
2 40889  56.3535 288.9600 0003038 328.7840  31.2173  1.70475022 25414
1 40889U 15045A   19285.63222236 -.00000000  00000-0  00000+0 0  9995
2 40889  56.3531 288.9439 0003056 328.9745  31.0241  1.70475011 25429
1 40889U 15045A   19287.97854049  .00000002  00000-0  00000+0 0  9998
2 40889  56.3513 288.8795 0003032 329.1653  30.8233  1.70474973 25466
1 40889U 15045A   19288.56512219  .00000003  00000-0  00000-0 0  9996
2 40889  56.3507 288.8633 0003064 329.2378  30.7488  1.70474936 25471
1 40889U 15045A   19290.32486998  .00000007  00000-0  00000+0 0  9990
2 40889  56.3497 288.8150 0003106 329.7114  30.2728  1.70474877 25503
1 40889U 15045A   19290.91145471  .00000008  00000-0  00000-0 0  9995
2 40889  56.3492 288.7988 0003116 329.6789  30.3055  1.70474862 25513
1 40889U 15045A   19295.01755673  .00000012  00000-0  00000+0 0  9996
2 40889  56.3457 288.6860 0003190 330.6735  29.3188  1.70474735 25588
1 40889U 15045A   19296.19072360  .00000007  00000-0  00000-0 0  9996
2 40889  56.3458 288.6537 0003215 330.7399  29.2507  1.70474704 25608
1 40889U 15045A   19297.36388496 -.00000002  00000-0  00000+0 0  9991
2 40889  56.3447 288.6215 0003261 331.2789  28.7069  1.70474681 25622
1 40889U 15045A   19298.53704194 -.00000012  00000-0  00000-0 0  9990
2 40889  56.3439 288.5892 0003306 331.9341  28.0442  1.70474669 25640
1 40889U 15045A   19299.12361928 -.00000017  00000-0  00000-0 0  9995
2 40889  56.3435 288.5730 0003320 332.0827  27.8914  1.70474671 25659
1 40889U 15045A   19300.88335358 -.00000028  00000-0  00000+0 0  9990
2 40889  56.3420 288.5246 0003383 333.0064  26.9563  1.70474687 25688
1 40889U 15045A   19302.05651474 -.00000031  00000-0  00000-0 0  9996
2 40889  56.3412 288.4923 0003408 333.4393  26.5190  1.70474713 25702
1 40889U 15045A   19303.22968276 -.00000030  00000-0  00000+0 0  9995
2 40889  56.3405 288.4600 0003449 334.2154  25.7420  1.70474732 25725
1 40889U 15045A   19305.57603086 -.00000025  00000-0  00000+0 0  9994
2 40889  56.3387 288.3955 0003514 335.2880  24.6754  1.70474777 25767
1 40889U 15045A   19305.57603086 -.00000025  00000-0  00000-0 0  9995
2 40889  56.3387 288.3955 0003514 335.2880  24.6754  1.70474777 25767
1 40889U 15045A   19307.33579406 -.00000023  00000-0  00000-0 0  9997
2 40889  56.3369 288.3472 0003559 335.8669  24.1026  1.70474812 25791
1 40889U 15045A   19307.92238136 -.00000023  00000-0  00000+0 0  9993
2 40889  56.3363 288.3311 0003591 336.2965  23.6746  1.70474815 25805
1 40889U 15045A   19308.50896794 -.00000023  00000-0  00000-0 0  9999
2 40889  56.3356 288.3151 0003619 336.6770  23.2952  1.70474815 25814
1 40889U 15045A   19309.09555349 -.00000023  00000-0  00000-0 0  9992
2 40889  56.3351 288.2990 0003579 336.1341  23.8384  1.70474794 25825
1 40889U 15045A   19310.26872142 -.00000024  00000-0  00000+0 0  9996
2 40889  56.3342 288.2668 0003599 336.5143  23.4577  1.70474800 25843
1 40889U 15045A   19312.61504944 -.00000025  00000-0  00000+0 0  9990
2 40889  56.3322 288.2024 0003624 337.3179  22.6484  1.70474790 25884
1 40889U 15045A   19312.61504967 -.00000025  00000-0  00000-0 0  9996
2 40889  56.3322 288.2024 0003625 337.3376  22.6288  1.70474787 25882
1 40889U 15045A   19315.54795972 -.00000022  00000-0  00000+0 0  9995
2 40889  56.3298 288.1220 0003680 339.0951  20.8635  1.70474733 25933
1 40889U 15045A   19317.30771270 -.00000018  00000-0  00000-0 0  9992
2 40889  56.3281 288.0738 0003719 339.7674  20.1909  1.70474686 25967
1 40889U 15045A   19317.30771450 -.00000018  00000-0  00000-0 0  9992
2 40889  56.3283 288.0738 0003751 340.6844  19.2744  1.70474667 25960
1 40889U 15045A   19319.65406580 -.00000012  00000-0  00000+0 0  9994
2 40889  56.3266 288.0094 0003817 342.0434  17.9229  1.70474589 26002
1 40889U 15045A   19322.58700698 -.00000012  00000-0  00000-0 0  9998
2 40889  56.3242 287.9289 0003864 342.7660  17.2103  1.70474515 26058
1 40889U 15045A   19324.93334013 -.00000026  00000-0  00000+0 0  9997
2 40889  56.3216 287.8645 0003874 342.8781  17.0941  1.70474488 26091
1 40889U 15045A   19324.93334013 -.00000026  00000-0  00000-0 0  9998
2 40889  56.3216 287.8645 0003874 342.8781  17.0941  1.70474488 26091
1 40889U 15045A   19324.93334051 -.00000026  00000-0  00000-0 0  9990
2 40889  56.3217 287.8645 0003883 343.0040  16.9683  1.70474484 26090
1 40889U 15045A   19327.27966110 -.00000045  00000-0  00000+0 0  9997
2 40889  56.3200 287.8000 0003961 344.1658  15.7946  1.70474485 26136
1 40889U 15045A   19327.86624207 -.00000048  00000-0  00000-0 0  9994
2 40889  56.3197 287.7839 0003983 344.3605  15.5972  1.70474478 26148
1 40889U 15045A   19330.79916524 -.00000051  00000-0  00000+0 0  9999
2 40889  56.3172 287.7033 0004070 346.1854  13.7712  1.70474528 26194
1 40889U 15045A   19330.79916524 -.00000051  00000-0  00000-0 0  9990
2 40889  56.3172 287.7033 0004070 346.1854  13.7712  1.70474528 26194
1 40889U 15045A   19331.38575405 -.00000049  00000-0  00000-0 0  9992
2 40889  56.3168 287.6872 0004087 346.5202  13.4387  1.70474543 26202
1 40889U 15045A   19331.97234354 -.00000047  00000-0  00000-0 0  9990
2 40889  56.3163 287.6711 0004108 346.8583  13.1034  1.70474561 26215
1 40889U 15045A   19334.90529411 -.00000042  00000-0  00000+0 0  9991
2 40889  56.3139 287.5907 0004137 347.5578  12.4191  1.70474603 26266
1 40889U 15045A   19336.07847087 -.00000043  00000-0  00000-0 0  9995
2 40889  56.3129 287.5585 0004159 348.0123  11.9687  1.70474621 26289
1 40889U 15045A   19337.83822984 -.00000043  00000-0  00000+0 0  9998
2 40889  56.3114 287.5102 0004187 348.7520  11.2317  1.70474625 26318
1 40889U 15045A   19337.83822984 -.00000043  00000-0  00000-0 0  9999
2 40889  56.3114 287.5102 0004187 348.7520  11.2317  1.70474625 26318
1 40889U 15045A   19339.59798291 -.00000043  00000-0  00000-0 0  9997
2 40889  56.3095 287.4619 0004220 349.7308  10.2520  1.70474629 26343
1 40889U 15045A   19341.35773410 -.00000041  00000-0  00000+0 0  9997
2 40889  56.3081 287.4135 0004247 350.6559   9.3246  1.70474605 26370
1 40889U 15045A   19342.53090400 -.00000038  00000-0  00000-0 0  9996
2 40889  56.3071 287.3814 0004276 351.4602   8.5199  1.70474574 26397
1 40889U 15045A   19343.70407499 -.00000035  00000-0  00000+0 0  9992
2 40889  56.3060 287.3492 0004294 351.8615   8.1195  1.70474557 26411
1 40889U 15045A   19344.29066241 -.00000033  00000-0  00000-0 0  9992
2 40889  56.3055 287.3331 0004314 352.2162   7.7662  1.70474539 26427
1 40889U 15045A   19349.56997335 -.00000019  00000-0  00000-0 0  9998
2 40889  56.3011 287.1882 0004419 354.6319   5.3774  1.70474388 26514
1 40889U 15045A   19351.91631742 -.00000030  00000-0  00000+0 0  9999
2 40889  56.2987 287.1238 0004468 355.5697   4.4416  1.70474356 26555
1 40889U 15045A   19351.91631744 -.00000030  00000-0  00000-0 0  9992
2 40889  56.2987 287.1238 0004469 355.5939   4.4174  1.70474357 26557
1 40889U 15045A   19354.26264509 -.00000047  00000-0  00000+0 0  9991
2 40889  56.2966 287.0593 0004530 356.6009   3.4023  1.70474358 26593
1 40889U 15045A   19354.84922708 -.00000050  00000-0  00000-0 0  9992
2 40889  56.2962 287.0432 0004548 356.8971   3.1041  1.70474363 26605
1 40889U 15045A   19356.60897874 -.00000054  00000-0  00000+0 0  9996
2 40889  56.2947 286.9948 0004592 357.7206   2.2781  1.70474394 26636
1 40889U 15045A   19357.19556558 -.00000053  00000-0  00000-0 0  9992
2 40889  56.2942 286.9787 0004606 358.0215   1.9782  1.70474403 26641
1 40889U 15045A   19358.95533324 -.00000048  00000-0  00000+0 0  9996
2 40889  56.2926 286.9303 0004636 358.7944   1.2128  1.70474445 26672
1 40889U 15045A   19360.12851601 -.00000044  00000-0  00000-0 0  9996
2 40889  56.2920 286.8981 0004669 359.3807   0.6340  1.70474473 26690
1 40889U 15045A   19360.71510698 -.00000042  00000-0  00000-0 0  9997
2 40889  56.2911 286.8820 0004672 359.3918   0.6267  1.70474484 26701
1 40889U 15045A   19364.23464518 -.00000039  00000-0  00000+0 0  9992
2 40889  56.2881 286.7853 0004728   0.9711 359.0645  1.70474556 26761
1 40889U 15045A   19364.82123145 -.00000039  00000-0  00000-0 0  9996
2 40889  56.2876 286.7692 0004736   1.2934 358.7433  1.70474572 26776
1 40889U 15045A   19364.82123152 -.00000039  00000-0  00000-0 0  9994
2 40889  56.2877 286.7692 0004737   1.1374 358.8992  1.70474558 26770

