1 41860U 16069B   19001.67708536  .00000074  00000-0  00000+0 0  9994
2 41860  54.5891 176.6504 0002358 349.8774  10.1190  1.70473456 13229
1 41860U 16069B   19002.85024200  .00000066  00000-0  00000-0 0  9996
2 41860  54.5892 176.6178 0002343 349.8326  10.1578  1.70473539 13248
1 41860U 16069B   19004.02339839  .00000058  00000-0  00000+0 0  9994
2 41860  54.5894 176.5851 0002339 349.8132  10.1696  1.70473536 13267
1 41860U 16069B   19004.60997646  .00000056  00000-0  00000-0 0  9993
2 41860  54.5895 176.5688 0002326 349.5070  10.4718  1.70473537 13270
1 41860U 16069B   19006.95629075  .00000052  00000-0  00000+0 0  9996
2 41860  54.5898 176.5036 0002309 348.6307  11.3350  1.70473580 13319
1 41860U 16069B   19007.54286979  .00000053  00000-0  00000-0 0  9996
2 41860  54.5899 176.4873 0002295 347.7208  12.2427  1.70473621 13324
1 41860U 16069B   19009.30261691  .00000060  00000-0  00000+0 0  9993
2 41860  54.5900 176.4383 0002286 346.7904  13.1710  1.70473656 13351
1 41860U 16069B   19009.88920206  .00000062  00000-0  00000-0 0  9993
2 41860  54.5901 176.4220 0002285 346.6343  13.3279  1.70473647 13360
1 41860U 16069B   19011.64896071  .00000072  00000-0  00000+0 0  9992
2 41860  54.5904 176.3730 0002278 346.1986  13.7684  1.70473647 13395
1 41860U 16069B   19012.23554787  .00000075  00000-0  00000-0 0  9997
2 41860  54.5904 176.3567 0002277 346.1600  13.8091  1.70473638 13400
1 41860U 16069B   19013.99530721  .00000083  00000-0  00000+0 0  9991
2 41860  54.5906 176.3077 0002274 344.8288  15.1451  1.70473584 13430
1 41860U 16069B   19015.75505726  .00000086  00000-0  00000-0 0  9998
2 41860  54.5908 176.2587 0002281 344.1666  15.8071  1.70473572 13463
1 41860U 16069B   19016.34163736  .00000084  00000-0  00000-0 0  9993
2 41860  54.5908 176.2424 0002284 343.6244  16.3474  1.70473563 13476
1 41860U 16069B   19016.34163813  .00000084  00000-0  00000+0 0  9998
2 41860  54.5908 176.2424 0002280 343.8696  16.1024  1.70473558 13478
1 41860U 16069B   19016.92821681  .00000082  00000-0  00000-0 0  9995
2 41860  54.5909 176.2261 0002285 343.3960  16.5732  1.70473552 13487
1 41860U 16069B   19019.27452311  .00000065  00000-0  00000+0 0  9996
2 41860  54.5911 176.1607 0002296 342.4290  17.5235  1.70473535 13526
1 41860U 16069B   19019.27452311  .00000065  00000-0  00000-0 0  9997
2 41860  54.5911 176.1607 0002296 342.4290  17.5235  1.70473535 13526
1 41860U 16069B   19021.62083514  .00000046  00000-0  00000+0 0  9992
2 41860  54.5914 176.0953 0002300 341.4572  18.4803  1.70473467 13569
1 41860U 16069B   19023.38058223  .00000041  00000-0  00000-0 0  9992
2 41860  54.5916 176.0463 0002304 340.2725  19.6629  1.70473486 13591
1 41860U 16069B   19023.96716590  .00000041  00000-0  00000+0 0  9993
2 41860  54.5917 176.0300 0002307 339.8645  20.0719  1.70473541 13600
1 41860U 16069B   19024.55375368  .00000042  00000-0  00000-0 0  9995
2 41860  54.5918 176.0136 0002310 339.8024  20.1359  1.70473514 13615
1 41860U 16069B   19025.72692716  .00000043  00000-0  00000-0 0  9995
2 41860  54.5920 175.9810 0002319 338.8860  21.0563  1.70473545 13634
1 41860U 16069B   19026.31351381  .00000043  00000-0  00000+0 0  9990
2 41860  54.5920 175.9646 0002320 338.6889  21.2553  1.70473556 13646
1 41860U 16069B   19026.90010026  .00000042  00000-0  00000-0 0  9993
2 41860  54.5920 175.9483 0002325 338.5250  21.4207  1.70473550 13654
1 41860U 16069B   19028.07326809  .00000037  00000-0  00000-0 0  9996
2 41860  54.5921 175.9157 0002333 337.7569  22.1895  1.70473588 13670
1 41860U 16069B   19028.65985031  .00000034  00000-0  00000+0 0  9994
2 41860  54.5921 175.8994 0002336 337.3965  22.5492  1.70473606 13686
1 41860U 16069B   19029.24643036  .00000029  00000-0  00000-0 0  9991
2 41860  54.5922 175.8830 0002340 337.1356  22.8087  1.70473651 13697
1 41860U 16069B   19031.00616805  .00000016  00000-0  00000+0 0  9997
2 41860  54.5923 175.8341 0002340 335.9538  23.9831  1.70473725 13728
1 41860U 16069B   19031.59274771  .00000013  00000-0  00000-0 0  9991
2 41860  54.5924 175.8178 0002341 335.7559  24.1781  1.70473702 13732
1 41860U 16069B   19033.35248505  .00000006  00000-0  00000+0 0  9994
2 41860  54.5925 175.7689 0002348 334.1376  25.7887  1.70473754 13760
1 41860U 16069B   19034.52565277  .00000006  00000-0  00000-0 0  9993
2 41860  54.5926 175.7362 0002349 333.9345  25.9893  1.70473615 13780
1 41860U 16069B   19035.11223147  .00000007  00000-0  00000-0 0  9997
2 41860  54.5926 175.7199 0002362 332.8787  27.0445  1.70473737 13793
1 41860U 16069B   19036.28539700  .00000011  00000-0  00000-0 0  9996
2 41860  54.5926 175.6873 0002381 331.9481  27.9762  1.70473824 13814
1 41860U 16069B   19036.28539720  .00000011  00000-0  00000+0 0  9997
2 41860  54.5926 175.6873 0002380 331.9950  27.9294  1.70473818 13817
1 41860U 16069B   19036.57952860  .00000013  00000-0  00000+0 0  9995
2 41860  54.5938 175.6798 0002377 340.1655 200.2684  1.70473556 13814
1 41860U 16069B   19039.21833181  .00000026  00000-0  00000+0 0  9997
2 41860  54.5927 175.6058 0002413 329.9893  29.9481  1.70473871 13867
1 41860U 16069B   19041.56469085  .00000037  00000-0  00000+0 0  9998
2 41860  54.5928 175.5405 0002439 328.7863  31.1630  1.70473630 13904
1 41860U 16069B   19042.73785656  .00000039  00000-0  00000-0 0  9996
2 41860  54.5929 175.5079 0002467 327.7710  32.1807  1.70473745 13929
1 41860U 16069B   19043.91102114  .00000037  00000-0  00000+0 0  9996
2 41860  54.5929 175.4753 0002487 327.2721  32.6790  1.70473736 13944
1 41860U 16069B   19043.91102114  .00000037  00000-0  00000-0 0  9997
2 41860  54.5929 175.4753 0002487 327.2721  32.6790  1.70473736 13944
1 41860U 16069B   19045.67075906  .00000027  00000-0  00000-0 0  9999
2 41860  54.5929 175.4263 0002541 325.9238  34.0201  1.70473670 13972
1 41860U 16069B   19048.01707090  .00000007  00000-0  00000-0 0  9994
2 41860  54.5930 175.3610 0002583 324.7509  35.1811  1.70473671 14019
1 41860U 16069B   19048.60365119  .00000004  00000-0  00000-0 0  9998
2 41860  54.5931 175.3446 0002592 324.4855  35.4448  1.70473669 14025
1 41860U 16069B   19050.36340211 -.00000002  00000-0  00000+0 0  9998
2 41860  54.5932 175.2957 0002622 323.4731  36.4577  1.70473656 14051
1 41860U 16069B   19052.12316556 -.00000000  00000-0  00000-0 0  9998
2 41860  54.5932 175.2467 0002665 322.3831  37.5557  1.70473650 14080
1 41860U 16069B   19054.46951656 -.00000000  00000-0  00000+0 0  9992
2 41860  54.5933 175.1813 0002721 320.7440  39.2068  1.70473712 14126
1 41860U 16069B   19056.22927085 -.00000008  00000-0  00000-0 0  9996
2 41860  54.5932 175.1323 0002769 319.5031  40.4502  1.70473725 14159
1 41860U 16069B   19057.40243207 -.00000016  00000-0  00000+0 0  9992
2 41860  54.5931 175.0998 0002772 319.2926  40.6596  1.70473822 14174
1 41860U 16069B   19058.57559263 -.00000024  00000-0  00000-0 0  9993
2 41860  54.5931 175.0671 0002794 318.6795  41.2696  1.70473847 14190
1 41860U 16069B   19062.68166395 -.00000026  00000-0  00000+0 0  9991
2 41860  54.5931 174.9530 0002893 315.9915  43.9537  1.70473974 14268
1 41860U 16069B   19063.26825516 -.00000024  00000-0  00000-0 0  9992
2 41860  54.5931 174.9367 0002915 315.5579  44.3892  1.70473831 14275
1 41860U 16069B   19066.20119209 -.00000005  00000-0  00000+0 0  9992
2 41860  54.5931 174.8552 0002992 314.1057  45.8590  1.70473975 14327
1 41860U 16069B   19066.78778120 -.00000001  00000-0  00000-0 0  9995
2 41860  54.5927 174.8389 0003020 313.6043  46.3646  1.70473977 14333
1 41860U 16069B   19070.89389122  .00000015  00000-0  00000+0 0  9995
2 41860  54.5930 174.7246 0003120 312.1205  47.8681  1.70473896 14406
1 41860U 16069B   19071.48047569  .00000014  00000-0  00000-0 0  9997
2 41860  54.5930 174.7082 0003142 311.8493  48.1390  1.70473814 14415
1 41860U 16069B   19073.24021407  .00000006  00000-0  00000+0 0  9996
2 41860  54.5930 174.6592 0003200 311.2526  48.7306  1.70473817 14445
1 41860U 16069B   19073.82679268  .00000002  00000-0  00000-0 0  9991
2 41860  54.5929 174.6429 0003234 310.9177  49.0630  1.70473785 14456
1 41860U 16069B   19077.34627980 -.00000014  00000-0  00000+0 0  9999
2 41860  54.5930 174.5449 0003319 309.8551  50.1210  1.70473802 14510
1 41860U 16069B   19077.34627980 -.00000014  00000-0  00000-0 0  9990
2 41860  54.5930 174.5449 0003319 309.8551  50.1210  1.70473802 14510
1 41860U 16069B   19084.97189908 -.00000020  00000-0  00000+0 0  9996
2 41860  54.5931 174.3326 0003540 307.4405  52.5630  1.70473897 14641
1 41860U 16069B   19085.55847852 -.00000023  00000-0  00000-0 0  9994
2 41860  54.5931 174.3161 0003564 307.1448  52.8573  1.70473933 14659
1 41860U 16069B   19086.73163838 -.00000027  00000-0  00000-0 0  9994
2 41860  54.5930 174.2835 0003604 306.5931  53.4059  1.70473967 14675
1 41860U 16069B   19087.90480059 -.00000028  00000-0  00000+0 0  9991
2 41860  54.5931 174.2508 0003622 306.3689  53.6283  1.70473965 14692
1 41860U 16069B   19087.90480059 -.00000028  00000-0  00000-0 0  9992
2 41860  54.5931 174.2508 0003622 306.3689  53.6283  1.70473965 14692
1 41860U 16069B   19090.25113445 -.00000019  00000-0  00000+0 0  9995
2 41860  54.5934 174.1857 0003713 305.4572  54.5424  1.70474001 14737
1 41860U 16069B   19092.59748422 -.00000002  00000-0  00000-0 0  9996
2 41860  54.5934 174.1204 0003791 304.8395  55.1724  1.70474014 14773
1 41860U 16069B   19093.77066331  .00000008  00000-0  00000-0 0  9994
2 41860  54.5929 174.0878 0003829 304.7235  55.2970  1.70473984 14798
1 41860U 16069B   19094.35725245  .00000013  00000-0  00000-0 0  9991
2 41860  54.5929 174.0715 0003847 304.5899  55.4348  1.70473978 14808
1 41860U 16069B   19098.46335689  .00000033  00000-0  00000+0 0  9997
2 41860  54.5931 173.9572 0003973 303.8123  56.2281  1.70473837 14878
1 41860U 16069B   19100.22309443  .00000029  00000-0  00000-0 0  9990
2 41860  54.5930 173.9082 0004050 303.5472  56.4880  1.70473826 14903
1 41860U 16069B   19102.56940993  .00000017  00000-0  00000+0 0  9996
2 41860  54.5932 173.8429 0004102 303.3467  56.6784  1.70473761 14946
1 41860U 16069B   19104.91573773  .00000014  00000-0  00000+0 0  9992
2 41860  54.5934 173.7776 0004168 303.0265  56.9977  1.70473793 14983
1 41860U 16069B   19104.91573773  .00000014  00000-0  00000-0 0  9993
2 41860  54.5934 173.7776 0004168 303.0265  56.9977  1.70473793 14983
1 41860U 16069B   19107.26208871  .00000022  00000-0  00000-0 0  9997
2 41860  54.5936 173.7123 0004256 302.5285  57.5066  1.70473741 15020
1 41860U 16069B   19109.02184934  .00000026  00000-0  00000-0 0  9990
2 41860  54.5942 173.6633 0004342 302.2346  57.8081  1.70473780 15059
1 41860U 16069B   19109.60843267  .00000025  00000-0  00000+0 0  9993
2 41860  54.5943 173.6470 0004359 302.1621  57.8819  1.70473841 15060
1 41860U 16069B   19111.36818243  .00000019  00000-0  00000-0 0  9999
2 41860  54.5944 173.5980 0004406 301.9148  58.1282  1.70473792 15096
1 41860U 16069B   19113.12792186  .00000010  00000-0  00000+0 0  9992
2 41860  54.5946 173.5490 0004413 301.7826  58.2546  1.70473805 15126
1 41860U 16069B   19113.71449751  .00000008  00000-0  00000-0 0  9992
2 41860  54.5946 173.5327 0004432 301.5767  58.4580  1.70473905 15130
1 41860U 16069B   19117.23398446  .00000015  00000-0  00000+0 0  9994
2 41860  54.5951 173.4348 0004522 301.0416  58.9864  1.70473903 15198
1 41860U 16069B   19118.99373984  .00000029  00000-0  00000-0 0  9994
2 41860  54.5953 173.3859 0004580 300.8054  59.2272  1.70473935 15221
1 41860U 16069B   19120.16691511  .00000039  00000-0  00000+0 0  9995
2 41860  54.5954 173.3533 0004598 300.7559  59.2825  1.70473913 15241
1 41860U 16069B   19121.92667855  .00000054  00000-0  00000-0 0  9992
2 41860  54.5956 173.3043 0004622 300.7454  59.3027  1.70473904 15279
1 41860U 16069B   19121.92667934  .00000054  00000-0  00000-0 0  9990
2 41860  54.5956 173.3043 0004639 300.6241  59.4237  1.70473874 15270
1 41860U 16069B   19126.03276779  .00000074  00000-0  00000+0 0  9991
2 41860  54.5962 173.1902 0004771 300.4062  59.6466  1.70473744 15345
1 41860U 16069B   19128.96565613  .00000063  00000-0  00000+0 0  9991
2 41860  54.5966 173.1086 0004833 300.4566  59.5793  1.70473665 15399
1 41860U 16069B   19130.72539105  .00000056  00000-0  00000-0 0  9998
2 41860  54.5970 173.0597 0004874 300.4796  59.5473  1.70473615 15424
1 41860U 16069B   19134.24489523  .00000062  00000-0  00000+0 0  9993
2 41860  54.5976 172.9617 0004939 300.3939  59.6363  1.70473638 15481
1 41860U 16069B   19136.59123968  .00000066  00000-0  00000+0 0  9995
2 41860  54.5979 172.8965 0004978 300.3649  59.6708  1.70473600 15527
1 41860U 16069B   19137.17782259  .00000064  00000-0  00000-0 0  9993
2 41860  54.5980 172.8802 0004989 300.3702  59.6652  1.70473610 15531
1 41860U 16069B   19138.93756285  .00000056  00000-0  00000+0 0  9998
2 41860  54.5983 172.8312 0005013 300.3732  59.6565  1.70473657 15569
1 41860U 16069B   19140.69729712  .00000046  00000-0  00000-0 0  9999
2 41860  54.5985 172.7823 0005038 300.3357  59.6836  1.70473677 15593
1 41860U 16069B   19141.87045223  .00000043  00000-0  00000+0 0  9994
2 41860  54.5986 172.7497 0005053 300.3190  59.6934  1.70473703 15615
1 41860U 16069B   19143.04360995  .00000044  00000-0  00000-0 0  9993
2 41860  54.5987 172.7171 0005080 300.2116  59.7954  1.70473738 15635
1 41860U 16069B   19145.38993819  .00000056  00000-0  00000+0 0  9991
2 41860  54.5991 172.6518 0005118 300.1862  59.8177  1.70473765 15675
1 41860U 16069B   19147.14969680  .00000069  00000-0  00000-0 0  9991
2 41860  54.5995 172.6030 0005134 300.2569  59.7511  1.70473720 15707
1 41860U 16069B   19147.73628229  .00000074  00000-0  00000+0 0  9992
2 41860  54.5997 172.5866 0005139 300.3226  59.6875  1.70473753 15710
1 41860U 16069B   19149.49604319  .00000087  00000-0  00000-0 0  9996
2 41860  54.6000 172.5377 0005153 300.4038  59.6127  1.70473711 15748
1 41860U 16069B   19150.66921519  .00000095  00000-0  00000+0 0  9999
2 41860  54.6002 172.5051 0005168 300.4429  59.5761  1.70473653 15769
1 41860U 16069B   19152.42896387  .00000101  00000-0  00000-0 0  9998
2 41860  54.6004 172.4561 0005190 300.5249  59.4927  1.70473602 15792
1 41860U 16069B   19154.77527691  .00000097  00000-0  00000+0 0  9990
2 41860  54.6009 172.3909 0005232 300.8181  59.1863  1.70473509 15834
1 41860U 16069B   19155.36185341  .00000094  00000-0  00000-0 0  9996
2 41860  54.6010 172.3746 0005236 300.8111  59.1888  1.70473500 15841
1 41860U 16069B   19155.36185361  .00000094  00000-0  00000-0 0  9998
2 41860  54.6010 172.3746 0005238 300.8926  59.1072  1.70473478 15846
1 41860U 16069B   19157.70816226  .00000080  00000-0  00000+0 0  9993
2 41860  54.6015 172.3094 0005247 301.1698  58.8132  1.70473409 15888
1 41860U 16069B   19158.29474118  .00000078  00000-0  00000-0 0  9996
2 41860  54.6016 172.2931 0005250 301.2430  58.7374  1.70473423 15891
1 41860U 16069B   19158.88132326  .00000077  00000-0  00000-0 0  9992
2 41860  54.6018 172.2768 0005254 301.2058  58.7727  1.70473396 15904
1 41860U 16069B   19160.05448980  .00000077  00000-0  00000+0 0  9999
2 41860  54.6020 172.2442 0005267 301.3561  58.6216  1.70473388 15925
1 41860U 16069B   19161.22766085  .00000080  00000-0  00000-0 0  9993
2 41860  54.6022 172.2115 0005271 301.3994  58.5803  1.70473400 15947
1 41860U 16069B   19162.98741992  .00000083  00000-0  00000+0 0  9999
2 41860  54.6025 172.1626 0005285 301.4871  58.4961  1.70473378 15977
1 41860U 16069B   19165.33374996  .00000075  00000-0  00000+0 0  9998
2 41860  54.6030 172.0974 0005294 301.7650  58.2146  1.70473433 16017
1 41860U 16069B   19165.92033013  .00000071  00000-0  00000-0 0  9992
2 41860  54.6031 172.0810 0005295 301.7581  58.2187  1.70473419 16021
1 41860U 16069B   19167.09348817  .00000062  00000-0  00000-0 0  9993
2 41860  54.6033 172.0484 0005287 301.8835  58.0859  1.70473406 16046
1 41860U 16069B   19168.26664128  .00000054  00000-0  00000+0 0  9999
2 41860  54.6037 172.0158 0005283 301.8574  58.1037  1.70473483 16060
1 41860U 16069B   19170.61295821  .00000050  00000-0  00000+0 0  9997
2 41860  54.6042 171.9506 0005286 301.8921  58.0561  1.70473484 16107
1 41860U 16069B   19171.19953970  .00000052  00000-0  00000-0 0  9990
2 41860  54.6038 171.9344 0005289 301.9716  57.9749  1.70473498 16110
1 41860U 16069B   19172.37270700  .00000057  00000-0  00000-0 0  9999
2 41860  54.6040 171.9018 0005291 302.0811  57.8640  1.70473492 16137
1 41860U 16069B   19175.89222621  .00000079  00000-0  00000+0 0  9991
2 41860  54.6046 171.8040 0005281 302.5843  57.3697  1.70473497 16194
1 41860U 16069B   19175.89222660  .00000079  00000-0  00000-0 0  9995
2 41860  54.6047 171.8040 0005277 302.6519  57.3022  1.70473488 16193
1 41860U 16069B   19177.06540139  .00000086  00000-0  00000-0 0  9998
2 41860  54.6049 171.7714 0005274 302.7057  57.2520  1.70473457 16218
1 41860U 16069B   19177.65198795  .00000089  00000-0  00000-0 0  9993
2 41860  54.6050 171.7551 0005275 302.8426  57.1164  1.70473435 16221
1 41860U 16069B   19178.82515739  .00000094  00000-0  00000+0 0  9999
2 41860  54.6051 171.7225 0005276 302.9891  56.9705  1.70473410 16241
1 41860U 16069B   19179.99832393  .00000095  00000-0  00000-0 0  9998
2 41860  54.6052 171.6899 0005279 303.1404  56.8168  1.70473324 16262
1 41860U 16069B   19182.34463971  .00000086  00000-0  00000+0 0  9992
2 41860  54.6056 171.6246 0005271 303.5859  56.3577  1.70473261 16306
1 41860U 16069B   19182.93121674  .00000082  00000-0  00000-0 0  9995
2 41860  54.6057 171.6083 0005271 303.6490  56.2901  1.70473259 16316
1 41860U 16069B   19184.10437257  .00000074  00000-0  00000-0 0  9994
2 41860  54.6059 171.5757 0005258 303.9264  56.0043  1.70473218 16334
1 41860U 16069B   19184.69095328  .00000070  00000-0  00000+0 0  9992
2 41860  54.6060 171.5594 0005246 304.2261  55.7012  1.70473150 16341
1 41860U 16069B   19187.03728200  .00000062  00000-0  00000+0 0  9996
2 41860  54.6064 171.4943 0005224 304.6650  55.2568  1.70473174 16385
1 41860U 16069B   19189.97022047  .00000064  00000-0  00000+0 0  9999
2 41860  54.6067 171.4127 0005203 304.9875  54.9416  1.70473128 16434
1 41860U 16069B   19190.55680802  .00000063  00000-0  00000-0 0  9994
2 41860  54.6067 171.3964 0005198 305.0939  54.8363  1.70473113 16443
1 41860U 16069B   19191.14339370  .00000062  00000-0  00000-0 0  9990
2 41860  54.6068 171.3801 0005196 305.2196  54.7111  1.70473121 16459
1 41860U 16069B   19192.31656088  .00000055  00000-0  00000+0 0  9999
2 41860  54.6069 171.3475 0005186 305.3119  54.6172  1.70473146 16477
1 41860U 16069B   19194.66288329  .00000035  00000-0  00000+0 0  9996
2 41860  54.6072 171.2824 0005149 305.6758  54.2423  1.70473187 16514
1 41860U 16069B   19195.24946090  .00000031  00000-0  00000-0 0  9994
2 41860  54.6073 171.2662 0005138 305.7929  54.1217  1.70473252 16528
1 41860U 16069B   19197.00920314  .00000022  00000-0  00000+0 0  9990
2 41860  54.6074 171.2173 0005119 305.9097  53.9958  1.70473219 16558
1 41860U 16069B   19197.59578612  .00000022  00000-0  00000-0 0  9995
2 41860  54.6075 171.2010 0005111 306.0573  53.8463  1.70473202 16565
1 41860U 16069B   19199.35553793  .00000025  00000-0  00000+0 0  9996
2 41860  54.6077 171.1522 0005092 306.3578  53.5442  1.70473265 16596
1 41860U 16069B   19204.04825113  .00000051  00000-0  00000+0 0  9996
2 41860  54.6081 171.0219 0005011 307.4114  52.5099  1.70473209 16676
1 41860U 16069B   19205.80801566  .00000058  00000-0  00000-0 0  9995
2 41860  54.6082 170.9732 0004988 307.7692  52.1580  1.70473193 16708
1 41860U 16069B   19206.98118901  .00000059  00000-0  00000-0 0  9990
2 41860  54.6082 170.9406 0004971 308.1252  51.8026  1.70473099 16723
1 41860U 16069B   19209.32751591  .00000051  00000-0  00000-0 0  9991
2 41860  54.6084 170.8754 0004938 308.7732  51.1470  1.70473081 16763
1 41860U 16069B   19211.08725740  .00000039  00000-0  00000-0 0  9990
2 41860  54.6085 170.8265 0004912 309.2457  50.6650  1.70473013 16795
1 41860U 16069B   19212.26042472  .00000031  00000-0  00000-0 0  9997
2 41860  54.6086 170.7939 0004891 309.5976  50.3086  1.70472885 16817
1 41860U 16069B   19214.60676541  .00000024  00000-0  00000-0 0  9999
2 41860  54.6088 170.7287 0004831 310.3525  49.5550  1.70472965 16858
1 41860U 16069B   19218.71289491  .00000021  00000-0  00000+0 0  9995
2 41860  54.6089 170.6146 0004764 311.4285  48.4964  1.70472934 16923
1 41860U 16069B   19219.29948349  .00000018  00000-0  00000-0 0  9990
2 41860  54.6089 170.5983 0004743 311.6606  48.2649  1.70472899 16936
1 41860U 16069B   19221.64581799 -.00000002  00000-0  00000+0 0  9997
2 41860  54.6090 170.5331 0004681 312.4242  47.4966  1.70472961 16978
1 41860U 16069B   19223.99214820 -.00000018  00000-0  00000+0 0  9992
2 41860  54.6091 170.4679 0004618 313.0704  46.8426  1.70473013 17012
1 41860U 16069B   19223.99214820 -.00000018  00000-0  00000-0 0  9993
2 41860  54.6091 170.4679 0004618 313.0704  46.8426  1.70473013 17012
1 41860U 16069B   19225.16531778 -.00000019  00000-0  00000-0 0  9999
2 41860  54.6092 170.4353 0004598 313.2941  46.6176  1.70473031 17036
1 41860U 16069B   19226.33848800 -.00000016  00000-0  00000+0 0  9992
2 41860  54.6092 170.4028 0004574 313.5826  46.3307  1.70473168 17050
1 41860U 16069B   19228.68485550 -.00000004  00000-0  00000+0 0  9998
2 41860  54.6091 170.3376 0004519 314.4137  45.5115  1.70473034 17092
1 41860U 16069B   19231.03122385  .00000010  00000-0  00000-0 0  9992
2 41860  54.6093 170.2724 0004468 315.0776  44.8646  1.70473077 17132
1 41860U 16069B   19236.31052040  .00000017  00000-0  00000+0 0  9994
2 41860  54.6093 170.1258 0004374 316.7611  43.1944  1.70472859 17225
1 41860U 16069B   19236.89710203  .00000014  00000-0  00000-0 0  9997
2 41860  54.6094 170.1095 0004358 317.0962  42.8577  1.70472899 17233
1 41860U 16069B   19238.65685226  .00000003  00000-0  00000+0 0  9996
2 41860  54.6095 170.0606 0004296 318.2002  41.7487  1.70472859 17267
1 41860U 16069B   19239.24344139 -.00000000  00000-0  00000-0 0  9996
2 41860  54.6095 170.0443 0004274 318.5360  41.4120  1.70472715 17275
1 41860U 16069B   19239.83002703 -.00000003  00000-0  00000-0 0  9992
2 41860  54.6096 170.0280 0004260 318.7850  41.1627  1.70472707 17287
1 41860U 16069B   19241.00319829 -.00000006  00000-0  00000+0 0  9996
2 41860  54.6097 169.9954 0004226 319.2870  40.6628  1.70472810 17306
1 41860U 16069B   19242.17638054 -.00000007  00000-0  00000-0 0  9991
2 41860  54.6097 169.9628 0004199 319.7618  40.1936  1.70472779 17321
1 41860U 16069B   19243.34956677 -.00000005  00000-0  00000+0 0  9992
2 41860  54.6097 169.9302 0004172 320.2089  39.7544  1.70472751 17341
1 41860U 16069B   19245.69593531 -.00000005  00000-0  00000+0 0  9998
2 41860  54.6097 169.8649 0004117 321.1744  38.8034  1.70472774 17384
1 41860U 16069B   19246.28252505 -.00000007  00000-0  00000-0 0  9990
2 41860  54.6097 169.8486 0004102 321.4310  38.5489  1.70472774 17391
1 41860U 16069B   19246.86911256 -.00000010  00000-0  00000-0 0  9993
2 41860  54.6097 169.8323 0004093 321.6708  38.3103  1.70472794 17408
1 41860U 16069B   19248.04228508 -.00000019  00000-0  00000+0 0  9994
2 41860  54.6096 169.7997 0004053 322.3057  37.6754  1.70472819 17428
1 41860U 16069B   19253.90814608 -.00000034  00000-0  00000+0 0  9994
2 41860  54.6097 169.6367 0003905 324.4456  35.5348  1.70472911 17520
1 41860U 16069B   19255.08132871 -.00000027  00000-0  00000-0 0  9993
2 41860  54.6097 169.6041 0003884 324.8548  35.1324  1.70472953 17549
1 41860U 16069B   19256.25450991 -.00000018  00000-0  00000+0 0  9998
2 41860  54.6097 169.5716 0003854 325.4326  34.5637  1.70473128 17562
1 41860U 16069B   19258.01429579 -.00000005  00000-0  00000-0 0  9999
2 41860  54.6096 169.5227 0003809 326.3284  33.6830  1.70473015 17594
1 41860U 16069B   19259.77407937  .00000006  00000-0  00000+0 0  9996
2 41860  54.6098 169.4739 0003762 327.1091  32.9153  1.70472863 17620
1 41860U 16069B   19259.77407937  .00000006  00000-0  00000-0 0  9997
2 41860  54.6098 169.4739 0003762 327.1091  32.9153  1.70472863 17620
1 41860U 16069B   19260.94725750  .00000012  00000-0  00000-0 0  9991
2 41860  54.6099 169.4412 0003738 327.7530  32.2772  1.70472934 17647
1 41860U 16069B   19263.88018997  .00000012  00000-0  00000+0 0  9994
2 41860  54.6099 169.3597 0003686 329.1763  30.8551  1.70472847 17693
1 41860U 16069B   19265.05335922  .00000007  00000-0  00000-0 0  9990
2 41860  54.6099 169.3271 0003652 329.8693  30.1592  1.70472770 17710
1 41860U 16069B   19266.81311142 -.00000001  00000-0  00000+0 0  9997
2 41860  54.6100 169.2782 0003619 330.7552  29.2705  1.70472779 17744
1 41860U 16069B   19266.81311142 -.00000001  00000-0  00000-0 0  9998
2 41860  54.6100 169.2782 0003619 330.7552  29.2705  1.70472779 17744
1 41860U 16069B   19267.98628415 -.00000003  00000-0  00000-0 0  9993
2 41860  54.6101 169.2455 0003580 331.4460  28.5813  1.70472826 17762
1 41860U 16069B   19272.67902304  .00000005  00000-0  00000+0 0  9997
2 41860  54.6104 169.1150 0003472 333.8789  26.1767  1.70472746 17848
1 41860U 16069B   19274.43878627 -.00000000  00000-0  00000-0 0  9990
2 41860  54.6104 169.0660 0003432 334.9192  25.1410  1.70472858 17870
1 41860U 16069B   19275.02537531 -.00000004  00000-0  00000+0 0  9995
2 41860  54.6105 169.0497 0003418 335.2636  24.7964  1.70472776 17889
1 41860U 16069B   19277.95829050 -.00000021  00000-0  00000+0 0  9998
2 41860  54.6105 168.9680 0003354 336.5762  23.4768  1.70472938 17938
1 41860U 16069B   19279.71804956 -.00000021  00000-0  00000-0 0  9993
2 41860  54.6107 168.9191 0003311 337.4857  22.5660  1.70472895 17961
1 41860U 16069B   19280.89121962 -.00000016  00000-0  00000+0 0  9996
2 41860  54.6109 168.8864 0003305 337.7927  22.2613  1.70473074 17980
1 41860U 16069B   19283.23758324  .00000003  00000-0  00000+0 0  9990
2 41860  54.6110 168.8211 0003258 339.3307  20.7366  1.70473163 18028
1 41860U 16069B   19284.99736524  .00000018  00000-0  00000-0 0  9999
2 41860  54.6112 168.7722 0003222 340.4132  19.6673  1.70473069 18052
1 41860U 16069B   19286.17055006  .00000028  00000-0  00000+0 0  9990
2 41860  54.6113 168.7396 0003199 341.0793  19.0094  1.70473054 18070
1 41860U 16069B   19287.34373217  .00000036  00000-0  00000-0 0  9997
2 41860  54.6115 168.7070 0003183 341.8804  18.2146  1.70473027 18096
1 41860U 16069B   19288.51690893  .00000042  00000-0  00000+0 0  9995
2 41860  54.6115 168.6744 0003167 342.3671  17.7313  1.70473007 18114
1 41860U 16069B   19288.51690893  .00000042  00000-0  00000-0 0  9996
2 41860  54.6115 168.6744 0003167 342.3671  17.7313  1.70473007 18114
1 41860U 16069B   19289.69008038  .00000045  00000-0  00000-0 0  9993
2 41860  54.6116 168.6418 0003159 342.8318  17.2667  1.70472990 18136
1 41860U 16069B   19292.03641144  .00000043  00000-0  00000+0 0  9993
2 41860  54.6112 168.5765 0003117 344.6783  15.4135  1.70472969 18176
1 41860U 16069B   19294.96932718  .00000035  00000-0  00000-0 0  9999
2 41860  54.6113 168.4949 0003068 346.5440  13.5404  1.70472943 18222
1 41860U 16069B   19294.96932823  .00000035  00000-0  00000+0 0  9995
2 41860  54.6117 168.4949 0003074 346.5497  13.5347  1.70472915 18220
1 41860U 16069B   19297.31568340  .00000040  00000-0  00000+0 0  9992
2 41860  54.6115 168.4296 0003032 347.8794  12.2120  1.70472881 18262
1 41860U 16069B   19299.07544772  .00000046  00000-0  00000-0 0  9997
2 41860  54.6121 168.3806 0003012 348.5974  11.5029  1.70473093 18290
1 41860U 16069B   19299.66204717  .00000047  00000-0  00000+0 0  9994
2 41860  54.6124 168.3643 0003005 348.6646  11.4379  1.70472797 18300
1 41860U 16069B   19300.83522101  .00000046  00000-0  00000-0 0  9996
2 41860  54.6132 168.3317 0003003 348.9293  11.1752  1.70472835 18323
1 41860U 16069B   19302.00838718  .00000041  00000-0  00000+0 0  9995
2 41860  54.6135 168.2991 0002983 349.8385  10.2649  1.70472958 18344
1 41860U 16069B   19302.59496830  .00000038  00000-0  00000-0 0  9991
2 41860  54.6136 168.2827 0002978 350.0658  10.0357  1.70473002 18350
1 41860U 16069B   19304.35471201  .00000027  00000-0  00000+0 0  9999
2 41860  54.6138 168.2338 0002940 351.2665   8.8267  1.70473038 18386
1 41860U 16069B   19304.94128972  .00000024  00000-0  00000-0 0  9996
2 41860  54.6138 168.2174 0002929 351.5762   8.5140  1.70473139 18392
1 41860U 16069B   19306.70103801  .00000022  00000-0  00000+0 0  9993
2 41860  54.6141 168.1685 0002899 352.3403   7.7435  1.70473116 18426
1 41860U 16069B   19309.04738044  .00000035  00000-0  00000+0 0  9990
2 41860  54.6145 168.1032 0002873 353.1362   6.9485  1.70473186 18468
1 41860U 16069B   19311.98032521  .00000061  00000-0  00000+0 0  9992
2 41860  54.6148 168.0217 0002837 354.7994   5.2983  1.70473299 18519
1 41860U 16069B   19314.32668267  .00000080  00000-0  00000+0 0  9996
2 41860  54.6152 167.9565 0002810 355.8473   4.2596  1.70473211 18550
1 41860U 16069B   19316.67302053  .00000090  00000-0  00000-0 0  9996
2 41860  54.6156 167.8912 0002797 356.4373   3.6685  1.70473180 18590
1 41860U 16069B   19316.67302105  .00000090  00000-0  00000+0 0  9993
2 41860  54.6156 167.8912 0002795 356.4472   3.6586  1.70473170 18597
1 41860U 16069B   19319.01934071  .00000089  00000-0  00000+0 0  9995
2 41860  54.6163 167.8259 0002785 357.3963   2.6975  1.70473144 18630
1 41860U 16069B   19321.36565698  .00000081  00000-0  00000+0 0  9993
2 41860  54.6167 167.7608 0002765 358.6602   1.4198  1.70473147 18674
1 41860U 16069B   19321.95223921  .00000079  00000-0  00000-0 0  9996
2 41860  54.6166 167.7444 0002754 359.2200   0.8581  1.70473120 18681
1 41860U 16069B   19323.71199243  .00000080  00000-0  00000+0 0  9992
2 41860  54.6171 167.6955 0002736 359.8165   0.2601  1.70473097 18713
1 41860U 16069B   19325.47175376  .00000085  00000-0  00000-0 0  9994
2 41860  54.6174 167.6465 0002723 359.9417   0.1387  1.70473110 18748
1 41860U 16069B   19328.99126380  .00000083  00000-0  00000+0 0  9992
2 41860  54.6180 167.5486 0002687   0.8654 359.2145  1.70473144 18805
1 41860U 16069B   19329.57784417  .00000079  00000-0  00000-0 0  9994
2 41860  54.6180 167.5323 0002684   0.9877 359.0892  1.70473145 18819
1 41860U 16069B   19331.33757746  .00000065  00000-0  00000+0 0  9990
2 41860  54.6184 167.4833 0002659   1.6147 358.4500  1.70473239 18844
1 41860U 16069B   19333.68389088  .00000056  00000-0  00000+0 0  9990
2 41860  54.6189 167.4180 0002628   2.0129 358.0359  1.70473308 18884
1 41860U 16069B   19334.85705247  .00000058  00000-0  00000-0 0  9992
2 41860  54.6189 167.3854 0002610   1.9514 358.0929  1.70473372 18905
1 41860U 16069B   19336.03021917  .00000064  00000-0  00000+0 0  9995
2 41860  54.6194 167.3527 0002605   2.0988 357.9442  1.70473405 18926
1 41860U 16069B   19336.61680386  .00000068  00000-0  00000-0 0  9995
2 41860  54.6195 167.3364 0002602   2.0676 357.9758  1.70473422 18937
1 41860U 16069B   19338.96315206  .00000086  00000-0  00000+0 0  9990
2 41860  54.6200 167.2712 0002598   2.4151 357.6341  1.70473449 18974
1 41860U 16069B   19340.72291370  .00000098  00000-0  00000-0 0  9996
2 41860  54.6203 167.2223 0002578   2.7500 357.3039  1.70473426 19004
1 41860U 16069B   19343.06924914  .00000108  00000-0  00000+0 0  9994
2 41860  54.6208 167.1571 0002562   2.6862 357.3668  1.70473401 19042
1 41860U 16069B   19343.65582963  .00000109  00000-0  00000-0 0  9995
2 41860  54.6209 167.1407 0002557   2.6939 357.3571  1.70473409 19052
1 41860U 16069B   19345.41556676  .00000108  00000-0  00000+0 0  9991
2 41860  54.6213 167.0918 0002542   2.7722 357.2688  1.70473358 19082
1 41860U 16069B   19346.00214417  .00000106  00000-0  00000-0 0  9990
2 41860  54.6214 167.0755 0002541   2.8018 357.2347  1.70473337 19090
1 41860U 16069B   19348.34845321  .00000095  00000-0  00000-0 0  9990
2 41860  54.6219 167.0103 0002526   3.0956 356.9236  1.70473305 19132
1 41860U 16069B   19348.34845346  .00000095  00000-0  00000+0 0  9996
2 41860  54.6219 167.0103 0002531   3.1243 356.8949  1.70473305 19138
1 41860U 16069B   19350.69477774  .00000089  00000-0  00000+0 0  9996
2 41860  54.6224 166.9450 0002511   3.1966 356.8146  1.70473291 19174
1 41860U 16069B   19351.28136135  .00000090  00000-0  00000-0 0  9998
2 41860  54.6226 166.9287 0002503   3.0516 356.9596  1.70473310 19188
1 41860U 16069B   19353.04111999  .00000092  00000-0  00000+0 0  9996
2 41860  54.6231 166.8797 0002478   2.6122 357.4015  1.70473275 19214
1 41860U 16069B   19355.38745795  .00000089  00000-0  00000+0 0  9998
2 41860  54.6235 166.8146 0002460   2.2022 357.8112  1.70473285 19259
1 41860U 16069B   19357.73377226  .00000070  00000-0  00000+0 0  9999
2 41860  54.6233 166.7494 0002436   2.0174 357.9830  1.70473403 19295
1 41860U 16069B   19358.32034940  .00000064  00000-0  00000-0 0  9992
2 41860  54.6235 166.7330 0002426   1.9930 358.0028  1.70473400 19303
1 41860U 16069B   19360.08007975  .00000051  00000-0  00000+0 0  9991
2 41860  54.6240 166.6842 0002400   1.4672 358.5147  1.70473462 19334
1 41860U 16069B   19360.66665637  .00000048  00000-0  00000-0 0  9997
2 41860  54.6241 166.6678 0002413   1.8453 358.1331  1.70473520 19344
1 41860U 16069B   19363.01298282  .00000050  00000-0  00000+0 0  9999
2 41860  54.6249 166.6026 0002399   1.1206 358.8503  1.70473527 19380
1 41860U 16069B   19365.35932481  .00000063  00000-0  00000+0 0  9998
2 41860  54.6255 166.5374 0002386   0.4883 359.4865  1.70473588 19421
1 41860U 16069B   19365.94591190  .00000067  00000-0  00000-0 0  9996
2 41860  54.6256 166.5211 0002364 359.9377   0.0387  1.70473589 19438

