1 40105U 14045A   19001.31456035  .00000099  00000-0  00000+0 0  9999
2 40105  54.5784 197.2650 0012450  97.8266 262.3603  2.00553081 32332
1 40105U 14045A   19001.31456035  .00000099  00000-0  00000-0 0  9990
2 40105  54.5784 197.2650 0012450  97.8266 262.3603  2.00553081 31476
1 40105U 14045A   19001.31456041  .00000099  00000-0  00000+0 0  9996
2 40105  54.5784 197.2650 0012453  97.8084 262.3786  2.00553068 32330
1 40105U 14045A   19001.31456041  .00000099  00000-0  00000-0 0  9997
2 40105  54.5784 197.2650 0012453  97.8084 262.3786  2.00553068 31474
1 40105U 14045A   19002.81036862  .00000091  00000-0  00000-0 0  9990
2 40105  54.5784 197.2050 0012462  97.8716 262.3133  2.00553173 31507
1 40105U 14045A   19003.30897008  .00000087  00000-0  00000+0 0  9996
2 40105  54.5784 197.1851 0012472  97.8801 262.3032  2.00553221 32379
1 40105U 14045A   19003.80757082  .00000082  00000-0  00000-0 0  9994
2 40105  54.5785 197.1651 0012479  97.9076 262.2739  2.00553261 31523
1 40105U 14045A   19003.80757107  .00000082  00000-0  00000+0 0  9991
2 40105  54.5785 197.1651 0012482  97.9160 262.2654  2.00553300 32386
1 40105U 14045A   19004.80477104  .00000071  00000-0  00000-0 0  9997
2 40105  54.5785 197.1251 0012490  97.9093 262.2675  2.00553342 31542
1 40105U 14045A   19005.30337071  .00000066  00000-0  00000+0 0  9994
2 40105  54.5786 197.1052 0012507  97.9952 262.1789  2.00553407 32419
1 40105U 14045A   19005.30337072  .00000066  00000-0  00000-0 0  9996
2 40105  54.5786 197.1052 0012504  97.9807 262.1934  2.00553420 31556
1 40105U 14045A   19006.30056902  .00000058  00000-0  00000+0 0  9997
2 40105  54.5786 197.0652 0012512  98.0296 262.1390  2.00553469 32431
1 40105U 14045A   19006.79916807  .00000055  00000-0  00000-0 0  9997
2 40105  54.5786 197.0453 0012512  98.0637 262.1022  2.00553502 31584
1 40105U 14045A   19006.79916826  .00000055  00000-0  00000+0 0  9997
2 40105  54.5786 197.0453 0012515  98.0935 262.0723  2.00553539 32441
1 40105U 14045A   19007.79636677  .00000053  00000-0  00000-0 0  9990
2 40105  54.5786 197.0053 0012518  98.1272 262.0337  2.00553582 31601
1 40105U 14045A   19007.79636699  .00000053  00000-0  00000+0 0  9993
2 40105  54.5787 197.0053 0012526  98.1396 262.0214  2.00553601 32469
1 40105U 14045A   19007.79636699  .00000053  00000-0  00000-0 0  9994
2 40105  54.5787 197.0053 0012526  98.1396 262.0214  2.00553601 31604
1 40105U 14045A   19009.29216709  .00000059  00000-0  00000+0 0  9992
2 40105  54.5786 196.9438 0012602  98.5612 261.5893  2.00553692 32505
1 40105U 14045A   19011.28657377  .00000079  00000-0  00000+0 0  9996
2 40105  54.5788 196.8656 0012532  98.2822 261.8720  2.00553849 32540
1 40105U 14045A   19012.28377949  .00000091  00000-0  00000+0 0  9995
2 40105  54.5789 196.8256 0012535  98.3197 261.8358  2.00553900 32563
1 40105U 14045A   19012.78238294  .00000096  00000-0  00000-0 0  9995
2 40105  54.5789 196.8056 0012538  98.3219 261.8347  2.00553919 31702
1 40105U 14045A   19013.28098679  .00000101  00000-0  00000+0 0  9998
2 40105  54.5789 196.7856 0012545  98.3723 261.7855  2.00553958 32580
1 40105U 14045A   19014.27819349  .00000109  00000-0  00000+0 0  9991
2 40105  54.5789 196.7457 0012548  98.3795 261.7807  2.00554004 32602
1 40105U 14045A   19014.77679639  .00000112  00000-0  00000-0 0  9997
2 40105  54.5789 196.7257 0012548  98.3670 261.7942  2.00554017 31740
1 40105U 14045A   19015.27539894  .00000114  00000-0  00000+0 0  9992
2 40105  54.5789 196.7058 0012548  98.4025 261.7593  2.00554041 32621
1 40105U 14045A   19015.77400080  .00000115  00000-0  00000+0 0  9992
2 40105  54.5790 196.6858 0012546  98.4238 261.7383  2.00554083 32638
1 40105U 14045A   19016.77120210  .00000113  00000-0  00000-0 0  9996
2 40105  54.5789 196.6458 0012545  98.4375 261.7237  2.00554110 31787
1 40105U 14045A   19017.26980142  .00000110  00000-0  00000+0 0  9995
2 40105  54.5789 196.6258 0012543  98.4643 261.6956  2.00554137 32665
1 40105U 14045A   19017.26980142  .00000110  00000-0  00000-0 0  9996
2 40105  54.5789 196.6258 0012543  98.4643 261.6956  2.00554137 31798
1 40105U 14045A   19017.26980143  .00000110  00000-0  00000-0 0  9997
2 40105  54.5790 196.6258 0012542  98.4764 261.6835  2.00554157 31791
1 40105U 14045A   19018.26699737  .00000101  00000-0  00000+0 0  9993
2 40105  54.5790 196.5859 0012536  98.5532 261.6023  2.00554208 32689
1 40105U 14045A   19018.26699737  .00000101  00000-0  00000-0 0  9994
2 40105  54.5790 196.5859 0012536  98.5532 261.6023  2.00554208 31813
1 40105U 14045A   19018.26699738  .00000101  00000-0  00000+0 0  9994
2 40105  54.5790 196.5859 0012535  98.5522 261.6033  2.00554183 32680
1 40105U 14045A   19019.76278584  .00000084  00000-0  00000-0 0  9993
2 40105  54.5790 196.5259 0012537  98.5829 261.5625  2.00554267 31842
1 40105U 14045A   19020.26138111  .00000078  00000-0  00000-0 0  9994
2 40105  54.5790 196.5059 0012540  98.6157 261.5258  2.00554305 32722
1 40105U 14045A   19021.25857154  .00000067  00000-0  00000-0 0  9997
2 40105  54.5790 196.4659 0012534  98.6453 261.4885  2.00554355 32741
1 40105U 14045A   19021.75716724  .00000062  00000-0  00000-0 0  9994
2 40105  54.5790 196.4460 0012535  98.6662 261.4641  2.00554383 31889
1 40105U 14045A   19022.25576343  .00000059  00000-0  00000+0 0  9996
2 40105  54.5791 196.4259 0012536  98.6778 261.4495  2.00554419 32759
1 40105U 14045A   19022.75436041  .00000057  00000-0  00000-0 0  9990
2 40105  54.5791 196.4060 0012537  98.6908 261.4342  2.00554445 31901
1 40105U 14045A   19022.75436048  .00000057  00000-0  00000+0 0  9996
2 40105  54.5791 196.4060 0012543  98.6859 261.4391  2.00554465 32764
1 40105U 14045A   19023.75155671  .00000057  00000-0  00000+0 0  9997
2 40105  54.5792 196.3660 0012543  98.7060 261.4160  2.00554536 32780
1 40105U 14045A   19024.74875596  .00000061  00000-0  00000+0 0  9997
2 40105  54.5792 196.3261 0012539  98.7053 261.4161  2.00554590 32808
1 40105U 14045A   19024.74875596  .00000061  00000-0  00000-0 0  9998
2 40105  54.5792 196.3261 0012539  98.7053 261.4161  2.00554590 31942
1 40105U 14045A   19025.74595748  .00000068  00000-0  00000-0 0  9994
2 40105  54.5793 196.2861 0012522  98.8152 261.3073  2.00554664 31966
1 40105U 14045A   19026.24455862  .00000071  00000-0  00000+0 0  9995
2 40105  54.5793 196.2662 0012516  98.8493 261.2743  2.00554708 32835
1 40105U 14045A   19026.24455862  .00000071  00000-0  00000-0 0  9996
2 40105  54.5793 196.2662 0012516  98.8493 261.2743  2.00554708 31979
1 40105U 14045A   19026.74315990  .00000074  00000-0  00000-0 0  9991
2 40105  54.5793 196.2462 0012514  98.8713 261.2534  2.00554745 31980
1 40105U 14045A   19027.24176098  .00000076  00000-0  00000+0 0  9992
2 40105  54.5793 196.2262 0012509  98.8973 261.2284  2.00554783 32851
1 40105U 14045A   19027.24176098  .00000076  00000-0  00000-0 0  9993
2 40105  54.5793 196.2262 0012509  98.8973 261.2284  2.00554783 31995
1 40105U 14045A   19027.74036170  .00000077  00000-0  00000-0 0  9995
2 40105  54.5793 196.2063 0012506  98.9106 261.2160  2.00554828 32006
1 40105U 14045A   19028.23896194  .00000077  00000-0  00000+0 0  9999
2 40105  54.5793 196.1863 0012504  98.9169 261.2104  2.00554873 32873
1 40105U 14045A   19028.73756151  .00000075  00000-0  00000-0 0  9991
2 40105  54.5793 196.1663 0012501  98.9418 261.1856  2.00554907 32023
1 40105U 14045A   19029.23616053  .00000073  00000-0  00000+0 0  9990
2 40105  54.5793 196.1463 0012500  98.9729 261.1543  2.00554966 32898
1 40105U 14045A   19030.23335626  .00000064  00000-0  00000+0 0  9996
2 40105  54.5793 196.1064 0012495  99.0185 261.1070  2.00555057 32916
1 40105U 14045A   19031.23054933  .00000053  00000-0  00000-0 0  9995
2 40105  54.5793 196.0664 0012489  99.0517 261.0705  2.00555158 32076
1 40105U 14045A   19031.23054935  .00000053  00000-0  00000+0 0  9996
2 40105  54.5793 196.0665 0012493  99.0625 261.0598  2.00555144 32932
1 40105U 14045A   19031.72914524  .00000046  00000-0  00000+0 0  9991
2 40105  54.5793 196.0465 0012494  99.0755 261.0447  2.00555182 32941
1 40105U 14045A   19032.72633565  .00000035  00000-0  00000-0 0  9994
2 40105  54.5793 196.0066 0012486  99.1026 261.0130  2.00555243 32106
1 40105U 14045A   19032.72633579  .00000035  00000-0  00000+0 0  9998
2 40105  54.5793 196.0066 0012488  99.1383 260.9772  2.00555268 32965
1 40105U 14045A   19034.22212088  .00000022  00000-0  00000+0 0  9999
2 40105  54.5793 195.9467 0012478  99.1907 260.9177  2.00555370 32995
1 40105U 14045A   19034.22212106  .00000022  00000-0  00000-0 0  9991
2 40105  54.5793 195.9468 0012475  99.2132 260.8951  2.00555401 32134
1 40105U 14045A   19035.21931196  .00000020  00000-0  00000-0 0  9996
2 40105  54.5793 195.9069 0012462  99.2746 260.8298  2.00555479 32159
1 40105U 14045A   19035.21931199  .00000020  00000-0  00000+0 0  9998
2 40105  54.5793 195.9069 0012469  99.2842 260.8203  2.00555467 33012
1 40105U 14045A   19035.71790786  .00000020  00000-0  00000+0 0  9998
2 40105  54.5793 195.8869 0012446  99.3364 260.7664  2.00555514 33028
1 40105U 14045A   19036.71510093  .00000025  00000-0  00000-0 0  9996
2 40105  54.5793 195.8470 0012440  99.3601 260.7409  2.00555551 32188
1 40105U 14045A   19037.21369824  .00000029  00000-0  00000+0 0  9999
2 40105  54.5793 195.8271 0012434  99.3965 260.7042  2.00555589 33054
1 40105U 14045A   19037.71229602  .00000033  00000-0  00000-0 0  9999
2 40105  54.5793 195.8071 0012426  99.4522 260.6486  2.00555625 32201
1 40105U 14045A   19038.21089444  .00000038  00000-0  00000+0 0  9997
2 40105  54.5793 195.7872 0012420  99.4977 260.6036  2.00555665 33078
1 40105U 14045A   19038.21089444  .00000038  00000-0  00000-0 0  9998
2 40105  54.5793 195.7872 0012420  99.4977 260.6036  2.00555665 32213
1 40105U 14045A   19038.70949310  .00000044  00000-0  00000-0 0  9996
2 40105  54.5792 195.7672 0012416  99.5081 260.5941  2.00555694 32229
1 40105U 14045A   19039.20809214  .00000049  00000-0  00000+0 0  9994
2 40105  54.5792 195.7472 0012401  99.5747 260.5286  2.00555731 33090
1 40105U 14045A   19039.70669153  .00000054  00000-0  00000+0 0  9991
2 40105  54.5792 195.7273 0012396  99.5950 260.5099  2.00555761 33105
1 40105U 14045A   19040.70389065  .00000064  00000-0  00000+0 0  9995
2 40105  54.5792 195.6873 0012389  99.6170 260.4914  2.00555801 33129
1 40105U 14045A   19040.70389065  .00000064  00000-0  00000-0 0  9996
2 40105  54.5792 195.6873 0012389  99.6170 260.4914  2.00555801 32263
1 40105U 14045A   19041.70108969  .00000070  00000-0  00000+0 0  9995
2 40105  54.5792 195.6474 0012376  99.6722 260.4397  2.00555847 33142
1 40105U 14045A   19041.70108969  .00000070  00000-0  00000-0 0  9996
2 40105  54.5792 195.6474 0012376  99.6722 260.4397  2.00555847 32286
1 40105U 14045A   19043.19688533  .00000074  00000-0  00000+0 0  9994
2 40105  54.5791 195.5876 0012346  99.7744 260.3411  2.00555937 33177
1 40105U 14045A   19044.19407873  .00000071  00000-0  00000+0 0  9998
2 40105  54.5791 195.5477 0012320  99.8465 260.2690  2.00555987 33192
1 40105U 14045A   19044.69267436  .00000067  00000-0  00000-0 0  9998
2 40105  54.5790 195.5277 0012323  99.8208 260.2941  2.00555995 32341
1 40105U 14045A   19045.19126904  .00000063  00000-0  00000+0 0  9993
2 40105  54.5790 195.5077 0012313  99.8474 260.2662  2.00556022 33212
1 40105U 14045A   19046.18845571  .00000052  00000-0  00000+0 0  9999
2 40105  54.5789 195.4678 0012289  99.9194 260.1899  2.00556072 33236
1 40105U 14045A   19046.68704806  .00000046  00000-0  00000-0 0  9993
2 40105  54.5789 195.4478 0012281  99.9247 260.1819  2.00556103 32387
1 40105U 14045A   19047.18563992  .00000040  00000-0  00000+0 0  9991
2 40105  54.5789 195.4279 0012268  99.9649 260.1386  2.00556147 33251
1 40105U 14045A   19048.68141519  .00000022  00000-0  00000-0 0  9995
2 40105  54.5788 195.3680 0012246 100.0090 260.0855  2.00556236 32422
1 40105U 14045A   19049.18000737  .00000018  00000-0  00000-0 0  9992
2 40105  54.5788 195.3480 0012229 100.0396 260.0523  2.00556284 32436
1 40105U 14045A   19049.18000748  .00000018  00000-0  00000+0 0  9993
2 40105  54.5788 195.3480 0012235 100.0378 260.0542  2.00556273 33297
1 40105U 14045A   19050.17719421  .00000013  00000-0  00000+0 0  9994
2 40105  54.5788 195.3081 0012227 100.0554 260.0332  2.00556321 33315
1 40105U 14045A   19050.67578865  .00000013  00000-0  00000-0 0  9995
2 40105  54.5788 195.2881 0012221 100.0835 260.0044  2.00556353 32468
1 40105U 14045A   19051.17438402  .00000013  00000-0  00000+0 0  9992
2 40105  54.5788 195.2682 0012218 100.0915 259.9962  2.00556394 33330
1 40105U 14045A   19051.67298001  .00000015  00000-0  00000+0 0  9998
2 40105  54.5788 195.2482 0012204 100.1450 259.9432  2.00556457 33341
1 40105U 14045A   19053.66736926  .00000027  00000-0  00000-0 0  9996
2 40105  54.5787 195.1684 0012169 100.2169 259.8776  2.00556591 32529
1 40105U 14045A   19054.16596702  .00000029  00000-0  00000+0 0  9999
2 40105  54.5787 195.1484 0012159 100.2496 259.8469  2.00556630 33398
1 40105U 14045A   19054.16596707  .00000029  00000-0  00000+0 0  9994
2 40105  54.5787 195.1484 0012158 100.2835 259.8130  2.00556656 33397
1 40105U 14045A   19055.16316164  .00000031  00000-0  00000-0 0  9996
2 40105  54.5786 195.1085 0012135 100.3259 259.7742  2.00556743 33417
1 40105U 14045A   19056.16035409  .00000029  00000-0  00000-0 0  9994
2 40105  54.5785 195.0686 0012110 100.3593 259.7432  2.00556842 32578
1 40105U 14045A   19056.16035412  .00000029  00000-0  00000+0 0  9997
2 40105  54.5785 195.0686 0012118 100.3507 259.7518  2.00556818 33435
1 40105U 14045A   19057.15754382  .00000022  00000-0  00000+0 0  9994
2 40105  54.5784 195.0286 0012086 100.4400 259.6631  2.00556912 33459
1 40105U 14045A   19058.15473083  .00000011  00000-0  00000+0 0  9999
2 40105  54.5783 194.9887 0012073 100.4540 259.6482  2.00556975 33479
1 40105U 14045A   19058.65332365  .00000004  00000-0  00000-0 0  9994
2 40105  54.5783 194.9688 0012071 100.4863 259.6149  2.00557031 32624
1 40105U 14045A   19059.15191591 -.00000002  00000-0  00000+0 0  9992
2 40105  54.5782 194.9488 0012057 100.5432 259.5567  2.00557083 33494
1 40105U 14045A   19059.65050782 -.00000008  00000-0  00000+0 0  9999
2 40105  54.5782 194.9289 0012050 100.5687 259.5299  2.00557123 33507
1 40105U 14045A   19059.65050782 -.00000008  00000-0  00000-0 0  9990
2 40105  54.5782 194.9289 0012050 100.5687 259.5299  2.00557123 32641
1 40105U 14045A   19060.64769095 -.00000019  00000-0  00000-0 0  9997
2 40105  54.5782 194.8890 0012029 100.6055 259.4900  2.00557189 32666
1 40105U 14045A   19061.14628256 -.00000023  00000-0  00000+0 0  9990
2 40105  54.5781 194.8690 0012019 100.6476 259.4465  2.00557228 33536
1 40105U 14045A   19061.14628256 -.00000023  00000-0  00000-0 0  9991
2 40105  54.5781 194.8690 0012019 100.6476 259.4465  2.00557228 32670
1 40105U 14045A   19061.64487434 -.00000025  00000-0  00000-0 0  9999
2 40105  54.5781 194.8491 0012011 100.6838 259.4091  2.00557263 32688
1 40105U 14045A   19062.14346648 -.00000027  00000-0  00000-0 0  9998
2 40105  54.5781 194.8292 0011993 100.7511 259.3407  2.00557336 32696
1 40105U 14045A   19062.14346650 -.00000027  00000-0  00000+0 0  9990
2 40105  54.5781 194.8292 0012003 100.7054 259.3865  2.00557311 33558
1 40105U 14045A   19063.14065154 -.00000026  00000-0  00000-0 0  9998
2 40105  54.5780 194.7894 0011959 100.8062 259.2845  2.00557419 32716
1 40105U 14045A   19063.14065159 -.00000026  00000-0  00000+0 0  9992
2 40105  54.5780 194.7893 0011965 100.8238 259.2669  2.00557408 33574
1 40105U 14045A   19064.13783826 -.00000020  00000-0  00000+0 0  9994
2 40105  54.5779 194.7494 0011944 100.8480 259.2432  2.00557457 33599
1 40105U 14045A   19065.63362208 -.00000005  00000-0  00000-0 0  9991
2 40105  54.5778 194.6896 0011908 100.9405 259.1546  2.00557570 32760
1 40105U 14045A   19066.13221762  .00000001  00000-0  00000+0 0  9990
2 40105  54.5777 194.6697 0011887 101.0084 259.0886  2.00557623 33631
1 40105U 14045A   19068.62519798  .00000026  00000-0  00000+0 0  9992
2 40105  54.5775 194.5700 0011842 101.1165 258.9939  2.00557745 33682
1 40105U 14045A   19068.62519798  .00000026  00000-0  00000-0 0  9993
2 40105  54.5775 194.5700 0011842 101.1165 258.9939  2.00557745 32827
1 40105U 14045A   19069.62238937  .00000031  00000-0  00000+0 0  9992
2 40105  54.5775 194.5301 0011811 101.1949 258.9206  2.00557810 33708
1 40105U 14045A   19069.62238937  .00000031  00000-0  00000-0 0  9993
2 40105  54.5775 194.5301 0011811 101.1949 258.9206  2.00557810 32842
1 40105U 14045A   19071.11817180  .00000032  00000-0  00000+0 0  9993
2 40105  54.5773 194.4703 0011752 101.2964 258.8238  2.00557899 33737
1 40105U 14045A   19071.11817180  .00000032  00000-0  00000-0 0  9994
2 40105  54.5773 194.4703 0011752 101.2964 258.8238  2.00557899 32871
1 40105U 14045A   19073.11253709  .00000018  00000-0  00000+0 0  9990
2 40105  54.5771 194.3904 0011701 101.3711 258.7483  2.00557982 33770
1 40105U 14045A   19074.10971518  .00000007  00000-0  00000-0 0  9994
2 40105  54.5770 194.3506 0011662 101.4361 258.6799  2.00558058 32936
1 40105U 14045A   19075.10689169 -.00000004  00000-0  00000+0 0  9990
2 40105  54.5769 194.3107 0011639 101.4585 258.6533  2.00558121 33818
1 40105U 14045A   19075.60547990 -.00000009  00000-0  00000-0 0  9996
2 40105  54.5769 194.2907 0011628 101.4513 258.6584  2.00558137 32962
1 40105U 14045A   19076.60265738 -.00000017  00000-0  00000+0 0  9992
2 40105  54.5768 194.2508 0011617 101.4692 258.6374  2.00558213 33844
1 40105U 14045A   19076.60265738 -.00000017  00000-0  00000-0 0  9993
2 40105  54.5768 194.2508 0011617 101.4692 258.6374  2.00558213 32988
1 40105U 14045A   19076.60265740 -.00000017  00000-0  00000+0 0  9995
2 40105  54.5768 194.2508 0011614 101.4901 258.6165  2.00558199 33845
1 40105U 14045A   19077.59983723 -.00000020  00000-0  00000+0 0  9996
2 40105  54.5767 194.2109 0011605 101.5112 258.5943  2.00558296 33869
1 40105U 14045A   19077.59983723 -.00000020  00000-0  00000-0 0  9997
2 40105  54.5767 194.2109 0011601 101.5066 258.5988  2.00558269 33008
1 40105U 14045A   19078.09842810 -.00000019  00000-0  00000-0 0  9992
2 40105  54.5767 194.1909 0011585 101.5311 258.5746  2.00558344 33016
1 40105U 14045A   19078.59702005 -.00000018  00000-0  00000-0 0  9997
2 40105  54.5767 194.1710 0011583 101.5250 258.5818  2.00558350 33024
1 40105U 14045A   19079.09561262 -.00000015  00000-0  00000+0 0  9997
2 40105  54.5766 194.1510 0011568 101.5755 258.5327  2.00558410 33891
1 40105U 14045A   19079.59420576 -.00000012  00000-0  00000-0 0  9992
2 40105  54.5766 194.1311 0011558 101.5643 258.5460  2.00558430 33042
1 40105U 14045A   19080.09279939 -.00000009  00000-0  00000+0 0  9999
2 40105  54.5766 194.1111 0011547 101.5877 258.5250  2.00558470 33914
1 40105U 14045A   19081.58858116  .00000001  00000-0  00000+0 0  9995
2 40105  54.5764 194.0512 0011513 101.6622 258.4589  2.00558594 33942
1 40105U 14045A   19081.58858119  .00000001  00000-0  00000-0 0  9999
2 40105  54.5764 194.0513 0011506 101.6902 258.4308  2.00558623 33083
1 40105U 14045A   19083.58295206  .00000002  00000-0  00000+0 0  9993
2 40105  54.5762 193.9714 0011455 101.7386 258.3911  2.00558776 33989
1 40105U 14045A   19084.58013349 -.00000005  00000-0  00000+0 0  9994
2 40105  54.5761 193.9315 0011429 101.7906 258.3410  2.00558867 34003
1 40105U 14045A   19084.58013349 -.00000005  00000-0  00000-0 0  9995
2 40105  54.5761 193.9315 0011429 101.7906 258.3410  2.00558867 33147
1 40105U 14045A   19087.07307641 -.00000033  00000-0  00000+0 0  9993
2 40105  54.5758 193.8318 0011373 101.9566 258.1733  2.00559117 34053
1 40105U 14045A   19088.07025134 -.00000042  00000-0  00000+0 0  9998
2 40105  54.5758 193.7919 0011350 101.9763 258.1519  2.00559186 34073
1 40105U 14045A   19089.56601470 -.00000047  00000-0  00000-0 0  9992
2 40105  54.5756 193.7321 0011308 102.1132 258.0135  2.00559335 33241
1 40105U 14045A   19090.56319182 -.00000043  00000-0  00000+0 0  9995
2 40105  54.5756 193.6921 0011291 102.1231 258.0041  2.00559388 34129
1 40105U 14045A   19092.05896088 -.00000030  00000-0  00000+0 0  9992
2 40105  54.5755 193.6324 0011250 102.1867 257.9441  2.00559509 34155
1 40105U 14045A   19092.05896088 -.00000030  00000-0  00000-0 0  9993
2 40105  54.5755 193.6324 0011250 102.1867 257.9441  2.00559509 34155
1 40105U 14045A   19095.54910106  .00000013  00000-0  00000-0 0  9998
2 40105  54.5751 193.4928 0011160 102.3559 257.7947  2.00559759 33367
1 40105U 14045A   19096.04769249  .00000017  00000-0  00000+0 0  9997
2 40105  54.5751 193.4728 0011149 102.3515 257.8023  2.00559771 34231
1 40105U 14045A   19096.54628375  .00000021  00000-0  00000+0 0  9991
2 40105  54.5751 193.4529 0011130 102.3939 257.7629  2.00559794 34247
1 40105U 14045A   19099.03923056  .00000025  00000-0  00000+0 0  9996
2 40105  54.5749 193.3531 0011046 102.4815 257.6844  2.00559951 34294
1 40105U 14045A   19104.02507535 -.00000012  00000-0  00000+0 0  9999
2 40105  54.5746 193.1536 0010898 102.5882 257.5656  2.00560239 34395
1 40105U 14045A   19104.52366018 -.00000013  00000-0  00000-0 0  9995
2 40105  54.5746 193.1337 0010892 102.6184 257.5348  2.00560297 33542
1 40105U 14045A   19104.52366037 -.00000013  00000-0  00000+0 0  9995
2 40105  54.5746 193.1337 0010899 102.5735 257.5798  2.00560277 34403
1 40105U 14045A   19105.02224582 -.00000013  00000-0  00000+0 0  9999
2 40105  54.5746 193.1138 0010883 102.6292 257.5240  2.00560331 34418
1 40105U 14045A   19105.52083215 -.00000012  00000-0  00000-0 0  9990
2 40105  54.5746 193.0940 0010867 102.6368 257.5170  2.00560343 33564
1 40105U 14045A   19106.01941914 -.00000009  00000-0  00000+0 0  9999
2 40105  54.5746 193.0740 0010851 102.6619 257.4930  2.00560408 34436
1 40105U 14045A   19106.51800687 -.00000006  00000-0  00000-0 0  9993
2 40105  54.5746 193.0540 0010842 102.6401 257.5166  2.00560439 33584
1 40105U 14045A   19107.51518379  .00000003  00000-0  00000-0 0  9994
2 40105  54.5745 193.0141 0010811 102.6639 257.4975  2.00560511 33600
1 40105U 14045A   19108.01377264  .00000007  00000-0  00000+0 0  9999
2 40105  54.5745 192.9942 0010796 102.6826 257.4815  2.00560553 34472
1 40105U 14045A   19108.01377264  .00000007  00000-0  00000-0 0  9990
2 40105  54.5745 192.9942 0010796 102.6826 257.4815  2.00560553 34472
1 40105U 14045A   19111.00529944  .00000015  00000-0  00000+0 0  9995
2 40105  54.5744 192.8745 0010710 102.8163 257.3613  2.00560854 34539
1 40105U 14045A   19112.50105384  .00000004  00000-0  00000+0 0  9997
2 40105  54.5743 192.8147 0010672 102.8219 257.3569  2.00560965 34569
1 40105U 14045A   19112.50105387  .00000004  00000-0  00000-0 0  9991
2 40105  54.5743 192.8147 0010671 102.8634 257.3154  2.00560993 33705
1 40105U 14045A   19112.99963721 -.00000001  00000-0  00000+0 0  9995
2 40105  54.5743 192.7948 0010656 102.8590 257.3193  2.00561053 34574
1 40105U 14045A   19112.99963721 -.00000001  00000-0  00000-0 0  9996
2 40105  54.5743 192.7948 0010656 102.8590 257.3193  2.00561053 33719
1 40105U 14045A   19113.49822013 -.00000006  00000-0  00000-0 0  9995
2 40105  54.5742 192.7748 0010652 102.8970 257.2807  2.00561091 33728
1 40105U 14045A   19113.99680262 -.00000011  00000-0  00000+0 0  9993
2 40105  54.5742 192.7548 0010646 102.8669 257.3100  2.00561114 34593
1 40105U 14045A   19113.99680262 -.00000011  00000-0  00000-0 0  9994
2 40105  54.5742 192.7548 0010646 102.8669 257.3100  2.00561114 33738
1 40105U 14045A   19115.49254870 -.00000023  00000-0  00000+0 0  9995
2 40105  54.5742 192.6950 0010597 102.9701 257.2034  2.00561285 34620
1 40105U 14045A   19117.48687835 -.00000024  00000-0  00000+0 0  9998
2 40105  54.5742 192.6153 0010527 103.0725 257.0985  2.00561463 34661
1 40105U 14045A   19118.48404556 -.00000016  00000-0  00000-0 0  9998
2 40105  54.5742 192.5754 0010518 103.0727 257.0994  2.00561516 33825
1 40105U 14045A   19118.98262967 -.00000010  00000-0  00000+0 0  9994
2 40105  54.5742 192.5555 0010499 103.0974 257.0757  2.00561561 34699
1 40105U 14045A   19118.98262967 -.00000010  00000-0  00000-0 0  9995
2 40105  54.5742 192.5555 0010499 103.0974 257.0757  2.00561561 34699
1 40105U 14045A   19119.97979939  .00000003  00000-0  00000+0 0  9999
2 40105  54.5742 192.5156 0010470 103.1218 257.0545  2.00561636 34718
1 40105U 14045A   19120.47838488  .00000010  00000-0  00000-0 0  9998
2 40105  54.5742 192.4957 0010450 103.1709 257.0075  2.00561693 33865
1 40105U 14045A   19120.97697066  .00000017  00000-0  00000+0 0  9994
2 40105  54.5741 192.4757 0010434 103.1623 257.0184  2.00561733 34732
1 40105U 14045A   19121.47555668  .00000024  00000-0  00000-0 0  9990
2 40105  54.5741 192.4558 0010441 103.1457 257.0379  2.00561746 33889
1 40105U 14045A   19121.97414272  .00000031  00000-0  00000+0 0  9997
2 40105  54.5741 192.4358 0010413 103.1705 257.0157  2.00561799 34751
1 40105U 14045A   19123.46990039  .00000047  00000-0  00000+0 0  9990
2 40105  54.5741 192.3760 0010387 103.1921 257.0025  2.00561862 34785
1 40105U 14045A   19123.46990046  .00000047  00000-0  00000-0 0  9999
2 40105  54.5741 192.3760 0010387 103.2198 256.9748  2.00561879 33925
1 40105U 14045A   19123.96848566  .00000051  00000-0  00000+0 0  9997
2 40105  54.5741 192.3560 0010371 103.2332 256.9639  2.00561910 34797
1 40105U 14045A   19125.46423785  .00000057  00000-0  00000+0 0  9992
2 40105  54.5741 192.2962 0010346 103.2127 256.9895  2.00561977 34827
1 40105U 14045A   19125.96282028  .00000057  00000-0  00000+0 0  9990
2 40105  54.5741 192.2763 0010329 103.2413 256.9616  2.00562017 34833
1 40105U 14045A   19126.46140169  .00000056  00000-0  00000-0 0  9995
2 40105  54.5741 192.2562 0010319 103.2159 256.9872  2.00562035 33985
1 40105U 14045A   19126.95998228  .00000054  00000-0  00000+0 0  9993
2 40105  54.5741 192.2363 0010299 103.2438 256.9587  2.00562075 34855
1 40105U 14045A   19127.45856211  .00000051  00000-0  00000-0 0  9992
2 40105  54.5741 192.2163 0010290 103.2171 256.9844  2.00562088 34005
1 40105U 14045A   19128.45571943  .00000043  00000-0  00000+0 0  9999
2 40105  54.5742 192.1765 0010269 103.2158 256.9822  2.00562152 34888
1 40105U 14045A   19128.95429710  .00000039  00000-0  00000+0 0  9993
2 40105  54.5742 192.1565 0010252 103.2284 256.9672  2.00562201 34897
1 40105U 14045A   19129.45287481  .00000035  00000-0  00000+0 0  9992
2 40105  54.5742 192.1365 0010253 103.1998 256.9935  2.00562210 34901
1 40105U 14045A   19129.45287481  .00000035  00000-0  00000-0 0  9993
2 40105  54.5742 192.1365 0010253 103.1998 256.9935  2.00562210 34046
1 40105U 14045A   19130.45002979  .00000028  00000-0  00000+0 0  9993
2 40105  54.5742 192.0966 0010240 103.1746 257.0140  2.00562275 34927
1 40105U 14045A   19130.45002979  .00000028  00000-0  00000-0 0  9994
2 40105  54.5742 192.0966 0010240 103.1746 257.0140  2.00562275 34062
1 40105U 14045A   19132.44434443  .00000025  00000-0  00000+0 0  9996
2 40105  54.5743 192.0168 0010204 103.1947 256.9887  2.00562431 34969
1 40105U 14045A   19132.44434443  .00000025  00000-0  00000-0 0  9997
2 40105  54.5743 192.0168 0010204 103.1947 256.9887  2.00562431 34105
1 40105U 14045A   19132.44434454  .00000025  00000-0  00000+0 0  9998
2 40105  54.5743 192.0168 0010203 103.1923 256.9910  2.00562404 34969
1 40105U 14045A   19133.44150586  .00000030  00000-0  00000+0 0  9996
2 40105  54.5744 191.9769 0010182 103.2064 256.9777  2.00562509 34987
1 40105U 14045A   19133.44150586  .00000030  00000-0  00000-0 0  9997
2 40105  54.5744 191.9769 0010182 103.2064 256.9777  2.00562509 34123
1 40105U 14045A   19134.43866988  .00000039  00000-0  00000-0 0  9996
2 40105  54.5745 191.9370 0010176 103.1518 257.0352  2.00562573 34142
1 40105U 14045A   19135.43583500  .00000047  00000-0  00000+0 0  9991
2 40105  54.5745 191.8971 0010162 103.1802 257.0108  2.00562651 35023
1 40105U 14045A   19137.92874351  .00000057  00000-0  00000+0 0  9995
2 40105  54.5746 191.7973 0010124 103.1392 257.0597  2.00562890 35079
1 40105U 14045A   19138.92590204  .00000052  00000-0  00000+0 0  9993
2 40105  54.5747 191.7574 0010100 103.1841 257.0150  2.00563003 35094
1 40105U 14045A   19140.42163449  .00000038  00000-0  00000-0 0  9993
2 40105  54.5748 191.6976 0010083 103.1902 257.0060  2.00563148 34266
1 40105U 14045A   19140.42163452  .00000038  00000-0  00000-0 0  9997
2 40105  54.5747 191.6975 0010082 103.1445 257.0517  2.00563125 34267
1 40105U 14045A   19141.41878639  .00000027  00000-0  00000-0 0  9995
2 40105  54.5748 191.6577 0010050 103.2145 256.9779  2.00563246 34283
1 40105U 14045A   19141.41878640  .00000027  00000-0  00000+0 0  9996
2 40105  54.5748 191.6576 0010049 103.1935 256.9989  2.00563211 35147
1 40105U 14045A   19142.41593770  .00000018  00000-0  00000+0 0  9995
2 40105  54.5748 191.6178 0010034 103.1789 257.0096  2.00563315 35164
1 40105U 14045A   19142.91451319  .00000016  00000-0  00000+0 0  9990
2 40105  54.5749 191.5978 0010019 103.2244 256.9622  2.00563402 35173
1 40105U 14045A   19143.41308901  .00000014  00000-0  00000+0 0  9992
2 40105  54.5749 191.5778 0010020 103.2531 256.9318  2.00563435 35181
1 40105U 14045A   19143.41308901  .00000014  00000-0  00000-0 0  9993
2 40105  54.5749 191.5778 0010020 103.2531 256.9318  2.00563435 34326
1 40105U 14045A   19144.41024128  .00000015  00000-0  00000-0 0  9991
2 40105  54.5750 191.5379 0010005 103.2258 256.9566  2.00563512 34347
1 40105U 14045A   19144.90881779  .00000017  00000-0  00000+0 0  9999
2 40105  54.5750 191.5179 0009978 103.2445 256.9368  2.00563584 35216
1 40105U 14045A   19145.40739486  .00000021  00000-0  00000-0 0  9998
2 40105  54.5750 191.4980 0009977 103.2145 256.9665  2.00563598 34361
1 40105U 14045A   19145.90597251  .00000025  00000-0  00000+0 0  9998
2 40105  54.5751 191.4781 0009969 103.2623 256.9186  2.00563658 35235
1 40105U 14045A   19146.40455050  .00000031  00000-0  00000-0 0  9992
2 40105  54.5751 191.4581 0009958 103.2608 256.9205  2.00563704 34383
1 40105U 14045A   19147.40170774  .00000044  00000-0  00000+0 0  9993
2 40105  54.5752 191.4182 0009948 103.2045 256.9786  2.00563759 35267
1 40105U 14045A   19147.40170776  .00000044  00000-0  00000-0 0  9996
2 40105  54.5752 191.4182 0009948 103.2064 256.9767  2.00563772 34407
1 40105U 14045A   19148.39886646  .00000059  00000-0  00000+0 0  9990
2 40105  54.5753 191.3784 0009936 103.1668 257.0194  2.00563836 35285
1 40105U 14045A   19149.39602584  .00000072  00000-0  00000-0 0  9994
2 40105  54.5753 191.3384 0009923 103.1760 257.0140  2.00563918 34449
1 40105U 14045A   19150.39318475  .00000084  00000-0  00000+0 0  9991
2 40105  54.5754 191.2985 0009907 103.1447 257.0492  2.00563956 35320
1 40105U 14045A   19150.39318479  .00000084  00000-0  00000+0 0  9995
2 40105  54.5754 191.2985 0009906 103.1673 257.0266  2.00563980 35326
1 40105U 14045A   19150.39318479  .00000084  00000-0  00000-0 0  9996
2 40105  54.5754 191.2985 0009906 103.1673 257.0266  2.00563980 34460
1 40105U 14045A   19153.38465058  .00000096  00000-0  00000+0 0  9996
2 40105  54.5756 191.1788 0009872 103.0839 257.1150  2.00564130 35380
1 40105U 14045A   19153.88322540  .00000094  00000-0  00000+0 0  9997
2 40105  54.5756 191.1589 0009856 103.0646 257.1332  2.00564171 35395
1 40105U 14045A   19154.38179915  .00000092  00000-0  00000-0 0  9998
2 40105  54.5757 191.1389 0009843 103.0342 257.1621  2.00564201 34555
1 40105U 14045A   19154.88037230  .00000089  00000-0  00000+0 0  9991
2 40105  54.5757 191.1190 0009834 103.0109 257.1833  2.00564228 35416
1 40105U 14045A   19156.37608760  .00000076  00000-0  00000-0 0  9996
2 40105  54.5758 191.0592 0009809 102.9574 257.2282  2.00564312 34588
1 40105U 14045A   19156.87465889  .00000072  00000-0  00000+0 0  9999
2 40105  54.5759 191.0392 0009814 102.9195 257.2628  2.00564332 35455
1 40105U 14045A   19157.37322993  .00000069  00000-0  00000-0 0  9990
2 40105  54.5760 191.0193 0009809 102.9134 257.2657  2.00564370 34603
1 40105U 14045A   19158.37037274  .00000063  00000-0  00000+0 0  9999
2 40105  54.5760 190.9794 0009794 102.8621 257.3112  2.00564416 35486
1 40105U 14045A   19158.86894487  .00000062  00000-0  00000+0 0  9999
2 40105  54.5761 190.9595 0009802 102.8532 257.3178  2.00564479 35499
1 40105U 14045A   19159.86609117  .00000063  00000-0  00000+0 0  9995
2 40105  54.5763 190.9196 0009796 102.8118 257.3563  2.00564550 35511
1 40105U 14045A   19161.36181611  .00000071  00000-0  00000+0 0  9996
2 40105  54.5764 190.8597 0009796 102.7536 257.4145  2.00564645 35544
1 40105U 14045A   19161.36181611  .00000071  00000-0  00000-0 0  9997
2 40105  54.5764 190.8597 0009796 102.7536 257.4145  2.00564645 34688
1 40105U 14045A   19165.35042083  .00000088  00000-0  00000+0 0  9996
2 40105  54.5767 190.7001 0009770 102.6257 257.5490  2.00565001 35627
1 40105U 14045A   19166.34756662  .00000081  00000-0  00000+0 0  9994
2 40105  54.5768 190.6602 0009784 102.6066 257.5667  2.00565098 35641
1 40105U 14045A   19166.34756662  .00000081  00000-0  00000-0 0  9995
2 40105  54.5768 190.6602 0009784 102.6066 257.5667  2.00565098 34785
1 40105U 14045A   19166.34756676  .00000081  00000-0  00000+0 0  9999
2 40105  54.5768 190.6602 0009788 102.5880 257.5854  2.00565085 35642
1 40105U 14045A   19167.34470944  .00000071  00000-0  00000-0 0  9991
2 40105  54.5769 190.6203 0009794 102.5744 257.5956  2.00565188 34800
1 40105U 14045A   19167.84327915  .00000065  00000-0  00000+0 0  9997
2 40105  54.5770 190.6004 0009761 102.4829 257.6846  2.00565258 35671
1 40105U 14045A   19168.34184901  .00000059  00000-0  00000-0 0  9993
2 40105  54.5770 190.5804 0009763 102.4399 257.7251  2.00565282 34826
1 40105U 14045A   19168.84041867  .00000053  00000-0  00000+0 0  9994
2 40105  54.5770 190.5605 0009763 102.4325 257.7298  2.00565329 35693
1 40105U 14045A   19170.33612733  .00000041  00000-0  00000-0 0  9995
2 40105  54.5772 190.5007 0009764 102.4205 257.7339  2.00565476 34866
1 40105U 14045A   19171.33326713  .00000038  00000-0  00000+0 0  9991
2 40105  54.5772 190.4609 0009766 102.4178 257.7323  2.00565568 35747
1 40105U 14045A   19172.33040807  .00000041  00000-0  00000-0 0  9994
2 40105  54.5774 190.4210 0009740 102.3603 257.7866  2.00565684 34909
1 40105U 14045A   19173.32755090  .00000049  00000-0  00000+0 0  9998
2 40105  54.5774 190.3811 0009740 102.3334 257.8121  2.00565730 35780
1 40105U 14045A   19173.32755104  .00000049  00000-0  00000-0 0  9995
2 40105  54.5775 190.3811 0009744 102.3549 257.7907  2.00565759 34920
1 40105U 14045A   19174.32469557  .00000061  00000-0  00000-0 0  9994
2 40105  54.5776 190.3412 0009723 102.2598 257.8858  2.00565852 34940
1 40105U 14045A   19174.32469592  .00000061  00000-0  00000+0 0  9992
2 40105  54.5775 190.3412 0009742 102.2740 257.8718  2.00565822 35807
1 40105U 14045A   19174.82326862  .00000067  00000-0  00000+0 0  9995
2 40105  54.5776 190.3213 0009732 102.2600 257.8863  2.00565873 35819
1 40105U 14045A   19175.32184201  .00000074  00000-0  00000-0 0  9999
2 40105  54.5777 190.3014 0009737 102.3504 257.7969  2.00565921 34963
1 40105U 14045A   19176.31898933  .00000087  00000-0  00000+0 0  9996
2 40105  54.5777 190.2615 0009744 102.2810 257.8689  2.00565976 35844
1 40105U 14045A   19176.31898941  .00000087  00000-0  00000-0 0  9996
2 40105  54.5777 190.2615 0009743 102.3060 257.8439  2.00565991 34985
1 40105U 14045A   19176.81756330  .00000093  00000-0  00000+0 0  9992
2 40105  54.5778 190.2416 0009742 102.2475 257.9038  2.00566027 35857
1 40105U 14045A   19178.31328363  .00000106  00000-0  00000-0 0  9996
2 40105  54.5778 190.1817 0009749 102.1762 257.9792  2.00566092 35024
1 40105U 14045A   19179.31042836  .00000110  00000-0  00000+0 0  9999
2 40105  54.5779 190.1419 0009749 102.0559 258.1010  2.00566154 35908
1 40105U 14045A   19180.30757031  .00000110  00000-0  00000-0 0  9991
2 40105  54.5780 190.1020 0009750 102.0059 258.1506  2.00566210 35065
1 40105U 14045A   19181.30470878  .00000107  00000-0  00000+0 0  9998
2 40105  54.5781 190.0621 0009751 101.8686 258.2855  2.00566276 35943
1 40105U 14045A   19181.30470882  .00000107  00000-0  00000+0 0  9993
2 40105  54.5780 190.0621 0009750 101.8859 258.2682  2.00566257 35940
1 40105U 14045A   19182.80041064  .00000095  00000-0  00000-0 0  9992
2 40105  54.5782 190.0023 0009753 101.7980 258.3485  2.00566330 35118
1 40105U 14045A   19183.29897672  .00000091  00000-0  00000+0 0  9995
2 40105  54.5782 189.9823 0009755 101.7456 258.3976  2.00566358 35983
1 40105U 14045A   19184.29610800  .00000082  00000-0  00000+0 0  9992
2 40105  54.5783 189.9424 0009770 101.6248 258.5114  2.00566425 36001
1 40105U 14045A   19184.79467359  .00000078  00000-0  00000+0 0  9991
2 40105  54.5784 189.9225 0009776 101.5857 258.5471  2.00566456 36013
1 40105U 14045A   19185.79180564  .00000072  00000-0  00000+0 0  9996
2 40105  54.5785 189.8826 0009783 101.4963 258.6303  2.00566532 36037
1 40105U 14045A   19187.28750826  .00000070  00000-0  00000+0 0  9994
2 40105  54.5786 189.8228 0009791 101.4262 258.6949  2.00566599 36067
1 40105U 14045A   19188.28464701  .00000074  00000-0  00000+0 0  9993
2 40105  54.5787 189.7829 0009810 101.3443 258.7761  2.00566689 36081
1 40105U 14045A   19189.28178790  .00000081  00000-0  00000+0 0  9992
2 40105  54.5787 189.7430 0009822 101.3336 258.7880  2.00566769 36107
1 40105U 14045A   19190.27892954  .00000087  00000-0  00000+0 0  9994
2 40105  54.5788 189.7031 0009829 101.2455 258.8783  2.00566851 36120
1 40105U 14045A   19191.27607033  .00000090  00000-0  00000-0 0  9992
2 40105  54.5789 189.6632 0009828 101.2228 258.9027  2.00566963 35286
1 40105U 14045A   19191.27607064  .00000090  00000-0  00000+0 0  9995
2 40105  54.5789 189.6632 0009828 101.2272 258.8983  2.00566919 36142
1 40105U 14045A   19192.77177776  .00000086  00000-0  00000+0 0  9998
2 40105  54.5789 189.6034 0009845 101.1362 258.9896  2.00567077 36179
1 40105U 14045A   19193.27034547  .00000082  00000-0  00000-0 0  9999
2 40105  54.5789 189.5834 0009852 101.0948 259.0303  2.00567121 35324
1 40105U 14045A   19194.26747843  .00000071  00000-0  00000+0 0  9996
2 40105  54.5790 189.5436 0009855 101.0675 259.0544  2.00567193 36208
1 40105U 14045A   19195.26460936  .00000058  00000-0  00000+0 0  9997
2 40105  54.5790 189.5037 0009886 100.9659 259.1517  2.00567308 36220
1 40105U 14045A   19196.26173851  .00000045  00000-0  00000+0 0  9991
2 40105  54.5790 189.4639 0009898 100.9225 259.1898  2.00567381 36244
1 40105U 14045A   19197.25886760  .00000034  00000-0  00000+0 0  9999
2 40105  54.5791 189.4240 0009928 100.8483 259.2589  2.00567499 36262
1 40105U 14045A   19198.25599682  .00000028  00000-0  00000+0 0  9997
2 40105  54.5792 189.3842 0009940 100.8532 259.2494  2.00567599 36287
1 40105U 14045A   19199.25312768  .00000028  00000-0  00000+0 0  9996
2 40105  54.5792 189.3443 0009954 100.7821 259.3173  2.00567689 36307
1 40105U 14045A   19200.74882693  .00000037  00000-0  00000-0 0  9993
2 40105  54.5792 189.2846 0009951 100.7504 259.3470  2.00567800 35470
1 40105U 14045A   19201.24739476  .00000042  00000-0  00000+0 0  9994
2 40105  54.5792 189.2646 0009972 100.6952 259.4026  2.00567861 36349
1 40105U 14045A   19202.24453130  .00000054  00000-0  00000+0 0  9998
2 40105  54.5792 189.2248 0009994 100.6073 259.4923  2.00567937 36367
1 40105U 14045A   19202.74309976  .00000060  00000-0  00000+0 0  9998
2 40105  54.5793 189.2048 0010000 100.5756 259.5253  2.00567981 36370
1 40105U 14045A   19204.23880657  .00000077  00000-0  00000+0 0  9992
2 40105  54.5794 189.1450 0010016 100.4979 259.6078  2.00568071 36401
1 40105U 14045A   19205.23594375  .00000085  00000-0  00000+0 0  9991
2 40105  54.5794 189.1052 0010018 100.5178 259.5911  2.00568125 36420
1 40105U 14045A   19205.23594405  .00000085  00000-0  00000-0 0  9996
2 40105  54.5794 189.1052 0010041 100.4439 259.6653  2.00568143 35563
1 40105U 14045A   19206.23308021  .00000089  00000-0  00000+0 0  9997
2 40105  54.5794 189.0653 0010063 100.3213 259.7905  2.00568200 36445
1 40105U 14045A   19207.23021399  .00000090  00000-0  00000+0 0  9990
2 40105  54.5794 189.0254 0010077 100.2584 259.8544  2.00568251 36465
1 40105U 14045A   19208.22734453  .00000086  00000-0  00000-0 0  9998
2 40105  54.5794 188.9855 0010085 100.2042 259.9076  2.00568313 35625
1 40105U 14045A   19209.22447200  .00000079  00000-0  00000+0 0  9991
2 40105  54.5794 188.9457 0010104 100.1110 259.9979  2.00568352 36503
1 40105U 14045A   19209.72303435  .00000075  00000-0  00000-0 0  9994
2 40105  54.5794 188.9257 0010100 100.1186 259.9879  2.00568366 35659
1 40105U 14045A   19211.21871916  .00000060  00000-0  00000+0 0  9998
2 40105  54.5795 188.8659 0010134  99.9444 260.1536  2.00568454 36545
1 40105U 14045A   19212.21584155  .00000051  00000-0  00000+0 0  9995
2 40105  54.5795 188.8260 0010162  99.8727 260.2196  2.00568507 36561
1 40105U 14045A   19213.21296514  .00000045  00000-0  00000-0 0  9999
2 40105  54.5796 188.7862 0010194  99.7809 260.3067  2.00568588 35728
1 40105U 14045A   19214.21009096  .00000043  00000-0  00000+0 0  9994
2 40105  54.5796 188.7463 0010200  99.7631 260.3216  2.00568636 36604
1 40105U 14045A   19214.21009096  .00000043  00000-0  00000-0 0  9995
2 40105  54.5796 188.7463 0010200  99.7631 260.3216  2.00568636 35748
1 40105U 14045A   19216.20435200  .00000049  00000-0  00000+0 0  9991
2 40105  54.5795 188.6666 0010271  99.5521 260.5342  2.00568800 36640
1 40105U 14045A   19216.20435200  .00000049  00000-0  00000-0 0  9992
2 40105  54.5795 188.6666 0010271  99.5521 260.5342  2.00568800 36640
1 40105U 14045A   19218.69718403  .00000059  00000-0  00000+0 0  9996
2 40105  54.5795 188.5669 0010302  99.4645 260.6296  2.00568984 36690
1 40105U 14045A   19219.19574981  .00000058  00000-0  00000+0 0  9992
2 40105  54.5795 188.5470 0010332  99.3942 260.7012  2.00569053 36709
1 40105U 14045A   19219.19574981  .00000058  00000-0  00000-0 0  9993
2 40105  54.5795 188.5470 0010332  99.3942 260.7012  2.00569053 36709
1 40105U 14045A   19224.18136946  .00000001  00000-0  00000+0 0  9990
2 40105  54.5793 188.3477 0010470  99.0953 260.9898  2.00569506 36802
1 40105U 14045A   19224.18136946  .00000001  00000-0  00000-0 0  9991
2 40105  54.5793 188.3477 0010470  99.0953 260.9898  2.00569506 35946
1 40105U 14045A   19225.17849042 -.00000008  00000-0  00000+0 0  9996
2 40105  54.5793 188.3079 0010485  99.0639 261.0177  2.00569583 36826
1 40105U 14045A   19225.67705148 -.00000010  00000-0  00000+0 0  9992
2 40105  54.5793 188.2880 0010516  99.0685 261.0122  2.00569653 36830
1 40105U 14045A   19227.17273715 -.00000008  00000-0  00000+0 0  9996
2 40105  54.5792 188.2282 0010553  98.9855 261.0939  2.00569788 36861
1 40105U 14045A   19229.16699172  .00000010  00000-0  00000-0 0  9999
2 40105  54.5791 188.1486 0010612  98.8167 261.2672  2.00569953 36901
1 40105U 14045A   19230.66268687  .00000028  00000-0  00000-0 0  9998
2 40105  54.5790 188.0889 0010680  98.7034 261.3876  2.00570064 36073
1 40105U 14045A   19231.16125220  .00000033  00000-0  00000-0 0  9995
2 40105  54.5790 188.0690 0010698  98.6528 261.4409  2.00570093 36940
1 40105U 14045A   19232.15838226  .00000042  00000-0  00000+0 0  9991
2 40105  54.5789 188.0291 0010726  98.6253 261.4737  2.00570161 36964
1 40105U 14045A   19233.15551155  .00000047  00000-0  00000+0 0  9990
2 40105  54.5789 187.9893 0010761  98.5530 261.5508  2.00570219 36989
1 40105U 14045A   19234.15263880  .00000049  00000-0  00000+0 0  9998
2 40105  54.5788 187.9495 0010794  98.4764 261.6310  2.00570269 37001
1 40105U 14045A   19236.64544288  .00000037  00000-0  00000+0 0  9995
2 40105  54.5786 187.8498 0010836  98.3689 261.7386  2.00570388 37054
1 40105U 14045A   19238.63967516  .00000019  00000-0  00000-0 0  9990
2 40105  54.5788 187.7701 0010928  98.1428 261.9582  2.00570519 36238
1 40105U 14045A   19239.13823267  .00000014  00000-0  00000+0 0  9994
2 40105  54.5788 187.7502 0010947  98.1111 261.9879  2.00570548 37105
1 40105U 14045A   19241.13246594  .00000004  00000-0  00000+0 0  9998
2 40105  54.5787 187.6705 0011021  97.9875 262.1068  2.00570673 37142
1 40105U 14045A   19242.62814811  .00000006  00000-0  00000-0 0  9999
2 40105  54.5786 187.6106 0011079  97.9058 262.1907  2.00570776 36316
1 40105U 14045A   19243.12671021  .00000009  00000-0  00000+0 0  9991
2 40105  54.5786 187.5907 0011097  97.8811 262.2173  2.00570812 37183
1 40105U 14045A   19244.12383558  .00000015  00000-0  00000+0 0  9994
2 40105  54.5786 187.5509 0011129  97.8331 262.2701  2.00570889 37208
1 40105U 14045A   19245.12096141  .00000019  00000-0  00000-0 0  9999
2 40105  54.5786 187.5110 0011159  97.7919 262.3167  2.00570990 36366
1 40105U 14045A   19245.12096161  .00000019  00000-0  00000+0 0  9990
2 40105  54.5786 187.5110 0011164  97.7818 262.3268  2.00570969 37224
1 40105U 14045A   19246.11808626  .00000021  00000-0  00000+0 0  9990
2 40105  54.5784 187.4711 0011195  97.7431 262.3703  2.00571054 37245
1 40105U 14045A   19246.61664786  .00000020  00000-0  00000+0 0  9991
2 40105  54.5784 187.4512 0011214  97.7147 262.4007  2.00571096 37255
1 40105U 14045A   19246.61664786  .00000020  00000-0  00000-0 0  9992
2 40105  54.5784 187.4512 0011214  97.7147 262.4007  2.00571096 36399
1 40105U 14045A   19247.61376886  .00000013  00000-0  00000+0 0  9995
2 40105  54.5781 187.4114 0011254  97.6646 262.4533  2.00571184 37271
1 40105U 14045A   19247.61376886  .00000013  00000-0  00000-0 0  9996
2 40105  54.5781 187.4114 0011254  97.6646 262.4533  2.00571184 36416
1 40105U 14045A   19249.10944460 -.00000004  00000-0  00000+0 0  9991
2 40105  54.5780 187.3516 0011311  97.6002 262.5180  2.00571317 37306
1 40105U 14045A   19250.10655872 -.00000018  00000-0  00000+0 0  9994
2 40105  54.5781 187.3117 0011355  97.5770 262.5397  2.00571416 37325
1 40105U 14045A   19252.10078537 -.00000041  00000-0  00000+0 0  9999
2 40105  54.5778 187.2321 0011445  97.4996 262.6135  2.00571596 37360
1 40105U 14045A   19253.09789977 -.00000046  00000-0  00000+0 0  9990
2 40105  54.5782 187.1922 0011488  97.4578 262.6547  2.00571690 37388
1 40105U 14045A   19254.09501597 -.00000044  00000-0  00000-0 0  9990
2 40105  54.5781 187.1524 0011536  97.4087 262.7049  2.00571782 36541
1 40105U 14045A   19255.09213405 -.00000037  00000-0  00000+0 0  9990
2 40105  54.5779 187.1126 0011566  97.3577 262.7585  2.00571858 37429
1 40105U 14045A   19256.08925449 -.00000027  00000-0  00000+0 0  9997
2 40105  54.5778 187.0727 0011628  97.3068 262.8140  2.00571957 37448
1 40105U 14045A   19256.58781520 -.00000020  00000-0  00000-0 0  9996
2 40105  54.5777 187.0528 0011646  97.2916 262.8320  2.00571994 36593
1 40105U 14045A   19257.08637614 -.00000014  00000-0  00000+0 0  9998
2 40105  54.5777 187.0329 0011664  97.2852 262.8414  2.00572034 37468
1 40105U 14045A   19258.08349875 -.00000002  00000-0  00000+0 0  9995
2 40105  54.5776 186.9931 0011705  97.2424 262.8910  2.00572103 37485
1 40105U 14045A   19259.08062164  .00000009  00000-0  00000+0 0  9995
2 40105  54.5776 186.9532 0011750  97.2006 262.9400  2.00572165 37504
1 40105U 14045A   19260.07774367  .00000017  00000-0  00000+0 0  9990
2 40105  54.5775 186.9134 0011797  97.1489 262.9984  2.00572222 37529
1 40105U 14045A   19262.07197992  .00000021  00000-0  00000+0 0  9990
2 40105  54.5773 186.8337 0011832  97.1742 262.9822  2.00572338 37566
1 40105U 14045A   19263.06909385  .00000018  00000-0  00000+0 0  9993
2 40105  54.5772 186.7938 0011865  97.1412 263.0172  2.00572394 37585
1 40105U 14045A   19264.06620492  .00000012  00000-0  00000+0 0  9997
2 40105  54.5772 186.7540 0011897  97.0852 263.0731  2.00572441 37603
1 40105U 14045A   19265.06331335  .00000004  00000-0  00000+0 0  9994
2 40105  54.5771 186.7141 0011937  97.0349 263.1218  2.00572500 37624
1 40105U 14045A   19266.06042027 -.00000004  00000-0  00000+0 0  9993
2 40105  54.5771 186.6742 0011967  96.9999 263.1542  2.00572549 37647
1 40105U 14045A   19267.05752736 -.00000010  00000-0  00000+0 0  9995
2 40105  54.5771 186.6344 0012023  96.9578 263.1944  2.00572624 37664
1 40105U 14045A   19268.05463592 -.00000013  00000-0  00000+0 0  9998
2 40105  54.5770 186.5945 0012057  96.9169 263.2343  2.00572679 37688
1 40105U 14045A   19269.05174705 -.00000012  00000-0  00000+0 0  9993
2 40105  54.5771 186.5547 0012097  96.8844 263.2680  2.00572745 37701
1 40105U 14045A   19270.04886112 -.00000008  00000-0  00000+0 0  9991
2 40105  54.5770 186.5147 0012141  96.8617 263.2944  2.00572816 37728
1 40105U 14045A   19271.04597708 -.00000001  00000-0  00000+0 0  9995
2 40105  54.5770 186.4749 0012167  96.8721 263.2893  2.00572893 37749
1 40105U 14045A   19273.04021085  .00000010  00000-0  00000+0 0  9996
2 40105  54.5769 186.3952 0012238  96.8203 263.3536  2.00573058 37789
1 40105U 14045A   19274.03732560  .00000009  00000-0  00000+0 0  9991
2 40105  54.5768 186.3553 0012287  96.7890 263.3900  2.00573140 37800
1 40105U 14045A   19276.53009897 -.00000013  00000-0  00000+0 0  9994
2 40105  54.5767 186.2556 0012419  96.7468 263.4365  2.00573371 37856
1 40105U 14045A   19276.53009897 -.00000013  00000-0  00000-0 0  9995
2 40105  54.5767 186.2556 0012419  96.7468 263.4365  2.00573371 36990
1 40105U 14045A   19277.52720394 -.00000026  00000-0  00000-0 0  9991
2 40105  54.5767 186.2157 0012460  96.7198 263.4624  2.00573427 37017
1 40105U 14045A   19278.02575617 -.00000032  00000-0  00000+0 0  9999
2 40105  54.5766 186.1958 0012507  96.7048 263.4770  2.00573503 37882
1 40105U 14045A   19279.02286014 -.00000042  00000-0  00000+0 0  9991
2 40105  54.5766 186.1558 0012558  96.6921 263.4884  2.00573590 37908
1 40105U 14045A   19281.01707086 -.00000046  00000-0  00000+0 0  9994
2 40105  54.5765 186.0762 0012641  96.7042 263.4767  2.00573776 37941
1 40105U 14045A   19283.01128897 -.00000028  00000-0  00000+0 0  9993
2 40105  54.5765 185.9965 0012715  96.6845 263.5031  2.00573948 37986
1 40105U 14045A   19284.00840059 -.00000015  00000-0  00000+0 0  9990
2 40105  54.5764 185.9566 0012747  96.6698 263.5235  2.00574022 38007
1 40105U 14045A   19285.00551316 -.00000000  00000-0  00000+0 0  9990
2 40105  54.5764 185.9168 0012779  96.6582 263.5417  2.00574094 38025
1 40105U 14045A   19286.00262632  .00000013  00000-0  00000+0 0  9994
2 40105  54.5764 185.8769 0012829  96.6539 263.5533  2.00574161 38045
1 40105U 14045A   19286.99973922  .00000023  00000-0  00000+0 0  9994
2 40105  54.5763 185.8371 0012889  96.6391 263.5753  2.00574215 38061
1 40105U 14045A   19287.99684972  .00000030  00000-0  00000+0 0  9997
2 40105  54.5763 185.7972 0012917  96.6267 263.5936  2.00574270 38087
1 40105U 14045A   19288.99395777  .00000033  00000-0  00000+0 0  9993
2 40105  54.5763 185.7574 0012937  96.6136 263.6110  2.00574320 38106
1 40105U 14045A   19289.99106299  .00000032  00000-0  00000+0 0  9992
2 40105  54.5763 185.7176 0012969  96.5959 263.6311  2.00574369 38129
1 40105U 14045A   19290.98816491  .00000029  00000-0  00000+0 0  9991
2 40105  54.5763 185.6777 0013001  96.5805 263.6469  2.00574421 38148
1 40105U 14045A   19291.98526393  .00000024  00000-0  00000+0 0  9996
2 40105  54.5763 185.6378 0013033  96.5566 263.6694  2.00574473 38163
1 40105U 14045A   19292.48381291  .00000020  00000-0  00000-0 0  9995
2 40105  54.5763 185.6179 0013057  96.5414 263.6835  2.00574496 37318
1 40105U 14045A   19292.98236146  .00000017  00000-0  00000+0 0  9993
2 40105  54.5763 185.5980 0013077  96.5287 263.6947  2.00574519 38183
1 40105U 14045A   19293.97945815  .00000012  00000-0  00000+0 0  9998
2 40105  54.5763 185.5581 0013124  96.5136 263.7072  2.00574577 38203
1 40105U 14045A   19294.97655598  .00000009  00000-0  00000+0 0  9991
2 40105  54.5763 185.5182 0013171  96.4988 263.7203  2.00574633 38227
1 40105U 14045A   19295.97365562  .00000010  00000-0  00000-0 0  9994
2 40105  54.5763 185.4784 0013206  96.4854 263.7335  2.00574695 37385
1 40105U 14045A   19296.97075800  .00000015  00000-0  00000+0 0  9992
2 40105  54.5763 185.4385 0013245  96.4836 263.7374  2.00574762 38261
1 40105U 14045A   19297.96786287  .00000023  00000-0  00000+0 0  9999
2 40105  54.5763 185.3986 0013282  96.4926 263.7326  2.00574830 38283
1 40105U 14045A   19298.46641631  .00000027  00000-0  00000-0 0  9993
2 40105  54.5763 185.3786 0013311  96.4878 263.7401  2.00574859 37431
1 40105U 14045A   19298.96496952  .00000031  00000-0  00000+0 0  9996
2 40105  54.5764 185.3587 0013334  96.4902 263.7404  2.00574898 38307
1 40105U 14045A   19299.96207560  .00000037  00000-0  00000+0 0  9998
2 40105  54.5764 185.3188 0013368  96.4906 263.7456  2.00574974 38329
1 40105U 14045A   19301.45773117  .00000039  00000-0  00000+0 0  9994
2 40105  54.5764 185.2590 0013425  96.4971 263.7452  2.00575100 38352
1 40105U 14045A   19301.45773117  .00000039  00000-0  00000-0 0  9995
2 40105  54.5764 185.2590 0013425  96.4971 263.7452  2.00575100 37496
1 40105U 14045A   19302.45483105  .00000034  00000-0  00000+0 0  9995
2 40105  54.5764 185.2191 0013462  96.5016 263.7422  2.00575186 38374
1 40105U 14045A   19302.45483105  .00000034  00000-0  00000-0 0  9996
2 40105  54.5764 185.2191 0013462  96.5016 263.7422  2.00575186 37519
1 40105U 14045A   19304.44902250  .00000012  00000-0  00000-0 0  9990
2 40105  54.5763 185.1394 0013576  96.5329 263.7089  2.00575372 37555
1 40105U 14045A   19305.94466083 -.00000004  00000-0  00000+0 0  9996
2 40105  54.5764 185.0795 0013621  96.5352 263.7023  2.00575502 38449
1 40105U 14045A   19306.94175353 -.00000010  00000-0  00000+0 0  9991
2 40105  54.5764 185.0396 0013656  96.5604 263.6748  2.00575594 38460
1 40105U 14045A   19307.93884743 -.00000011  00000-0  00000+0 0  9992
2 40105  54.5764 184.9998 0013693  96.5818 263.6524  2.00575688 38482
1 40105U 14045A   19309.93304090  .00000006  00000-0  00000+0 0  9999
2 40105  54.5765 184.9200 0013751  96.6237 263.6130  2.00575863 38523
1 40105U 14045A   19310.43159042  .00000012  00000-0  00000+0 0  9998
2 40105  54.5766 184.9001 0013760  96.6349 263.6035  2.00575902 38536
1 40105U 14045A   19310.43159042  .00000012  00000-0  00000-0 0  9999
2 40105  54.5766 184.9001 0013760  96.6349 263.6035  2.00575902 37670
1 40105U 14045A   19315.91563930  .00000075  00000-0  00000+0 0  9990
2 40105  54.5768 184.6808 0013941  96.7023 263.5615  2.00576244 38646
1 40105U 14045A   19315.91563998  .00000075  00000-0  00000+0 0  9994
2 40105  54.5768 184.6808 0013950  96.6983 263.5656  2.00576243 38644
1 40105U 14045A   19316.41418749  .00000076  00000-0  00000+0 0  9994
2 40105  54.5768 184.6608 0013964  96.7025 263.5623  2.00576265 38654
1 40105U 14045A   19318.90691307  .00000070  00000-0  00000+0 0  9997
2 40105  54.5769 184.5611 0014031  96.7030 263.5586  2.00576386 38708
1 40105U 14045A   19319.90399868  .00000065  00000-0  00000+0 0  9999
2 40105  54.5770 184.5213 0014064  96.7034 263.5540  2.00576438 38728
1 40105U 14045A   19320.40254088  .00000062  00000-0  00000+0 0  9997
2 40105  54.5770 184.5013 0014072  96.7088 263.5462  2.00576451 38733
1 40105U 14045A   19320.40254088  .00000062  00000-0  00000-0 0  9998
2 40105  54.5770 184.5013 0014072  96.7088 263.5462  2.00576451 37877
1 40105U 14045A   19321.39962567  .00000058  00000-0  00000+0 0  9999
2 40105  54.5772 184.4615 0014119  96.7218 263.5287  2.00576510 38752
1 40105U 14045A   19321.39962567  .00000058  00000-0  00000-0 0  9990
2 40105  54.5772 184.4615 0014119  96.7218 263.5287  2.00576510 37896
1 40105U 14045A   19322.39671153  .00000056  00000-0  00000-0 0  9997
2 40105  54.5773 184.4216 0014156  96.7289 263.5180  2.00576564 37917
1 40105U 14045A   19322.89525509  .00000057  00000-0  00000+0 0  9995
2 40105  54.5773 184.4017 0014162  96.7258 263.5198  2.00576580 38782
1 40105U 14045A   19322.89525509  .00000057  00000-0  00000-0 0  9996
2 40105  54.5773 184.4017 0014162  96.7258 263.5198  2.00576580 38782
1 40105U 14045A   19324.88943603  .00000067  00000-0  00000+0 0  9996
2 40105  54.5775 184.3218 0014235  96.7777 263.4686  2.00576712 38826
1 40105U 14045A   19325.88652936  .00000076  00000-0  00000+0 0  9993
2 40105  54.5777 184.2819 0014248  96.8420 263.4070  2.00576777 38844
1 40105U 14045A   19327.88071633  .00000087  00000-0  00000+0 0  9996
2 40105  54.5778 184.2022 0014307  96.8987 263.3565  2.00576919 38885
1 40105U 14045A   19328.87780711  .00000086  00000-0  00000+0 0  9999
2 40105  54.5779 184.1623 0014350  96.9498 263.3067  2.00576990 38907
1 40105U 14045A   19329.87489386  .00000080  00000-0  00000+0 0  9998
2 40105  54.5780 184.1224 0014379  96.9960 263.2594  2.00577096 38925
1 40105U 14045A   19333.86321806  .00000036  00000-0  00000+0 0  9995
2 40105  54.5783 183.9629 0014477  97.0960 263.1416  2.00577444 39004
1 40105U 14045A   19335.35884090  .00000034  00000-0  00000+0 0  9998
2 40105  54.5784 183.9030 0014526  97.1952 263.0373  2.00577550 39030
1 40105U 14045A   19335.35884128  .00000034  00000-0  00000-0 0  9991
2 40105  54.5784 183.9030 0014540  97.2258 263.0068  2.00577586 38170
1 40105U 14045A   19336.35592411  .00000039  00000-0  00000+0 0  9997
2 40105  54.5785 183.8632 0014515  97.1531 263.0776  2.00577639 39056
1 40105U 14045A   19338.35009769  .00000064  00000-0  00000-0 0  9997
2 40105  54.5787 183.7834 0014556  97.2267 263.0060  2.00577824 38234
1 40105U 14045A   19339.34718645  .00000078  00000-0  00000+0 0  9991
2 40105  54.5788 183.7435 0014581  97.2484 262.9872  2.00577874 39113
1 40105U 14045A   19340.84282027  .00000097  00000-0  00000+0 0  9999
2 40105  54.5790 183.6837 0014628  97.3071 262.9336  2.00577995 39148
1 40105U 14045A   19342.83699364  .00000111  00000-0  00000+0 0  9993
2 40105  54.5792 183.6040 0014664  97.3747 262.8702  2.00578095 39188
1 40105U 14045A   19343.83407679  .00000113  00000-0  00000+0 0  9992
2 40105  54.5793 183.5641 0014676  97.4192 262.8254  2.00578126 39203
1 40105U 14045A   19344.83115718  .00000111  00000-0  00000+0 0  9991
2 40105  54.5794 183.5242 0014691  97.4585 262.7839  2.00578169 39221
1 40105U 14045A   19345.82823395  .00000107  00000-0  00000+0 0  9993
2 40105  54.5794 183.4843 0014696  97.4477 262.7906  2.00578205 39240
1 40105U 14045A   19347.32384538  .00000098  00000-0  00000+0 0  9990
2 40105  54.5797 183.4245 0014712  97.4732 262.7560  2.00578266 39278
1 40105U 14045A   19349.31799196  .00000088  00000-0  00000+0 0  9990
2 40105  54.5800 183.3447 0014758  97.5540 262.6628  2.00578374 39313
1 40105U 14045A   19349.31799196  .00000088  00000-0  00000-0 0  9991
2 40105  54.5800 183.3447 0014758  97.5540 262.6628  2.00578374 38457
1 40105U 14045A   19352.80776755  .00000100  00000-0  00000+0 0  9999
2 40105  54.5805 183.2050 0014791  97.6270 262.5833  2.00578557 39382
1 40105U 14045A   19355.79901240  .00000110  00000-0  00000+0 0  9990
2 40105  54.5808 183.0855 0014828  97.7646 262.4489  2.00578772 39447
1 40105U 14045A   19356.29755133  .00000108  00000-0  00000+0 0  9991
2 40105  54.5809 183.0655 0014828  97.7858 262.4270  2.00578810 39453
1 40105U 14045A   19356.29755133  .00000108  00000-0  00000-0 0  9992
2 40105  54.5809 183.0655 0014828  97.7858 262.4270  2.00578810 38597
1 40105U 14045A   19358.29169868  .00000086  00000-0  00000+0 0  9992
2 40105  54.5808 182.9857 0014852  97.8872 262.3178  2.00578995 39492
1 40105U 14045A   19358.29169868  .00000086  00000-0  00000-0 0  9993
2 40105  54.5808 182.9857 0014852  97.8872 262.3178  2.00578995 38637
1 40105U 14045A   19359.78730331  .00000064  00000-0  00000+0 0  9992
2 40105  54.5809 182.9259 0014871  97.9384 262.2570  2.00579126 39525
1 40105U 14045A   19361.78144324  .00000045  00000-0  00000+0 0  9995
2 40105  54.5809 182.8462 0014889  98.0375 262.1461  2.00579248 39568
1 40105U 14045A   19361.78144324  .00000045  00000-0  00000-0 0  9996
2 40105  54.5809 182.8462 0014889  98.0375 262.1461  2.00579248 38703
1 40105U 14045A   19362.77851495  .00000044  00000-0  00000+0 0  9998
2 40105  54.5809 182.8062 0014877  98.1567 262.0226  2.00579374 39585
1 40105U 14045A   19362.77851495  .00000044  00000-0  00000-0 0  9999
2 40105  54.5809 182.8062 0014877  98.1567 262.0226  2.00579374 38720
1 40105U 14045A   19362.77851495  .00000044  00000-0  00000-0 0  9999
2 40105  54.5809 182.8062 0014877  98.1567 262.0226  2.00579374 39585
1 40105U 14045A   19365.27120354  .00000065  00000-0  00000+0 0  9992
2 40105  54.5807 182.7065 0014884  98.2956 261.8814  2.00579562 39631
1 40105U 14045A   19365.76974261  .00000071  00000-0  00000+0 0  9997
2 40105  54.5809 182.6866 0014887  98.3137 261.8639  2.00579600 39645

