1 40294U 14068A   19001.18737503  .00000009  00000-0  00000+0 0  9991
2 40294  55.1268 138.0991 0017419  33.8824 326.1942  2.00570848 30553
1 40294U 14068A   19001.18737503  .00000009  00000-0  00000-0 0  9992
2 40294  55.1268 138.0991 0017419  33.8824 326.1942  2.00570848 30575
1 40294U 14068A   19001.68593083  .00000002  00000-0  00000+0 0  9992
2 40294  55.1270 138.0793 0017416  33.8162 326.2580  2.00570965 30568
1 40294U 14068A   19001.68593196  .00000002  00000-0  00000-0 0  9998
2 40294  55.1270 138.0792 0017423  33.8581 326.2163  2.00570890 30586
1 40294U 14068A   19002.18448908 -.00000004  00000-0  00000-0 0  9997
2 40294  55.1271 138.0594 0017413  33.8083 326.2638  2.00570975 30595
1 40294U 14068A   19003.18160544 -.00000015  00000-0  00000+0 0  9996
2 40294  55.1274 138.0198 0017412  33.7565 326.3120  2.00571054 30597
1 40294U 14068A   19003.68016348 -.00000019  00000-0  00000+0 0  9997
2 40294  55.1276 137.9999 0017409  33.7132 326.3538  2.00571118 30608
1 40294U 14068A   19003.68016378 -.00000019  00000-0  00000-0 0  9991
2 40294  55.1276 137.9999 0017418  33.7306 326.3365  2.00571079 30627
1 40294U 14068A   19005.17584232 -.00000021  00000-0  00000+0 0  9998
2 40294  55.1280 137.9405 0017410  33.6238 326.4417  2.00571239 30637
1 40294U 14068A   19006.17296242 -.00000017  00000-0  00000+0 0  9995
2 40294  55.1282 137.9008 0017408  33.5453 326.5215  2.00571370 30658
1 40294U 14068A   19006.67152384 -.00000013  00000-0  00000-0 0  9995
2 40294  55.1284 137.8810 0017412  33.5204 326.5477  2.00571381 30684
1 40294U 14068A   19007.17008687 -.00000008  00000-0  00000+0 0  9990
2 40294  55.1285 137.8611 0017410  33.4688 326.6010  2.00571418 30671
1 40294U 14068A   19008.16721115  .00000002  00000-0  00000+0 0  9991
2 40294  55.1288 137.8215 0017423  33.4260 326.6481  2.00571496 30694
1 40294U 14068A   19008.16721115  .00000002  00000-0  00000-0 0  9992
2 40294  55.1288 137.8215 0017423  33.4260 326.6481  2.00571496 30717
1 40294U 14068A   19008.66577398  .00000007  00000-0  00000+0 0  9993
2 40294  55.1289 137.8016 0017424  33.4072 326.6693  2.00571539 30701
1 40294U 14068A   19008.66577398  .00000007  00000-0  00000-0 0  9994
2 40294  55.1289 137.8016 0017424  33.4072 326.6693  2.00571539 30723
1 40294U 14068A   19010.66002383  .00000025  00000-0  00000+0 0  9993
2 40294  55.1295 137.7223 0017432  33.2343 326.8520  2.00571689 30746
1 40294U 14068A   19011.65714684  .00000030  00000-0  00000-0 0  9994
2 40294  55.1298 137.6827 0017436  33.2154 326.8749  2.00571717 30781
1 40294U 14068A   19012.15570700  .00000031  00000-0  00000+0 0  9999
2 40294  55.1299 137.6628 0017440  33.1682 326.9235  2.00571785 30776
1 40294U 14068A   19013.65138534  .00000030  00000-0  00000+0 0  9999
2 40294  55.1303 137.6033 0017446  33.0527 327.0408  2.00571826 30809
1 40294U 14068A   19014.14994238  .00000028  00000-0  00000-0 0  9993
2 40294  55.1304 137.5835 0017453  32.9497 327.1433  2.00571899 30833
1 40294U 14068A   19014.14994245  .00000028  00000-0  00000+0 0  9990
2 40294  55.1304 137.5835 0017450  32.9682 327.1248  2.00571893 30812
1 40294U 14068A   19014.64850031  .00000025  00000-0  00000+0 0  9996
2 40294  55.1305 137.5636 0017455  32.9297 327.1627  2.00571892 30820
1 40294U 14068A   19015.14705638  .00000022  00000-0  00000-0 0  9992
2 40294  55.1306 137.5437 0017459  32.8530 327.2381  2.00571937 30854
1 40294U 14068A   19016.14416790  .00000015  00000-0  00000+0 0  9992
2 40294  55.1309 137.5041 0017469  32.8194 327.2688  2.00571979 30851
1 40294U 14068A   19016.64272369  .00000012  00000-0  00000-0 0  9997
2 40294  55.1310 137.4842 0017473  32.7846 327.3019  2.00571992 30886
1 40294U 14068A   19017.14127855  .00000008  00000-0  00000+0 0  9996
2 40294  55.1312 137.4644 0017480  32.7499 327.3348  2.00572035 30873
1 40294U 14068A   19017.14127855  .00000008  00000-0  00000-0 0  9997
2 40294  55.1312 137.4644 0017480  32.7499 327.3348  2.00572035 30895
1 40294U 14068A   19018.13838950  .00000002  00000-0  00000+0 0  9995
2 40294  55.1315 137.4246 0017487  32.6666 327.4149  2.00572093 30892
1 40294U 14068A   19019.13550258 -.00000002  00000-0  00000+0 0  9999
2 40294  55.1318 137.3850 0017491  32.5869 327.4930  2.00572152 30911
1 40294U 14068A   19019.13550258 -.00000002  00000-0  00000-0 0  9990
2 40294  55.1318 137.3850 0017491  32.5869 327.4930  2.00572152 30933
1 40294U 14068A   19020.63117598 -.00000003  00000-0  00000-0 0  9994
2 40294  55.1322 137.3254 0017496  32.4769 327.6044  2.00572239 30966
1 40294U 14068A   19021.12973552 -.00000001  00000-0  00000-0 0  9997
2 40294  55.1323 137.3056 0017501  32.4233 327.6595  2.00572281 30957
1 40294U 14068A   19021.62829582  .00000000  00000-0  00000+0 0  9992
2 40294  55.1325 137.2857 0017507  32.3989 327.6859  2.00572283 30966
1 40294U 14068A   19021.62829582  .00000000  00000-0  00000-0 0  9993
2 40294  55.1325 137.2857 0017507  32.3989 327.6859  2.00572283 30988
1 40294U 14068A   19023.12397483  .00000007  00000-0  00000+0 0  9996
2 40294  55.1329 137.2261 0017508  32.2354 327.8565  2.00572459 30999
1 40294U 14068A   19024.12109425  .00000009  00000-0  00000+0 0  9996
2 40294  55.1331 137.1864 0017513  32.1169 327.9794  2.00572545 31014
1 40294U 14068A   19024.12109425  .00000009  00000-0  00000-0 0  9997
2 40294  55.1331 137.1864 0017513  32.1169 327.9794  2.00572545 31036
1 40294U 14068A   19024.12109444  .00000009  00000-0  00000+0 0  9997
2 40294  55.1331 137.1864 0017513  32.1450 327.9513  2.00572534 31014
1 40294U 14068A   19025.61676877  .00000004  00000-0  00000-0 0  9997
2 40294  55.1335 137.1268 0017528  32.0472 328.0532  2.00572644 31065
1 40294U 14068A   19026.11532571  .00000000  00000-0  00000+0 0  9990
2 40294  55.1336 137.1070 0017529  32.0098 328.0909  2.00572699 31059
1 40294U 14068A   19026.11532571  .00000000  00000-0  00000-0 0  9991
2 40294  55.1336 137.1070 0017529  32.0098 328.0909  2.00572699 31071
1 40294U 14068A   19027.11243598 -.00000010  00000-0  00000+0 0  9991
2 40294  55.1338 137.0672 0017530  31.9012 328.1985  2.00572807 31072
1 40294U 14068A   19027.11243598 -.00000010  00000-0  00000-0 0  9992
2 40294  55.1338 137.0672 0017530  31.9012 328.1985  2.00572807 31094
1 40294U 14068A   19028.10954466 -.00000024  00000-0  00000+0 0  9999
2 40294  55.1340 137.0275 0017533  31.8199 328.2777  2.00572894 31090
1 40294U 14068A   19028.60809816 -.00000031  00000-0  00000+0 0  9990
2 40294  55.1342 137.0076 0017536  31.7634 328.3327  2.00572956 31100
1 40294U 14068A   19028.60809844 -.00000031  00000-0  00000-0 0  9992
2 40294  55.1342 137.0077 0017540  31.8029 328.2933  2.00572913 31122
1 40294U 14068A   19030.10375926 -.00000048  00000-0  00000+0 0  9996
2 40294  55.1346 136.9481 0017542  31.7120 328.3806  2.00573095 31139
1 40294U 14068A   19030.60231419 -.00000053  00000-0  00000+0 0  9995
2 40294  55.1347 136.9282 0017549  31.6884 328.4035  2.00573104 31149
1 40294U 14068A   19030.60231419 -.00000053  00000-0  00000-0 0  9996
2 40294  55.1347 136.9282 0017549  31.6884 328.4035  2.00573104 31161
1 40294U 14068A   19031.59942310 -.00000057  00000-0  00000+0 0  9997
2 40294  55.1350 136.8885 0017545  31.5748 328.5166  2.00573233 31166
1 40294U 14068A   19033.09509063 -.00000053  00000-0  00000+0 0  9994
2 40294  55.1353 136.8290 0017552  31.3827 328.7112  2.00573409 31194
1 40294U 14068A   19034.09220516 -.00000045  00000-0  00000+0 0  9999
2 40294  55.1356 136.7893 0017554  31.3262 328.7719  2.00573492 31218
1 40294U 14068A   19034.59076339 -.00000040  00000-0  00000-0 0  9992
2 40294  55.1357 136.7695 0017565  31.3122 328.7884  2.00573502 31244
1 40294U 14068A   19035.08932170 -.00000034  00000-0  00000+0 0  9993
2 40294  55.1358 136.7496 0017562  31.2341 328.8693  2.00573563 31238
1 40294U 14068A   19036.08643865 -.00000022  00000-0  00000+0 0  9991
2 40294  55.1360 136.7100 0017571  31.1488 328.9608  2.00573640 31259
1 40294U 14068A   19037.08355521 -.00000011  00000-0  00000+0 0  9999
2 40294  55.1363 136.6703 0017579  31.0824 329.0337  2.00573716 31278
1 40294U 14068A   19038.08067062 -.00000003  00000-0  00000+0 0  9991
2 40294  55.1366 136.6306 0017589  31.0216 329.1005  2.00573799 31292
1 40294U 14068A   19038.08067062 -.00000003  00000-0  00000-0 0  9992
2 40294  55.1366 136.6306 0017589  31.0216 329.1005  2.00573799 31315
1 40294U 14068A   19039.07778469  .00000003  00000-0  00000+0 0  9990
2 40294  55.1368 136.5909 0017599  30.9297 329.1974  2.00573857 31313
1 40294U 14068A   19039.57634191  .00000004  00000-0  00000-0 0  9990
2 40294  55.1370 136.5711 0017604  30.8871 329.2419  2.00573844 31345
1 40294U 14068A   19040.07489598  .00000005  00000-0  00000+0 0  9996
2 40294  55.1371 136.5513 0017608  30.8082 329.3222  2.00573918 31338
1 40294U 14068A   19040.57345125  .00000005  00000-0  00000-0 0  9999
2 40294  55.1372 136.5314 0017612  30.7433 329.3881  2.00573919 31367
1 40294U 14068A   19041.07200477  .00000004  00000-0  00000-0 0  9994
2 40294  55.1373 136.5115 0017620  30.6572 329.4748  2.00573964 31373
1 40294U 14068A   19041.07200497  .00000004  00000-0  00000+0 0  9995
2 40294  55.1373 136.5115 0017618  30.6804 329.4515  2.00573955 31358
1 40294U 14068A   19042.06911005  .00000001  00000-0  00000-0 0  9997
2 40294  55.1375 136.4718 0017636  30.5793 329.5525  2.00574036 31391
1 40294U 14068A   19042.06911083  .00000001  00000-0  00000+0 0  9992
2 40294  55.1375 136.4718 0017635  30.6196 329.5123  2.00574006 31377
1 40294U 14068A   19043.06621416 -.00000004  00000-0  00000+0 0  9995
2 40294  55.1378 136.4321 0017649  30.5315 329.5988  2.00574063 31391
1 40294U 14068A   19045.06041758 -.00000015  00000-0  00000+0 0  9994
2 40294  55.1383 136.3526 0017677  30.3712 329.7544  2.00574186 31434
1 40294U 14068A   19046.05752011 -.00000018  00000-0  00000+0 0  9998
2 40294  55.1387 136.3129 0017687  30.2792 329.8451  2.00574255 31452
1 40294U 14068A   19046.55607310 -.00000018  00000-0  00000-0 0  9995
2 40294  55.1388 136.2931 0017694  30.2767 329.8477  2.00574244 31482
1 40294U 14068A   19047.05462525 -.00000018  00000-0  00000+0 0  9997
2 40294  55.1390 136.2732 0017699  30.2234 329.9015  2.00574310 31470
1 40294U 14068A   19047.55317857 -.00000017  00000-0  00000-0 0  9999
2 40294  55.1391 136.2533 0017706  30.1993 329.9266  2.00574333 31507
1 40294U 14068A   19048.55028756 -.00000013  00000-0  00000-0 0  9993
2 40294  55.1394 136.2136 0017715  30.0933 330.0361  2.00574401 31529
1 40294U 14068A   19049.04884155 -.00000011  00000-0  00000+0 0  9998
2 40294  55.1395 136.1937 0017715  29.9972 330.1344  2.00574469 31513
1 40294U 14068A   19050.04595148 -.00000005  00000-0  00000+0 0  9994
2 40294  55.1398 136.1540 0017725  29.9132 330.2237  2.00574572 31534
1 40294U 14068A   19050.54450813 -.00000002  00000-0  00000-0 0  9996
2 40294  55.1399 136.1341 0017730  29.8781 330.2616  2.00574560 31560
1 40294U 14068A   19051.04306248 -.00000001  00000-0  00000+0 0  9992
2 40294  55.1401 136.1142 0017737  29.7998 330.3424  2.00574625 31558
1 40294U 14068A   19055.03147586 -.00000022  00000-0  00000+0 0  9996
2 40294  55.1411 135.9552 0017779  29.4784 330.6684  2.00574994 31636
1 40294U 14068A   19055.03147586 -.00000022  00000-0  00000-0 0  9997
2 40294  55.1411 135.9552 0017779  29.4784 330.6684  2.00574994 31636
1 40294U 14068A   19056.52712151 -.00000040  00000-0  00000-0 0  9998
2 40294  55.1415 135.8956 0017795  29.3989 330.7441  2.00575099 31685
1 40294U 14068A   19056.52712153 -.00000040  00000-0  00000+0 0  9999
2 40294  55.1415 135.8956 0017789  29.3747 330.7682  2.00575123 31663
1 40294U 14068A   19056.52712247 -.00000040  00000-0  00000+0 0  9993
2 40294  55.1415 135.8956 0017788  29.3875 330.7553  2.00575055 31665
1 40294U 14068A   19058.02276494 -.00000052  00000-0  00000+0 0  9992
2 40294  55.1420 135.8360 0017802  29.2116 330.9281  2.00575355 31690
1 40294U 14068A   19063.00828172 -.00000018  00000-0  00000+0 0  9994
2 40294  55.1434 135.6375 0017856  28.8350 331.3199  2.00575721 31794
1 40294U 14068A   19063.00828181 -.00000018  00000-0  00000+0 0  9994
2 40294  55.1435 135.6375 0017859  28.8684 331.2865  2.00575694 31796
1 40294U 14068A   19063.50683428 -.00000012  00000-0  00000-0 0  9997
2 40294  55.1436 135.6177 0017861  28.7604 331.3973  2.00575767 31827
1 40294U 14068A   19064.00538627 -.00000006  00000-0  00000+0 0  9995
2 40294  55.1437 135.5978 0017870  28.7132 331.4474  2.00575837 31816
1 40294U 14068A   19064.50393918  .00000000  00000-0  00000+0 0  9995
2 40294  55.1439 135.5780 0017880  28.6756 331.4880  2.00575867 31826
1 40294U 14068A   19066.49814582  .00000016  00000-0  00000+0 0  9997
2 40294  55.1445 135.4986 0017905  28.5786 331.5945  2.00575956 31866
1 40294U 14068A   19066.99669595  .00000018  00000-0  00000+0 0  9996
2 40294  55.1447 135.4787 0017913  28.4971 331.6773  2.00576004 31877
1 40294U 14068A   19067.49524501  .00000019  00000-0  00000-0 0  9991
2 40294  55.1448 135.4589 0017921  28.4378 331.7376  2.00576040 31902
1 40294U 14068A   19068.49234128  .00000019  00000-0  00000-0 0  9995
2 40294  55.1451 135.4192 0017941  28.3534 331.8226  2.00576108 31923
1 40294U 14068A   19068.49234178  .00000019  00000-0  00000+0 0  9999
2 40294  55.1451 135.4192 0017940  28.3785 331.7976  2.00576076 31903
1 40294U 14068A   19068.49234178  .00000019  00000-0  00000-0 0  9990
2 40294  55.1451 135.4192 0017940  28.3785 331.7976  2.00576076 31925
1 40294U 14068A   19068.99088924  .00000018  00000-0  00000+0 0  9999
2 40294  55.1453 135.3993 0017954  28.2893 331.8862  2.00576111 31913
1 40294U 14068A   19070.48652580  .00000014  00000-0  00000+0 0  9997
2 40294  55.1458 135.3397 0017975  28.2014 331.9708  2.00576220 31948
1 40294U 14068A   19070.48652613  .00000014  00000-0  00000-0 0  9995
2 40294  55.1457 135.3397 0017981  28.1528 332.0193  2.00576225 31960
1 40294U 14068A   19070.98507126  .00000012  00000-0  00000+0 0  9995
2 40294  55.1459 135.3199 0017992  28.1207 332.0499  2.00576259 31953
1 40294U 14068A   19071.98216162  .00000008  00000-0  00000+0 0  9998
2 40294  55.1463 135.2801 0018012  28.0778 332.0896  2.00576302 31975
1 40294U 14068A   19073.97634440  .00000006  00000-0  00000+0 0  9990
2 40294  55.1470 135.2007 0018048  27.9644 332.1991  2.00576427 32011
1 40294U 14068A   19073.97634440  .00000006  00000-0  00000-0 0  9991
2 40294  55.1470 135.2007 0018048  27.9644 332.1991  2.00576427 32033
1 40294U 14068A   19075.47198625  .00000011  00000-0  00000+0 0  9993
2 40294  55.1475 135.1411 0018072  27.9080 332.2575  2.00576560 32045
1 40294U 14068A   19075.47198625  .00000011  00000-0  00000-0 0  9994
2 40294  55.1475 135.1411 0018072  27.9080 332.2575  2.00576560 32067
1 40294U 14068A   19076.46908408  .00000017  00000-0  00000-0 0  9998
2 40294  55.1479 135.1013 0018091  27.8548 332.3141  2.00576614 32080
1 40294U 14068A   19076.96763409  .00000021  00000-0  00000+0 0  9997
2 40294  55.1481 135.0815 0018098  27.7901 332.3808  2.00576613 32079
1 40294U 14068A   19077.46618197  .00000024  00000-0  00000-0 0  9990
2 40294  55.1482 135.0617 0018103  27.7090 332.4639  2.00576711 32102
1 40294U 14068A   19077.96473195  .00000027  00000-0  00000+0 0  9994
2 40294  55.1484 135.0418 0018114  27.6499 332.5249  2.00576718 32090
1 40294U 14068A   19078.46328122  .00000029  00000-0  00000-0 0  9992
2 40294  55.1486 135.0219 0018122  27.6436 332.5331  2.00576711 32120
1 40294U 14068A   19079.46037427  .00000030  00000-0  00000+0 0  9999
2 40294  55.1489 134.9822 0018131  27.5643 332.6148  2.00576855 32126
1 40294U 14068A   19079.46037459  .00000030  00000-0  00000-0 0  9995
2 40294  55.1489 134.9822 0018136  27.5388 332.6402  2.00576874 32143
1 40294U 14068A   19079.95892307  .00000029  00000-0  00000+0 0  9997
2 40294  55.1491 134.9623 0018146  27.5045 332.6750  2.00576850 32135
1 40294U 14068A   19080.45746838  .00000027  00000-0  00000+0 0  9999
2 40294  55.1492 134.9425 0018156  27.4910 332.6886  2.00576881 32142
1 40294U 14068A   19080.45746838  .00000027  00000-0  00000-0 0  9990
2 40294  55.1492 134.9425 0018156  27.4910 332.6886  2.00576881 32164
1 40294U 14068A   19081.45455591  .00000020  00000-0  00000-0 0  9997
2 40294  55.1496 134.9027 0018171  27.4294 332.7484  2.00577038 32180
1 40294U 14068A   19082.45164120  .00000009  00000-0  00000+0 0  9999
2 40294  55.1499 134.8629 0018189  27.4006 332.7738  2.00577162 32180
1 40294U 14068A   19082.45164122  .00000009  00000-0  00000-0 0  9992
2 40294  55.1499 134.8630 0018187  27.3988 332.7757  2.00577155 32204
1 40294U 14068A   19083.44872583 -.00000003  00000-0  00000+0 0  9993
2 40294  55.1503 134.8232 0018201  27.3770 332.7932  2.00577236 32209
1 40294U 14068A   19083.44872583 -.00000003  00000-0  00000-0 0  9994
2 40294  55.1503 134.8232 0018201  27.3770 332.7932  2.00577236 32221
1 40294U 14068A   19085.44289425 -.00000019  00000-0  00000+0 0  9999
2 40294  55.1510 134.7438 0018226  27.2514 332.9114  2.00577403 32240
1 40294U 14068A   19086.43998103 -.00000020  00000-0  00000-0 0  9992
2 40294  55.1514 134.7040 0018249  27.1846 332.9766  2.00577515 32286
1 40294U 14068A   19086.93852548 -.00000018  00000-0  00000+0 0  9995
2 40294  55.1516 134.6842 0018256  27.1090 333.0519  2.00577581 32276
1 40294U 14068A   19088.43415915 -.00000006  00000-0  00000+0 0  9992
2 40294  55.1522 134.6247 0018274  27.0693 333.0939  2.00577734 32300
1 40294U 14068A   19088.43415925 -.00000006  00000-0  00000-0 0  9994
2 40294  55.1522 134.6246 0018281  27.0646 333.0986  2.00577742 32328
1 40294U 14068A   19088.93270646  .00000000  00000-0  00000+0 0  9990
2 40294  55.1524 134.6048 0018292  27.0012 333.1635  2.00577786 32318
1 40294U 14068A   19090.42834542  .00000020  00000-0  00000+0 0  9990
2 40294  55.1530 134.5453 0018318  26.9970 333.1737  2.00577897 32343
1 40294U 14068A   19090.42834542  .00000020  00000-0  00000-0 0  9991
2 40294  55.1530 134.5453 0018318  26.9970 333.1737  2.00577897 32365
1 40294U 14068A   19091.42543853  .00000033  00000-0  00000+0 0  9997
2 40294  55.1533 134.5055 0018342  26.8894 333.2854  2.00577982 32363
1 40294U 14068A   19091.42543853  .00000033  00000-0  00000-0 0  9998
2 40294  55.1533 134.5055 0018342  26.8894 333.2854  2.00577982 32385
1 40294U 14068A   19092.92107488  .00000048  00000-0  00000+0 0  9999
2 40294  55.1539 134.4460 0018365  26.8397 333.3404  2.00578061 32395
1 40294U 14068A   19092.92107488  .00000048  00000-0  00000-0 0  9990
2 40294  55.1539 134.4460 0018365  26.8397 333.3404  2.00578061 32418
1 40294U 14068A   19094.41670682  .00000055  00000-0  00000+0 0  9994
2 40294  55.1545 134.3865 0018397  26.7579 333.4245  2.00578155 32428
1 40294U 14068A   19094.91524899  .00000056  00000-0  00000+0 0  9998
2 40294  55.1547 134.3667 0018415  26.7267 333.4557  2.00578209 32432
1 40294U 14068A   19095.91233279  .00000056  00000-0  00000+0 0  9998
2 40294  55.1551 134.3270 0018443  26.6374 333.5434  2.00578257 32456
1 40294U 14068A   19096.41087306  .00000056  00000-0  00000+0 0  9992
2 40294  55.1553 134.3072 0018449  26.6768 333.5027  2.00578279 32464
1 40294U 14068A   19096.41087306  .00000056  00000-0  00000-0 0  9993
2 40294  55.1553 134.3072 0018449  26.6768 333.5027  2.00578279 32486
1 40294U 14068A   19097.90649140  .00000051  00000-0  00000+0 0  9992
2 40294  55.1559 134.2476 0018492  26.6240 333.5494  2.00578377 32490
1 40294U 14068A   19098.40503007  .00000049  00000-0  00000+0 0  9996
2 40294  55.1561 134.2278 0018502  26.6090 333.5618  2.00578399 32502
1 40294U 14068A   19098.40503007  .00000049  00000-0  00000-0 0  9997
2 40294  55.1561 134.2278 0018502  26.6090 333.5618  2.00578399 32524
1 40294U 14068A   19099.40210790  .00000046  00000-0  00000+0 0  9998
2 40294  55.1565 134.1881 0018528  26.6039 333.5621  2.00578423 32520
1 40294U 14068A   19099.40210790  .00000046  00000-0  00000-0 0  9999
2 40294  55.1565 134.1881 0018528  26.6039 333.5621  2.00578423 32542
1 40294U 14068A   19100.39918573  .00000045  00000-0  00000-0 0  9993
2 40294  55.1569 134.1484 0018553  26.5637 333.5981  2.00578490 32561
1 40294U 14068A   19100.89772504  .00000045  00000-0  00000+0 0  9999
2 40294  55.1571 134.1286 0018566  26.5609 333.5994  2.00578520 32554
1 40294U 14068A   19101.39626459  .00000045  00000-0  00000+0 0  9992
2 40294  55.1574 134.1087 0018576  26.5452 333.6140  2.00578567 32569
1 40294U 14068A   19101.39626459  .00000045  00000-0  00000-0 0  9993
2 40294  55.1574 134.1087 0018576  26.5452 333.6140  2.00578567 32581
1 40294U 14068A   19102.39334614  .00000048  00000-0  00000-0 0  9996
2 40294  55.1578 134.0690 0018599  26.4922 333.6662  2.00578664 32600
1 40294U 14068A   19102.89188849  .00000051  00000-0  00000+0 0  9991
2 40294  55.1580 134.0492 0018611  26.4875 333.6713  2.00578663 32599
1 40294U 14068A   19103.88897262  .00000057  00000-0  00000+0 0  9993
2 40294  55.1585 134.0095 0018633  26.4081 333.7524  2.00578773 32612
1 40294U 14068A   19104.88605920  .00000064  00000-0  00000+0 0  9990
2 40294  55.1589 133.9698 0018651  26.4074 333.7555  2.00578811 32634
1 40294U 14068A   19106.38168341  .00000069  00000-0  00000-0 0  9994
2 40294  55.1595 133.9102 0018692  26.3781 333.7873  2.00578966 32689
1 40294U 14068A   19106.38168390  .00000069  00000-0  00000+0 0  9997
2 40294  55.1595 133.9102 0018673  26.4011 333.7644  2.00578933 32663
1 40294U 14068A   19107.37876523  .00000067  00000-0  00000-0 0  9990
2 40294  55.1599 133.8705 0018713  26.3657 333.7993  2.00579005 32708
1 40294U 14068A   19108.37584209  .00000060  00000-0  00000-0 0  9991
2 40294  55.1603 133.8308 0018734  26.3637 333.7986  2.00579102 32726
1 40294U 14068A   19109.37291598  .00000050  00000-0  00000+0 0  9996
2 40294  55.1607 133.7911 0018745  26.3438 333.8138  2.00579173 32728
1 40294U 14068A   19109.37291610  .00000050  00000-0  00000+0 0  9991
2 40294  55.1607 133.7911 0018755  26.3289 333.8286  2.00579214 32723
1 40294U 14068A   19109.37291610  .00000050  00000-0  00000-0 0  9992
2 40294  55.1607 133.7911 0018755  26.3289 333.8286  2.00579214 32745
1 40294U 14068A   19110.86875933  .00000031  00000-0  00000+0 0  9992
2 40294  55.1620 133.7311 0020405  29.4071 330.7611  2.00547751 32752
1 40294U 14068A   19110.86875933  .00000031  00000-0  00000-0 0  9993
2 40294  55.1620 133.7311 0020405  29.4071 330.7611  2.00547751 32774
1 40294U 14068A   19111.36737252  .00000026  00000-0  00000+0 0  9993
2 40294  55.1587 133.7112 0018918  20.1559 339.9691  2.00547901 32765
1 40294U 14068A   19111.86598677  .00000021  00000-0  00000+0 0  9999
2 40294  55.1627 133.6917 0019943  27.4646 332.6883  2.00547974 32772
1 40294U 14068A   19112.36459902  .00000017  00000-0  00000+0 0  9997
2 40294  55.1623 133.6719 0019827  27.6585 332.4920  2.00548064 32785
1 40294U 14068A   19112.86321413  .00000015  00000-0  00000+0 0  9995
2 40294  55.1622 133.6520 0019775  27.7334 332.4149  2.00548107 32791
1 40294U 14068A   19112.86321413  .00000015  00000-0  00000-0 0  9996
2 40294  55.1622 133.6520 0019775  27.7334 332.4149  2.00548107 32814
1 40294U 14068A   19113.86044406  .00000014  00000-0  00000+0 0  9999
2 40294  55.1627 133.6124 0019794  27.6687 332.4765  2.00548265 32819
1 40294U 14068A   19113.86044406  .00000014  00000-0  00000-0 0  9990
2 40294  55.1627 133.6124 0019794  27.6687 332.4765  2.00548265 32831
1 40294U 14068A   19115.35629448  .00000022  00000-0  00000-0 0  9990
2 40294  55.1634 133.5529 0019829  27.6652 332.4793  2.00548389 32869
1 40294U 14068A   19116.35353108  .00000033  00000-0  00000+0 0  9999
2 40294  55.1638 133.5133 0019850  27.6634 332.4826  2.00548459 32863
1 40294U 14068A   19117.35076667  .00000046  00000-0  00000-0 0  9997
2 40294  55.1642 133.4736 0019873  27.6647 332.4838  2.00548592 32901
1 40294U 14068A   19117.84938501  .00000052  00000-0  00000+0 0  9991
2 40294  55.1644 133.4538 0019864  27.6969 332.4530  2.00548675 32899
1 40294U 14068A   19119.34523920  .00000068  00000-0  00000+0 0  9990
2 40294  55.1650 133.3943 0019896  27.7091 332.4450  2.00548787 32926
1 40294U 14068A   19119.84385581  .00000072  00000-0  00000+0 0  9999
2 40294  55.1652 133.3745 0019921  27.6762 332.4790  2.00548806 32931
1 40294U 14068A   19119.84385581  .00000072  00000-0  00000-0 0  9990
2 40294  55.1652 133.3745 0019921  27.6762 332.4790  2.00548806 32953
1 40294U 14068A   19121.83832196  .00000081  00000-0  00000+0 0  9990
2 40294  55.1660 133.2952 0019975  27.6729 332.4832  2.00548890 32975
1 40294U 14068A   19122.83554900  .00000081  00000-0  00000+0 0  9995
2 40294  55.1665 133.2556 0020020  27.6111 332.5429  2.00548991 32995
1 40294U 14068A   19123.33416157  .00000080  00000-0  00000-0 0  9992
2 40294  55.1667 133.2358 0020022  27.6474 332.5050  2.00549019 33028
1 40294U 14068A   19124.33138684  .00000077  00000-0  00000+0 0  9994
2 40294  55.1671 133.1961 0020045  27.6616 332.4863  2.00549036 33025
1 40294U 14068A   19125.32860968  .00000073  00000-0  00000+0 0  9997
2 40294  55.1675 133.1565 0020071  27.6662 332.4763  2.00549072 33040
1 40294U 14068A   19126.32583061  .00000069  00000-0  00000-0 0  9990
2 40294  55.1680 133.1169 0020094  27.7213 332.4154  2.00549160 33080
1 40294U 14068A   19126.82444191  .00000067  00000-0  00000+0 0  9992
2 40294  55.1682 133.0971 0020115  27.7239 332.4100  2.00549183 33079
1 40294U 14068A   19128.32027647  .00000064  00000-0  00000+0 0  9999
2 40294  55.1688 133.0376 0020165  27.7491 332.3784  2.00549268 33104
1 40294U 14068A   19129.31750194  .00000066  00000-0  00000+0 0  9991
2 40294  55.1693 132.9980 0020193  27.7675 332.3579  2.00549341 33120
1 40294U 14068A   19130.31473076  .00000070  00000-0  00000+0 0  9999
2 40294  55.1697 132.9584 0020218  27.7832 332.3421  2.00549386 33144
1 40294U 14068A   19131.31196065  .00000075  00000-0  00000+0 0  9995
2 40294  55.1701 132.9187 0020245  27.7966 332.3299  2.00549456 33160
1 40294U 14068A   19132.30919003  .00000080  00000-0  00000+0 0  9996
2 40294  55.1705 132.8791 0020274  27.8131 332.3154  2.00549561 33180
1 40294U 14068A   19133.30641993  .00000082  00000-0  00000-0 0  9990
2 40294  55.1710 132.8395 0020303  27.8329 332.2969  2.00549624 33226
1 40294U 14068A   19133.30641994  .00000082  00000-0  00000+0 0  9990
2 40294  55.1710 132.8395 0020308  27.8329 332.2969  2.00549614 33208
1 40294U 14068A   19133.80503374  .00000082  00000-0  00000+0 0  9994
2 40294  55.1712 132.8196 0020319  27.8435 332.2863  2.00549649 33211
1 40294U 14068A   19134.30364691  .00000081  00000-0  00000+0 0  9996
2 40294  55.1714 132.7998 0020329  27.8476 332.2818  2.00549674 33227
1 40294U 14068A   19134.30364691  .00000081  00000-0  00000-0 0  9997
2 40294  55.1714 132.7998 0020329  27.8476 332.2818  2.00549674 33249
1 40294U 14068A   19136.29809140  .00000064  00000-0  00000+0 0  9990
2 40294  55.1721 132.7205 0020388  27.9226 332.2002  2.00549820 33267
1 40294U 14068A   19137.29530752  .00000050  00000-0  00000+0 0  9996
2 40294  55.1726 132.6808 0020403  27.9632 332.1536  2.00549995 33285
1 40294U 14068A   19137.29530752  .00000050  00000-0  00000-0 0  9997
2 40294  55.1726 132.6808 0020403  27.9632 332.1536  2.00549995 33308
1 40294U 14068A   19139.28974214  .00000025  00000-0  00000+0 0  9994
2 40294  55.1733 132.6015 0020439  28.0481 332.0566  2.00550126 33321
1 40294U 14068A   19139.78835013  .00000021  00000-0  00000+0 0  9998
2 40294  55.1736 132.5817 0020441  28.0521 332.0501  2.00550236 33333
1 40294U 14068A   19140.78557021  .00000017  00000-0  00000+0 0  9995
2 40294  55.1740 132.5421 0020465  28.0814 332.0172  2.00550316 33355
1 40294U 14068A   19142.28140369  .00000021  00000-0  00000+0 0  9990
2 40294  55.1745 132.4826 0020519  28.1375 331.9596  2.00550440 33380
1 40294U 14068A   19142.78001447  .00000024  00000-0  00000+0 0  9991
2 40294  55.1748 132.4629 0020537  28.1266 331.9708  2.00550569 33391
1 40294U 14068A   19143.27862761  .00000029  00000-0  00000-0 0  9996
2 40294  55.1750 132.4430 0020546  28.1549 331.9432  2.00550589 33428
1 40294U 14068A   19144.27585442  .00000039  00000-0  00000+0 0  9995
2 40294  55.1753 132.4034 0020571  28.2080 331.8926  2.00550649 33424
1 40294U 14068A   19144.27585460  .00000039  00000-0  00000-0 0  9996
2 40294  55.1753 132.4034 0020569  28.1994 331.9012  2.00550653 33448
1 40294U 14068A   19145.27308302  .00000050  00000-0  00000+0 0  9997
2 40294  55.1757 132.3638 0020601  28.2469 331.8568  2.00550663 33442
1 40294U 14068A   19146.27030767  .00000060  00000-0  00000+0 0  9996
2 40294  55.1761 132.3242 0020610  28.2761 331.8306  2.00550798 33464
1 40294U 14068A   19146.27030837  .00000060  00000-0  00000-0 0  9995
2 40294  55.1761 132.3242 0020617  28.2784 331.8284  2.00550813 33481
1 40294U 14068A   19147.26753307  .00000067  00000-0  00000+0 0  9995
2 40294  55.1765 132.2845 0020637  28.3301 331.7792  2.00550871 33488
1 40294U 14068A   19147.76614472  .00000070  00000-0  00000-0 0  9994
2 40294  55.1767 132.2647 0020644  28.3386 331.7715  2.00550897 33518
1 40294U 14068A   19148.26475664  .00000071  00000-0  00000+0 0  9998
2 40294  55.1769 132.2449 0020660  28.3689 331.7417  2.00550926 33505
1 40294U 14068A   19149.26197758  .00000072  00000-0  00000+0 0  9995
2 40294  55.1772 132.2053 0020685  28.3990 331.7116  2.00550969 33527
1 40294U 14068A   19150.25919547  .00000070  00000-0  00000+0 0  9992
2 40294  55.1776 132.1656 0020718  28.4346 331.6742  2.00551045 33544
1 40294U 14068A   19151.25641030  .00000067  00000-0  00000+0 0  9998
2 40294  55.1780 132.1260 0020748  28.4699 331.6356  2.00551125 33566
1 40294U 14068A   19153.25083877  .00000056  00000-0  00000+0 0  9997
2 40294  55.1788 132.0467 0020824  28.5891 331.5071  2.00551171 33601
1 40294U 14068A   19154.24805085  .00000052  00000-0  00000+0 0  9996
2 40294  55.1792 132.0071 0020862  28.6669 331.4248  2.00551259 33627
1 40294U 14068A   19155.24526603  .00000049  00000-0  00000+0 0  9999
2 40294  55.1796 131.9675 0020910  28.7618 331.3265  2.00551306 33641
1 40294U 14068A   19155.24526603  .00000049  00000-0  00000-0 0  9990
2 40294  55.1796 131.9675 0020910  28.7618 331.3265  2.00551306 33663
1 40294U 14068A   19156.74109044  .00000050  00000-0  00000-0 0  9994
2 40294  55.1801 131.9080 0020940  28.8386 331.2478  2.00551392 33699
1 40294U 14068A   19157.23970015  .00000051  00000-0  00000+0 0  9993
2 40294  55.1803 131.8882 0020969  28.8932 331.1937  2.00551441 33681
1 40294U 14068A   19158.23692222  .00000055  00000-0  00000+0 0  9999
2 40294  55.1807 131.8486 0020996  28.9449 331.1439  2.00551462 33702
1 40294U 14068A   19159.23414517  .00000059  00000-0  00000+0 0  9993
2 40294  55.1810 131.8089 0021024  29.0022 331.0895  2.00551495 33720
1 40294U 14068A   19159.73275404  .00000060  00000-0  00000+0 0  9990
2 40294  55.1812 131.7891 0021038  29.0170 331.0762  2.00551611 33735
1 40294U 14068A   19161.22858303  .00000060  00000-0  00000-0 0  9993
2 40294  55.1817 131.7296 0021070  29.0941 331.0019  2.00551704 33762
1 40294U 14068A   19162.22579956  .00000055  00000-0  00000+0 0  9991
2 40294  55.1820 131.6900 0021111  29.1779 330.9178  2.00551793 33787
1 40294U 14068A   19163.22301220  .00000044  00000-0  00000+0 0  9997
2 40294  55.1824 131.6503 0021137  29.2525 330.8408  2.00551887 33800
1 40294U 14068A   19163.22301220  .00000044  00000-0  00000-0 0  9998
2 40294  55.1824 131.6503 0021137  29.2525 330.8408  2.00551887 33822
1 40294U 14068A   19165.71603502  .00000008  00000-0  00000+0 0  9991
2 40294  55.1831 131.5512 0021197  29.4513 330.6304  2.00552096 33853
1 40294U 14068A   19166.21464093  .00000002  00000-0  00000+0 0  9991
2 40294  55.1833 131.5314 0021214  29.5022 330.5774  2.00552120 33860
1 40294U 14068A   19166.71324451 -.00000003  00000-0  00000+0 0  9991
2 40294  55.1835 131.5115 0021229  29.5477 330.5299  2.00552207 33870
1 40294U 14068A   19168.20905883 -.00000012  00000-0  00000+0 0  9991
2 40294  55.1841 131.4521 0021258  29.6336 330.4406  2.00552439 33904
1 40294U 14068A   19169.20627498 -.00000011  00000-0  00000+0 0  9994
2 40294  55.1844 131.4124 0021280  29.6756 330.3987  2.00552461 33927
1 40294U 14068A   19170.20349273 -.00000005  00000-0  00000+0 0  9991
2 40294  55.1847 131.3728 0021310  29.7484 330.3282  2.00552492 33946
1 40294U 14068A   19172.19792928  .00000014  00000-0  00000+0 0  9999
2 40294  55.1853 131.2936 0021381  29.9534 330.1319  2.00552733 33980
1 40294U 14068A   19174.19236641  .00000031  00000-0  00000+0 0  9995
2 40294  55.1861 131.2143 0021447  30.1538 329.9411  2.00552891 34020
1 40294U 14068A   19174.69097399  .00000034  00000-0  00000+0 0  9998
2 40294  55.1863 131.1945 0021453  30.1516 329.9451  2.00552920 34032
1 40294U 14068A   19174.69097399  .00000034  00000-0  00000-0 0  9999
2 40294  55.1863 131.1945 0021453  30.1516 329.9451  2.00552920 34054
1 40294U 14068A   19176.18679700  .00000037  00000-0  00000+0 0  9999
2 40294  55.1866 131.1350 0021505  30.2761 329.8245  2.00553000 34069
1 40294U 14068A   19177.18400924  .00000035  00000-0  00000+0 0  9998
2 40294  55.1869 131.0954 0021539  30.3618 329.7396  2.00553041 34083
1 40294U 14068A   19178.18121620  .00000031  00000-0  00000-0 0  9999
2 40294  55.1872 131.0558 0021575  30.4375 329.6630  2.00553164 34129
1 40294U 14068A   19179.17842522  .00000026  00000-0  00000+0 0  9993
2 40294  55.1875 131.0161 0021617  30.5314 329.5670  2.00553148 34128
1 40294U 14068A   19179.67702832  .00000024  00000-0  00000-0 0  9996
2 40294  55.1877 130.9963 0021634  30.5709 329.5261  2.00553169 34157
1 40294U 14068A   19180.17563035  .00000021  00000-0  00000-0 0  9990
2 40294  55.1879 130.9764 0021653  30.6204 329.4751  2.00553221 34163
1 40294U 14068A   19181.17283611  .00000016  00000-0  00000+0 0  9993
2 40294  55.1882 130.9368 0021692  30.7372 329.3557  2.00553270 34164
1 40294U 14068A   19184.16446178  .00000013  00000-0  00000+0 0  9991
2 40294  55.1892 130.8178 0021788  31.0302 329.0620  2.00553421 34229
1 40294U 14068A   19185.16167145  .00000016  00000-0  00000+0 0  9999
2 40294  55.1895 130.7782 0021817  31.1276 328.9681  2.00553593 34243
1 40294U 14068A   19186.15888853  .00000020  00000-0  00000+0 0  9990
2 40294  55.1899 130.7385 0021839  31.1750 328.9251  2.00553543 34267
1 40294U 14068A   19188.15331360  .00000023  00000-0  00000+0 0  9991
2 40294  55.1904 130.6591 0021891  31.3079 328.8012  2.00553745 34309
1 40294U 14068A   19189.15052297  .00000019  00000-0  00000+0 0  9996
2 40294  55.1907 130.6195 0021920  31.3957 328.7156  2.00553834 34329
1 40294U 14068A   19190.14773002  .00000011  00000-0  00000+0 0  9993
2 40294  55.1910 130.5798 0021949  31.5024 328.6093  2.00553900 34344
1 40294U 14068A   19191.14493252 -.00000002  00000-0  00000+0 0  9991
2 40294  55.1913 130.5401 0021974  31.5893 328.5206  2.00554012 34362
1 40294U 14068A   19191.14493306 -.00000002  00000-0  00000-0 0  9992
2 40294  55.1913 130.5401 0021973  31.5922 328.5176  2.00553997 34383
1 40294U 14068A   19192.14213487 -.00000017  00000-0  00000+0 0  9998
2 40294  55.1915 130.5004 0022002  31.7038 328.4032  2.00554094 34387
1 40294U 14068A   19193.63793560 -.00000037  00000-0  00000-0 0  9991
2 40294  55.1920 130.4409 0022025  31.8080 328.2946  2.00554196 34435
1 40294U 14068A   19194.13653670 -.00000042  00000-0  00000+0 0  9999
2 40294  55.1922 130.4211 0022047  31.8883 328.2134  2.00554272 34426
1 40294U 14068A   19194.63513845 -.00000046  00000-0  00000-0 0  9998
2 40294  55.1923 130.4012 0022058  31.9349 328.1664  2.00554310 34459
1 40294U 14068A   19195.13374036 -.00000049  00000-0  00000+0 0  9993
2 40294  55.1924 130.3814 0022068  31.9866 328.1146  2.00554361 34444
1 40294U 14068A   19195.63234378 -.00000050  00000-0  00000-0 0  9995
2 40294  55.1925 130.3616 0022080  32.0286 328.0731  2.00554383 34473
1 40294U 14068A   19196.13094593 -.00000050  00000-0  00000+0 0  9993
2 40294  55.1927 130.3418 0022098  32.1012 328.0017  2.00554475 34460
1 40294U 14068A   19196.62955008 -.00000048  00000-0  00000+0 0  9991
2 40294  55.1929 130.3219 0022109  32.1523 327.9521  2.00554520 34471
1 40294U 14068A   19198.12536384 -.00000037  00000-0  00000+0 0  9998
2 40294  55.1934 130.2625 0022146  32.2509 327.8605  2.00554670 34505
1 40294U 14068A   19199.12257592 -.00000026  00000-0  00000+0 0  9998
2 40294  55.1937 130.2228 0022174  32.3523 327.7654  2.00554731 34528
1 40294U 14068A   19200.11978649 -.00000016  00000-0  00000+0 0  9992
2 40294  55.1940 130.1831 0022204  32.4658 327.6588  2.00554845 34548
1 40294U 14068A   19200.61839350 -.00000011  00000-0  00000-0 0  9998
2 40294  55.1941 130.1633 0022212  32.4960 327.6318  2.00554826 34577
1 40294U 14068A   19201.11699749 -.00000007  00000-0  00000+0 0  9994
2 40294  55.1943 130.1435 0022227  32.5474 327.5835  2.00554907 34568
1 40294U 14068A   19202.11420664 -.00000002  00000-0  00000-0 0  9999
2 40294  55.1946 130.1039 0022255  32.6398 327.4967  2.00554974 34602
1 40294U 14068A   19203.11141411  .00000001  00000-0  00000+0 0  9997
2 40294  55.1949 130.0642 0022292  32.7748 327.3664  2.00555038 34600
1 40294U 14068A   19203.61001749  .00000001  00000-0  00000-0 0  9992
2 40294  55.1950 130.0444 0022307  32.8177 327.3251  2.00555041 34635
1 40294U 14068A   19204.10861846  .00000001  00000-0  00000+0 0  9998
2 40294  55.1952 130.0246 0022326  32.8829 327.2613  2.00555108 34626
1 40294U 14068A   19204.60722095 -.00000000  00000-0  00000-0 0  9996
2 40294  55.1953 130.0047 0022340  32.9128 327.2321  2.00555091 34655
1 40294U 14068A   19205.10582179 -.00000002  00000-0  00000+0 0  9990
2 40294  55.1955 129.9849 0022355  32.9477 327.1976  2.00555111 34644
1 40294U 14068A   19206.10301889 -.00000006  00000-0  00000+0 0  9992
2 40294  55.1957 129.9452 0022390  33.0478 327.0974  2.00555256 34667
1 40294U 14068A   19207.10021896 -.00000010  00000-0  00000-0 0  9996
2 40294  55.1960 129.9055 0022429  33.1764 326.9680  2.00555251 34704
1 40294U 14068A   19207.59881722 -.00000012  00000-0  00000+0 0  9992
2 40294  55.1962 129.8857 0022447  33.2329 326.9108  2.00555295 34694
1 40294U 14068A   19208.09741569 -.00000014  00000-0  00000-0 0  9995
2 40294  55.1964 129.8658 0022464  33.2882 326.8550  2.00555329 34720
1 40294U 14068A   19209.09461376 -.00000017  00000-0  00000+0 0  9993
2 40294  55.1967 129.8261 0022489  33.3408 326.8014  2.00555360 34725
1 40294U 14068A   19210.09181081 -.00000018  00000-0  00000+0 0  9998
2 40294  55.1970 129.7864 0022518  33.4442 326.6987  2.00555491 34743
1 40294U 14068A   19211.08901524 -.00000017  00000-0  00000-0 0  9990
2 40294  55.1974 129.7468 0022553  33.5816 326.5638  2.00555460 34784
1 40294U 14068A   19211.08901541 -.00000017  00000-0  00000+0 0  9998
2 40294  55.1974 129.7468 0022546  33.5382 326.6070  2.00555439 34769
1 40294U 14068A   19211.58761658 -.00000015  00000-0  00000+0 0  9994
2 40294  55.1976 129.7269 0022568  33.6347 326.5126  2.00555502 34779
1 40294U 14068A   19213.08342351 -.00000008  00000-0  00000+0 0  9998
2 40294  55.1980 129.6674 0022608  33.7658 326.3896  2.00555615 34805
1 40294U 14068A   19213.58202663 -.00000006  00000-0  00000-0 0  9993
2 40294  55.1982 129.6475 0022627  33.8267 326.3319  2.00555653 34839
1 40294U 14068A   19214.08062824 -.00000003  00000-0  00000-0 0  9999
2 40294  55.1983 129.6277 0022638  33.8721 326.2896  2.00555731 34844
1 40294U 14068A   19214.57923115 -.00000002  00000-0  00000+0 0  9990
2 40294  55.1985 129.6078 0022651  33.9100 326.2547  2.00555753 34838
1 40294U 14068A   19214.57923115 -.00000002  00000-0  00000-0 0  9991
2 40294  55.1985 129.6078 0022651  33.9100 326.2547  2.00555753 34838
1 40294U 14068A   19217.07223487 -.00000008  00000-0  00000+0 0  9999
2 40294  55.1992 129.5085 0022720  34.1698 326.0041  2.00555935 34889
1 40294U 14068A   19218.06943147 -.00000019  00000-0  00000+0 0  9993
2 40294  55.1995 129.4688 0022750  34.2867 325.8872  2.00555985 34909
1 40294U 14068A   19219.06662490 -.00000032  00000-0  00000+0 0  9998
2 40294  55.1998 129.4291 0022781  34.3877 325.7845  2.00556063 34927
1 40294U 14068A   19219.06662490 -.00000032  00000-0  00000-0 0  9999
2 40294  55.1998 129.4291 0022781  34.3877 325.7845  2.00556063 34927
1 40294U 14068A   19220.06381354 -.00000046  00000-0  00000+0 0  9992
2 40294  55.2001 129.3894 0022801  34.4987 325.6714  2.00556259 34940
1 40294U 14068A   19220.06381354 -.00000046  00000-0  00000-0 0  9993
2 40294  55.2001 129.3894 0022801  34.4987 325.6714  2.00556259 34962
1 40294U 14068A   19221.06100703 -.00000057  00000-0  00000+0 0  9992
2 40294  55.2005 129.3497 0022821  34.5852 325.5830  2.00556294 34966
1 40294U 14068A   19221.06100703 -.00000057  00000-0  00000-0 0  9993
2 40294  55.2005 129.3497 0022821  34.5852 325.5830  2.00556294 34988
1 40294U 14068A   19222.55679817 -.00000066  00000-0  00000+0 0  9994
2 40294  55.2010 129.2902 0022851  34.7137 325.4546  2.00556428 34998
1 40294U 14068A   19222.55679817 -.00000066  00000-0  00000-0 0  9995
2 40294  55.2010 129.2902 0022851  34.7137 325.4546  2.00556428 35012
1 40294U 14068A   19224.05259270 -.00000063  00000-0  00000+0 0  9995
2 40294  55.2015 129.2306 0022879  34.8429 325.3299  2.00556634 35024
1 40294U 14068A   19224.05259270 -.00000063  00000-0  00000-0 0  9996
2 40294  55.2015 129.2306 0022879  34.8429 325.3299  2.00556634 35046
1 40294U 14068A   19226.54559651 -.00000037  00000-0  00000+0 0  9998
2 40294  55.2023 129.1315 0022941  35.0568 325.1315  2.00556826 35074
1 40294U 14068A   19226.54559674 -.00000037  00000-0  00000-0 0  9994
2 40294  55.2023 129.1315 0022944  35.0732 325.1152  2.00556810 35094
1 40294U 14068A   19227.04419756 -.00000032  00000-0  00000+0 0  9990
2 40294  55.2025 129.1116 0022952  35.1448 325.0472  2.00556855 35081
1 40294U 14068A   19229.03859775 -.00000013  00000-0  00000-0 0  9990
2 40294  55.2031 129.0323 0023004  35.3452 324.8604  2.00557056 35126
1 40294U 14068A   19230.53439451 -.00000007  00000-0  00000-0 0  9995
2 40294  55.2036 128.9728 0023040  35.4640 324.7486  2.00557120 35172
1 40294U 14068A   19231.53158898 -.00000007  00000-0  00000+0 0  9998
2 40294  55.2040 128.9331 0023068  35.5468 324.6686  2.00557166 35177
1 40294U 14068A   19231.53158898 -.00000007  00000-0  00000-0 0  9999
2 40294  55.2040 128.9331 0023068  35.5468 324.6686  2.00557166 35199
1 40294U 14068A   19236.01893690 -.00000017  00000-0  00000+0 0  9993
2 40294  55.2055 128.7544 0023206  35.9828 324.2313  2.00557471 35267
1 40294U 14068A   19237.01612709 -.00000017  00000-0  00000+0 0  9994
2 40294  55.2059 128.7147 0023235  36.1122 324.1021  2.00557475 35283
1 40294U 14068A   19237.51472090 -.00000016  00000-0  00000-0 0  9996
2 40294  55.2061 128.6949 0023248  36.1645 324.0505  2.00557541 35313
1 40294U 14068A   19238.01331542 -.00000015  00000-0  00000+0 0  9996
2 40294  55.2063 128.6751 0023263  36.2202 323.9958  2.00557601 35309
1 40294U 14068A   19239.01050848 -.00000010  00000-0  00000+0 0  9999
2 40294  55.2067 128.6354 0023288  36.3023 323.9171  2.00557635 35327
1 40294U 14068A   19241.50349597  .00000005  00000-0  00000+0 0  9991
2 40294  55.2077 128.5361 0023345  36.5188 323.7143  2.00557775 35370
1 40294U 14068A   19241.50349597  .00000005  00000-0  00000-0 0  9992
2 40294  55.2077 128.5361 0023345  36.5188 323.7143  2.00557775 35370
1 40294U 14068A   19242.99928528  .00000009  00000-0  00000+0 0  9996
2 40294  55.2082 128.4765 0023377  36.6493 323.5909  2.00557883 35400
1 40294U 14068A   19243.99647694  .00000006  00000-0  00000+0 0  9996
2 40294  55.2086 128.4368 0023407  36.7701 323.4725  2.00557890 35425
1 40294U 14068A   19244.99365888 -.00000002  00000-0  00000+0 0  9996
2 40294  55.2089 128.3970 0023429  36.8717 323.3709  2.00558093 35447
1 40294U 14068A   19245.99084198 -.00000013  00000-0  00000+0 0  9991
2 40294  55.2093 128.3572 0023446  36.9640 323.2767  2.00558150 35464
1 40294U 14068A   19246.98802200 -.00000026  00000-0  00000+0 0  9997
2 40294  55.2097 128.3175 0023467  37.0839 323.1539  2.00558265 35487
1 40294U 14068A   19247.98520539 -.00000037  00000-0  00000+0 0  9992
2 40294  55.2100 128.2778 0023524  37.3440 322.8918  2.00558330 35508
1 40294U 14068A   19248.98238612 -.00000045  00000-0  00000+0 0  9990
2 40294  55.2104 128.2381 0023538  37.3882 322.8454  2.00558426 35520
1 40294U 14068A   19249.48097795 -.00000047  00000-0  00000-0 0  9994
2 40294  55.2106 128.2183 0023546  37.4341 322.7992  2.00558460 35559
1 40294U 14068A   19249.97956977 -.00000048  00000-0  00000+0 0  9994
2 40294  55.2109 128.1984 0023554  37.4795 322.7540  2.00558516 35542
1 40294U 14068A   19251.97394418 -.00000037  00000-0  00000+0 0  9991
2 40294  55.2116 128.1190 0023596  37.6724 322.5667  2.00558694 35588
1 40294U 14068A   19252.47253834 -.00000032  00000-0  00000-0 0  9999
2 40294  55.2118 128.0991 0023608  37.7220 322.5196  2.00558761 35610
1 40294U 14068A   19252.97113013 -.00000026  00000-0  00000+0 0  9990
2 40294  55.2121 128.0793 0023599  37.7247 322.5193  2.00558885 35605
1 40294U 14068A   19254.46691603 -.00000007  00000-0  00000-0 0  9992
2 40294  55.2128 128.0198 0023624  37.8702 322.3827  2.00558977 35656
1 40294U 14068A   19254.96551209 -.00000001  00000-0  00000+0 0  9997
2 40294  55.2130 127.9999 0023636  37.9197 322.3361  2.00558974 35647
1 40294U 14068A   19257.95707159  .00000019  00000-0  00000+0 0  9994
2 40294  55.2142 127.8810 0023696  38.1597 322.1083  2.00559168 35706
1 40294U 14068A   19258.45566267  .00000020  00000-0  00000+0 0  9995
2 40294  55.2143 127.8611 0023705  38.2075 322.0612  2.00559200 35714
1 40294U 14068A   19258.45566267  .00000020  00000-0  00000-0 0  9996
2 40294  55.2143 127.8611 0023705  38.2075 322.0612  2.00559200 35736
1 40294U 14068A   19259.45284086  .00000020  00000-0  00000-0 0  9993
2 40294  55.2151 127.8215 0023717  38.2541 322.0146  2.00559310 35752
1 40294U 14068A   19259.95143124  .00000019  00000-0  00000+0 0  9992
2 40294  55.2153 127.8016 0023731  38.3258 321.9426  2.00559307 35749
1 40294U 14068A   19261.94578088  .00000016  00000-0  00000+0 0  9992
2 40294  55.2162 127.7223 0023754  38.3596 321.9038  2.00559445 35784
1 40294U 14068A   19263.94013239  .00000015  00000-0  00000+0 0  9995
2 40294  55.2169 127.6428 0023812  38.5823 321.6768  2.00559544 35829
1 40294U 14068A   19264.93730951  .00000018  00000-0  00000+0 0  9995
2 40294  55.2174 127.6032 0023828  38.6525 321.6058  2.00559593 35841
1 40294U 14068A   19265.93448983  .00000023  00000-0  00000+0 0  9993
2 40294  55.2178 127.5634 0023849  38.7555 321.5040  2.00559619 35860
1 40294U 14068A   19266.43308054  .00000026  00000-0  00000-0 0  9997
2 40294  55.2180 127.5436 0023857  38.7914 321.4693  2.00559637 35897
1 40294U 14068A   19266.93167136  .00000029  00000-0  00000+0 0  9998
2 40294  55.2182 127.5237 0023866  38.8280 321.4343  2.00559667 35889
1 40294U 14068A   19267.43026156  .00000033  00000-0  00000-0 0  9996
2 40294  55.2185 127.5039 0023875  38.8680 321.3961  2.00559731 35917
1 40294U 14068A   19267.92885216  .00000036  00000-0  00000+0 0  9992
2 40294  55.2186 127.4840 0023885  38.8979 321.3682  2.00559781 35903
1 40294U 14068A   19268.42744253  .00000040  00000-0  00000+0 0  9998
2 40294  55.2188 127.4642 0023896  38.9653 321.3029  2.00559853 35913
1 40294U 14068A   19268.42744253  .00000040  00000-0  00000-0 0  9999
2 40294  55.2188 127.4642 0023896  38.9653 321.3029  2.00559853 35935
1 40294U 14068A   19269.92321485  .00000046  00000-0  00000+0 0  9998
2 40294  55.2195 127.4046 0023921  39.0596 321.2135  2.00559924 35945
1 40294U 14068A   19270.92039077  .00000046  00000-0  00000+0 0  9993
2 40294  55.2200 127.3648 0023935  39.0717 321.2023  2.00560035 35962
1 40294U 14068A   19271.91756658  .00000040  00000-0  00000+0 0  9998
2 40294  55.2204 127.3251 0023966  39.2055 321.0676  2.00560075 35985
1 40294U 14068A   19272.91473815  .00000031  00000-0  00000+0 0  9990
2 40294  55.2208 127.2854 0023982  39.2856 320.9842  2.00560124 36006
1 40294U 14068A   19274.90907355  .00000007  00000-0  00000+0 0  9995
2 40294  55.2217 127.2059 0024009  39.4574 320.8023  2.00560330 36046
1 40294U 14068A   19275.90624160 -.00000003  00000-0  00000+0 0  9993
2 40294  55.2222 127.1662 0024023  39.5351 320.7201  2.00560398 36064
1 40294U 14068A   19278.89775487  .00000000  00000-0  00000+0 0  9999
2 40294  55.2236 127.0471 0024057  39.7310 320.5213  2.00560771 36123
1 40294U 14068A   19279.39634433  .00000005  00000-0  00000-0 0  9996
2 40294  55.2239 127.0273 0024063  39.7771 320.4764  2.00560766 36151
1 40294U 14068A   19279.89493732  .00000010  00000-0  00000+0 0  9991
2 40294  55.2242 127.0075 0024071  39.8511 320.4041  2.00560660 36147
1 40294U 14068A   19281.88928598  .00000035  00000-0  00000+0 0  9993
2 40294  55.2252 126.9281 0024099  40.0187 320.2440  2.00561042 36188
1 40294U 14068A   19282.38787472  .00000041  00000-0  00000-0 0  9991
2 40294  55.2254 126.9082 0024108  40.0540 320.2105  2.00561062 36217
1 40294U 14068A   19282.88646184  .00000046  00000-0  00000+0 0  9994
2 40294  55.2256 126.8884 0024117  40.0191 320.2468  2.00561108 36202
1 40294U 14068A   19283.38504952  .00000050  00000-0  00000-0 0  9992
2 40294  55.2258 126.8686 0024123  40.0608 320.2065  2.00561147 36233
1 40294U 14068A   19283.88363701  .00000053  00000-0  00000+0 0  9994
2 40294  55.2261 126.8488 0024134  40.0913 320.1771  2.00561173 36229
1 40294U 14068A   19284.88080809  .00000058  00000-0  00000+0 0  9995
2 40294  55.2265 126.8091 0024145  40.1603 320.1092  2.00561252 36248
1 40294U 14068A   19286.37656211  .00000059  00000-0  00000+0 0  9998
2 40294  55.2273 126.7496 0024166  40.2339 320.0340  2.00561305 36272
1 40294U 14068A   19286.37656211  .00000059  00000-0  00000-0 0  9999
2 40294  55.2273 126.7496 0024166  40.2339 320.0340  2.00561305 36294
1 40294U 14068A   19288.37089144  .00000056  00000-0  00000+0 0  9992
2 40294  55.2282 126.6703 0024206  40.3183 319.9426  2.00561429 36319
1 40294U 14068A   19290.86379780  .00000053  00000-0  00000+0 0  9994
2 40294  55.2294 126.5711 0024248  40.4624 319.7874  2.00561549 36360
1 40294U 14068A   19290.86379794  .00000053  00000-0  00000-0 0  9990
2 40294  55.2294 126.5711 0024243  40.4258 319.8237  2.00561525 36388
1 40294U 14068A   19292.85812762  .00000059  00000-0  00000+0 0  9993
2 40294  55.2304 126.4918 0024267  40.6011 319.6441  2.00561666 36407
1 40294U 14068A   19294.35388018  .00000067  00000-0  00000+0 0  9991
2 40294  55.2311 126.4323 0024284  40.6365 319.6096  2.00561717 36432
1 40294U 14068A   19295.35104989  .00000074  00000-0  00000+0 0  9993
2 40294  55.2317 126.3926 0024301  40.6889 319.5592  2.00561798 36458
1 40294U 14068A   19295.35104989  .00000074  00000-0  00000-0 0  9994
2 40294  55.2317 126.3926 0024301  40.6889 319.5592  2.00561798 36470
1 40294U 14068A   19297.34538700  .00000082  00000-0  00000+0 0  9995
2 40294  55.2327 126.3132 0024319  40.7684 319.4826  2.00561950 36494
1 40294U 14068A   19297.34538700  .00000082  00000-0  00000-0 0  9996
2 40294  55.2327 126.3132 0024319  40.7684 319.4826  2.00561950 36517
1 40294U 14068A   19298.84113241  .00000077  00000-0  00000+0 0  9994
2 40294  55.2333 126.2537 0024329  40.8267 319.4218  2.00562032 36529
1 40294U 14068A   19298.84113241  .00000077  00000-0  00000-0 0  9995
2 40294  55.2333 126.2537 0024329  40.8267 319.4218  2.00562032 36541
1 40294U 14068A   19299.83829204  .00000068  00000-0  00000+0 0  9997
2 40294  55.2338 126.2140 0024347  40.8881 319.3561  2.00562124 36540
1 40294U 14068A   19300.83544785  .00000056  00000-0  00000+0 0  9995
2 40294  55.2343 126.1743 0024352  40.9455 319.2925  2.00562233 36564
1 40294U 14068A   19301.83260293  .00000043  00000-0  00000+0 0  9991
2 40294  55.2348 126.1346 0024349  40.9903 319.2406  2.00562337 36583
1 40294U 14068A   19303.32833640  .00000027  00000-0  00000+0 0  9991
2 40294  55.2355 126.0751 0024358  41.0425 319.1790  2.00562424 36617
1 40294U 14068A   19303.82691522  .00000023  00000-0  00000+0 0  9993
2 40294  55.2358 126.0552 0024374  41.0572 319.1620  2.00562492 36628
1 40294U 14068A   19304.32549443  .00000022  00000-0  00000-0 0  9993
2 40294  55.2360 126.0354 0024376  41.0679 319.1493  2.00562537 36652
1 40294U 14068A   19305.32265448  .00000022  00000-0  00000+0 0  9993
2 40294  55.2369 125.9957 0024380  41.0944 319.1206  2.00562642 36657
1 40294U 14068A   19306.31981723  .00000028  00000-0  00000+0 0  9990
2 40294  55.2375 125.9561 0024382  41.1041 319.1105  2.00562758 36674
1 40294U 14068A   19306.31981723  .00000028  00000-0  00000-0 0  9991
2 40294  55.2375 125.9561 0024382  41.1041 319.1105  2.00562758 36696
1 40294U 14068A   19307.81556367  .00000043  00000-0  00000+0 0  9995
2 40294  55.2382 125.8966 0024393  41.1466 319.0706  2.00562868 36705
1 40294U 14068A   19307.81556367  .00000043  00000-0  00000-0 0  9996
2 40294  55.2382 125.8966 0024393  41.1466 319.0706  2.00562868 36727
1 40294U 14068A   19308.81272987  .00000054  00000-0  00000+0 0  9991
2 40294  55.2388 125.8569 0024405  41.2000 319.0197  2.00562965 36723
1 40294U 14068A   19309.80989480  .00000064  00000-0  00000+0 0  9995
2 40294  55.2393 125.8173 0024418  41.2306 318.9915  2.00563046 36742
1 40294U 14068A   19310.30847689  .00000068  00000-0  00000-0 0  9991
2 40294  55.2395 125.7974 0024421  41.2469 318.9761  2.00563079 36774
1 40294U 14068A   19311.30563873  .00000074  00000-0  00000+0 0  9998
2 40294  55.2399 125.7578 0024422  41.2614 318.9625  2.00563141 36770
1 40294U 14068A   19313.29995650  .00000076  00000-0  00000+0 0  9992
2 40294  55.2410 125.6785 0024437  41.2977 318.9238  2.00563279 36818
1 40294U 14068A   19314.29711115  .00000073  00000-0  00000+0 0  9992
2 40294  55.2413 125.6388 0024445  41.3036 318.9144  2.00563350 36834
1 40294U 14068A   19315.29426488  .00000070  00000-0  00000+0 0  9996
2 40294  55.2413 125.5992 0024443  41.3235 318.8898  2.00563375 36857
1 40294U 14068A   19315.79284119  .00000068  00000-0  00000+0 0  9991
2 40294  55.2415 125.5794 0024449  41.3329 318.8778  2.00563398 36862
1 40294U 14068A   19316.78999248  .00000065  00000-0  00000-0 0  9995
2 40294  55.2420 125.5397 0024452  41.3430 318.8622  2.00563446 36901
1 40294U 14068A   19316.78999255  .00000065  00000-0  00000+0 0  9992
2 40294  55.2420 125.5397 0024454  41.3451 318.8601  2.00563467 36883
1 40294U 14068A   19318.28572023  .00000063  00000-0  00000+0 0  9997
2 40294  55.2427 125.4802 0024464  41.3771 318.8207  2.00563530 36913
1 40294U 14068A   19319.28287451  .00000064  00000-0  00000+0 0  9997
2 40294  55.2432 125.4406 0024478  41.3980 318.7965  2.00563586 36939
1 40294U 14068A   19321.27718704  .00000072  00000-0  00000+0 0  9998
2 40294  55.2442 125.3613 0024485  41.4225 318.7703  2.00563703 36975
1 40294U 14068A   19322.27434564  .00000077  00000-0  00000+0 0  9993
2 40294  55.2447 125.3217 0024482  41.4244 318.7697  2.00563778 36994
1 40294U 14068A   19323.27150619  .00000082  00000-0  00000+0 0  9996
2 40294  55.2452 125.2820 0024493  41.4278 318.7681  2.00563823 37016
1 40294U 14068A   19324.76724259  .00000084  00000-0  00000+0 0  9990
2 40294  55.2459 125.2225 0024500  41.4261 318.7709  2.00563946 37043
1 40294U 14068A   19324.76724276  .00000084  00000-0  00000-0 0  9990
2 40294  55.2458 125.2225 0024493  41.4296 318.7674  2.00563908 37062
1 40294U 14068A   19325.76439721  .00000080  00000-0  00000+0 0  9994
2 40294  55.2464 125.1828 0024502  41.4402 318.7553  2.00563971 37063
1 40294U 14068A   19325.76439721  .00000080  00000-0  00000-0 0  9995
2 40294  55.2464 125.1828 0024502  41.4402 318.7553  2.00563971 37085
1 40294U 14068A   19326.26297217  .00000076  00000-0  00000+0 0  9997
2 40294  55.2466 125.1630 0024505  41.4441 318.7498  2.00564066 37077
1 40294U 14068A   19327.75869493  .00000058  00000-0  00000+0 0  9993
2 40294  55.2473 125.1035 0024505  41.4637 318.7223  2.00564172 37109
1 40294U 14068A   19328.25726762  .00000051  00000-0  00000+0 0  9993
2 40294  55.2475 125.0836 0024505  41.4694 318.7133  2.00564223 37110
1 40294U 14068A   19330.25155938  .00000024  00000-0  00000+0 0  9997
2 40294  55.2484 125.0043 0024500  41.4731 318.6962  2.00564379 37152
1 40294U 14068A   19330.25155938  .00000024  00000-0  00000-0 0  9998
2 40294  55.2484 125.0043 0024500  41.4731 318.6962  2.00564379 37174
1 40294U 14068A   19330.25155997  .00000024  00000-0  00000+0 0  9992
2 40294  55.2484 125.0043 0024504  41.4768 318.6925  2.00564324 37155
1 40294U 14068A   19331.24870609  .00000015  00000-0  00000-0 0  9997
2 40294  55.2489 124.9646 0024496  41.4678 318.6967  2.00564498 37199
1 40294U 14068A   19332.24585630  .00000012  00000-0  00000+0 0  9991
2 40294  55.2494 124.9249 0024499  41.4661 318.6957  2.00564573 37192
1 40294U 14068A   19332.74443272  .00000013  00000-0  00000+0 0  9992
2 40294  55.2496 124.9051 0024497  41.4571 318.7042  2.00564582 37201
1 40294U 14068A   19332.74443272  .00000013  00000-0  00000-0 0  9993
2 40294  55.2496 124.9051 0024497  41.4571 318.7042  2.00564582 37223
1 40294U 14068A   19333.24300886  .00000014  00000-0  00000-0 0  9993
2 40294  55.2499 124.8853 0024492  41.4397 318.7215  2.00564688 37236
1 40294U 14068A   19333.74158527  .00000017  00000-0  00000+0 0  9993
2 40294  55.2501 124.8655 0024492  41.4345 318.7271  2.00564762 37227
1 40294U 14068A   19334.24016308  .00000021  00000-0  00000-0 0  9995
2 40294  55.2503 124.8456 0024495  41.4208 318.7416  2.00564810 37257
1 40294U 14068A   19335.23732029  .00000030  00000-0  00000+0 0  9999
2 40294  55.2508 124.8060 0024508  41.4389 318.7264  2.00564821 37251
1 40294U 14068A   19336.23447799  .00000040  00000-0  00000+0 0  9998
2 40294  55.2512 124.7663 0024515  41.4342 318.7342  2.00564882 37277
1 40294U 14068A   19336.73305527  .00000044  00000-0  00000+0 0  9999
2 40294  55.2515 124.7465 0024512  41.4384 318.7315  2.00564964 37285
1 40294U 14068A   19337.23163167  .00000048  00000-0  00000+0 0  9991
2 40294  55.2517 124.7267 0024507  41.4154 318.7557  2.00565062 37295
1 40294U 14068A   19337.23163167  .00000048  00000-0  00000-0 0  9992
2 40294  55.2517 124.7267 0024507  41.4154 318.7557  2.00565062 37318
1 40294U 14068A   19341.22023623  .00000050  00000-0  00000+0 0  9990
2 40294  55.2534 124.5681 0024519  41.3247 318.8464  2.00565287 37373
1 40294U 14068A   19341.22023623  .00000050  00000-0  00000-0 0  9991
2 40294  55.2534 124.5681 0024519  41.3247 318.8464  2.00565287 37395
1 40294U 14068A   19341.22023627  .00000050  00000-0  00000+0 0  9994
2 40294  55.2534 124.5681 0024520  41.3502 318.8210  2.00565274 37374
1 40294U 14068A   19343.21452512  .00000042  00000-0  00000-0 0  9996
2 40294  55.2543 124.4888 0024531  41.2755 318.8882  2.00565412 37439
1 40294U 14068A   19343.71309780  .00000040  00000-0  00000+0 0  9996
2 40294  55.2546 124.4690 0024544  41.2853 318.8765  2.00565411 37424
1 40294U 14068A   19344.71024158  .00000036  00000-0  00000+0 0  9995
2 40294  55.2550 124.4294 0024545  41.2752 318.8825  2.00565443 37442
1 40294U 14068A   19345.70738480  .00000035  00000-0  00000+0 0  9994
2 40294  55.2554 124.3897 0024551  41.2637 318.8908  2.00565533 37467
1 40294U 14068A   19347.20310486  .00000036  00000-0  00000-0 0  9995
2 40294  55.2561 124.3303 0024555  41.2296 318.9229  2.00565618 37519
1 40294U 14068A   19347.70167898  .00000038  00000-0  00000+0 0  9998
2 40294  55.2564 124.3104 0024555  41.2074 318.9453  2.00565657 37506
1 40294U 14068A   19347.70167898  .00000038  00000-0  00000-0 0  9999
2 40294  55.2564 124.3104 0024555  41.2074 318.9453  2.00565657 37506
1 40294U 14068A   19350.19455795  .00000048  00000-0  00000+0 0  9992
2 40294  55.2575 124.2113 0024552  41.1277 319.0311  2.00565757 37559
1 40294U 14068A   19352.18885751  .00000050  00000-0  00000+0 0  9995
2 40294  55.2583 124.1319 0024552  41.0519 319.1116  2.00565922 37595
1 40294U 14068A   19352.18885751  .00000050  00000-0  00000-0 0  9996
2 40294  55.2583 124.1319 0024552  41.0519 319.1116  2.00565922 37618
1 40294U 14068A   19353.68457422  .00000040  00000-0  00000+0 0  9990
2 40294  55.2589 124.0724 0024553  41.0355 319.1269  2.00566035 37628
1 40294U 14068A   19353.68457422  .00000040  00000-0  00000-0 0  9991
2 40294  55.2589 124.0724 0024553  41.0355 319.1269  2.00566035 37640
1 40294U 14068A   19354.18314611  .00000034  00000-0  00000-0 0  9992
2 40294  55.2591 124.0526 0024551  41.0061 319.1547  2.00566065 37658
1 40294U 14068A   19354.68171746  .00000027  00000-0  00000+0 0  9998
2 40294  55.2594 124.0327 0024551  40.9938 319.1650  2.00566055 37644
1 40294U 14068A   19355.67885656  .00000012  00000-0  00000+0 0  9994
2 40294  55.2598 123.9930 0024552  40.9615 319.1924  2.00566117 37664
1 40294U 14068A   19355.67885656  .00000012  00000-0  00000-0 0  9995
2 40294  55.2598 123.9930 0024552  40.9615 319.1924  2.00566117 37686
1 40294U 14068A   19356.17742486  .00000005  00000-0  00000-0 0  9996
2 40294  55.2600 123.9732 0024543  40.9395 319.2116  2.00566194 37695
1 40294U 14068A   19356.67599226 -.00000003  00000-0  00000+0 0  9991
2 40294  55.2602 123.9533 0024540  40.9137 319.2347  2.00566293 37682
1 40294U 14068A   19358.17170102 -.00000021  00000-0  00000+0 0  9996
2 40294  55.2610 123.8937 0024531  40.8808 319.2615  2.00566375 37715
1 40294U 14068A   19359.16884312 -.00000026  00000-0  00000+0 0  9996
2 40294  55.2614 123.8541 0024527  40.8335 319.3070  2.00566457 37739
1 40294U 14068A   19360.16598658 -.00000026  00000-0  00000+0 0  9993
2 40294  55.2618 123.8144 0024528  40.7907 319.3504  2.00566611 37753
1 40294U 14068A   19361.16313423 -.00000022  00000-0  00000+0 0  9995
2 40294  55.2622 123.7748 0024524  40.7140 319.4296  2.00566704 37776
1 40294U 14068A   19361.16313423 -.00000022  00000-0  00000-0 0  9996
2 40294  55.2622 123.7748 0024524  40.7140 319.4296  2.00566704 37798
1 40294U 14068A   19362.65885655 -.00000009  00000-0  00000-0 0  9997
2 40294  55.2629 123.7153 0024525  40.6839 319.4662  2.00566828 37828
1 40294U 14068A   19363.65600732 -.00000000  00000-0  00000+0 0  9999
2 40294  55.2633 123.6757 0024528  40.6455 319.5095  2.00566868 37824
1 40294U 14068A   19363.65600732 -.00000000  00000-0  00000-0 0  9990
2 40294  55.2633 123.6757 0024528  40.6455 319.5095  2.00566868 37824
1 40294U 14068A   19364.65315485  .00000007  00000-0  00000+0 0  9994
2 40294  55.2637 123.6360 0024532  40.6164 319.5434  2.00567005 37843
1 40294U 14068A   19365.65030223  .00000011  00000-0  00000+0 0  9994
2 40294  55.2641 123.5964 0024529  40.5184 319.6449  2.00567072 37867
1 40294U 14068A   19365.65030324  .00000011  00000-0  00000-0 0  9997
2 40294  55.2641 123.5964 0024531  40.5621 319.6013  2.00567028 37886

