1 41859U 16069A   19001.23708652  .00000076  00000-0  00000+0 0  9995
2 41859  54.5916 176.6628 0002486 307.9682  52.0120  1.70473486 13194
1 41859U 16069A   19002.41024555  .00000069  00000-0  00000-0 0  9992
2 41859  54.5918 176.6302 0002482 307.5999  52.3752  1.70473539 13146
1 41859U 16069A   19004.16998111  .00000058  00000-0  00000+0 0  9991
2 41859  54.5920 176.5812 0002477 307.3363  52.6278  1.70473516 13243
1 41859U 16069A   19005.34313365  .00000053  00000-0  00000-0 0  9990
2 41859  54.5922 176.5486 0002474 307.0341  52.9223  1.70473624 13199
1 41859U 16069A   19007.68945234  .00000054  00000-0  00000+0 0  9995
2 41859  54.5925 176.4833 0002495 305.9925  53.9531  1.70473624 13301
1 41859U 16069A   19008.27603233  .00000055  00000-0  00000-0 0  9993
2 41859  54.5925 176.4670 0002499 305.7720  54.1724  1.70473682 13249
1 41859U 16069A   19008.86261560  .00000058  00000-0  00000-0 0  9994
2 41859  54.5926 176.4507 0002504 305.6197  54.3242  1.70473677 13255
1 41859U 16069A   19008.86261570  .00000058  00000-0  00000-0 0  9995
2 41859  54.5926 176.4507 0002510 305.4171  54.5268  1.70473680 13256
1 41859U 16069A   19012.96871637  .00000079  00000-0  00000+0 0  9994
2 41859  54.5931 176.3364 0002531 304.5419  55.4121  1.70473672 13394
1 41859U 16069A   19014.72847268  .00000085  00000-0  00000-0 0  9991
2 41859  54.5932 176.2875 0002565 303.7809  56.1763  1.70473623 13354
1 41859U 16069A   19015.31505503  .00000086  00000-0  00000+0 0  9990
2 41859  54.5933 176.2711 0002568 303.7130  56.2441  1.70473644 13430
1 41859U 16069A   19015.90163821  .00000085  00000-0  00000-0 0  9998
2 41859  54.5933 176.2548 0002586 303.4965  56.4593  1.70473570 13372
1 41859U 16069A   19017.07479607  .00000082  00000-0  00000-0 0  9997
2 41859  54.5934 176.2221 0002607 303.2409  56.7100  1.70473583 13399
1 41859U 16069A   19019.42110185  .00000063  00000-0  00000+0 0  9999
2 41859  54.5937 176.1567 0002638 302.7654  57.1685  1.70473554 13508
1 41859U 16069A   19020.59425593  .00000053  00000-0  00000-0 0  9991
2 41859  54.5939 176.1240 0002651 302.4742  57.4511  1.70473521 13457
1 41859U 16069A   19022.35399628  .00000043  00000-0  00000+0 0  9994
2 41859  54.5941 176.0750 0002672 301.9903  57.9279  1.70473485 13557
1 41859U 16069A   19025.87350544  .00000043  00000-0  00000+0 0  9998
2 41859  54.5944 175.9770 0002745 300.6886  59.2368  1.70473632 13612
1 41859U 16069A   19025.87350852  .00000043  00000-0  00000-0 0  9991
2 41859  54.5944 175.9770 0002763 300.3679  59.5572  1.70473538 13546
1 41859U 16069A   19027.04667925  .00000041  00000-0  00000-0 0  9992
2 41859  54.5945 175.9444 0002775 300.1977  59.7305  1.70473601 13566
1 41859U 16069A   19027.63326194  .00000039  00000-0  00000-0 0  9994
2 41859  54.5946 175.9281 0002793 299.8860  60.0427  1.70473662 13579
1 41859U 16069A   19027.63326235  .00000039  00000-0  00000-0 0  9990
2 41859  54.5945 175.9280 0002787 300.0463  59.8825  1.70473646 13574
1 41859U 16069A   19029.39300871  .00000028  00000-0  00000+0 0  9990
2 41859  54.5947 175.8791 0002822 299.4325  60.4936  1.70473668 13676
1 41859U 16069A   19029.97958997  .00000024  00000-0  00000-0 0  9999
2 41859  54.5947 175.8628 0002831 299.2527  60.6713  1.70473654 13611
1 41859U 16069A   19030.56616728  .00000019  00000-0  00000-0 0  9993
2 41859  54.5947 175.8465 0002835 299.0667  60.8547  1.70473723 13622
1 41859U 16069A   19032.32590319  .00000009  00000-0  00000+0 0  9994
2 41859  54.5948 175.7975 0002855 298.5738  61.3393  1.70473757 13726
1 41859U 16069A   19034.08564253  .00000006  00000-0  00000-0 0  9995
2 41859  54.5949 175.7486 0002909 297.5264  62.3803  1.70473807 13685
1 41859U 16069A   19036.43197709  .00000012  00000-0  00000+0 0  9990
2 41859  54.5950 175.6833 0002964 296.7527  63.1546  1.70473791 13793
1 41859U 16069A   19037.01856101  .00000015  00000-0  00000-0 0  9997
2 41859  54.5951 175.6670 0002988 296.5759  63.3331  1.70473851 13739
1 41859U 16069A   19040.53809029  .00000033  00000-0  00000+0 0  9994
2 41859  54.5953 175.5690 0003059 295.6638  64.2635  1.70473786 13866
1 41859U 16069A   19041.71126301  .00000037  00000-0  00000-0 0  9995
2 41859  54.5953 175.5364 0003103 295.2907  64.6415  1.70473791 13810
1 41859U 16069A   19043.47101605  .00000038  00000-0  00000+0 0  9990
2 41859  54.5953 175.4874 0003161 294.8118  65.1224  1.70473744 13911
1 41859U 16069A   19044.64417732  .00000034  00000-0  00000-0 0  9998
2 41859  54.5953 175.4548 0003195 294.6735  65.2579  1.70473726 13867
1 41859U 16069A   19046.99048906  .00000016  00000-0  00000+0 0  9990
2 41859  54.5954 175.3895 0003263 294.2744  65.6450  1.70473707 13977
1 41859U 16069A   19048.75023143  .00000003  00000-0  00000-0 0  9999
2 41859  54.5955 175.3405 0003305 293.9839  65.9288  1.70473579 13938
1 41859U 16069A   19049.33680796  .00000000  00000-0  00000+0 0  9993
2 41859  54.5955 175.3241 0003322 293.8345  66.0776  1.70473728 14016
1 41859U 16069A   19049.92339134 -.00000002  00000-0  00000-0 0  9999
2 41859  54.5956 175.3077 0003363 293.5291  66.3832  1.70473721 13957
1 41859U 16069A   19051.09656368 -.00000002  00000-0  00000-0 0  9991
2 41859  54.5956 175.2751 0003420 293.0299  66.8858  1.70473714 13979
1 41859U 16069A   19053.44291658  .00000001  00000-0  00000+0 0  9996
2 41859  54.5957 175.2098 0003511 292.3504  67.5780  1.70473745 14085
1 41859U 16069A   19055.20267486 -.00000003  00000-0  00000-0 0  9998
2 41859  54.5957 175.1608 0003555 292.0778  67.8573  1.70473816 14047
1 41859U 16069A   19056.96242631 -.00000013  00000-0  00000+0 0  9997
2 41859  54.5956 175.1120 0003622 291.5858  68.3492  1.70473780 14140
1 41859U 16069A   19058.13558682 -.00000021  00000-0  00000-0 0  9994
2 41859  54.5956 175.0793 0003639 291.4602  68.4724  1.70473829 14096
1 41859U 16069A   19059.30874527 -.00000028  00000-0  00000+0 0  9999
2 41859  54.5956 175.0468 0003679 291.1460  68.7832  1.70473897 14186
1 41859U 16069A   19060.48190854 -.00000031  00000-0  00000-0 0  9999
2 41859  54.5957 175.0142 0003712 290.8373  69.0893  1.70473865 14134
1 41859U 16069A   19061.65507108 -.00000030  00000-0  00000+0 0  9991
2 41859  54.5957 174.9816 0003756 290.4753  69.4507  1.70473933 14228
1 41859U 16069A   19063.41482427 -.00000023  00000-0  00000-0 0  9996
2 41859  54.5956 174.9327 0003826 290.0491  69.8808  1.70473985 14187
1 41859U 16069A   19065.17458737 -.00000012  00000-0  00000+0 0  9995
2 41859  54.5956 174.8838 0003894 289.8077  70.1319  1.70473997 14280
1 41859U 16069A   19071.62703382  .00000014  00000-0  00000+0 0  9992
2 41859  54.5956 174.7044 0004105 288.9817  70.9889  1.70474139 14397
1 41859U 16069A   19071.62704541  .00000014  00000-0  00000+0 0  9990
2 41859  54.5955 174.7044 0004132 288.9268  71.0434  1.70473839 14390
1 41859U 16069A   19071.62704541  .00000014  00000-0  00000-0 0  9991
2 41859  54.5955 174.7044 0004132 288.9268  71.0434  1.70473839 14323
1 41859U 16069A   19072.80020511  .00000008  00000-0  00000-0 0  9993
2 41859  54.5954 174.6717 0004175 288.8439  71.1231  1.70473819 14340
1 41859U 16069A   19078.07943780 -.00000013  00000-0  00000-0 0  9997
2 41859  54.5956 174.5248 0004336 288.4376  71.5239  1.70473822 14509
1 41859U 16069A   19083.94530528 -.00000014  00000-0  00000+0 0  9991
2 41859  54.5955 174.3616 0004561 287.7199  72.2671  1.70473914 14601
1 41859U 16069A   19085.11846680 -.00000021  00000-0  00000-0 0  9990
2 41859  54.5955 174.3289 0004588 287.6190  72.3664  1.70473955 14558
1 41859U 16069A   19086.29162859 -.00000026  00000-0  00000+0 0  9993
2 41859  54.5954 174.2958 0004620 287.4084  72.5741  1.70473916 14641
1 41859U 16069A   19088.05136889 -.00000028  00000-0  00000-0 0  9996
2 41859  54.5955 174.2469 0004705 287.0501  72.9289  1.70473996 14608
1 41859U 16069A   19088.63795093 -.00000027  00000-0  00000+0 0  9996
2 41859  54.5955 174.2307 0004719 286.9938  72.9852  1.70474009 14686
1 41859U 16069A   19089.81111281 -.00000022  00000-0  00000-0 0  9994
2 41859  54.5956 174.1981 0004792 286.8454  73.1348  1.70474183 14638
1 41859U 16069A   19090.98428987 -.00000014  00000-0  00000+0 0  9998
2 41859  54.5956 174.1655 0004805 286.7993  73.1855  1.70474031 14723
1 41859U 16069A   19092.15746496 -.00000005  00000-0  00000-0 0  9998
2 41859  54.5956 174.1329 0004862 286.7364  73.2548  1.70474038 14745
1 41859U 16069A   19093.33064356  .00000004  00000-0  00000-0 0  9995
2 41859  54.5957 174.1002 0004890 286.6829  73.3165  1.70474016 14696
1 41859U 16069A   19095.09041075  .00000018  00000-0  00000+0 0  9997
2 41859  54.5957 174.0513 0004959 286.6172  73.3946  1.70473990 14797
1 41859U 16069A   19095.67699917  .00000023  00000-0  00000-0 0  9992
2 41859  54.5957 174.0350 0004968 286.5963  73.4192  1.70473981 14731
1 41859U 16069A   19097.43675667  .00000032  00000-0  00000+0 0  9993
2 41859  54.5958 173.9861 0005064 286.5232  73.4987  1.70473924 14834
1 41859U 16069A   19099.78308130  .00000031  00000-0  00000+0 0  9990
2 41859  54.5959 173.9208 0005142 286.5631  73.4559  1.70473873 14872
1 41859U 16069A   19100.95624182  .00000025  00000-0  00000-0 0  9994
2 41859  54.5960 173.8881 0005171 286.6049  73.4090  1.70473732 14825
1 41859U 16069A   19104.47571931  .00000013  00000-0  00000-0 0  9995
2 41859  54.5963 173.7901 0005297 286.5476  73.4574  1.70473812 14884
1 41859U 16069A   19104.47572063  .00000013  00000-0  00000+0 0  9991
2 41859  54.5963 173.7902 0005276 286.5550  73.4502  1.70473791 14950
1 41859U 16069A   19107.40865459  .00000022  00000-0  00000-0 0  9992
2 41859  54.5966 173.7085 0005399 286.4423  73.5754  1.70473791 14937
1 41859U 16069A   19107.99524301  .00000024  00000-0  00000-0 0  9996
2 41859  54.5966 173.6922 0005384 286.4569  73.5642  1.70473793 15019
1 41859U 16069A   19109.16841579  .00000025  00000-0  00000-0 0  9997
2 41859  54.5967 173.6595 0005451 286.4302  73.5951  1.70473799 14968
1 41859U 16069A   19109.75499958  .00000025  00000-0  00000-0 0  9992
2 41859  54.5967 173.6432 0005473 286.4181  73.6083  1.70473834 14975
1 41859U 16069A   19111.51474696  .00000018  00000-0  00000+0 0  9992
2 41859  54.5967 173.5943 0005512 286.3873  73.6377  1.70473826 15071
1 41859U 16069A   19112.10132653  .00000015  00000-0  00000-0 0  9990
2 41859  54.5968 173.5780 0005537 286.3479  73.6752  1.70473846 15013
1 41859U 16069A   19113.27448350  .00000009  00000-0  00000-0 0  9996
2 41859  54.5969 173.5454 0005556 286.3620  73.6566  1.70473893 15038
1 41859U 16069A   19116.79396411  .00000013  00000-0  00000+0 0  9990
2 41859  54.5973 173.4475 0005681 286.1201  73.8892  1.70473971 15162
1 41859U 16069A   19117.96713482  .00000021  00000-0  00000-0 0  9991
2 41859  54.5974 173.4149 0005721 286.0814  73.9295  1.70473895 15113
1 41859U 16069A   19119.72689267  .00000035  00000-0  00000+0 0  9994
2 41859  54.5976 173.3659 0005753 286.1236  73.8944  1.70473936 15211
1 41859U 16069A   19120.31347946  .00000040  00000-0  00000-0 0  9993
2 41859  54.5977 173.3496 0005764 286.1196  73.9014  1.70473955 15151
1 41859U 16069A   19120.90006755  .00000045  00000-0  00000-0 0  9993
2 41859  54.5978 173.3333 0005782 286.1304  73.8937  1.70473942 15163
1 41859U 16069A   19122.65983009  .00000060  00000-0  00000+0 0  9999
2 41859  54.5980 173.2843 0005816 286.1598  73.8734  1.70473913 15268
1 41859U 16069A   19125.00616797  .00000073  00000-0  00000+0 0  9992
2 41859  54.5983 173.2191 0005886 286.2291  73.8083  1.70473846 15302
1 41859U 16069A   19125.59274532  .00000074  00000-0  00000-0 0  9995
2 41859  54.5984 173.2027 0005906 286.2588  73.7774  1.70473929 15244
1 41859U 16069A   19125.59275035  .00000074  00000-0  00000-0 0  9994
2 41859  54.5984 173.2028 0005924 286.2942  73.7419  1.70473761 15249
1 41859U 16069A   19127.35248696  .00000071  00000-0  00000+0 0  9999
2 41859  54.5986 173.1538 0005962 286.3800  73.6482  1.70473716 15342
1 41859U 16069A   19129.11221660  .00000062  00000-0  00000-0 0  9998
2 41859  54.5990 173.1049 0006001 286.4780  73.5387  1.70473684 15300
1 41859U 16069A   19129.69879277  .00000060  00000-0  00000+0 0  9991
2 41859  54.5991 173.0885 0006016 286.6172  73.3961  1.70473695 15387
1 41859U 16069A   19133.21828557  .00000058  00000-0  00000+0 0  9996
2 41859  54.5997 172.9906 0006075 286.6512  73.3576  1.70473637 15443
1 41859U 16069A   19134.97804454  .00000064  00000-0  00000-0 0  9998
2 41859  54.6000 172.9416 0006109 286.7150  73.2995  1.70473645 15401
1 41859U 16069A   19137.32438277  .00000064  00000-0  00000+0 0  9995
2 41859  54.6004 172.8763 0006159 286.7960  73.2210  1.70473641 15511
1 41859U 16069A   19137.32438277  .00000064  00000-0  00000-0 0  9996
2 41859  54.6004 172.8763 0006159 286.7960  73.2210  1.70473641 15443
1 41859U 16069A   19139.67069967  .00000051  00000-0  00000+0 0  9997
2 41859  54.6008 172.8111 0006193 286.8709  73.1366  1.70473709 15552
1 41859U 16069A   19142.01701045  .00000043  00000-0  00000+0 0  9990
2 41859  54.6012 172.7459 0006219 286.8715  73.1220  1.70473745 15590
1 41859U 16069A   19143.19017018  .00000044  00000-0  00000-0 0  9992
2 41859  54.6013 172.7133 0006249 286.9089  73.0793  1.70473725 15545
1 41859U 16069A   19143.77675008  .00000046  00000-0  00000-0 0  9997
2 41859  54.6015 172.6970 0006273 286.9132  73.0732  1.70473760 15554
1 41859U 16069A   19146.12308269  .00000061  00000-0  00000+0 0  9997
2 41859  54.6020 172.6317 0006311 287.0046  72.9820  1.70473805 15662
1 41859U 16069A   19147.29625495  .00000070  00000-0  00000-0 0  9990
2 41859  54.6022 172.5990 0006318 287.0493  72.9408  1.70473789 15611
1 41859U 16069A   19147.88284184  .00000075  00000-0  00000-0 0  9996
2 41859  54.6023 172.5827 0006318 287.1056  72.8867  1.70473783 15620
1 41859U 16069A   19149.05601530  .00000084  00000-0  00000+0 0  9994
2 41859  54.6025 172.5501 0006319 287.1153  72.8813  1.70473773 15710
1 41859U 16069A   19149.64260310  .00000088  00000-0  00000-0 0  9991
2 41859  54.6026 172.5338 0006321 287.1703  72.8282  1.70473714 15651
1 41859U 16069A   19150.81577423  .00000095  00000-0  00000-0 0  9996
2 41859  54.6028 172.5012 0006335 287.2390  72.7618  1.70473660 15674
1 41859U 16069A   19153.74867958  .00000101  00000-0  00000+0 0  9993
2 41859  54.6034 172.4198 0006376 287.4563  72.5370  1.70473572 15792
1 41859U 16069A   19154.33525681  .00000099  00000-0  00000-0 0  9990
2 41859  54.6034 172.4035 0006386 287.5450  72.4444  1.70473559 15739
1 41859U 16069A   19156.68156228  .00000086  00000-0  00000+0 0  9992
2 41859  54.6039 172.3383 0006395 287.8142  72.1571  1.70473497 15841
1 41859U 16069A   19156.68156228  .00000086  00000-0  00000-0 0  9993
2 41859  54.6039 172.3383 0006395 287.8142  72.1571  1.70473497 15773
1 41859U 16069A   19159.02788017  .00000077  00000-0  00000+0 0  9990
2 41859  54.6043 172.2730 0006398 288.0111  71.9489  1.70473437 15886
1 41859U 16069A   19160.78763345  .00000079  00000-0  00000-0 0  9995
2 41859  54.6047 172.2241 0006410 288.1539  71.8066  1.70473402 15845
1 41859U 16069A   19163.13397673  .00000083  00000-0  00000+0 0  9998
2 41859  54.6050 172.1589 0006424 288.2923  71.6728  1.70473422 15953
1 41859U 16069A   19166.06688615  .00000070  00000-0  00000+0 0  9998
2 41859  54.6057 172.0774 0006436 288.6647  71.2929  1.70473442 16003
1 41859U 16069A   19168.41319682  .00000054  00000-0  00000+0 0  9996
2 41859  54.6061 172.0122 0006427 288.8597  71.0822  1.70473497 16045
1 41859U 16069A   19170.75951355  .00000051  00000-0  00000+0 0  9992
2 41859  54.6063 171.9471 0006431 288.9762  70.9532  1.70473528 16087
1 41859U 16069A   19171.34609550  .00000052  00000-0  00000-0 0  9997
2 41859  54.6067 171.9308 0006427 288.6711  71.2566  1.70473530 16024
1 41859U 16069A   19173.10584611  .00000061  00000-0  00000+0 0  9992
2 41859  54.6068 171.8819 0006425 288.7668  71.1606  1.70473570 16120
1 41859U 16069A   19174.27902017  .00000069  00000-0  00000-0 0  9994
2 41859  54.6070 171.8492 0006422 288.8804  71.0497  1.70473526 16072
1 41859U 16069A   19176.03878215  .00000080  00000-0  00000+0 0  9994
2 41859  54.6073 171.8004 0006406 289.1030  70.8332  1.70473522 16173
1 41859U 16069A   19178.38512919  .00000092  00000-0  00000+0 0  9993
2 41859  54.6077 171.7352 0006402 289.2442  70.6969  1.70473409 16219
1 41859U 16069A   19180.73145790  .00000094  00000-0  00000+0 0  9996
2 41859  54.6080 171.6701 0006384 289.7682  70.1675  1.70473336 16252
1 41859U 16069A   19183.07777066  .00000081  00000-0  00000+0 0  9999
2 41859  54.6084 171.6049 0006361 290.1471  69.7728  1.70473250 16290
1 41859U 16069A   19185.42408667  .00000066  00000-0  00000+0 0  9991
2 41859  54.6087 171.5397 0006320 290.5632  69.3426  1.70473198 16333
1 41859U 16069A   19186.01066757  .00000064  00000-0  00000-0 0  9996
2 41859  54.6088 171.5234 0006329 290.5186  69.3853  1.70473213 16272
1 41859U 16069A   19187.77042467  .00000062  00000-0  00000+0 0  9999
2 41859  54.6091 171.4745 0006309 290.6847  69.2197  1.70473143 16378
1 41859U 16069A   19190.11677513  .00000064  00000-0  00000+0 0  9999
2 41859  54.6093 171.4093 0006288 290.9750  68.9360  1.70473145 16413
1 41859U 16069A   19193.04969480  .00000050  00000-0  00000+0 0  9996
2 41859  54.6097 171.3278 0006241 291.3424  68.5659  1.70473205 16462
1 41859U 16069A   19194.22285390  .00000039  00000-0  00000-0 0  9996
2 41859  54.6098 171.2952 0006220 291.4841  68.4183  1.70473259 16417
1 41859U 16069A   19195.39601688  .00000030  00000-0  00000+0 0  9997
2 41859  54.6099 171.2627 0006184 291.6959  68.1998  1.70473171 16502
1 41859U 16069A   19197.15575894  .00000022  00000-0  00000-0 0  9994
2 41859  54.6099 171.2139 0006154 291.8731  68.0138  1.70473178 16464
1 41859U 16069A   19200.08867960  .00000029  00000-0  00000+0 0  9995
2 41859  54.6099 171.1325 0006110 292.2141  67.6713  1.70473278 16580
1 41859U 16069A   19202.43503706  .00000042  00000-0  00000+0 0  9996
2 41859  54.6102 171.0673 0006046 292.6727  67.2226  1.70473246 16627
1 41859U 16069A   19203.02162483  .00000045  00000-0  00000-0 0  9999
2 41859  54.6106 171.0509 0006069 292.4544  67.4435  1.70473270 16563
1 41859U 16069A   19204.78139311  .00000054  00000-0  00000+0 0  9996
2 41859  54.6106 171.0021 0006034 292.6843  67.2218  1.70473245 16668
1 41859U 16069A   19205.36798212  .00000056  00000-0  00000-0 0  9995
2 41859  54.6107 170.9858 0006026 292.7343  67.1735  1.70473207 16607
1 41859U 16069A   19207.12774055  .00000059  00000-0  00000-0 0  9993
2 41859  54.6104 170.9369 0005989 293.0826  66.8267  1.70473127 16706
1 41859U 16069A   19209.47406727  .00000051  00000-0  00000+0 0  9992
2 41859  54.6104 170.8717 0005948 293.4985  66.4024  1.70473072 16747
1 41859U 16069A   19210.06064753  .00000047  00000-0  00000-0 0  9994
2 41859  54.6106 170.8554 0005949 293.5031  66.3945  1.70473056 16688
1 41859U 16069A   19211.23380867  .00000038  00000-0  00000-0 0  9991
2 41859  54.6106 170.8228 0005917 293.7121  66.1794  1.70473016 16702
1 41859U 16069A   19211.82039116  .00000034  00000-0  00000+0 0  9999
2 41859  54.6105 170.8065 0005891 293.8748  66.0144  1.70472983 16785
1 41859U 16069A   19212.40697386  .00000030  00000-0  00000-0 0  9990
2 41859  54.6107 170.7902 0005877 293.9904  65.8971  1.70472967 16726
1 41859U 16069A   19214.75331894  .00000024  00000-0  00000-0 0  9992
2 41859  54.6109 170.7250 0005818 294.3738  65.5157  1.70472951 16837
1 41859U 16069A   19217.09968108  .00000025  00000-0  00000+0 0  9996
2 41859  54.6110 170.6598 0005763 294.7504  65.1506  1.70472929 16870
1 41859U 16069A   19217.68627074  .00000024  00000-0  00000-0 0  9995
2 41859  54.6109 170.6434 0005756 294.7900  65.1133  1.70472929 16819
1 41859U 16069A   19218.85944606  .00000020  00000-0  00000-0 0  9994
2 41859  54.6110 170.6108 0005726 295.0006  64.9059  1.70472972 16831
1 41859U 16069A   19224.13869549 -.00000018  00000-0  00000+0 0  9991
2 41859  54.6109 170.4642 0005556 295.9268  63.9673  1.70473114 16997
1 41859U 16069A   19225.31186553 -.00000019  00000-0  00000-0 0  9991
2 41859  54.6114 170.4316 0005512 296.0444  63.8489  1.70473134 16942
1 41859U 16069A   19227.07163398 -.00000013  00000-0  00000+0 0  9991
2 41859  54.6113 170.3828 0005465 296.3585  63.5390  1.70473035 17044
1 41859U 16069A   19229.41799910  .00000001  00000-0  00000+0 0  9992
2 41859  54.6114 170.3177 0005388 296.8474  63.0647  1.70473074 17085
1 41859U 16069A   19231.17777639  .00000011  00000-0  00000-0 0  9994
2 41859  54.6114 170.2688 0005337 297.1303  62.7946  1.70473073 17043
1 41859U 16069A   19231.76437050  .00000014  00000-0  00000+0 0  9991
2 41859  54.6114 170.2525 0005311 297.2866  62.6424  1.70473013 17123
1 41859U 16069A   19234.11072930  .00000022  00000-0  00000+0 0  9994
2 41859  54.6114 170.1874 0005250 297.7531  62.1857  1.70472967 17161
1 41859U 16069A   19235.28389944  .00000021  00000-0  00000-0 0  9999
2 41859  54.6114 170.1548 0005220 298.0073  61.9319  1.70472998 17110
1 41859U 16069A   19237.04365353  .00000014  00000-0  00000+0 0  9994
2 41859  54.6115 170.1058 0005165 298.4719  61.4634  1.70472868 17218
1 41859U 16069A   19239.38998627 -.00000001  00000-0  00000+0 0  9996
2 41859  54.6117 170.0406 0005095 298.9656  60.9636  1.70472844 17257
1 41859U 16069A   19241.14974780 -.00000007  00000-0  00000-0 0  9994
2 41859  54.6117 169.9917 0005038 299.3052  60.6263  1.70472827 17213
1 41859U 16069A   19241.73633896 -.00000007  00000-0  00000+0 0  9998
2 41859  54.6117 169.9754 0005020 299.4142  60.5199  1.70472798 17296
1 41859U 16069A   19242.90951691 -.00000005  00000-0  00000-0 0  9993
2 41859  54.6117 169.9428 0004987 299.6340  60.3073  1.70472965 17247
1 41859U 16069A   19244.08270888 -.00000004  00000-0  00000+0 0  9994
2 41859  54.6118 169.9102 0004955 299.8578  60.0918  1.70472788 17335
1 41859U 16069A   19245.84248272 -.00000005  00000-0  00000-0 0  9993
2 41859  54.6117 169.8612 0004902 300.3048  59.6547  1.70472821 17296
1 41859U 16069A   19245.84248274 -.00000005  00000-0  00000-0 0  9995
2 41859  54.6117 169.8612 0004889 300.3571  59.6025  1.70472831 17293
1 41859U 16069A   19247.60224958 -.00000015  00000-0  00000+0 0  9994
2 41859  54.6121 169.8123 0004810 300.8992  59.0637  1.70472767 17393
1 41859U 16069A   19249.94858339 -.00000034  00000-0  00000+0 0  9990
2 41859  54.6120 169.7471 0004718 301.4694  58.4895  1.70472932 17438
1 41859U 16069A   19255.22787878 -.00000026  00000-0  00000+0 0  9998
2 41859  54.6122 169.6006 0004552 302.4820  57.4878  1.70472937 17526
1 41859U 16069A   19255.81447223 -.00000021  00000-0  00000-0 0  9996
2 41859  54.6122 169.5843 0004542 302.5536  57.4205  1.70472926 17463
1 41859U 16069A   19259.92062489  .00000007  00000-0  00000-0 0  9992
2 41859  54.6124 169.4703 0004396 303.6674  56.3394  1.70472958 17531
1 41859U 16069A   19259.92062607  .00000007  00000-0  00000+0 0  9993
2 41859  54.6124 169.4703 0004400 303.6437  56.3630  1.70472922 17606
1 41859U 16069A   19261.09380394  .00000012  00000-0  00000-0 0  9997
2 41859  54.6124 169.4377 0004369 303.9516  56.0603  1.70472976 17558
1 41859U 16069A   19264.02673818  .00000011  00000-0  00000+0 0  9997
2 41859  54.6125 169.3562 0004288 304.7637  55.2485  1.70472802 17677
1 41859U 16069A   19265.19990281  .00000006  00000-0  00000-0 0  9997
2 41859  54.6125 169.3236 0004246 305.1481  54.8612  1.70472857 17623
1 41859U 16069A   19266.95965690 -.00000001  00000-0  00000+0 0  9993
2 41859  54.6127 169.2747 0004184 305.6518  54.3551  1.70472830 17727
1 41859U 16069A   19268.13283364 -.00000004  00000-0  00000-0 0  9990
2 41859  54.6128 169.2420 0004142 305.9801  54.0288  1.70472778 17677
1 41859U 16069A   19271.06579108  .00000003  00000-0  00000+0 0  9997
2 41859  54.6129 169.1603 0004047 306.7330  53.2935  1.70472823 17794
1 41859U 16069A   19271.65238865  .00000004  00000-0  00000-0 0  9996
2 41859  54.6129 169.1440 0004009 307.1322  52.8987  1.70472706 17733
1 41859U 16069A   19273.41215997  .00000004  00000-0  00000+0 0  9992
2 41859  54.6130 169.0950 0003941 307.7184  52.3215  1.70472785 17833
1 41859U 16069A   19273.99874783  .00000002  00000-0  00000-0 0  9998
2 41859  54.6130 169.0787 0003941 307.6788  52.3621  1.70472788 17777
1 41859U 16069A   19278.10483469 -.00000022  00000-0  00000+0 0  9995
2 41859  54.6131 168.9644 0003784 308.7803  51.2537  1.70472990 17918
1 41859U 16069A   19279.27800784 -.00000022  00000-0  00000-0 0  9998
2 41859  54.6132 168.9318 0003736 309.0819  50.9510  1.70472936 17866
1 41859U 16069A   19281.03776773 -.00000015  00000-0  00000+0 0  9996
2 41859  54.6134 168.8829 0003701 309.4386  50.5975  1.70473054 17963
1 41859U 16069A   19285.14391570  .00000020  00000-0  00000+0 0  9995
2 41859  54.6137 168.7688 0003550 310.7285  49.3347  1.70472974 18031
1 41859U 16069A   19285.73050704  .00000025  00000-0  00000-0 0  9997
2 41859  54.6138 168.7525 0003526 311.0194  49.0480  1.70473009 17975
1 41859U 16069A   19288.07686568  .00000040  00000-0  00000+0 0  9996
2 41859  54.6140 168.6873 0003462 311.7167  48.3623  1.70473056 18085
1 41859U 16069A   19290.42320993  .00000046  00000-0  00000+0 0  9991
2 41859  54.6142 168.6221 0003402 312.4868  47.5920  1.70472954 18126
1 41859U 16069A   19292.18295486  .00000042  00000-0  00000-0 0  9991
2 41859  54.6144 168.5731 0003338 313.1840  46.8887  1.70472979 18085
1 41859U 16069A   19292.76953735  .00000040  00000-0  00000+0 0  9990
2 41859  54.6145 168.5568 0003320 313.4259  46.6445  1.70472951 18169
1 41859U 16069A   19294.52928642  .00000035  00000-0  00000-0 0  9990
2 41859  54.6146 168.5079 0003288 313.6875  46.3781  1.70472928 18126
1 41859U 16069A   19295.11587244  .00000035  00000-0  00000+0 0  9994
2 41859  54.6147 168.4916 0003267 313.8865  46.1791  1.70472912 18205
1 41859U 16069A   19299.80858570  .00000047  00000-0  00000+0 0  9990
2 41859  54.6154 168.3610 0003154 315.1259  44.9582  1.70472983 18280
1 41859U 16069A   19300.39517445  .00000047  00000-0  00000-0 0  9991
2 41859  54.6155 168.3447 0003121 315.2213  44.8643  1.70472973 18224
1 41859U 16069A   19301.56834761  .00000044  00000-0  00000-0 0  9991
2 41859  54.6157 168.3121 0003108 315.5893  44.4962  1.70472929 18240
1 41859U 16069A   19302.15492921  .00000041  00000-0  00000+0 0  9991
2 41859  54.6158 168.2958 0003081 315.7367  44.3476  1.70473003 18328
1 41859U 16069A   19302.74151114  .00000037  00000-0  00000-0 0  9998
2 41859  54.6159 168.2794 0003062 315.9111  44.1712  1.70473025 18263
1 41859U 16069A   19303.91467239  .00000029  00000-0  00000-0 0  9997
2 41859  54.6160 168.2468 0003029 316.1214  43.9552  1.70473071 18285
1 41859U 16069A   19305.08783377  .00000024  00000-0  00000+0 0  9995
2 41859  54.6161 168.2141 0002996 316.3272  43.7435  1.70473094 18375
1 41859U 16069A   19307.43416329  .00000025  00000-0  00000+0 0  9997
2 41859  54.6165 168.1489 0002944 316.6476  43.4163  1.70473179 18419
1 41859U 16069A   19308.02074815  .00000028  00000-0  00000-0 0  9997
2 41859  54.6166 168.1325 0002930 316.9672  43.0969  1.70473213 18357
1 41859U 16069A   19309.78051071  .00000042  00000-0  00000+0 0  9995
2 41859  54.6171 168.0835 0002900 317.3077  42.7605  1.70473248 18451
1 41859U 16069A   19315.05981034  .00000084  00000-0  00000+0 0  9999
2 41859  54.6180 167.9367 0002782 318.5006  41.5884  1.70473223 18541
1 41859U 16069A   19315.64639440  .00000087  00000-0  00000-0 0  9999
2 41859  54.6181 167.9203 0002770 318.5220  41.5670  1.70473239 18489
1 41859U 16069A   19317.40614211  .00000091  00000-0  00000+0 0  9998
2 41859  54.6184 167.8715 0002753 319.0006  41.0836  1.70473185 18588
1 41859U 16069A   19317.99272219  .00000091  00000-0  00000-0 0  9991
2 41859  54.6185 167.8551 0002743 319.1248  40.9563  1.70473174 18522
1 41859U 16069A   19319.75245932  .00000086  00000-0  00000+0 0  9992
2 41859  54.6188 167.8062 0002708 319.5977  40.4724  1.70473138 18621
1 41859U 16069A   19322.09877979  .00000079  00000-0  00000+0 0  9997
2 41859  54.6193 167.7409 0002657 320.1899  39.8686  1.70473129 18668
1 41859U 16069A   19322.68536302  .00000079  00000-0  00000-0 0  9995
2 41859  54.6195 167.7246 0002648 320.2255  39.8319  1.70473121 18605
1 41859U 16069A   19325.61829543  .00000086  00000-0  00000+0 0  9990
2 41859  54.6195 167.6430 0002602 320.3729  39.6888  1.70473111 18727
1 41859U 16069A   19327.96463956  .00000087  00000-0  00000+0 0  9993
2 41859  54.6201 167.5777 0002571 320.5854  39.4786  1.70473127 18760
1 41859U 16069A   19329.72438204  .00000078  00000-0  00000-0 0  9998
2 41859  54.6204 167.5286 0002537 320.7887  39.2684  1.70473195 18724
1 41859U 16069A   19330.89754071  .00000068  00000-0  00000+0 0  9999
2 41859  54.6206 167.4960 0002511 320.7660  39.2830  1.70473168 18818
1 41859U 16069A   19332.07069420  .00000061  00000-0  00000-0 0  9992
2 41859  54.6208 167.4635 0002489 320.8597  39.1805  1.70473257 18767
1 41859U 16069A   19333.83042883  .00000056  00000-0  00000+0 0  9994
2 41859  54.6212 167.4146 0002463 320.5844  39.4447  1.70473369 18863
1 41859U 16069A   19334.41700963  .00000056  00000-0  00000-0 0  9990
2 41859  54.6213 167.3983 0002460 320.6104  39.4163  1.70473373 18803
1 41859U 16069A   19335.00359219  .00000058  00000-0  00000-0 0  9992
2 41859  54.6214 167.3820 0002456 320.5034  39.5217  1.70473374 18813
1 41859U 16069A   19335.59017591  .00000061  00000-0  00000-0 0  9994
2 41859  54.6215 167.3656 0002452 320.4366  39.5875  1.70473379 18820
1 41859U 16069A   19336.76334495  .00000069  00000-0  00000-0 0  9997
2 41859  54.6218 167.3330 0002443 320.3734  39.6512  1.70473433 18842
1 41859U 16069A   19337.93651903  .00000078  00000-0  00000+0 0  9992
2 41859  54.6219 167.3005 0002427 320.3115  39.7156  1.70473428 18936
1 41859U 16069A   19337.93651903  .00000078  00000-0  00000-0 0  9993
2 41859  54.6219 167.3005 0002427 320.3115  39.7156  1.70473428 18868
1 41859U 16069A   19339.69628159  .00000091  00000-0  00000-0 0  9990
2 41859  54.6224 167.2516 0002401 320.4932  39.5394  1.70473444 18893
1 41859U 16069A   19339.69628185  .00000091  00000-0  00000-0 0  9999
2 41859  54.6223 167.2516 0002398 320.2657  39.7668  1.70473428 18897
1 41859U 16069A   19341.45603932  .00000102  00000-0  00000+0 0  9991
2 41859  54.6227 167.2027 0002392 320.4633  39.5726  1.70473448 18994
1 41859U 16069A   19342.04262327  .00000105  00000-0  00000-0 0  9990
2 41859  54.6228 167.1863 0002387 320.3786  39.6573  1.70473454 18936
1 41859U 16069A   19346.73525954  .00000103  00000-0  00000+0 0  9995
2 41859  54.6239 167.0559 0002382 320.1056  39.9062  1.70473335 19083
1 41859U 16069A   19346.73525957  .00000103  00000-0  00000-0 0  9999
2 41859  54.6238 167.0559 0002380 320.1196  39.8922  1.70473341 19019
1 41859U 16069A   19349.08157206  .00000092  00000-0  00000+0 0  9994
2 41859  54.6244 166.9906 0002362 320.0457  39.9506  1.70473293 19126
1 41859U 16069A   19351.42790333  .00000090  00000-0  00000+0 0  9997
2 41859  54.6249 166.9254 0002353 319.7922  40.2002  1.70473282 19167
1 41859U 16069A   19351.42790401  .00000090  00000-0  00000-0 0  9994
2 41859  54.6250 166.9254 0002355 319.6999  40.2924  1.70473258 19092
1 41859U 16069A   19352.60107865  .00000092  00000-0  00000-0 0  9993
2 41859  54.6255 166.8928 0002359 319.4887  40.5054  1.70473180 19116
1 41859U 16069A   19353.77424740  .00000093  00000-0  00000+0 0  9996
2 41859  54.6257 166.8602 0002357 319.1404  40.8554  1.70473274 19209
1 41859U 16069A   19354.36083152  .00000092  00000-0  00000-0 0  9990
2 41859  54.6258 166.8439 0002361 318.9922  41.0038  1.70473295 19141
1 41859U 16069A   19354.94741578  .00000091  00000-0  00000-0 0  9996
2 41859  54.6259 166.8275 0002360 318.8948  41.1007  1.70473284 19152
1 41859U 16069A   19356.12057809  .00000084  00000-0  00000+0 0  9996
2 41859  54.6261 166.7949 0002352 318.6137  41.3781  1.70473323 19246
1 41859U 16069A   19356.70715761  .00000080  00000-0  00000-0 0  9995
2 41859  54.6263 166.7786 0002354 318.6067  41.3820  1.70473327 19182
1 41859U 16069A   19359.05346501  .00000058  00000-0  00000+0 0  9992
2 41859  54.6267 166.7134 0002338 317.9610  42.0100  1.70473415 19290
1 41859U 16069A   19360.22661869  .00000050  00000-0  00000-0 0  9993
2 41859  54.6269 166.6808 0002334 317.4052  42.5570  1.70473471 19243
1 41859U 16069A   19361.39977911  .00000047  00000-0  00000+0 0  9995
2 41859  54.6268 166.6481 0002334 317.0750  42.8807  1.70473430 19331
1 41859U 16069A   19361.98635815  .00000047  00000-0  00000-0 0  9995
2 41859  54.6268 166.6317 0002335 316.6939  43.2596  1.70473499 19272
1 41859U 16069A   19363.15952371  .00000051  00000-0  00000-0 0  9990
2 41859  54.6271 166.5991 0002345 316.0310  43.9207  1.70473537 19292
1 41859U 16069A   19365.50586575  .00000064  00000-0  00000+0 0  9993
2 41859  54.6275 166.5339 0002350 315.4687  44.4874  1.70473600 19408

