1 43565U 18060B   19001.18767362 -.00000080  00000-0  00000+0 0  9997
2 43565  56.4418  55.7069 0005574 271.7387  88.2531  1.70476453  2771
1 43565U 18060B   19004.70717339 -.00000069  00000-0  00000+0 0  9994
2 43565  56.4445  55.6095 0005642 272.5397  87.4643  1.70476542  2836
1 43565U 18060B   19006.46691890 -.00000064  00000-0  00000-0 0  9998
2 43565  56.4457  55.5609 0005673 272.9215  87.0859  1.70476551  2864
1 43565U 18060B   19007.05349998 -.00000062  00000-0  00000+0 0  9990
2 43565  56.4462  55.5446 0005690 273.1017  86.9060  1.70476533  2874
1 43565U 18060B   19008.22665968 -.00000058  00000-0  00000-0 0  9994
2 43565  56.4470  55.5122 0005727 273.5797  86.4275  1.70476518  2892
1 43565U 18060B   19009.39981564 -.00000055  00000-0  00000+0 0  9992
2 43565  56.4479  55.4798 0005753 273.8955  86.1101  1.70476543  2913
1 43565U 18060B   19011.15954982 -.00000050  00000-0  00000-0 0  9999
2 43565  56.4492  55.4311 0005802 274.6755  85.3266  1.70476502  2942
1 43565U 18060B   19012.91928562 -.00000045  00000-0  00000+0 0  9992
2 43565  56.4505  55.3824 0005834 275.0904  84.9094  1.70476467  2978
1 43565U 18060B   19013.50586542 -.00000044  00000-0  00000-0 0  9996
2 43565  56.4509  55.3661 0005853 275.3768  84.6226  1.70476425  2982
1 43565U 18060B   19015.26560772 -.00000040  00000-0  00000+0 0  9993
2 43565  56.4523  55.3174 0005885 275.7408  84.2599  1.70476389  3010
1 43565U 18060B   19015.85219002 -.00000039  00000-0  00000-0 0  9994
2 43565  56.4528  55.3011 0005910 275.9907  84.0111  1.70476332  3027
1 43565U 18060B   19018.78510206 -.00000034  00000-0  00000+0 0  9993
2 43565  56.4550  55.2198 0005976 276.8162  83.1918  1.70476230  3079
1 43565U 18060B   19019.95826346 -.00000034  00000-0  00000-0 0  9999
2 43565  56.4559  55.1873 0005990 276.9724  83.0361  1.70476217  3096
1 43565U 18060B   19021.71799730 -.00000039  00000-0  00000+0 0  9996
2 43565  56.4572  55.1385 0006018 277.4158  82.5884  1.70476212  3121
1 43565U 18060B   19022.89114974 -.00000044  00000-0  00000-0 0  9994
2 43565  56.4582  55.1058 0006053 277.8475  82.1510  1.70476173  3144
1 43565U 18060B   19023.47772438 -.00000048  00000-0  00000-0 0  9998
2 43565  56.4587  55.0895 0006068 278.0907  81.9046  1.70476193  3150
1 43565U 18060B   19025.23745204 -.00000056  00000-0  00000+0 0  9993
2 43565  56.4601  55.0407 0006092 278.3405  81.6461  1.70476208  3187
1 43565U 18060B   19026.41060709 -.00000060  00000-0  00000-0 0  9990
2 43565  56.4610  55.0082 0006110 278.5798  81.4033  1.70476232  3207
1 43565U 18060B   19027.58376533 -.00000061  00000-0  00000-0 0  9995
2 43565  56.4620  54.9756 0006138 278.9893  80.9925  1.70476299  3223
1 43565U 18060B   19028.17034710 -.00000061  00000-0  00000-0 0  9999
2 43565  56.4625  54.9594 0006145 279.1366  80.8455  1.70476296  3239
1 43565U 18060B   19029.93009337 -.00000057  00000-0  00000+0 0  9995
2 43565  56.4639  54.9107 0006162 279.4955  80.4896  1.70476344  3262
1 43565U 18060B   19029.93009337 -.00000057  00000-0  00000-0 0  9996
2 43565  56.4639  54.9107 0006162 279.4955  80.4896  1.70476344  3262
1 43565U 18060B   19031.10325997 -.00000053  00000-0  00000-0 0  9997
2 43565  56.4649  54.8782 0006177 279.9320  80.0558  1.70476351  3289
1 43565U 18060B   19032.27642408 -.00000049  00000-0  00000+0 0  9999
2 43565  56.4658  54.8458 0006187 280.2327  79.7569  1.70476378  3301
1 43565U 18060B   19033.44958617 -.00000046  00000-0  00000-0 0  9999
2 43565  56.4667  54.8134 0006199 280.5283  79.4618  1.70476391  3328
1 43565U 18060B   19035.79590220 -.00000040  00000-0  00000+0 0  9994
2 43565  56.4686  54.7486 0006230 281.2178  78.7689  1.70476410  3361
1 43565U 18060B   19036.38247958 -.00000038  00000-0  00000-0 0  9995
2 43565  56.4691  54.7324 0006238 281.3840  78.6011  1.70476418  3370
1 43565U 18060B   19036.96905703 -.00000036  00000-0  00000-0 0  9996
2 43565  56.4695  54.7162 0006236 281.3852  78.5981  1.70476416  3389
1 43565U 18060B   19038.14221203 -.00000033  00000-0  00000+0 0  9990
2 43565  56.4704  54.6838 0006253 281.8004  78.1792  1.70476395  3407
1 43565U 18060B   19038.14221230 -.00000033  00000-0  00000-0 0  9991
2 43565  56.4704  54.6838 0006253 281.8757  78.1039  1.70476388  3408
1 43565U 18060B   19038.72878999 -.00000032  00000-0  00000-0 0  9994
2 43565  56.4708  54.6676 0006250 281.9518  78.0261  1.70476375  3418
1 43565U 18060B   19041.07510467 -.00000026  00000-0  00000+0 0  9991
2 43565  56.4727  54.6027 0006266 282.5932  77.3798  1.70476301  3453
1 43565U 18060B   19042.83484725 -.00000022  00000-0  00000-0 0  9990
2 43565  56.4741  54.5540 0006291 283.1875  76.7853  1.70476196  3489
1 43565U 18060B   19045.18117543 -.00000018  00000-0  00000-0 0  9997
2 43565  56.4760  54.4891 0006315 283.8446  76.1309  1.70476108  3524
1 43565U 18060B   19045.18117552 -.00000018  00000-0  00000+0 0  9996
2 43565  56.4760  54.4892 0006311 283.6837  76.2919  1.70476127  3522
1 43565U 18060B   19046.35433854 -.00000017  00000-0  00000-0 0  9992
2 43565  56.4769  54.4567 0006319 284.0100  75.9661  1.70476092  3549
1 43565U 18060B   19048.11407740 -.00000020  00000-0  00000-0 0  9997
2 43565  56.4783  54.4080 0006330 284.4768  75.4964  1.70476027  3574
1 43565U 18060B   19049.28723107 -.00000024  00000-0  00000-0 0  9998
2 43565  56.4793  54.3755 0006330 284.7335  75.2346  1.70476025  3598
1 43565U 18060B   19050.46038167 -.00000030  00000-0  00000+0 0  9991
2 43565  56.4803  54.3430 0006332 284.9764  74.9847  1.70476030  3611
1 43565U 18060B   19051.04695699 -.00000034  00000-0  00000-0 0  9990
2 43565  56.4808  54.3268 0006330 285.0069  74.9506  1.70476027  3622
1 43565U 18060B   19052.80668507 -.00000043  00000-0  00000+0 0  9992
2 43565  56.4822  54.2781 0006335 285.4025  74.5452  1.70476035  3656
1 43565U 18060B   19053.39326285 -.00000046  00000-0  00000-0 0  9995
2 43565  56.4827  54.2619 0006338 285.5127  74.4328  1.70476034  3669
1 43565U 18060B   19055.73958318 -.00000048  00000-0  00000+0 0  9994
2 43565  56.4846  54.1970 0006340 286.0434  73.8991  1.70476085  3709
1 43565U 18060B   19057.49933170 -.00000045  00000-0  00000-0 0  9996
2 43565  56.4861  54.1484 0006327 286.5573  73.3875  1.70476132  3732
1 43565U 18060B   19058.08591416 -.00000044  00000-0  00000+0 0  9993
2 43565  56.4866  54.1322 0006326 286.7016  73.2441  1.70476154  3744
1 43565U 18060B   19059.84566173 -.00000040  00000-0  00000-0 0  9997
2 43565  56.4881  54.0836 0006307 287.2050  72.7428  1.70476195  3770
1 43565U 18060B   19061.01882316 -.00000038  00000-0  00000+0 0  9995
2 43565  56.4889  54.0513 0006303 287.4353  72.5120  1.70476213  3794
1 43565U 18060B   19062.19198320 -.00000035  00000-0  00000-0 0  9998
2 43565  56.4898  54.0189 0006294 287.8414  72.1042  1.70476220  3814
1 43565U 18060B   19063.95171880 -.00000032  00000-0  00000+0 0  9991
2 43565  56.4912  53.9705 0006289 288.1288  71.8119  1.70476213  3846
1 43565U 18060B   19063.95171880 -.00000032  00000-0  00000-0 0  9992
2 43565  56.4912  53.9705 0006289 288.1288  71.8119  1.70476213  3846
1 43565U 18060B   19065.12487583 -.00000030  00000-0  00000-0 0  9991
2 43565  56.4921  53.9382 0006283 288.6329  71.3041  1.70476191  3868
1 43565U 18060B   19067.47119139 -.00000025  00000-0  00000+0 0  9993
2 43565  56.4938  53.8736 0006262 289.2738  70.6569  1.70476129  3909
1 43565U 18060B   19068.05777150 -.00000024  00000-0  00000-0 0  9991
2 43565  56.4943  53.8575 0006256 289.4261  70.5039  1.70476109  3912
1 43565U 18060B   19069.81751593 -.00000021  00000-0  00000+0 0  9995
2 43565  56.4956  53.8090 0006245 289.8324  70.0972  1.70476032  3949
1 43565U 18060B   19070.40409769 -.00000020  00000-0  00000-0 0  9997
2 43565  56.4961  53.7928 0006242 289.8754  70.0547  1.70476033  3958
1 43565U 18060B   19072.16384832 -.00000018  00000-0  00000+0 0  9991
2 43565  56.4974  53.7443 0006234 290.3275  69.6053  1.70475926  3989
1 43565U 18060B   19072.75043075 -.00000017  00000-0  00000-0 0  9997
2 43565  56.4979  53.7281 0006232 290.3714  69.5621  1.70475927  3992
1 43565U 18060B   19076.26991472 -.00000024  00000-0  00000+0 0  9997
2 43565  56.5006  53.6310 0006194 291.1476  68.7814  1.70475820  4052
1 43565U 18060B   19076.85649227 -.00000027  00000-0  00000-0 0  9994
2 43565  56.5010  53.6148 0006182 291.3777  68.5485  1.70475806  4066
1 43565U 18060B   19077.44306944 -.00000031  00000-0  00000-0 0  9991
2 43565  56.5015  53.5986 0006174 291.3953  68.5278  1.70475804  4076
1 43565U 18060B   19078.02964605 -.00000035  00000-0  00000-0 0  9994
2 43565  56.5019  53.5825 0006166 291.4751  68.4447  1.70475803  4087
1 43565U 18060B   19079.78937711 -.00000046  00000-0  00000+0 0  9997
2 43565  56.5033  53.5339 0006142 291.8077  68.1030  1.70475817  4116
1 43565U 18060B   19081.54911564 -.00000053  00000-0  00000-0 0  9991
2 43565  56.5047  53.4853 0006118 292.1601  67.7459  1.70475846  4146
1 43565U 18060B   19082.13569769 -.00000054  00000-0  00000-0 0  9994
2 43565  56.5051  53.4692 0006109 292.2891  67.6166  1.70475849  4152
1 43565U 18060B   19084.48203223 -.00000054  00000-0  00000+0 0  9993
2 43565  56.5069  53.4045 0006065 292.8231  67.0863  1.70475915  4194
1 43565U 18060B   19085.06861682 -.00000053  00000-0  00000-0 0  9997
2 43565  56.5074  53.3883 0006053 292.9595  66.9515  1.70475930  4201
1 43565U 18060B   19086.82836878 -.00000051  00000-0  00000+0 0  9998
2 43565  56.5087  53.3399 0006018 293.2444  66.6703  1.70475989  4238
1 43565U 18060B   19087.41495232 -.00000050  00000-0  00000-0 0  9999
2 43565  56.5091  53.3237 0006007 293.3163  66.5991  1.70475982  4243
1 43565U 18060B   19089.76128027 -.00000047  00000-0  00000+0 0  9999
2 43565  56.5108  53.2591 0005957 293.8660  66.0491  1.70476004  4284
1 43565U 18060B   19089.76128090 -.00000047  00000-0  00000-0 0  9990
2 43565  56.5108  53.2592 0005961 293.8599  66.0551  1.70475993  4284
1 43565U 18060B   19092.10760169 -.00000044  00000-0  00000+0 0  9997
2 43565  56.5125  53.1947 0005911 294.5607  65.3503  1.70476007  4320
1 43565U 18060B   19092.10760169 -.00000044  00000-0  00000-0 0  9998
2 43565  56.5125  53.1947 0005911 294.5607  65.3503  1.70476007  4320
1 43565U 18060B   19093.28076189 -.00000043  00000-0  00000-0 0  9999
2 43565  56.5132  53.1625 0005883 294.8810  65.0280  1.70476009  4341
1 43565U 18060B   19094.45392517 -.00000041  00000-0  00000+0 0  9992
2 43565  56.5139  53.1302 0005855 295.1554  64.7523  1.70475951  4361
1 43565U 18060B   19096.21367228 -.00000038  00000-0  00000-0 0  9996
2 43565  56.5152  53.0818 0005816 295.5404  64.3678  1.70475907  4393
1 43565U 18060B   19099.14659679 -.00000034  00000-0  00000+0 0  9990
2 43565  56.5172  53.0011 0005761 296.1123  63.8034  1.70475775  4443
1 43565U 18060B   19099.73318231 -.00000034  00000-0  00000-0 0  9992
2 43565  56.5176  52.9850 0005744 296.2664  63.6510  1.70475757  4456
1 43565U 18060B   19100.31976761 -.00000034  00000-0  00000-0 0  9997
2 43565  56.5181  52.9688 0005727 296.4103  63.5089  1.70475722  4465
1 43565U 18060B   19101.49293617 -.00000035  00000-0  00000+0 0  9999
2 43565  56.5189  52.9365 0005699 296.6213  63.2999  1.70475686  4485
1 43565U 18060B   19106.18557750 -.00000058  00000-0  00000-0 0  9997
2 43565  56.5222  52.8072 0005564 297.4691  62.4408  1.70475657  4560
1 43565U 18060B   19107.35873808 -.00000066  00000-0  00000-0 0  9991
2 43565  56.5230  52.7748 0005543 297.7336  62.1727  1.70475639  4587
1 43565U 18060B   19109.11848394 -.00000073  00000-0  00000+0 0  9996
2 43565  56.5243  52.7263 0005495 298.0603  61.8449  1.70475690  4618
1 43565U 18060B   19109.70506813 -.00000074  00000-0  00000-0 0  9990
2 43565  56.5247  52.7102 0005489 298.0465  61.8595  1.70475690  4626
1 43565U 18060B   19111.46482656 -.00000074  00000-0  00000+0 0  9993
2 43565  56.5259  52.6617 0005420 298.4652  61.4467  1.70475728  4655
1 43565U 18060B   19113.81117257 -.00000072  00000-0  00000+0 0  9994
2 43565  56.5275  52.5971 0005346 298.8835  61.0375  1.70475783  4698
1 43565U 18060B   19114.39775775 -.00000071  00000-0  00000-0 0  9993
2 43565  56.5279  52.5810 0005317 299.0244  60.8987  1.70475821  4700
1 43565U 18060B   19118.50384344 -.00000068  00000-0  00000+0 0  9993
2 43565  56.5306  52.4680 0005191 299.8363  60.0908  1.70475840  4778
1 43565U 18060B   19119.09042574 -.00000067  00000-0  00000-0 0  9994
2 43565  56.5310  52.4519 0005171 299.9947  59.9322  1.70475840  4789
1 43565U 18060B   19122.02333993 -.00000062  00000-0  00000+0 0  9993
2 43565  56.5330  52.3713 0005088 300.5265  59.4010  1.70475793  4837
1 43565U 18060B   19123.19650874 -.00000060  00000-0  00000-0 0  9991
2 43565  56.5337  52.3391 0005044 300.7607  59.1692  1.70475777  4857
1 43565U 18060B   19127.88920276 -.00000054  00000-0  00000+0 0  9999
2 43565  56.5367  52.2098 0004910 301.4340  58.5149  1.70475611  4932
1 43565U 18060B   19129.06237596 -.00000055  00000-0  00000-0 0  9999
2 43565  56.5373  52.1775 0004862 301.6677  58.2846  1.70475535  4959
1 43565U 18060B   19129.64895926 -.00000056  00000-0  00000-0 0  9991
2 43565  56.5377  52.1613 0004842 301.7371  58.2160  1.70475551  4962
1 43565U 18060B   19130.82212459 -.00000060  00000-0  00000+0 0  9991
2 43565  56.5385  52.1289 0004799 301.8810  58.0718  1.70475541  4988
1 43565U 18060B   19133.16844838 -.00000074  00000-0  00000+0 0  9998
2 43565  56.5402  52.0642 0004714 302.1912  57.7564  1.70475525  5027
1 43565U 18060B   19134.92819319 -.00000084  00000-0  00000-0 0  9991
2 43565  56.5414  52.0156 0004663 302.3728  57.5716  1.70475520  5055
1 43565U 18060B   19136.10136004 -.00000089  00000-0  00000+0 0  9990
2 43565  56.5422  51.9833 0004611 302.4415  57.5036  1.70475563  5075
1 43565U 18060B   19140.20746957 -.00000089  00000-0  00000+0 0  9990
2 43565  56.5449  51.8702 0004446 302.9831  56.9791  1.70475688  5148
1 43565U 18060B   19140.79405699 -.00000088  00000-0  00000-0 0  9999
2 43565  56.5453  51.8540 0004438 303.0582  56.9066  1.70475690  5158
1 43565U 18060B   19141.96723068 -.00000087  00000-0  00000-0 0  9991
2 43565  56.5461  51.8217 0004389 303.1485  56.8210  1.70475718  5179
1 43565U 18060B   19143.14040227 -.00000085  00000-0  00000+0 0  9999
2 43565  56.5468  51.7894 0004342 303.2548  56.7179  1.70475737  5192
1 43565U 18060B   19145.48673781 -.00000082  00000-0  00000+0 0  9992
2 43565  56.5484  51.7247 0004266 303.5273  56.4482  1.70475777  5238
1 43565U 18060B   19147.83307164 -.00000078  00000-0  00000+0 0  9997
2 43565  56.5500  51.6601 0004185 303.8618  56.1148  1.70475755  5272
1 43565U 18060B   19149.59282439 -.00000074  00000-0  00000-0 0  9996
2 43565  56.5512  51.6117 0004128 303.9803  55.9989  1.70475730  5308
1 43565U 18060B   19150.17941015 -.00000072  00000-0  00000+0 0  9991
2 43565  56.5515  51.5955 0004099 304.0691  55.9117  1.70475713  5319
1 43565U 18060B   19152.52575633 -.00000066  00000-0  00000+0 0  9994
2 43565  56.5531  51.5308 0004022 304.1333  55.8568  1.70475671  5355
1 43565U 18060B   19155.45869561 -.00000061  00000-0  00000-0 0  9991
2 43565  56.5551  51.4499 0003925 304.2224  55.7814  1.70475539  5400
1 43565U 18060B   19157.80503430 -.00000064  00000-0  00000+0 0  9994
2 43565  56.5566  51.3852 0003839 304.2594  55.7481  1.70475492  5444
1 43565U 18060B   19160.15135916 -.00000076  00000-0  00000+0 0  9999
2 43565  56.5581  51.3205 0003752 304.2065  55.7965  1.70475495  5484
1 43565U 18060B   19161.91110318 -.00000085  00000-0  00000-0 0  9994
2 43565  56.5594  51.2719 0003697 304.1896  55.8096  1.70475493  5514
1 43565U 18060B   19164.84402515 -.00000092  00000-0  00000+0 0  9999
2 43565  56.5614  51.1910 0003602 304.0551  55.9479  1.70475573  5562
1 43565U 18060B   19170.70989130 -.00000084  00000-0  00000+0 0  9995
2 43565  56.5655  51.0295 0003352 303.7936  56.2309  1.70475758  5669
1 43565U 18060B   19172.46964068 -.00000081  00000-0  00000-0 0  9991
2 43565  56.5665  50.9809 0003298 303.6637  56.3617  1.70475805  5694
1 43565U 18060B   19173.05622325 -.00000080  00000-0  00000+0 0  9992
2 43565  56.5669  50.9648 0003279 303.6493  56.3760  1.70475817  5702
1 43565U 18060B   19174.22938776 -.00000077  00000-0  00000-0 0  9999
2 43565  56.5677  50.9325 0003239 303.6516  56.3735  1.70475843  5728
1 43565U 18060B   19177.16230676 -.00000068  00000-0  00000+0 0  9998
2 43565  56.5698  50.8518 0003128 303.3341  56.6930  1.70475763  5770
1 43565U 18060B   19179.50864884 -.00000061  00000-0  00000-0 0  9996
2 43565  56.5715  50.7872 0003055 302.8708  57.1630  1.70475717  5819
1 43565U 18060B   19179.50864921 -.00000061  00000-0  00000+0 0  9997
2 43565  56.5715  50.7872 0003063 302.9442  57.0896  1.70475712  5812
1 43565U 18060B   19181.85499580 -.00000054  00000-0  00000+0 0  9995
2 43565  56.5731  50.7225 0002983 302.3825  57.6607  1.70475646  5857
1 43565U 18060B   19184.78791776 -.00000054  00000-0  00000+0 0  9992
2 43565  56.5749  50.6417 0002891 301.8279  58.2198  1.70475588  5906
1 43565U 18060B   19184.78791776 -.00000054  00000-0  00000-0 0  9993
2 43565  56.5749  50.6417 0002891 301.8279  58.2198  1.70475588  5906
1 43565U 18060B   19185.96107882 -.00000057  00000-0  00000-0 0  9996
2 43565  56.5762  50.6092 0002850 301.2320  58.8133  1.70475594  5920
1 43565U 18060B   19189.48055805 -.00000074  00000-0  00000+0 0  9992
2 43565  56.5792  50.5121 0002737 299.9843  60.0493  1.70475601  5981
1 43565U 18060B   19193.00006070 -.00000079  00000-0  00000+0 0  9990
2 43565  56.5817  50.4151 0002630 298.8245  61.2121  1.70475695  6049
1 43565U 18060B   19194.17323179 -.00000077  00000-0  00000-0 0  9990
2 43565  56.5826  50.3829 0002593 298.4110  61.6294  1.70475756  6060
1 43565U 18060B   19196.51957198 -.00000073  00000-0  00000+0 0  9999
2 43565  56.5846  50.3183 0002517 297.4559  62.5902  1.70475845  6107
1 43565U 18060B   19197.69273835 -.00000071  00000-0  00000-0 0  9997
2 43565  56.5854  50.2861 0002491 297.0760  62.9709  1.70475889  6128
1 43565U 18060B   19201.21222685 -.00000064  00000-0  00000+0 0  9999
2 43565  56.5879  50.1894 0002402 295.4696  64.5731  1.70475952  6182
1 43565U 18060B   19204.14513268 -.00000054  00000-0  00000+0 0  9993
2 43565  56.5905  50.1087 0002348 294.5062  65.5336  1.70475969  6238
1 43565U 18060B   19204.14513278 -.00000054  00000-0  00000-0 0  9995
2 43565  56.5909  50.1087 0002344 294.4275  65.6122  1.70475966  6234
1 43565U 18060B   19204.73171584 -.00000052  00000-0  00000-0 0  9998
2 43565  56.5912  50.0926 0002331 294.0595  65.9805  1.70475947  6247
1 43565U 18060B   19206.49146694 -.00000046  00000-0  00000+0 0  9999
2 43565  56.5926  50.0442 0002300 292.9692  67.0733  1.70475912  6274
1 43565U 18060B   19208.83780658 -.00000038  00000-0  00000-0 0  9995
2 43565  56.5953  49.9796 0002274 291.6155  68.4326  1.70475825  6314
1 43565U 18060B   19210.01097556 -.00000036  00000-0  00000-0 0  9994
2 43565  56.5961  49.9473 0002248 290.7669  69.2834  1.70475765  6334
1 43565U 18060B   19211.77072173 -.00000036  00000-0  00000-0 0  9996
2 43565  56.5969  49.8989 0002228 289.9479  70.1017  1.70475754  6365
1 43565U 18060B   19212.94388097 -.00000038  00000-0  00000-0 0  9993
2 43565  56.5972  49.8666 0002199 288.6416  71.4046  1.70475731  6388
1 43565U 18060B   19214.70361555 -.00000046  00000-0  00000-0 0  9998
2 43565  56.5987  49.8181 0002179 287.8713  72.1664  1.70475710  6410
1 43565U 18060B   19215.87676915 -.00000052  00000-0  00000-0 0  9993
2 43565  56.5994  49.7858 0002159 286.1604  73.8713  1.70475757  6433
1 43565U 18060B   19217.04992712 -.00000057  00000-0  00000+0 0  9994
2 43565  56.5992  49.7535 0002143 285.3129  74.7143  1.70475762  6454
1 43565U 18060B   19217.63650730 -.00000059  00000-0  00000-0 0  9993
2 43565  56.5997  49.7373 0002139 284.8058  75.2198  1.70475770  6465
1 43565U 18060B   19218.80966954 -.00000062  00000-0  00000-0 0  9995
2 43565  56.6006  49.7050 0002127 283.8313  76.1932  1.70475823  6486
1 43565U 18060B   19221.15600433 -.00000061  00000-0  00000+0 0  9992
2 43565  56.6024  49.6405 0002103 282.0525  77.9746  1.70475888  6527
1 43565U 18060B   19222.32917177 -.00000059  00000-0  00000-0 0  9996
2 43565  56.6032  49.6083 0002090 281.1352  78.8938  1.70475942  6547
1 43565U 18060B   19223.50233724 -.00000058  00000-0  00000+0 0  9994
2 43565  56.6041  49.5760 0002082 280.1250  79.9049  1.70476000  6568
1 43565U 18060B   19225.84866236 -.00000055  00000-0  00000+0 0  9990
2 43565  56.6059  49.5116 0002074 278.2752  81.7523  1.70476063  6600
1 43565U 18060B   19226.43524217 -.00000054  00000-0  00000-0 0  9996
2 43565  56.6062  49.4955 0002077 277.9297  82.0964  1.70476071  6610
1 43565U 18060B   19228.78155899 -.00000050  00000-0  00000+0 0  9997
2 43565  56.6080  49.4312 0002076 275.8842  84.1352  1.70476119  6650
1 43565U 18060B   19229.95471830 -.00000046  00000-0  00000-0 0  9999
2 43565  56.6088  49.3991 0002074 274.6954  85.3210  1.70476122  6671
1 43565U 18060B   19231.12787809 -.00000043  00000-0  00000-0 0  9994
2 43565  56.6097  49.3668 0002077 274.2193  85.7951  1.70476131  6694
1 43565U 18060B   19232.30104058 -.00000039  00000-0  00000-0 0  9999
2 43565  56.6105  49.3346 0002082 274.1427  85.8709  1.70476116  6710
1 43565U 18060B   19233.47420619 -.00000035  00000-0  00000+0 0  9997
2 43565  56.6114  49.3024 0002098 273.2709  86.7431  1.70476058  6732
1 43565U 18060B   19235.23395572 -.00000029  00000-0  00000-0 0  9996
2 43565  56.6127  49.2541 0002119 271.8196  88.1969  1.70476011  6761
1 43565U 18060B   19235.82053917 -.00000028  00000-0  00000+0 0  9993
2 43565  56.6132  49.2380 0002126 271.6123  88.4051  1.70476001  6779
1 43565U 18060B   19238.16686819 -.00000024  00000-0  00000+0 0  9992
2 43565  56.6149  49.1734 0002153 270.1297  89.8886  1.70475950  6813
1 43565U 18060B   19239.34002895 -.00000025  00000-0  00000-0 0  9991
2 43565  56.6161  49.1411 0002167 268.8895  91.1262  1.70475901  6834
1 43565U 18060B   19242.85949115 -.00000041  00000-0  00000+0 0  9993
2 43565  56.6189  49.0443 0002214 266.3059  93.6916  1.70475890  6892
1 43565U 18060B   19243.44606770 -.00000044  00000-0  00000-0 0  9990
2 43565  56.6193  49.0282 0002229 266.0495  93.9448  1.70475906  6908
1 43565U 18060B   19245.79238445 -.00000053  00000-0  00000+0 0  9999
2 43565  56.6205  48.9636 0002283 264.2022  95.7845  1.70475918  6947
1 43565U 18060B   19246.37896532 -.00000054  00000-0  00000-0 0  9993
2 43565  56.6215  48.9475 0002275 264.3340  95.6524  1.70475956  6950
1 43565U 18060B   19246.96554764 -.00000055  00000-0  00000-0 0  9997
2 43565  56.6220  48.9314 0002292 263.7009  96.2856  1.70475977  6961
1 43565U 18060B   19247.55213024 -.00000055  00000-0  00000-0 0  9994
2 43565  56.6224  48.9153 0002302 263.3507  96.6362  1.70476001  6973
1 43565U 18060B   19249.31187955 -.00000054  00000-0  00000+0 0  9991
2 43565  56.6238  48.8669 0002330 262.3122  97.6767  1.70476065  7007
1 43565U 18060B   19250.48504456 -.00000054  00000-0  00000-0 0  9991
2 43565  56.6244  48.8347 0002342 261.7973  98.1923  1.70476095  7022
1 43565U 18060B   19252.83136641 -.00000053  00000-0  00000+0 0  9997
2 43565  56.6260  48.7703 0002388 260.6739  99.3132  1.70476206  7066
1 43565U 18060B   19253.41794445 -.00000053  00000-0  00000-0 0  9995
2 43565  56.6265  48.7543 0002415 260.2692  99.7163  1.70476269  7076
1 43565U 18060B   19255.17768158 -.00000051  00000-0  00000+0 0  9999
2 43565  56.6278  48.7061 0002443 260.0803  99.9001  1.70476275  7102
1 43565U 18060B   19256.35084031 -.00000049  00000-0  00000-0 0  9999
2 43565  56.6283  48.6739 0002452 260.0084  99.9688  1.70476259  7125
1 43565U 18060B   19257.52399873 -.00000046  00000-0  00000-0 0  9999
2 43565  56.6291  48.6418 0002474 259.7051 100.2693  1.70476271  7149
1 43565U 18060B   19258.11057880 -.00000045  00000-0  00000+0 0  9992
2 43565  56.6295  48.6257 0002478 259.5764 100.3971  1.70476268  7154
1 43565U 18060B   19259.28374041 -.00000041  00000-0  00000-0 0  9999
2 43565  56.6303  48.5936 0002520 258.9567 101.0158  1.70476242  7178
1 43565U 18060B   19260.45690375 -.00000038  00000-0  00000+0 0  9996
2 43565  56.6311  48.5614 0002542 258.6791 101.2939  1.70476238  7196
1 43565U 18060B   19262.21665242 -.00000033  00000-0  00000-0 0  9993
2 43565  56.6324  48.5132 0002623 257.8570 102.1184  1.70476165  7226
1 43565U 18060B   19265.14956615 -.00000028  00000-0  00000+0 0  9998
2 43565  56.6344  48.4327 0002703 257.3164 102.6625  1.70476084  7276
1 43565U 18060B   19266.90930566 -.00000030  00000-0  00000-0 0  9994
2 43565  56.6356  48.3843 0002760 256.8596 103.1162  1.70476047  7302
1 43565U 18060B   19268.08246181 -.00000035  00000-0  00000+0 0  9992
2 43565  56.6365  48.3521 0002777 256.6861 103.2853  1.70476039  7327
1 43565U 18060B   19268.66903721 -.00000038  00000-0  00000-0 0  9990
2 43565  56.6368  48.3360 0002808 256.4481 103.5202  1.70476052  7339
1 43565U 18060B   19269.84219197 -.00000045  00000-0  00000-0 0  9996
2 43565  56.6378  48.3037 0002841 256.1181 103.8440  1.70476008  7352
1 43565U 18060B   19272.18850326 -.00000057  00000-0  00000+0 0  9994
2 43565  56.6395  48.2392 0002916 255.7634 104.1895  1.70476042  7395
1 43565U 18060B   19273.36166441 -.00000061  00000-0  00000-0 0  9999
2 43565  56.6406  48.2069 0002960 255.6600 104.2916  1.70476065  7413
1 43565U 18060B   19274.53482887 -.00000063  00000-0  00000+0 0  9995
2 43565  56.6413  48.1747 0002996 255.4532 104.4992  1.70476104  7436
1 43565U 18060B   19274.53482887 -.00000063  00000-0  00000-0 0  9996
2 43565  56.6413  48.1747 0002996 255.4532 104.4992  1.70476104  7436
1 43565U 18060B   19278.05432667 -.00000064  00000-0  00000-0 0  9999
2 43565  56.6438  48.0781 0003107 255.0421 104.9157  1.70476249  7492
1 43565U 18060B   19278.05432717 -.00000064  00000-0  00000+0 0  9994
2 43565  56.6439  48.0781 0003095 255.1207 104.8373  1.70476219  7498
1 43565U 18060B   19279.22748950 -.00000065  00000-0  00000-0 0  9995
2 43565  56.6445  48.0459 0003145 254.9878 104.9699  1.70476294  7512
1 43565U 18060B   19280.40065001 -.00000065  00000-0  00000+0 0  9995
2 43565  56.6453  48.0137 0003162 255.0114 104.9454  1.70476321  7530
1 43565U 18060B   19282.16038798 -.00000065  00000-0  00000-0 0  9994
2 43565  56.6464  47.9655 0003218 255.0956 104.8578  1.70476375  7569
1 43565U 18060B   19283.92012670 -.00000062  00000-0  00000+0 0  9996
2 43565  56.6476  47.9173 0003270 255.2189 104.7312  1.70476390  7590
1 43565U 18060B   19286.26644916 -.00000057  00000-0  00000-0 0  9995
2 43565  56.6489  47.8531 0003371 255.4452 104.5036  1.70476389  7632
1 43565U 18060B   19286.26644986 -.00000057  00000-0  00000+0 0  9991
2 43565  56.6490  47.8530 0003352 255.4219 104.5270  1.70476379  7632
1 43565U 18060B   19287.43961412 -.00000054  00000-0  00000-0 0  9995
2 43565  56.6497  47.8209 0003402 255.5360 104.4144  1.70476367  7654
1 43565U 18060B   19289.19936453 -.00000049  00000-0  00000+0 0  9990
2 43565  56.6509  47.7726 0003460 255.6573 104.2975  1.70476331  7686
1 43565U 18060B   19289.78594870 -.00000048  00000-0  00000-0 0  9998
2 43565  56.6513  47.7565 0003479 255.7276 104.2290  1.70476313  7694
1 43565U 18060B   19292.13228285 -.00000044  00000-0  00000+0 0  9990
2 43565  56.6527  47.6922 0003564 256.0545 103.9080  1.70476248  7738
1 43565U 18060B   19293.30544690 -.00000044  00000-0  00000-0 0  9992
2 43565  56.6535  47.6600 0003605 256.1659 103.7972  1.70476201  7752
1 43565U 18060B   19293.89202631 -.00000045  00000-0  00000-0 0  9993
2 43565  56.6538  47.6438 0003644 256.2543 103.7081  1.70476184  7762
1 43565U 18060B   19296.23833994 -.00000055  00000-0  00000+0 0  9996
2 43565  56.6553  47.5793 0003733 256.3963 103.5592  1.70476149  7809
1 43565U 18060B   19296.23833994 -.00000055  00000-0  00000-0 0  9997
2 43565  56.6553  47.5793 0003733 256.3963 103.5592  1.70476149  7809
1 43565U 18060B   19297.41149601 -.00000062  00000-0  00000-0 0  9991
2 43565  56.6561  47.5471 0003755 256.4516 103.4995  1.70476140  7829
1 43565U 18060B   19298.58465201 -.00000069  00000-0  00000-0 0  9994
2 43565  56.6570  47.5148 0003811 256.5768 103.3705  1.70476144  7847
1 43565U 18060B   19298.58465295 -.00000069  00000-0  00000+0 0  9996
2 43565  56.6569  47.5148 0003799 256.5827 103.3647  1.70476133  7849
1 43565U 18060B   19300.34439397 -.00000076  00000-0  00000-0 0  9997
2 43565  56.6582  47.4664 0003856 256.7823 103.1636  1.70476166  7873
1 43565U 18060B   19301.51755945 -.00000079  00000-0  00000+0 0  9999
2 43565  56.6590  47.4341 0003899 256.9281 103.0196  1.70476189  7898
1 43565U 18060B   19302.10414274 -.00000080  00000-0  00000-0 0  9995
2 43565  56.6594  47.4181 0003916 257.0397 102.9094  1.70476216  7902
1 43565U 18060B   19304.45047891 -.00000081  00000-0  00000+0 0  9992
2 43565  56.6609  47.3536 0003988 257.3086 102.6475  1.70476289  7943
1 43565U 18060B   19306.79680826 -.00000082  00000-0  00000+0 0  9993
2 43565  56.6624  47.2891 0004075 257.5435 102.4158  1.70476383  7986
1 43565U 18060B   19306.79680826 -.00000082  00000-0  00000-0 0  9994
2 43565  56.6624  47.2891 0004075 257.5435 102.4158  1.70476383  7986
1 43565U 18060B   19308.55654990 -.00000082  00000-0  00000-0 0  9993
2 43565  56.6635  47.2408 0004161 258.0021 101.9564  1.70476453  8013
1 43565U 18060B   19308.55655026 -.00000082  00000-0  00000-0 0  9994
2 43565  56.6647  47.2442 0004000 261.4989  98.4561  1.70476363  8036
1 43565U 18060B   19311.48945199 -.00000079  00000-0  00000+0 0  9998
2 43565  56.6654  47.1602 0004236 258.5803 101.3764  1.70476470  8065
1 43565U 18060B   19313.24919625 -.00000074  00000-0  00000-0 0  9995
2 43565  56.6664  47.1119 0004314 259.0689 100.8889  1.70476473  8092
1 43565U 18060B   19314.42236199 -.00000071  00000-0  00000+0 0  9990
2 43565  56.6672  47.0797 0004335 259.1907 100.7698  1.70476471  8117
1 43565U 18060B   19317.35528341 -.00000062  00000-0  00000+0 0  9998
2 43565  56.6690  46.9992 0004455 259.9053 100.0658  1.70476401  8162
1 43565U 18060B   19319.11503626 -.00000058  00000-0  00000-0 0  9999
2 43565  56.6702  46.9508 0004510 260.3221  99.6552  1.70476357  8193
1 43565U 18060B   19321.46136494 -.00000058  00000-0  00000+0 0  9994
2 43565  56.6717  46.8863 0004588 260.8452  99.1346  1.70476268  8230
1 43565U 18060B   19322.63452403 -.00000062  00000-0  00000-0 0  9991
2 43565  56.6723  46.8540 0004639 261.0982  98.8794  1.70476220  8250
1 43565U 18060B   19323.80767978 -.00000067  00000-0  00000+0 0  9991
2 43565  56.6731  46.8218 0004672 261.3329  98.6414  1.70476234  8270
1 43565U 18060B   19323.80767978 -.00000067  00000-0  00000-0 0  9992
2 43565  56.6731  46.8218 0004672 261.3329  98.6414  1.70476234  8270
1 43565U 18060B   19324.98083581 -.00000074  00000-0  00000-0 0  9991
2 43565  56.6739  46.7894 0004718 261.5815  98.3891  1.70476226  8299
1 43565U 18060B   19325.56741408 -.00000077  00000-0  00000-0 0  9998
2 43565  56.6743  46.7732 0004752 261.8386  98.1305  1.70476225  8308
1 43565U 18060B   19328.50032104 -.00000087  00000-0  00000+0 0  9991
2 43565  56.6762  46.6926 0004829 262.3944  97.5755  1.70476260  8350
1 43565U 18060B   19329.67348852 -.00000088  00000-0  00000-0 0  9992
2 43565  56.6770  46.6603 0004879 262.7714  97.2019  1.70476302  8374
1 43565U 18060B   19331.43324133 -.00000089  00000-0  00000+0 0  9995
2 43565  56.6782  46.6119 0004918 263.1231  96.8563  1.70476354  8402
1 43565U 18060B   19336.12589800 -.00000088  00000-0  00000+0 0  9999
2 43565  56.6811  46.4829 0005056 264.2487  95.7353  1.70476453  8483
1 43565U 18060B   19337.29905757 -.00000087  00000-0  00000-0 0  9991
2 43565  56.6819  46.4506 0005092 264.6705  95.3126  1.70476508  8508
1 43565U 18060B   19338.47221929 -.00000085  00000-0  00000+0 0  9991
2 43565  56.6826  46.4184 0005114 264.9147  95.0682  1.70476496  8528
1 43565U 18060B   19338.47221929 -.00000085  00000-0  00000-0 0  9992
2 43565  56.6826  46.4184 0005114 264.9147  95.0682  1.70476496  8528
1 43565U 18060B   19339.05879956 -.00000083  00000-0  00000-0 0  9994
2 43565  56.6830  46.4022 0005131 265.0868  94.8961  1.70476521  8532
1 43565U 18060B   19341.40512901 -.00000075  00000-0  00000+0 0  9990
2 43565  56.6845  46.3377 0005184 265.4996  94.4868  1.70476487  8571
1 43565U 18060B   19342.57829614 -.00000070  00000-0  00000-0 0  9997
2 43565  56.6853  46.3054 0005230 265.8599  94.1298  1.70476460  8594
1 43565U 18060B   19344.92463415 -.00000061  00000-0  00000+0 0  9990
2 43565  56.6868  46.2409 0005307 266.5561  93.4424  1.70476407  8634
1 43565U 18060B   19346.68438679 -.00000056  00000-0  00000-0 0  9994
2 43565  56.6879  46.1924 0005379 267.2993  92.7045  1.70476298  8665
1 43565U 18060B   19348.44413218 -.00000055  00000-0  00000+0 0  9990
2 43565  56.6891  46.1440 0005414 267.6258  92.3795  1.70476273  8694
1 43565U 18060B   19349.03071214 -.00000056  00000-0  00000-0 0  9994
2 43565  56.6895  46.1278 0005442 267.9067  92.0978  1.70476228  8701
1 43565U 18060B   19350.79044826 -.00000061  00000-0  00000+0 0  9993
2 43565  56.6906  46.0793 0005474 268.1713  91.8285  1.70476210  8733
1 43565U 18060B   19351.37702593 -.00000064  00000-0  00000-0 0  9994
2 43565  56.6911  46.0632 0005492 268.3246  91.6731  1.70476202  8740
1 43565U 18060B   19352.55018255 -.00000069  00000-0  00000-0 0  9995
2 43565  56.6918  46.0308 0005537 268.7080  91.2856  1.70476175  8762
1 43565U 18060B   19353.13676060 -.00000072  00000-0  00000-0 0  9998
2 43565  56.6923  46.0146 0005571 269.0124  90.9795  1.70476173  8776
1 43565U 18060B   19353.13676117 -.00000072  00000-0  00000+0 0  9990
2 43565  56.6922  46.0147 0005554 268.8605  91.1315  1.70476178  8774
1 43565U 18060B   19354.89650269 -.00000078  00000-0  00000-0 0  9991
2 43565  56.6935  45.9661 0005621 269.5259  90.4643  1.70476169  8805
1 43565U 18060B   19357.24283457 -.00000080  00000-0  00000+0 0  9996
2 43565  56.6951  45.9015 0005675 270.1740  89.8206  1.70476241  8840
1 43565U 18060B   19359.00258667 -.00000080  00000-0  00000-0 0  9998
2 43565  56.6963  45.8531 0005706 270.5965  89.4024  1.70476261  8872
1 43565U 18060B   19364.28181462 -.00000077  00000-0  00000+0 0  9997
2 43565  56.6998  45.7078 0005831 272.1517  87.8450  1.70476407  8962
1 43565U 18060B   19365.45497369 -.00000075  00000-0  00000-0 0  9992
2 43565  56.7006  45.6755 0005862 272.5595  87.4353  1.70476426  8989

