1 40128U 14050A   19001.32369208 -.00000108  00000-0  00000-0 0  9999
2 40128  50.5364  22.6625 1657512  82.1901 296.3101  1.85519788 27813
1 40128U 14050A   19002.40170894 -.00000108  00000-0  00000+0 0  9999
2 40128  50.5367  22.6193 1657530  82.2233 296.2842  1.85519844 29743
1 40128U 14050A   19003.47972498 -.00000108  00000-0  00000-0 0  9998
2 40128  50.5370  22.5762 1657566  82.2572 296.2573  1.85519868 27850
1 40128U 14050A   19004.01873237 -.00000107  00000-0  00000-0 0  9999
2 40128  50.5372  22.5546 1657579  82.2739 296.2436  1.85519884 27868
1 40128U 14050A   19005.63575043 -.00000105  00000-0  00000+0 0  9999
2 40128  50.5376  22.4899 1657620  82.3237 296.2002  1.85519927 29806
1 40128U 14050A   19006.17475532 -.00000104  00000-0  00000-0 0  9991
2 40128  50.5378  22.4683 1657636  82.3399 296.1852  1.85519935 27905
1 40128U 14050A   19007.79176624 -.00000101  00000-0  00000+0 0  9996
2 40128  50.5381  22.4039 1657684  82.3930 296.1338  1.85519948 29846
1 40128U 14050A   19007.79176624 -.00000101  00000-0  00000-0 0  9997
2 40128  50.5381  22.4039 1657684  82.3930 296.1338  1.85519948 27934
1 40128U 14050A   19008.33076905 -.00000099  00000-0  00000-0 0  9995
2 40128  50.5382  22.3823 1657703  82.4096 296.1171  1.85519950 27940
1 40128U 14050A   19008.33076932 -.00000099  00000-0  00000-0 0  9995
2 40128  50.5382  22.3822 1657699  82.4095 296.1171  1.85519944 27945
1 40128U 14050A   19009.40877391 -.00000095  00000-0  00000-0 0  9998
2 40128  50.5385  22.3391 1657733  82.4432 296.0829  1.85519941 27961
1 40128U 14050A   19009.40877400 -.00000095  00000-0  00000-0 0  9999
2 40128  50.5385  22.3391 1657732  82.4429 296.0832  1.85519938 27966
1 40128U 14050A   19009.94777630 -.00000093  00000-0  00000+0 0  9999
2 40128  50.5387  22.3176 1657749  82.4598 296.0659  1.85519931 29887
1 40128U 14050A   19011.56478462 -.00000086  00000-0  00000-0 0  9994
2 40128  50.5392  22.2529 1657793  82.5102 296.0155  1.85519892 28005
1 40128U 14050A   19012.10378840 -.00000083  00000-0  00000+0 0  9990
2 40128  50.5393  22.2314 1657808  82.5267 295.9995  1.85519873 29928
1 40128U 14050A   19013.18179759 -.00000078  00000-0  00000-0 0  9992
2 40128  50.5396  22.1882 1657836  82.5602 295.9682  1.85519837 28038
1 40128U 14050A   19014.25980757 -.00000073  00000-0  00000+0 0  9993
2 40128  50.5399  22.1451 1657752  82.5934 295.9375  1.85519726 29967
1 40128U 14050A   19015.87683383 -.00000068  00000-0  00000-0 0  9992
2 40128  50.5405  22.0804 1657918  82.6446 295.8959  1.85519657 28081
1 40128U 14050A   19016.41584170 -.00000066  00000-0  00000+0 0  9994
2 40128  50.5406  22.0588 1657933  82.6612 295.8823  1.85519626 30004
1 40128U 14050A   19016.41584189 -.00000066  00000-0  00000-0 0  9995
2 40128  50.5406  22.0589 1657944  82.6609 295.8827  1.85519612 28098
1 40128U 14050A   19017.49385709 -.00000065  00000-0  00000-0 0  9990
2 40128  50.5409  22.0157 1657979  82.6952 295.8542  1.85519593 28116
1 40128U 14050A   19018.03286388 -.00000065  00000-0  00000-0 0  9994
2 40128  50.5410  21.9941 1658001  82.7113 295.8404  1.85519552 28127
1 40128U 14050A   19018.57187021 -.00000066  00000-0  00000+0 0  9997
2 40128  50.5412  21.9726 1658013  82.7281 295.8254  1.85519535 30047
1 40128U 14050A   19019.11087570 -.00000067  00000-0  00000-0 0  9998
2 40128  50.5413  21.9510 1658036  82.7451 295.8098  1.85519526 28147
1 40128U 14050A   19019.64987988 -.00000068  00000-0  00000-0 0  9999
2 40128  50.5414  21.9295 1658055  82.7613 295.7940  1.85519504 28151
1 40128U 14050A   19020.18888315 -.00000070  00000-0  00000-0 0  9997
2 40128  50.5416  21.9079 1658074  82.7782 295.7769  1.85519494 28169
1 40128U 14050A   19021.26688651 -.00000075  00000-0  00000-0 0  9993
2 40128  50.5419  21.8647 1658104  82.8124 295.7404  1.85519477 30099
1 40128U 14050A   19022.34488689 -.00000080  00000-0  00000-0 0  9998
2 40128  50.5422  21.8215 1658136  82.8466 295.7018  1.85519470 28202
1 40128U 14050A   19023.42288769 -.00000086  00000-0  00000+0 0  9990
2 40128  50.5426  21.7784 1658191  82.8797 295.6638  1.85519443 30136
1 40128U 14050A   19024.50088890 -.00000091  00000-0  00000-0 0  9990
2 40128  50.5429  21.7353 1658231  82.9135 295.6262  1.85519452 28245
1 40128U 14050A   19025.57889346 -.00000096  00000-0  00000+0 0  9997
2 40128  50.5432  21.6922 1658278  82.9464 295.5915  1.85519479 30174
1 40128U 14050A   19026.11789751 -.00000097  00000-0  00000-0 0  9999
2 40128  50.5434  21.6706 1658289  82.9646 295.5735  1.85519480 28270
1 40128U 14050A   19026.65690281 -.00000099  00000-0  00000-0 0  9999
2 40128  50.5436  21.6491 1658322  82.9806 295.5584  1.85519491 28284
1 40128U 14050A   19027.19590879 -.00000100  00000-0  00000-0 0  9994
2 40128  50.5437  21.6275 1658350  82.9970 295.5434  1.85519507 28291
1 40128U 14050A   19027.73491528 -.00000101  00000-0  00000-0 0  9996
2 40128  50.5439  21.6060 1658363  83.0146 295.5277  1.85519523 28301
1 40128U 14050A   19028.27392301 -.00000102  00000-0  00000-0 0  9996
2 40128  50.5440  21.5844 1658401  83.0306 295.5142  1.85519540 28314
1 40128U 14050A   19028.81293017 -.00000102  00000-0  00000-0 0  9990
2 40128  50.5441  21.5629 1658405  83.0484 295.4988  1.85519553 28329
1 40128U 14050A   19029.89094679 -.00000102  00000-0  00000+0 0  9991
2 40128  50.5443  21.5197 1658476  83.0817 295.4712  1.85519553 30259
1 40128U 14050A   19030.42995440 -.00000102  00000-0  00000-0 0  9999
2 40128  50.5445  21.4982 1658507  83.0984 295.4570  1.85519576 28357
1 40128U 14050A   19031.50796793 -.00000102  00000-0  00000-0 0  9999
2 40128  50.5448  21.4550 1658552  83.1320 295.4276  1.85519611 28371
1 40128U 14050A   19032.04697371 -.00000102  00000-0  00000+0 0  9990
2 40128  50.5449  21.4335 1658571  83.1488 295.4122  1.85519626 30299
1 40128U 14050A   19032.58597943 -.00000101  00000-0  00000-0 0  9993
2 40128  50.5450  21.4119 1658596  83.1653 295.3968  1.85519635 28397
1 40128U 14050A   19033.12498399 -.00000101  00000-0  00000-0 0  9999
2 40128  50.5452  21.3904 1658613  83.1822 295.3805  1.85519646 28402
1 40128U 14050A   19034.20299149 -.00000099  00000-0  00000+0 0  9996
2 40128  50.5455  21.3473 1658656  83.2154 295.3472  1.85519666 30339
1 40128U 14050A   19035.81999903 -.00000095  00000-0  00000-0 0  9996
2 40128  50.5458  21.2828 1658714  83.2662 295.2940  1.85519674 28452
1 40128U 14050A   19036.35900148 -.00000094  00000-0  00000+0 0  9997
2 40128  50.5459  21.2613 1658747  83.2827 295.2765  1.85519671 30370
1 40128U 14050A   19036.35900177 -.00000094  00000-0  00000-0 0  9990
2 40128  50.5460  21.2613 1658751  83.2824 295.2768  1.85519668 28460
1 40128U 14050A   19037.97601003 -.00000087  00000-0  00000-0 0  9997
2 40128  50.5463  21.1969 1658850  83.3318 295.2248  1.85519608 28495
1 40128U 14050A   19039.05401653 -.00000082  00000-0  00000+0 0  9991
2 40128  50.5466  21.1539 1658903  83.3652 295.1905  1.85519578 30422
1 40128U 14050A   19039.59302066 -.00000080  00000-0  00000-0 0  9997
2 40128  50.5467  21.1324 1658936  83.3821 295.1738  1.85519563 28525
1 40128U 14050A   19040.13202603 -.00000077  00000-0  00000-0 0  9991
2 40128  50.5469  21.1108 1658966  83.3983 295.1580  1.85519531 28530
1 40128U 14050A   19040.67103204 -.00000075  00000-0  00000-0 0  9995
2 40128  50.5471  21.0894 1659008  83.4143 295.1430  1.85519493 28543
1 40128U 14050A   19042.28805124 -.00000068  00000-0  00000+0 0  9995
2 40128  50.5474  21.0247 1659075  83.4646 295.0977  1.85519443 30486
1 40128U 14050A   19044.44408509 -.00000063  00000-0  00000+0 0  9996
2 40128  50.5479  20.9387 1659166  83.5323 295.0396  1.85519241 30524
1 40128U 14050A   19044.98309257 -.00000063  00000-0  00000-0 0  9996
2 40128  50.5480  20.9171 1659182  83.5497 295.0243  1.85519222 28625
1 40128U 14050A   19045.52210003 -.00000064  00000-0  00000-0 0  9998
2 40128  50.5481  20.8956 1659224  83.5661 295.0098  1.85519192 28631
1 40128U 14050A   19046.06110640 -.00000064  00000-0  00000-0 0  9994
2 40128  50.5482  20.8741 1659249  83.5832 294.9939  1.85519178 28648
1 40128U 14050A   19047.13911706 -.00000067  00000-0  00000+0 0  9997
2 40128  50.5485  20.8310 1659331  83.6162 294.9616  1.85519135 30572
1 40128U 14050A   19048.21712427 -.00000071  00000-0  00000-0 0  9992
2 40128  50.5487  20.7879 1659417  83.6497 294.9263  1.85519095 28681
1 40128U 14050A   19049.29512682 -.00000077  00000-0  00000+0 0  9997
2 40128  50.5489  20.7448 1659457  83.6844 294.8872  1.85519081 30611
1 40128U 14050A   19050.37312813 -.00000082  00000-0  00000-0 0  9999
2 40128  50.5492  20.7017 1659508  83.7185 294.8477  1.85519074 28725
1 40128U 14050A   19051.45113170 -.00000088  00000-0  00000+0 0  9999
2 40128  50.5495  20.6587 1659602  83.7518 294.8100  1.85519063 30650
1 40128U 14050A   19051.45113171 -.00000088  00000-0  00000-0 0  9991
2 40128  50.5495  20.6587 1659616  83.7513 294.8106  1.85519065 28745
1 40128U 14050A   19052.52913711 -.00000093  00000-0  00000-0 0  9994
2 40128  50.5498  20.6155 1659674  83.7853 294.7737  1.85519078 28765
1 40128U 14050A   19054.68515966 -.00000100  00000-0  00000+0 0  9991
2 40128  50.5503  20.5294 1659807  83.8527 294.7086  1.85519134 30710
1 40128U 14050A   19054.68515966 -.00000100  00000-0  00000-0 0  9992
2 40128  50.5503  20.5294 1659807  83.8527 294.7086  1.85519134 28807
1 40128U 14050A   19055.22417145 -.00000101  00000-0  00000-0 0  9994
2 40128  50.5503  20.5079 1659834  83.8691 294.6942  1.85519028 28813
1 40128U 14050A   19057.91921489 -.00000104  00000-0  00000+0 0  9995
2 40128  50.5506  20.4003 1660002  83.9544 294.6217  1.85519114 30778
1 40128U 14050A   19058.45822343 -.00000104  00000-0  00000-0 0  9995
2 40128  50.5507  20.3788 1660053  83.9712 294.6072  1.85519145 28872
1 40128U 14050A   19060.07524335 -.00000104  00000-0  00000+0 0  9995
2 40128  50.5511  20.3142 1660100  84.0227 294.5595  1.85519206 30811
1 40128U 14050A   19061.69226167 -.00000103  00000-0  00000-0 0  9996
2 40128  50.5514  20.2496 1660298  84.0707 294.5130  1.85519222 28939
1 40128U 14050A   19062.23126665 -.00000102  00000-0  00000+0 0  9997
2 40128  50.5515  20.2281 1660360  84.0869 294.4967  1.85519228 30858
1 40128U 14050A   19062.23126769 -.00000102  00000-0  00000-0 0  9993
2 40128  50.5515  20.2282 1660400  84.0859 294.4980  1.85519234 28942
1 40128U 14050A   19064.38728412 -.00000095  00000-0  00000+0 0  9994
2 40128  50.5517  20.1423 1660421  84.1549 294.4252  1.85519156 30892
1 40128U 14050A   19065.46529311 -.00000091  00000-0  00000-0 0  9998
2 40128  50.5519  20.0993 1660489  84.1887 294.3906  1.85519144 29007
1 40128U 14050A   19066.00429816 -.00000089  00000-0  00000-0 0  9995
2 40128  50.5520  20.0778 1660519  84.2056 294.3736  1.85519135 29015
1 40128U 14050A   19066.54330368 -.00000086  00000-0  00000+0 0  9993
2 40128  50.5521  20.0563 1660546  84.2225 294.3569  1.85519124 30931
1 40128U 14050A   19067.08231073 -.00000084  00000-0  00000-0 0  9995
2 40128  50.5520  20.0348 1660602  84.2391 294.3412  1.85519099 29035
1 40128U 14050A   19068.16032590 -.00000079  00000-0  00000-0 0  9992
2 40128  50.5523  19.9918 1660689  84.2732 294.3101  1.85519060 29057
1 40128U 14050A   19068.16032896 -.00000079  00000-0  00000-0 0  9991
2 40128  50.5528  19.9918 1660739  84.2734 294.3105  1.85518961 29053
1 40128U 14050A   19068.69933752 -.00000077  00000-0  00000+0 0  9997
2 40128  50.5529  19.9703 1660779  84.2901 294.2958  1.85518935 30975
1 40128U 14050A   19070.31636518 -.00000072  00000-0  00000-0 0  9995
2 40128  50.5531  19.9057 1660839  84.3416 294.2518  1.85518878 29098
1 40128U 14050A   19070.85537603 -.00000070  00000-0  00000+0 0  9996
2 40128  50.5532  19.8842 1660895  84.3584 294.2384  1.85518844 31017
1 40128U 14050A   19070.85537651 -.00000070  00000-0  00000-0 0  9990
2 40128  50.5532  19.8842 1660915  84.3582 294.2388  1.85518835 29109
1 40128U 14050A   19072.47240691 -.00000069  00000-0  00000-0 0  9993
2 40128  50.5534  19.8196 1661010  84.4103 294.1952  1.85518761 29137
1 40128U 14050A   19073.01141615 -.00000069  00000-0  00000+0 0  9999
2 40128  50.5535  19.7980 1661040  84.4275 294.1802  1.85518738 31053
1 40128U 14050A   19073.01141658 -.00000069  00000-0  00000-0 0  9997
2 40128  50.5535  19.7981 1661064  84.4272 294.1807  1.85518718 29147
1 40128U 14050A   19074.62844011 -.00000073  00000-0  00000-0 0  9993
2 40128  50.5538  19.7335 1661168  84.4786 294.1325  1.85518645 29175
1 40128U 14050A   19075.16744649 -.00000075  00000-0  00000+0 0  9990
2 40128  50.5539  19.7119 1661235  84.4953 294.1159  1.85518610 31098
1 40128U 14050A   19075.70645229 -.00000077  00000-0  00000-0 0  9997
2 40128  50.5541  19.6904 1661270  84.5135 294.0969  1.85518519 29198
1 40128U 14050A   19076.24545603 -.00000080  00000-0  00000-0 0  9996
2 40128  50.5541  19.6689 1661293  84.5300 294.0789  1.85518527 29208
1 40128U 14050A   19077.32346222 -.00000086  00000-0  00000+0 0  9997
2 40128  50.5542  19.6256 1661326  84.5648 294.0402  1.85518522 31133
1 40128U 14050A   19077.86246677 -.00000089  00000-0  00000-0 0  9993
2 40128  50.5544  19.6041 1661391  84.5818 294.0217  1.85518495 29239
1 40128U 14050A   19078.40147050 -.00000092  00000-0  00000-0 0  9993
2 40128  50.5545  19.5826 1661428  84.5990 294.0028  1.85518503 29243
1 40128U 14050A   19079.47948083 -.00000097  00000-0  00000+0 0  9990
2 40128  50.5546  19.5396 1661525  84.6330 293.9671  1.85518502 31179
1 40128U 14050A   19080.55749502 -.00000102  00000-0  00000-0 0  9994
2 40128  50.5548  19.4965 1661616  84.6671 293.9338  1.85518511 29280
1 40128U 14050A   19082.17452404 -.00000107  00000-0  00000-0 0  9991
2 40128  50.5551  19.4319 1661767  84.7184 293.8887  1.85518539 31229
1 40128U 14050A   19083.25254625 -.00000109  00000-0  00000-0 0  9998
2 40128  50.5553  19.3888 1661835  84.7529 293.8604  1.85518577 29338
1 40128U 14050A   19084.33057002 -.00000111  00000-0  00000+0 0  9990
2 40128  50.5554  19.3457 1661930  84.7874 293.8333  1.85518615 31267
1 40128U 14050A   19085.40859416 -.00000112  00000-0  00000-0 0  9990
2 40128  50.5556  19.3024 1662008  84.8224 293.8049  1.85518569 29377
1 40128U 14050A   19086.48661576 -.00000113  00000-0  00000+0 0  9997
2 40128  50.5557  19.2595 1662083  84.8567 293.7761  1.85518606 31301
1 40128U 14050A   19087.02562493 -.00000113  00000-0  00000-0 0  9997
2 40128  50.5558  19.2378 1662088  84.8737 293.7609  1.85518622 29402
1 40128U 14050A   19087.56463425 -.00000113  00000-0  00000-0 0  9991
2 40128  50.5559  19.2163 1662144  84.8910 293.7456  1.85518647 29419
1 40128U 14050A   19090.25967304 -.00000109  00000-0  00000+0 0  9990
2 40128  50.5563  19.1086 1662342  84.9771 293.6638  1.85518711 31374
1 40128U 14050A   19090.79867993 -.00000108  00000-0  00000-0 0  9992
2 40128  50.5564  19.0871 1662362  84.9942 293.6468  1.85518709 29474
1 40128U 14050A   19092.41570289 -.00000102  00000-0  00000-0 0  9996
2 40128  50.5566  19.0226 1662537  85.0460 293.5972  1.85518707 29502
1 40128U 14050A   19092.95471079 -.00000100  00000-0  00000-0 0  9990
2 40128  50.5567  19.0011 1662573  85.0632 293.5808  1.85518701 29519
1 40128U 14050A   19095.11074740 -.00000090  00000-0  00000+0 0  9992
2 40128  50.5570  18.9152 1662688  85.1326 293.5182  1.85518663 31464
1 40128U 14050A   19096.18876906 -.00000085  00000-0  00000-0 0  9999
2 40128  50.5571  18.8720 1662749  85.1675 293.4892  1.85518633 29573
1 40128U 14050A   19096.72778077 -.00000083  00000-0  00000-0 0  9997
2 40128  50.5572  18.8505 1662764  85.1849 293.4751  1.85518615 29580
1 40128U 14050A   19097.80580533 -.00000080  00000-0  00000+0 0  9991
2 40128  50.5573  18.8073 1662820  85.2197 293.4480  1.85518572 31518
1 40128U 14050A   19098.88383057 -.00000078  00000-0  00000-0 0  9990
2 40128  50.5575  18.7642 1662880  85.2548 293.4210  1.85518545 29627
1 40128U 14050A   19098.88383163 -.00000078  00000-0  00000-0 0  9998
2 40128  50.5575  18.7643 1662933  85.2552 293.4213  1.85518547 29627
1 40128U 14050A   19100.50086687 -.00000078  00000-0  00000+0 0  9991
2 40128  50.5577  18.6995 1663052  85.3074 293.3797  1.85518512 31565
1 40128U 14050A   19101.57888822 -.00000080  00000-0  00000-0 0  9994
2 40128  50.5579  18.6564 1663161  85.3419 293.3501  1.85518464 29671
1 40128U 14050A   19102.65690372 -.00000084  00000-0  00000+0 0  9998
2 40128  50.5581  18.6134 1663188  85.3761 293.3172  1.85518442 31602
1 40128U 14050A   19103.19591201 -.00000086  00000-0  00000-0 0  9992
2 40128  50.5581  18.5919 1663246  85.3937 293.3000  1.85518402 29706
1 40128U 14050A   19104.27392372 -.00000091  00000-0  00000-0 0  9996
2 40128  50.5583  18.5488 1663325  85.4289 293.2638  1.85518401 29725
1 40128U 14050A   19104.81292939 -.00000094  00000-0  00000+0 0  9996
2 40128  50.5584  18.5272 1663367  85.4465 293.2455  1.85518403 31642
1 40128U 14050A   19105.89094102 -.00000099  00000-0  00000-0 0  9993
2 40128  50.5585  18.4841 1663445  85.4816 293.2093  1.85518420 29757
1 40128U 14050A   19107.50796242 -.00000107  00000-0  00000-0 0  9997
2 40128  50.5588  18.4194 1663496  85.5337 293.1581  1.85518449 29781
1 40128U 14050A   19108.04697172 -.00000109  00000-0  00000-0 0  9991
2 40128  50.5589  18.3978 1663531  85.5512 293.1424  1.85518466 29792
1 40128U 14050A   19109.66401073 -.00000115  00000-0  00000+0 0  9999
2 40128  50.5592  18.3337 1663751  85.6060 293.0982  1.85518488 31737
1 40128U 14050A   19110.20302320 -.00000116  00000-0  00000-0 0  9998
2 40128  50.5593  18.3121 1663785  85.6234 293.0848  1.85518507 29830
1 40128U 14050A   19111.28104930 -.00000118  00000-0  00000-0 0  9996
2 40128  50.5594  18.2689 1663856  85.6586 293.0583  1.85518556 29850
1 40128U 14050A   19112.89808953 -.00000120  00000-0  00000+0 0  9992
2 40128  50.5596  18.2043 1663954  85.7111 293.0183  1.85518577 31795
1 40128U 14050A   19116.13215106 -.00000120  00000-0  00000+0 0  9995
2 40128  50.5601  18.0748 1664116  85.8162 292.9288  1.85518718 31858
1 40128U 14050A   19117.21016749 -.00000118  00000-0  00000-0 0  9995
2 40128  50.5602  18.0316 1664182  85.8517 292.8961  1.85518758 29967
1 40128U 14050A   19118.28818318 -.00000115  00000-0  00000+0 0  9991
2 40128  50.5604  17.9885 1664236  85.8867 292.8633  1.85518777 31898
1 40128U 14050A   19120.44421589 -.00000106  00000-0  00000+0 0  9992
2 40128  50.5607  17.9024 1664338  85.9565 292.7989  1.85518792 31930
1 40128U 14050A   19121.52223478 -.00000101  00000-0  00000-0 0  9995
2 40128  50.5608  17.8593 1664385  85.9917 292.7681  1.85518784 30045
1 40128U 14050A   19122.06124473 -.00000099  00000-0  00000-0 0  9996
2 40128  50.5609  17.8378 1664396  86.0092 292.7532  1.85518775 30051
1 40128U 14050A   19122.06125072 -.00000099  00000-0  00000-0 0  9992
2 40128  50.5608  17.8377 1664601  86.0130 292.7520  1.85518742 30052
1 40128U 14050A   19124.21729762 -.00000090  00000-0  00000+0 0  9997
2 40128  50.5611  17.7515 1664694  86.0840 292.6958  1.85518706 32000
1 40128U 14050A   19124.21729762 -.00000090  00000-0  00000-0 0  9998
2 40128  50.5611  17.7515 1664694  86.0840 292.6958  1.85518706 30097
1 40128U 14050A   19126.37335031 -.00000084  00000-0  00000+0 0  9991
2 40128  50.5616  17.6654 1664807  86.1549 292.6433  1.85518638 32047
1 40128U 14050A   19127.45137516 -.00000083  00000-0  00000-0 0  9999
2 40128  50.5618  17.6224 1664857  86.1903 292.6160  1.85518609 30156
1 40128U 14050A   19127.99038620 -.00000084  00000-0  00000-0 0  9995
2 40128  50.5619  17.6008 1664894  86.2081 292.6017  1.85518616 30166
1 40128U 14050A   19130.68542874 -.00000091  00000-0  00000+0 0  9993
2 40128  50.5623  17.4930 1665044  86.2978 292.5201  1.85518576 32123
1 40128U 14050A   19131.22443496 -.00000093  00000-0  00000-0 0  9997
2 40128  50.5624  17.4714 1665073  86.3158 292.5021  1.85518569 30228
1 40128U 14050A   19131.22443856 -.00000093  00000-0  00000-0 0  9997
2 40128  50.5623  17.4714 1665074  86.3160 292.5019  1.85518483 30223
1 40128U 14050A   19131.76344454 -.00000095  00000-0  00000-0 0  9992
2 40128  50.5624  17.4499 1665100  86.3339 292.4837  1.85518484 30231
1 40128U 14050A   19132.30245042 -.00000098  00000-0  00000-0 0  9999
2 40128  50.5625  17.4283 1665127  86.3518 292.4654  1.85518485 30240
1 40128U 14050A   19134.99748664 -.00000110  00000-0  00000+0 0  9998
2 40128  50.5629  17.3205 1665265  86.4415 292.3786  1.85518517 32206
1 40128U 14050A   19136.61451893 -.00000116  00000-0  00000-0 0  9991
2 40128  50.5632  17.2557 1665354  86.4958 292.3330  1.85518562 30326
1 40128U 14050A   19137.69254391 -.00000119  00000-0  00000+0 0  9996
2 40128  50.5634  17.2126 1665408  86.5319 292.3052  1.85518596 32254
1 40128U 14050A   19138.23155747 -.00000120  00000-0  00000-0 0  9995
2 40128  50.5635  17.1911 1665433  86.5496 292.2919  1.85518608 30354
1 40128U 14050A   19139.30958380 -.00000122  00000-0  00000-0 0  9990
2 40128  50.5637  17.1480 1665486  86.5853 292.2651  1.85518644 30377
1 40128U 14050A   19139.84859665 -.00000123  00000-0  00000+0 0  9995
2 40128  50.5638  17.1264 1665512  86.6031 292.2514  1.85518661 32297
1 40128U 14050A   19142.00464158 -.00000124  00000-0  00000+0 0  9997
2 40128  50.5641  17.0402 1665590  86.6752 292.1923  1.85518718 32331
1 40128U 14050A   19143.62166870 -.00000122  00000-0  00000-0 0  9995
2 40128  50.5644  16.9754 1665652  86.7291 292.1440  1.85518760 30452
1 40128U 14050A   19144.16067772 -.00000121  00000-0  00000+0 0  9994
2 40128  50.5645  16.9539 1665699  86.7470 292.1278  1.85518760 32376
1 40128U 14050A   19145.23869309 -.00000119  00000-0  00000-0 0  9997
2 40128  50.5646  16.9107 1665735  86.7824 292.0945  1.85518768 30480
1 40128U 14050A   19146.31670917 -.00000115  00000-0  00000+0 0  9997
2 40128  50.5648  16.8676 1665788  86.8183 292.0608  1.85518772 32415
1 40128U 14050A   19148.47274410 -.00000105  00000-0  00000+0 0  9993
2 40128  50.5652  16.7815 1665836  86.8897 291.9955  1.85518735 32456
1 40128U 14050A   19152.24582431 -.00000088  00000-0  00000+0 0  9998
2 40128  50.5658  16.6306 1665981  87.0159 291.8934  1.85518611 32528
1 40128U 14050A   19153.32385108 -.00000085  00000-0  00000-0 0  9998
2 40128  50.5660  16.5874 1666029  87.0514 291.8665  1.85518554 30636
1 40128U 14050A   19154.40187579 -.00000084  00000-0  00000-0 0  9999
2 40128  50.5662  16.5442 1666056  87.0872 291.8384  1.85518516 30654
1 40128U 14050A   19154.40187589 -.00000084  00000-0  00000+0 0  9999
2 40128  50.5662  16.5443 1666059  87.0872 291.8385  1.85518518 32563
1 40128U 14050A   19155.47989787 -.00000084  00000-0  00000-0 0  9998
2 40128  50.5664  16.5012 1666093  87.1234 291.8084  1.85518477 30678
1 40128U 14050A   19156.01890752 -.00000084  00000-0  00000-0 0  9992
2 40128  50.5665  16.4796 1666100  87.1412 291.7925  1.85518467 30687
1 40128U 14050A   19159.25294833 -.00000094  00000-0  00000+0 0  9999
2 40128  50.5670  16.3504 1666197  87.2493 291.6853  1.85518398 32656
1 40128U 14050A   19160.33095927 -.00000099  00000-0  00000-0 0  9999
2 40128  50.5672  16.3073 1666221  87.2850 291.6478  1.85518396 30765
1 40128U 14050A   19161.40897200 -.00000104  00000-0  00000-0 0  9999
2 40128  50.5673  16.2642 1666247  87.3205 291.6116  1.85518398 32695
1 40128U 14050A   19163.02599690 -.00000110  00000-0  00000-0 0  9998
2 40128  50.5676  16.1994 1666290  87.3750 291.5606  1.85518427 30818
1 40128U 14050A   19164.64302975 -.00000116  00000-0  00000+0 0  9990
2 40128  50.5680  16.1348 1666334  87.4304 291.5137  1.85518470 32753
1 40128U 14050A   19166.79907759 -.00000120  00000-0  00000+0 0  9994
2 40128  50.5683  16.0486 1666381  87.5019 291.4563  1.85518525 32791
1 40128U 14050A   19166.79907759 -.00000120  00000-0  00000-0 0  9995
2 40128  50.5683  16.0486 1666381  87.5019 291.4563  1.85518525 30889
1 40128U 14050A   19168.41611000 -.00000122  00000-0  00000-0 0  9999
2 40128  50.5686  15.9840 1666413  87.5562 291.4104  1.85518606 30918
1 40128U 14050A   19169.49412831 -.00000122  00000-0  00000+0 0  9998
2 40128  50.5688  15.9409 1666434  87.5920 291.3782  1.85518643 32848
1 40128U 14050A   19171.65015814 -.00000119  00000-0  00000+0 0  9995
2 40128  50.5691  15.8548 1666477  87.6627 291.3104  1.85518683 32883
1 40128U 14050A   19172.72817130 -.00000116  00000-0  00000-0 0  9993
2 40128  50.5692  15.8118 1666498  87.6983 291.2751  1.85518699 30999
1 40128U 14050A   19172.72817152 -.00000116  00000-0  00000-0 0  9997
2 40128  50.5692  15.8118 1666499  87.6988 291.2746  1.85518706 30998
1 40128U 14050A   19174.34519168 -.00000110  00000-0  00000+0 0  9996
2 40128  50.5695  15.7472 1666522  87.7526 291.2215  1.85518710 32931
1 40128U 14050A   19175.42320646 -.00000105  00000-0  00000-0 0  9992
2 40128  50.5697  15.7041 1666532  87.7886 291.1870  1.85518700 31041
1 40128U 14050A   19176.50122308 -.00000099  00000-0  00000+0 0  9998
2 40128  50.5699  15.6610 1666540  87.8246 291.1537  1.85518680 32974
1 40128U 14050A   19178.65726275 -.00000089  00000-0  00000+0 0  9998
2 40128  50.5702  15.5749 1666549  87.8955 291.0921  1.85518622 33015
1 40128U 14050A   19179.73528448 -.00000085  00000-0  00000-0 0  9997
2 40128  50.5705  15.5318 1666553  87.9317 291.0621  1.85518590 31129
1 40128U 14050A   19180.27429584 -.00000083  00000-0  00000-0 0  9997
2 40128  50.5706  15.5103 1666562  87.9499 291.0472  1.85518562 31137
1 40128U 14050A   19180.81330681 -.00000082  00000-0  00000+0 0  9994
2 40128  50.5706  15.4887 1666565  87.9678 291.0323  1.85518545 33056
1 40128U 14050A   19182.43033653 -.00000080  00000-0  00000-0 0  9992
2 40128  50.5707  15.4243 1666571  88.0210 290.9863  1.85518516 31170
1 40128U 14050A   19182.96934491 -.00000080  00000-0  00000+0 0  9999
2 40128  50.5709  15.4026 1666573  88.0388 290.9699  1.85518497 33097
1 40128U 14050A   19183.50835299 -.00000081  00000-0  00000-0 0  9998
2 40128  50.5710  15.3811 1666585  88.0565 290.9532  1.85518488 31195
1 40128U 14050A   19184.04735944 -.00000082  00000-0  00000-0 0  9995
2 40128  50.5711  15.3595 1666580  88.0747 290.9351  1.85518466 31209
1 40128U 14050A   19187.28138559 -.00000092  00000-0  00000+0 0  9993
2 40128  50.5715  15.2303 1666597  88.1821 290.8188  1.85518424 33170
1 40128U 14050A   19189.97641130 -.00000104  00000-0  00000+0 0  9999
2 40128  50.5719  15.1226 1666612  88.2721 290.7243  1.85518454 33225
1 40128U 14050A   19191.59343649 -.00000110  00000-0  00000-0 0  9992
2 40128  50.5721  15.0581 1666619  88.3259 290.6744  1.85518491 31342
1 40128U 14050A   19193.74947526 -.00000115  00000-0  00000+0 0  9999
2 40128  50.5723  14.9720 1666625  88.3990 290.6106  1.85518576 33298
1 40128U 14050A   19194.28848366 -.00000116  00000-0  00000-0 0  9993
2 40128  50.5725  14.9504 1666606  88.4149 290.5965  1.85518638 31396
1 40128U 14050A   19194.82749261 -.00000117  00000-0  00000-0 0  9998
2 40128  50.5726  14.9289 1666604  88.4324 290.5808  1.85518662 31405
1 40128U 14050A   19196.44451592 -.00000119  00000-0  00000+0 0  9996
2 40128  50.5729  14.8643 1666610  88.4846 290.5318  1.85518709 33340
1 40128U 14050A   19196.98352231 -.00000118  00000-0  00000-0 0  9995
2 40128  50.5729  14.8428 1666607  88.5024 290.5143  1.85518729 31443
1 40128U 14050A   19198.60053907 -.00000117  00000-0  00000+0 0  9992
2 40128  50.5732  14.7783 1666610  88.5556 290.4599  1.85518779 33388
1 40128U 14050A   19199.13954402 -.00000115  00000-0  00000-0 0  9990
2 40128  50.5733  14.7568 1666603  88.5735 290.4410  1.85518799 31484
1 40128U 14050A   19200.21755315 -.00000112  00000-0  00000-0 0  9991
2 40128  50.5733  14.7138 1666608  88.6094 290.4033  1.85518817 31506
1 40128U 14050A   19202.37357284 -.00000104  00000-0  00000-0 0  9994
2 40128  50.5737  14.6279 1666591  88.6810 290.3289  1.85518825 31547
1 40128U 14050A   19202.37357309 -.00000104  00000-0  00000+0 0  9991
2 40128  50.5736  14.6278 1666598  88.6800 290.3300  1.85518821 33453
1 40128U 14050A   19203.45158250 -.00000098  00000-0  00000-0 0  9998
2 40128  50.5738  14.5849 1666587  88.7157 290.2945  1.85518891 31563
1 40128U 14050A   19203.99058923 -.00000096  00000-0  00000-0 0  9991
2 40128  50.5739  14.5634 1666575  88.7337 290.2770  1.85518880 31578
1 40128U 14050A   19204.52959647 -.00000093  00000-0  00000+0 0  9990
2 40128  50.5739  14.5419 1666564  88.7516 290.2601  1.85518865 33495
1 40128U 14050A   19205.06860421 -.00000090  00000-0  00000-0 0  9999
2 40128  50.5740  14.5203 1666562  88.7692 290.2438  1.85518852 31594
1 40128U 14050A   19205.60761267 -.00000088  00000-0  00000-0 0  9994
2 40128  50.5741  14.4988 1666551  88.7872 290.2274  1.85518826 31603
1 40128U 14050A   19206.68563026 -.00000084  00000-0  00000+0 0  9991
2 40128  50.5742  14.4558 1666535  88.8225 290.1959  1.85518794 33539
1 40128U 14050A   19209.38067320 -.00000077  00000-0  00000-0 0  9990
2 40128  50.5746  14.3480 1666521  88.9116 290.1162  1.85518705 31672
1 40128U 14050A   19209.91968009 -.00000077  00000-0  00000-0 0  9993
2 40128  50.5747  14.3265 1666506  88.9297 290.0988  1.85518690 31686
1 40128U 14050A   19211.53669574 -.00000079  00000-0  00000+0 0  9990
2 40128  50.5747  14.2622 1666523  88.9811 290.0467  1.85518695 33626
1 40128U 14050A   19211.53669574 -.00000079  00000-0  00000-0 0  9991
2 40128  50.5747  14.2622 1666523  88.9811 290.0467  1.85518695 31714
1 40128U 14050A   19212.07569866 -.00000080  00000-0  00000-0 0  9996
2 40128  50.5748  14.2406 1666502  88.9991 290.0270  1.85518676 31723
1 40128U 14050A   19213.15370357 -.00000083  00000-0  00000-0 0  9994
2 40128  50.5749  14.1976 1666487  89.0345 289.9870  1.85518661 31741
1 40128U 14050A   19214.23170688 -.00000087  00000-0  00000+0 0  9992
2 40128  50.5750  14.1545 1666473  89.0701 289.9458  1.85518655 33675
1 40128U 14050A   19215.84871334 -.00000094  00000-0  00000-0 0  9995
2 40128  50.5752  14.0900 1666451  89.1229 289.8855  1.85518663 31793
1 40128U 14050A   19216.38771644 -.00000096  00000-0  00000+0 0  9999
2 40128  50.5753  14.0685 1666435  89.1401 289.8664  1.85518672 33710
1 40128U 14050A   19216.92671984 -.00000098  00000-0  00000-0 0  9998
2 40128  50.5753  14.0470 1666411  89.1581 289.8472  1.85518689 31819
1 40128U 14050A   19218.54373608 -.00000105  00000-0  00000+0 0  9998
2 40128  50.5756  13.9822 1666424  89.2112 289.7947  1.85518796 33756
1 40128U 14050A   19219.08274339 -.00000107  00000-0  00000-0 0  9992
2 40128  50.5756  13.9607 1666419  89.2290 289.7781  1.85518814 31854
1 40128U 14050A   19220.16075938 -.00000110  00000-0  00000-0 0  9991
2 40128  50.5757  13.9176 1666421  89.2641 289.7461  1.85518839 31873
1 40128U 14050A   19223.93380614 -.00000117  00000-0  00000+0 0  9995
2 40128  50.5760  13.7670 1666346  89.3891 289.6269  1.85519009 33853
1 40128U 14050A   19223.93380614 -.00000117  00000-0  00000-0 0  9996
2 40128  50.5760  13.7670 1666346  89.3891 289.6269  1.85519009 31941
1 40128U 14050A   19225.01181282 -.00000117  00000-0  00000-0 0  9997
2 40128  50.5761  13.7240 1666347  89.4222 289.5924  1.85519109 31965
1 40128U 14050A   19226.08981957 -.00000115  00000-0  00000+0 0  9999
2 40128  50.5762  13.6811 1666331  89.4569 289.5552  1.85519139 33890
1 40128U 14050A   19227.16782522 -.00000113  00000-0  00000-0 0  9995
2 40128  50.5763  13.6380 1666321  89.4916 289.5175  1.85519152 32005
1 40128U 14050A   19227.70682791 -.00000111  00000-0  00000-0 0  9990
2 40128  50.5763  13.6166 1666291  89.5095 289.4979  1.85519170 32014
1 40128U 14050A   19229.32383562 -.00000105  00000-0  00000+0 0  9996
2 40128  50.5763  13.5522 1666295  89.5612 289.4430  1.85519283 33959
1 40128U 14050A   19230.40184374 -.00000100  00000-0  00000-0 0  9993
2 40128  50.5764  13.5091 1666279  89.5959 289.4072  1.85519271 32067
1 40128U 14050A   19231.47985369 -.00000095  00000-0  00000+0 0  9996
2 40128  50.5765  13.4662 1666236  89.6318 289.3716  1.85519248 33995
1 40128U 14050A   19232.55786608 -.00000090  00000-0  00000-0 0  9997
2 40128  50.5766  13.4232 1666218  89.6669 289.3383  1.85519225 32105
1 40128U 14050A   19233.63587966 -.00000085  00000-0  00000-0 0  9997
2 40128  50.5766  13.3803 1666163  89.7023 289.3056  1.85519185 32126
1 40128U 14050A   19233.63588000 -.00000085  00000-0  00000+0 0  9996
2 40128  50.5767  13.3802 1666185  89.7020 289.3061  1.85519199 34030
1 40128U 14050A   19235.25290202 -.00000080  00000-0  00000-0 0  9996
2 40128  50.5767  13.3158 1666120  89.7550 289.2581  1.85519122 32154
1 40128U 14050A   19237.40892741 -.00000077  00000-0  00000+0 0  9996
2 40128  50.5768  13.2297 1666058  89.8256 289.1914  1.85519044 34101
1 40128U 14050A   19238.48693576 -.00000078  00000-0  00000-0 0  9992
2 40128  50.5769  13.1866 1666028  89.8612 289.1549  1.85519025 32219
1 40128U 14050A   19239.02593791 -.00000078  00000-0  00000-0 0  9991
2 40128  50.5769  13.1651 1665987  89.8792 289.1353  1.85519004 32224
1 40128U 14050A   19239.56493967 -.00000079  00000-0  00000+0 0  9994
2 40128  50.5768  13.1437 1666054  89.8926 289.1208  1.85519026 34146
1 40128U 14050A   19240.64294169 -.00000082  00000-0  00000-0 0  9993
2 40128  50.5770  13.1007 1666069  89.9285 289.0804  1.85519058 32253
1 40128U 14050A   19241.72094251 -.00000086  00000-0  00000+0 0  9996
2 40128  50.5771  13.0576 1666051  89.9636 289.0396  1.85519039 34184
1 40128U 14050A   19242.25994320 -.00000089  00000-0  00000-0 0  9995
2 40128  50.5771  13.0361 1666045  89.9811 289.0194  1.85519036 32286
1 40128U 14050A   19243.33794506 -.00000093  00000-0  00000-0 0  9994
2 40128  50.5772  12.9931 1665994  90.0166 288.9792  1.85519046 32302
1 40128U 14050A   19244.41595156 -.00000098  00000-0  00000+0 0  9998
2 40128  50.5774  12.9500 1665985  90.0514 288.9421  1.85519050 34231
1 40128U 14050A   19246.57197000 -.00000107  00000-0  00000+0 0  9994
2 40128  50.5772  12.8639 1665945  90.1201 288.8755  1.85519210 34272
1 40128U 14050A   19248.72799636 -.00000114  00000-0  00000+0 0  9994
2 40128  50.5773  12.7778 1665904  90.1899 288.8119  1.85519298 34319
1 40128U 14050A   19249.26700134 -.00000115  00000-0  00000-0 0  9991
2 40128  50.5773  12.7563 1665869  90.2079 288.7950  1.85519354 32416
1 40128U 14050A   19250.34501176 -.00000117  00000-0  00000-0 0  9999
2 40128  50.5774  12.7132 1665855  90.2425 288.7620  1.85519385 32439
1 40128U 14050A   19250.88401603 -.00000118  00000-0  00000+0 0  9992
2 40128  50.5774  12.6916 1665838  90.2603 288.7444  1.85519406 34358
1 40128U 14050A   19252.50102613 -.00000118  00000-0  00000-0 0  9993
2 40128  50.5775  12.6271 1665791  90.3126 288.6905  1.85519465 32479
1 40128U 14050A   19253.04002889 -.00000117  00000-0  00000+0 0  9995
2 40128  50.5775  12.6056 1665785  90.3294 288.6728  1.85519488 34390
1 40128U 14050A   19253.57903068 -.00000116  00000-0  00000-0 0  9992
2 40128  50.5775  12.5840 1665829  90.3473 288.6544  1.85519551 32494
1 40128U 14050A   19254.65703450 -.00000114  00000-0  00000-0 0  9993
2 40128  50.5775  12.5410 1665781  90.3826 288.6165  1.85519588 32518
1 40128U 14050A   19256.27403912 -.00000108  00000-0  00000+0 0  9995
2 40128  50.5778  12.4765 1665723  90.4329 288.5631  1.85519679 34451
1 40128U 14050A   19257.35204496 -.00000103  00000-0  00000-0 0  9997
2 40128  50.5776  12.4337 1665698  90.4678 288.5276  1.85519704 32566
1 40128U 14050A   19258.43005361 -.00000099  00000-0  00000+0 0  9990
2 40128  50.5778  12.3906 1665672  90.5025 288.4937  1.85519683 34491
1 40128U 14050A   19260.58607576 -.00000089  00000-0  00000-0 0  9995
2 40128  50.5777  12.3046 1665601  90.5713 288.4307  1.85519638 32625
1 40128U 14050A   19260.58607692 -.00000089  00000-0  00000+0 0  9993
2 40128  50.5779  12.3046 1665644  90.5712 288.4312  1.85519642 34536
1 40128U 14050A   19262.20309679 -.00000083  00000-0  00000-0 0  9993
2 40128  50.5779  12.2401 1665582  90.6234 288.3855  1.85519593 32658
1 40128U 14050A   19263.28110850 -.00000081  00000-0  00000+0 0  9990
2 40128  50.5777  12.1972 1665545  90.6574 288.3556  1.85519664 34585
1 40128U 14050A   19265.43712894 -.00000079  00000-0  00000+0 0  9992
2 40128  50.5777  12.1111 1665502  90.7258 288.2913  1.85519568 34627
1 40128U 14050A   19265.97613185 -.00000079  00000-0  00000-0 0  9995
2 40128  50.5776  12.0897 1665479  90.7446 288.2722  1.85519501 32722
1 40128U 14050A   19268.13213794 -.00000084  00000-0  00000+0 0  9993
2 40128  50.5777  12.0035 1665431  90.8127 288.1981  1.85519456 34673
1 40128U 14050A   19269.21013809 -.00000088  00000-0  00000-0 0  9993
2 40128  50.5778  11.9604 1665406  90.8483 288.1583  1.85519436 32787
1 40128U 14050A   19269.74913806 -.00000090  00000-0  00000-0 0  9990
2 40128  50.5778  11.9389 1665395  90.8659 288.1387  1.85519419 32793
1 40128U 14050A   19271.36614456 -.00000097  00000-0  00000+0 0  9996
2 40128  50.5780  11.8743 1665389  90.9183 288.0834  1.85519409 34736
1 40128U 14050A   19272.44415242 -.00000102  00000-0  00000-0 0  9996
2 40128  50.5781  11.8313 1665410  90.9536 288.0493  1.85519423 32844
1 40128U 14050A   19274.06116937 -.00000109  00000-0  00000-0 0  9992
2 40128  50.5779  11.7666 1665295  91.0049 288.0019  1.85519467 32878
1 40128U 14050A   19274.06117140 -.00000109  00000-0  00000+0 0  9998
2 40128  50.5780  11.7667 1665282  91.0046 288.0020  1.85519400 34785
1 40128U 14050A   19278.37321782 -.00000120  00000-0  00000+0 0  9998
2 40128  50.5778  11.5942 1665305  91.1414 287.8808  1.85519694 34867
1 40128U 14050A   19279.45122529 -.00000120  00000-0  00000-0 0  9997
2 40128  50.5779  11.5510 1665299  91.1763 287.8468  1.85519746 32978
1 40128U 14050A   19281.06823565 -.00000118  00000-0  00000+0 0  9991
2 40128  50.5782  11.4863 1665131  91.2289 287.7919  1.85519643 34913
1 40128U 14050A   19283.22424771 -.00000112  00000-0  00000+0 0  9991
2 40128  50.5783  11.4002 1665084  91.2972 287.7227  1.85519673 34954
1 40128U 14050A   19283.76325155 -.00000110  00000-0  00000-0 0  9995
2 40128  50.5783  11.3787 1665067  91.3142 287.7058  1.85519667 33059
1 40128U 14050A   19285.38026309 -.00000103  00000-0  00000+0 0  9995
2 40128  50.5784  11.3144 1665071  91.3666 287.6565  1.85519780 34995
1 40128U 14050A   19286.45827512 -.00000098  00000-0  00000-0 0  9993
2 40128  50.5784  11.2713 1665042  91.4010 287.6256  1.85519750 33104
1 40128U 14050A   19286.99728183 -.00000095  00000-0  00000-0 0  9993
2 40128  50.5784  11.2498 1665015  91.4181 287.6105  1.85519732 33117
1 40128U 14050A   19288.07529677 -.00000091  00000-0  00000+0 0  9996
2 40128  50.5785  11.2067 1664983  91.4523 287.5817  1.85519688 35046
1 40128U 14050A   19289.15331252 -.00000087  00000-0  00000-0 0  9992
2 40128  50.5785  11.1637 1664958  91.4870 287.5530  1.85519643 33158
1 40128U 14050A   19289.69232032 -.00000085  00000-0  00000-0 0  9995
2 40128  50.5785  11.1422 1664942  91.5042 287.5389  1.85519599 33168
1 40128U 14050A   19291.30934315 -.00000081  00000-0  00000+0 0  9994
2 40128  50.5786  11.0778 1664922  91.5561 287.4951  1.85519543 35105
1 40128U 14050A   19292.38735534 -.00000080  00000-0  00000-0 0  9995
2 40128  50.5786  11.0347 1664912  91.5907 287.4641  1.85519502 33211
1 40128U 14050A   19292.92636009 -.00000080  00000-0  00000-0 0  9992
2 40128  50.5786  11.0133 1664902  91.6078 287.4479  1.85519458 33223
1 40128U 14050A   19293.46536406 -.00000081  00000-0  00000+0 0  9992
2 40128  50.5786  10.9917 1664904  91.6254 287.4308  1.85519445 35149
1 40128U 14050A   19295.08237278 -.00000083  00000-0  00000-0 0  9990
2 40128  50.5787  10.9273 1664748  91.6740 287.3789  1.85519400 33265
1 40128U 14050A   19296.16037618 -.00000086  00000-0  00000+0 0  9998
2 40128  50.5788  10.8842 1664747  91.7091 287.3414  1.85519373 35194
1 40128U 14050A   19297.23838019 -.00000090  00000-0  00000-0 0  9997
2 40128  50.5788  10.8411 1664747  91.7442 287.3043  1.85519351 33301
1 40128U 14050A   19298.31638663 -.00000094  00000-0  00000+0 0  9993
2 40128  50.5789  10.7980 1664736  91.7788 287.2688  1.85519337 35235
1 40128U 14050A   19299.39439615 -.00000099  00000-0  00000-0 0  9994
2 40128  50.5789  10.7549 1664733  91.8136 287.2354  1.85519336 33340
1 40128U 14050A   19300.47240945 -.00000104  00000-0  00000+0 0  9998
2 40128  50.5789  10.7118 1664717  91.8481 287.2044  1.85519339 35270
1 40128U 14050A   19301.55042462 -.00000109  00000-0  00000-0 0  9998
2 40128  50.5789  10.6686 1664721  91.8831 287.1748  1.85519361 33388
1 40128U 14050A   19302.08943315 -.00000111  00000-0  00000-0 0  9997
2 40128  50.5789  10.6471 1664664  91.8997 287.1605  1.85519354 33394
1 40128U 14050A   19303.70645698 -.00000117  00000-0  00000+0 0  9995
2 40128  50.5790  10.5824 1664632  91.9520 287.1165  1.85519385 35336
1 40128U 14050A   19304.24546391 -.00000118  00000-0  00000-0 0  9997
2 40128  50.5790  10.5608 1664608  91.9693 287.1014  1.85519410 33431
1 40128U 14050A   19305.32347484 -.00000120  00000-0  00000-0 0  9992
2 40128  50.5788  10.5176 1664538  92.0022 287.0714  1.85519515 33452
1 40128U 14050A   19309.09650631 -.00000117  00000-0  00000+0 0  9996
2 40128  50.5789  10.3666 1664433  92.1215 286.9552  1.85519620 35439
1 40128U 14050A   19311.25252365 -.00000109  00000-0  00000+0 0  9990
2 40128  50.5792  10.2804 1664380  92.1903 286.8882  1.85519639 35470
1 40128U 14050A   19313.40854826 -.00000099  00000-0  00000+0 0  9997
2 40128  50.5792  10.1943 1664346  92.2596 286.8255  1.85519623 35516
1 40128U 14050A   19314.48656317 -.00000095  00000-0  00000-0 0  9998
2 40128  50.5794  10.1513 1664309  92.2940 286.7961  1.85519605 33626
1 40128U 14050A   19315.56457893 -.00000090  00000-0  00000-0 0  9991
2 40128  50.5794  10.1082 1664244  92.3282 286.7676  1.85519557 33646
1 40128U 14050A   19315.56457920 -.00000090  00000-0  00000+0 0  9991
2 40128  50.5794  10.1082 1664261  92.3283 286.7677  1.85519575 35559
1 40128U 14050A   19317.18160406 -.00000084  00000-0  00000-0 0  9995
2 40128  50.5795  10.0436 1664170  92.3776 286.7275  1.85519567 33674
1 40128U 14050A   19320.41564528 -.00000079  00000-0  00000+0 0  9991
2 40128  50.5795   9.9143 1664118  92.4815 286.6365  1.85519470 35644
1 40128U 14050A   19323.11066012 -.00000083  00000-0  00000-0 0  9992
2 40128  50.5797   9.8066 1663956  92.5648 286.5494  1.85519371 35690
1 40128U 14050A   19325.80567370 -.00000092  00000-0  00000+0 0  9992
2 40128  50.5798   9.6990 1663879  92.6503 286.4598  1.85519347 35743
1 40128U 14050A   19325.80567370 -.00000092  00000-0  00000-0 0  9993
2 40128  50.5798   9.6990 1663879  92.6503 286.4598  1.85519347 33831
1 40128U 14050A   19326.34467810 -.00000094  00000-0  00000-0 0  9993
2 40128  50.5799   9.6774 1663874  92.6677 286.4428  1.85519356 33842
1 40128U 14050A   19327.42268934 -.00000099  00000-0  00000-0 0  9994
2 40128  50.5800   9.6343 1663870  92.7027 286.4106  1.85519380 33865
1 40128U 14050A   19330.11772655 -.00000111  00000-0  00000+0 0  9998
2 40128  50.5801   9.5266 1663808  92.7886 286.3368  1.85519445 35822
1 40128U 14050A   19331.19573988 -.00000114  00000-0  00000-0 0  9999
2 40128  50.5799   9.4833 1663810  92.8223 286.3080  1.85519512 33932
1 40128U 14050A   19333.35176279 -.00000118  00000-0  00000+0 0  9994
2 40128  50.5800   9.3971 1663750  92.8900 286.2455  1.85519591 35880
1 40128U 14050A   19334.42977084 -.00000118  00000-0  00000-0 0  9997
2 40128  50.5800   9.3539 1663735  92.9246 286.2116  1.85519637 33992
1 40128U 14050A   19336.04678049 -.00000115  00000-0  00000+0 0  9992
2 40128  50.5801   9.2893 1663688  92.9757 286.1598  1.85519688 35934
1 40128U 14050A   19337.12478645 -.00000112  00000-0  00000-0 0  9990
2 40128  50.5801   9.2462 1663640  93.0098 286.1250  1.85519727 34044
1 40128U 14050A   19338.20279368 -.00000108  00000-0  00000-0 0  9996
2 40128  50.5802   9.2032 1663620  93.0440 286.0910  1.85519735 34060
1 40128U 14050A   19339.28080238 -.00000104  00000-0  00000+0 0  9996
2 40128  50.5803   9.1601 1663608  93.0788 286.0576  1.85519749 35999
1 40128U 14050A   19340.35881305 -.00000099  00000-0  00000-0 0  9994
2 40128  50.5803   9.1170 1663578  93.1129 286.0261  1.85519749 34109
1 40128U 14050A   19341.43682549 -.00000094  00000-0  00000+0 0  9997
2 40128  50.5804   9.0739 1663544  93.1468 285.9957  1.85519735 36038
1 40128U 14050A   19343.05384666 -.00000087  00000-0  00000-0 0  9999
2 40128  50.5805   9.0094 1663495  93.1978 285.9520  1.85519701 34154
1 40128U 14050A   19345.20987563 -.00000080  00000-0  00000+0 0  9995
2 40128  50.5806   8.9233 1663429  93.2650 285.8947  1.85519644 36108
1 40128U 14050A   19346.28788796 -.00000078  00000-0  00000-0 0  9999
2 40128  50.5806   8.8802 1663393  93.2986 285.8645  1.85519602 34210
1 40128U 14050A   19347.36589773 -.00000076  00000-0  00000+0 0  9990
2 40128  50.5807   8.8372 1663370  93.3324 285.8325  1.85519573 36141
1 40128U 14050A   19348.44390416 -.00000076  00000-0  00000-0 0  9995
2 40128  50.5807   8.7942 1663343  93.3660 285.7983  1.85519544 34253
1 40128U 14050A   19348.98290608 -.00000077  00000-0  00000-0 0  9997
2 40128  50.5808   8.7726 1663325  93.3826 285.7805  1.85519528 34264
1 40128U 14050A   19351.13891005 -.00000081  00000-0  00000-0 0  9991
2 40128  50.5808   8.6864 1663273  93.4505 285.7056  1.85519473 34305
1 40128U 14050A   19351.13891027 -.00000081  00000-0  00000+0 0  9994
2 40128  50.5808   8.6865 1663278  93.4504 285.7057  1.85519478 36218
1 40128U 14050A   19352.21691245 -.00000084  00000-0  00000-0 0  9998
2 40128  50.5808   8.6433 1663252  93.4845 285.6682  1.85519462 34325
1 40128U 14050A   19353.29491717 -.00000089  00000-0  00000+0 0  9993
2 40128  50.5809   8.6002 1663227  93.5180 285.6326  1.85519460 36250
1 40128U 14050A   19354.37292494 -.00000094  00000-0  00000-0 0  9991
2 40128  50.5809   8.5571 1663211  93.5522 285.5986  1.85519469 34363
1 40128U 14050A   19357.06795358 -.00000106  00000-0  00000+0 0  9990
2 40128  50.5810   8.4495 1663163  93.6375 285.5201  1.85519520 36328
1 40128U 14050A   19358.68497096 -.00000112  00000-0  00000-0 0  9995
2 40128  50.5810   8.3849 1663128  93.6883 285.4734  1.85519565 34445
1 40128U 14050A   19359.22397589 -.00000113  00000-0  00000+0 0  9992
2 40128  50.5810   8.3633 1663117  93.7049 285.4575  1.85519585 36367
1 40128U 14050A   19360.30198422 -.00000115  00000-0  00000-0 0  9991
2 40128  50.5810   8.3202 1663092  93.7379 285.4248  1.85519623 34477
1 40128U 14050A   19361.37999010 -.00000116  00000-0  00000+0 0  9991
2 40128  50.5811   8.2771 1663068  93.7715 285.3902  1.85519657 36403
1 40128U 14050A   19362.45799429 -.00000115  00000-0  00000-0 0  9993
2 40128  50.5811   8.2340 1663047  93.8053 285.3544  1.85519692 34519
1 40128U 14050A   19363.53599790 -.00000113  00000-0  00000+0 0  9999
2 40128  50.5811   8.1910 1663025  93.8386 285.3185  1.85519718 36440
1 40128U 14050A   19365.15300411 -.00000108  00000-0  00000-0 0  9994
2 40128  50.5812   8.1265 1662990  93.8888 285.2651  1.85519743 34567

