1 43566U 18060C   19001.99406500 -.00000078  00000-0  00000+0 0  9998
2 43566  56.4428  55.6860 0005286 267.6685  92.3294  1.70476275  2769
1 43566U 18060C   19003.16723207 -.00000074  00000-0  00000-0 0  9992
2 43566  56.4437  55.6536 0005301 267.9533  92.0489  1.70476334  2783
1 43566U 18060C   19004.34040046 -.00000070  00000-0  00000+0 0  9991
2 43566  56.4446  55.6211 0005321 268.1899  91.8165  1.70476339  2809
1 43566U 18060C   19005.51356678 -.00000067  00000-0  00000-0 0  9999
2 43566  56.4455  55.5886 0005343 268.5107  91.4988  1.70476356  2826
1 43566U 18060C   19007.27331129 -.00000061  00000-0  00000+0 0  9991
2 43566  56.4468  55.5400 0005383 269.0554  90.9559  1.70476372  2857
1 43566U 18060C   19007.85989102 -.00000059  00000-0  00000-0 0  9993
2 43566  56.4472  55.5238 0005395 269.2373  90.7737  1.70476385  2866
1 43566U 18060C   19009.03304973 -.00000056  00000-0  00000-0 0  9999
2 43566  56.4481  55.4913 0005424 269.6903  90.3194  1.70476385  2886
1 43566U 18060C   19009.61962880 -.00000054  00000-0  00000+0 0  9997
2 43566  56.4486  55.4752 0005443 270.0638  89.9448  1.70476373  2898
1 43566U 18060C   19009.61962880 -.00000054  00000-0  00000-0 0  9998
2 43566  56.4486  55.4752 0005443 270.0638  89.9448  1.70476373  2898
1 43566U 18060C   19009.61962911 -.00000054  00000-0  00000-0 0  9993
2 43566  56.4486  55.4751 0005444 270.1325  89.8761  1.70476360  2895
1 43566U 18060C   19011.96594479 -.00000048  00000-0  00000+0 0  9996
2 43566  56.4503  55.4102 0005486 270.9538  89.0506  1.70476286  2936
1 43566U 18060C   19013.72568339 -.00000044  00000-0  00000-0 0  9995
2 43566  56.4517  55.3614 0005522 271.5106  88.4924  1.70476254  2962
1 43566U 18060C   19015.48542984 -.00000040  00000-0  00000+0 0  9993
2 43566  56.4532  55.3126 0005558 271.9081  88.0965  1.70476165  2997
1 43566U 18060C   19016.07201269 -.00000038  00000-0  00000-0 0  9995
2 43566  56.4537  55.2964 0005571 272.0850  87.9208  1.70476142  3008
1 43566U 18060C   19017.24517789 -.00000036  00000-0  00000-0 0  9990
2 43566  56.4546  55.2638 0005602 272.4952  87.5133  1.70476122  3021
1 43566U 18060C   19019.00492664 -.00000034  00000-0  00000+0 0  9997
2 43566  56.4558  55.2150 0005634 273.0075  87.0043  1.70476059  3058
1 43566U 18060C   19019.59150810 -.00000034  00000-0  00000-0 0  9996
2 43566  56.4562  55.1988 0005650 273.2201  86.7919  1.70476035  3065
1 43566U 18060C   19020.76466764 -.00000036  00000-0  00000-0 0  9997
2 43566  56.4571  55.1662 0005674 273.7039  86.3066  1.70476007  3084
1 43566U 18060C   19021.35124608 -.00000037  00000-0  00000+0 0  9991
2 43566  56.4576  55.1499 0005678 273.7146  86.2944  1.70476010  3099
1 43566U 18060C   19022.52439994 -.00000043  00000-0  00000-0 0  9996
2 43566  56.4585  55.1174 0005694 274.0549  85.9491  1.70476015  3119
1 43566U 18060C   19024.87070447 -.00000055  00000-0  00000+0 0  9992
2 43566  56.4604  55.0523 0005734 274.6702  85.3216  1.70476024  3153
1 43566U 18060C   19024.87070447 -.00000055  00000-0  00000-0 0  9993
2 43566  56.4604  55.0523 0005734 274.6702  85.3216  1.70476024  3153
1 43566U 18060C   19027.21701903 -.00000061  00000-0  00000+0 0  9998
2 43566  56.4623  54.9872 0005777 275.3608  84.6246  1.70476069  3197
1 43566U 18060C   19029.56334805 -.00000058  00000-0  00000+0 0  9997
2 43566  56.4642  54.9223 0005805 276.0614  83.9264  1.70476135  3236
1 43566U 18060C   19031.90967976 -.00000051  00000-0  00000+0 0  9992
2 43566  56.4660  54.8574 0005825 276.7524  83.2402  1.70476218  3276
1 43566U 18060C   19034.25600460 -.00000044  00000-0  00000+0 0  9997
2 43566  56.4679  54.7925 0005846 277.4194  82.5737  1.70476258  3311
1 43566U 18060C   19037.18889896 -.00000036  00000-0  00000-0 0  9996
2 43566  56.4702  54.7116 0005870 278.2411  81.7450  1.70476241  3368
1 43566U 18060C   19037.18889899 -.00000036  00000-0  00000+0 0  9998
2 43566  56.4702  54.7116 0005868 278.1825  81.8037  1.70476238  3361
1 43566U 18060C   19037.77547701 -.00000034  00000-0  00000-0 0  9995
2 43566  56.4706  54.6954 0005871 278.5937  81.3906  1.70476230  3379
1 43566U 18060C   19039.53521253 -.00000030  00000-0  00000+0 0  9990
2 43566  56.4719  54.6468 0005875 278.9567  81.0226  1.70476181  3401
1 43566U 18060C   19041.29495261 -.00000026  00000-0  00000-0 0  9991
2 43566  56.4733  54.5981 0005891 279.6197  80.3566  1.70476070  3430
1 43566U 18060C   19042.46811469 -.00000023  00000-0  00000+0 0  9999
2 43566  56.4741  54.5657 0005903 279.8826  80.0935  1.70476045  3455
1 43566U 18060C   19042.46811469 -.00000023  00000-0  00000-0 0  9990
2 43566  56.4741  54.5657 0005903 279.8826  80.0935  1.70476045  3455
1 43566U 18060C   19044.22786216 -.00000019  00000-0  00000-0 0  9992
2 43566  56.4755  54.5171 0005920 280.1040  79.8738  1.70475974  3483
1 43566U 18060C   19045.98760967 -.00000017  00000-0  00000+0 0  9998
2 43566  56.4769  54.4684 0005930 280.6692  79.3104  1.70475905  3515
1 43566U 18060C   19046.57419142 -.00000017  00000-0  00000-0 0  9991
2 43566  56.4774  54.4522 0005933 280.7179  79.2617  1.70475896  3524
1 43566U 18060C   19047.74735235 -.00000019  00000-0  00000-0 0  9997
2 43566  56.4783  54.4197 0005937 281.1072  78.8705  1.70475854  3542
1 43566U 18060C   19048.92050788 -.00000022  00000-0  00000+0 0  9994
2 43566  56.4793  54.3872 0005937 281.4081  78.5653  1.70475860  3563
1 43566U 18060C   19051.26681232 -.00000035  00000-0  00000+0 0  9993
2 43566  56.4813  54.3223 0005938 282.1167  77.8430  1.70475863  3603
1 43566U 18060C   19051.85338903 -.00000039  00000-0  00000-0 0  9997
2 43566  56.4820  54.3060 0005942 282.2277  77.7285  1.70475850  3612
1 43566U 18060C   19054.19970126 -.00000048  00000-0  00000+0 0  9995
2 43566  56.4841  54.2411 0005943 282.8760  77.0708  1.70475890  3659
1 43566U 18060C   19054.78628165 -.00000048  00000-0  00000-0 0  9994
2 43566  56.4846  54.2249 0005942 283.0259  76.9202  1.70475912  3661
1 43566U 18060C   19056.54602883 -.00000047  00000-0  00000+0 0  9997
2 43566  56.4860  54.1763 0005939 283.4239  76.5228  1.70475940  3693
1 43566U 18060C   19057.13261227 -.00000046  00000-0  00000-0 0  9996
2 43566  56.4864  54.1600 0005929 283.5323  76.4154  1.70475968  3700
1 43566U 18060C   19058.30577995 -.00000043  00000-0  00000-0 0  9995
2 43566  56.4873  54.1276 0005919 283.8726  76.0771  1.70475991  3727
1 43566U 18060C   19058.89236315 -.00000042  00000-0  00000+0 0  9995
2 43566  56.4877  54.1115 0005914 283.9817  75.9688  1.70475996  3731
1 43566U 18060C   19060.06552723 -.00000039  00000-0  00000-0 0  9998
2 43566  56.4886  54.0791 0005901 284.2716  75.6796  1.70476046  3754
1 43566U 18060C   19060.65210881 -.00000038  00000-0  00000-0 0  9998
2 43566  56.4890  54.0629 0005896 284.4532  75.4979  1.70476063  3761
1 43566U 18060C   19063.58500894 -.00000033  00000-0  00000+0 0  9993
2 43566  56.4913  53.9821 0005883 285.2201  74.7252  1.70476053  3818
1 43566U 18060C   19063.58500894 -.00000033  00000-0  00000-0 0  9994
2 43566  56.4913  53.9821 0005883 285.2201  74.7252  1.70476053  3818
1 43566U 18060C   19064.17158740 -.00000032  00000-0  00000-0 0  9998
2 43566  56.4918  53.9660 0005884 285.2727  74.6707  1.70476051  3821
1 43566U 18060C   19065.93132482 -.00000028  00000-0  00000+0 0  9992
2 43566  56.4932  53.9176 0005866 285.9306  74.0073  1.70476006  3852
1 43566U 18060C   19066.51790395 -.00000027  00000-0  00000-0 0  9990
2 43566  56.4936  53.9015 0005858 285.9797  73.9566  1.70475995  3865
1 43566U 18060C   19067.69106480 -.00000025  00000-0  00000-0 0  9994
2 43566  56.4945  53.8692 0005841 286.4384  73.4955  1.70475927  3889
1 43566U 18060C   19068.27764501 -.00000024  00000-0  00000+0 0  9991
2 43566  56.4950  53.8530 0005842 286.5430  73.3901  1.70475933  3898
1 43566U 18060C   19068.86422627 -.00000023  00000-0  00000-0 0  9996
2 43566  56.4954  53.8368 0005836 286.5941  73.3386  1.70475922  3908
1 43566U 18060C   19070.62397470 -.00000020  00000-0  00000+0 0  9996
2 43566  56.4968  53.7883 0005828 287.0856  72.8482  1.70475839  3937
1 43566U 18060C   19070.62397470 -.00000020  00000-0  00000-0 0  9997
2 43566  56.4968  53.7883 0005828 287.0856  72.8482  1.70475839  3937
1 43566U 18060C   19071.79714195 -.00000018  00000-0  00000-0 0  9990
2 43566  56.4977  53.7560 0005818 287.3421  72.5935  1.70475807  3956
1 43566U 18060C   19073.55689251 -.00000017  00000-0  00000+0 0  9998
2 43566  56.4991  53.7075 0005803 287.8272  72.1105  1.70475734  3983
1 43566U 18060C   19073.55689251 -.00000017  00000-0  00000-0 0  9999
2 43566  56.4991  53.7075 0005803 287.8272  72.1105  1.70475734  3983
1 43566U 18060C   19075.31663742 -.00000020  00000-0  00000-0 0  9996
2 43566  56.5004  53.6589 0005774 288.3564  71.5795  1.70475658  4013
1 43566U 18060C   19075.90321694 -.00000023  00000-0  00000+0 0  9990
2 43566  56.5008  53.6427 0005769 288.3669  71.5670  1.70475656  4029
1 43566U 18060C   19078.24952765 -.00000036  00000-0  00000-0 0  9994
2 43566  56.5026  53.5779 0005733 288.8451  71.0770  1.70475643  4069
1 43566U 18060C   19078.24952794 -.00000036  00000-0  00000+0 0  9995
2 43566  56.5027  53.5780 0005733 288.8406  71.0816  1.70475637  4066
1 43566U 18060C   19079.42268287 -.00000044  00000-0  00000-0 0  9993
2 43566  56.5037  53.5456 0005717 289.0707  70.8452  1.70475644  4089
1 43566U 18060C   19080.59584016 -.00000050  00000-0  00000+0 0  9990
2 43566  56.5045  53.5132 0005698 289.3134  70.5980  1.70475677  4106
1 43566U 18060C   19080.59584016 -.00000050  00000-0  00000-0 0  9991
2 43566  56.5045  53.5132 0005698 289.3134  70.5980  1.70475677  4106
1 43566U 18060C   19082.94216857 -.00000055  00000-0  00000+0 0  9991
2 43566  56.5064  53.4485 0005660 289.8385  70.0713  1.70475719  4149
1 43566U 18060C   19083.52875228 -.00000055  00000-0  00000-0 0  9990
2 43566  56.5068  53.4324 0005660 289.8992  70.0114  1.70475731  4159
1 43566U 18060C   19085.28850778 -.00000053  00000-0  00000+0 0  9995
2 43566  56.5082  53.3839 0005613 290.3732  69.5418  1.70475783  4182
1 43566U 18060C   19085.87509266 -.00000052  00000-0  00000-0 0  9993
2 43566  56.5086  53.3677 0005607 290.4297  69.4866  1.70475783  4193
1 43566U 18060C   19085.87509267 -.00000052  00000-0  00000-0 0  9994
2 43566  56.5085  53.3677 0005592 290.5826  69.3339  1.70475807  4195
1 43566U 18060C   19088.22142869 -.00000049  00000-0  00000+0 0  9992
2 43566  56.5102  53.3031 0005545 291.0016  68.9179  1.70475824  4235
1 43566U 18060C   19090.56775559 -.00000046  00000-0  00000+0 0  9997
2 43566  56.5119  53.2385 0005493 291.6529  68.2646  1.70475851  4277
1 43566U 18060C   19092.91407818 -.00000043  00000-0  00000+0 0  9995
2 43566  56.5136  53.1740 0005448 292.1757  67.7373  1.70475836  4318
1 43566U 18060C   19092.91407818 -.00000043  00000-0  00000-0 0  9996
2 43566  56.5136  53.1740 0005448 292.1757  67.7373  1.70475836  4318
1 43566U 18060C   19092.91407868 -.00000043  00000-0  00000-0 0  9991
2 43566  56.5136  53.1741 0005442 292.3211  67.5921  1.70475832  4313
1 43566U 18060C   19095.26040609 -.00000040  00000-0  00000+0 0  9994
2 43566  56.5151  53.1096 0005391 292.8777  67.0333  1.70475772  4357
1 43566U 18060C   19095.26040609 -.00000040  00000-0  00000-0 0  9995
2 43566  56.5151  53.1096 0005391 292.8777  67.0333  1.70475772  4357
1 43566U 18060C   19098.19332955 -.00000036  00000-0  00000+0 0  9992
2 43566  56.5173  53.0289 0005322 293.5479  66.3685  1.70475646  4403
1 43566U 18060C   19098.77991557 -.00000035  00000-0  00000-0 0  9995
2 43566  56.5177  53.0128 0005310 293.6648  66.2534  1.70475621  4411
1 43566U 18060C   19100.53967226 -.00000034  00000-0  00000+0 0  9997
2 43566  56.5189  52.9643 0005280 293.9990  65.9241  1.70475577  4447
1 43566U 18060C   19101.71284165 -.00000035  00000-0  00000-0 0  9994
2 43566  56.5198  52.9321 0005254 294.1586  65.7661  1.70475518  4466
1 43566U 18060C   19104.64574787 -.00000048  00000-0  00000+0 0  9994
2 43566  56.5213  52.8512 0005173 294.7600  65.1592  1.70475483  4512
1 43566U 18060C   19107.57864782 -.00000067  00000-0  00000-0 0  9998
2 43566  56.5239  52.7704 0005089 295.1433  64.7658  1.70475488  4565
1 43566U 18060C   19108.16523015 -.00000070  00000-0  00000-0 0  9999
2 43566  56.5237  52.7542 0005068 295.3259  64.5826  1.70475495  4572
1 43566U 18060C   19109.33839940 -.00000073  00000-0  00000-0 0  9999
2 43566  56.5237  52.7219 0005011 295.7236  64.1857  1.70475481  4597
1 43566U 18060C   19109.92498335 -.00000074  00000-0  00000+0 0  9993
2 43566  56.5252  52.7057 0005003 295.6983  64.2120  1.70475524  4607
1 43566U 18060C   19112.27132997 -.00000074  00000-0  00000+0 0  9994
2 43566  56.5268  52.6411 0004925 296.1773  63.7415  1.70475597  4647
1 43566U 18060C   19112.85791668 -.00000073  00000-0  00000-0 0  9994
2 43566  56.5273  52.6250 0004913 296.2549  63.6662  1.70475619  4652
1 43566U 18060C   19114.61767636 -.00000071  00000-0  00000+0 0  9995
2 43566  56.5285  52.5765 0004854 296.5468  63.3802  1.70475658  4681
1 43566U 18060C   19114.61767636 -.00000071  00000-0  00000-0 0  9996
2 43566  56.5285  52.5765 0004854 296.5468  63.3802  1.70475658  4681
1 43566U 18060C   19115.20426184 -.00000071  00000-0  00000-0 0  9992
2 43566  56.5289  52.5604 0004835 296.6370  63.2914  1.70475668  4694
1 43566U 18060C   19115.79084640 -.00000070  00000-0  00000-0 0  9992
2 43566  56.5293  52.5442 0004816 296.7371  63.1923  1.70475687  4702
1 43566U 18060C   19116.96401486 -.00000069  00000-0  00000+0 0  9990
2 43566  56.5300  52.5119 0004780 296.9649  62.9655  1.70475688  4724
1 43566U 18060C   19118.13718194 -.00000068  00000-0  00000-0 0  9998
2 43566  56.5308  52.4796 0004735 297.2595  62.6712  1.70475683  4744
1 43566U 18060C   19119.31034763 -.00000066  00000-0  00000+0 0  9999
2 43566  56.5315  52.4474 0004697 297.5432  62.3871  1.70475678  4764
1 43566U 18060C   19121.07009715 -.00000064  00000-0  00000-0 0  9993
2 43566  56.5327  52.3990 0004654 297.8707  62.0595  1.70475644  4796
1 43566U 18060C   19122.24326520 -.00000062  00000-0  00000+0 0  9996
2 43566  56.5335  52.3667 0004611 298.0997  61.8317  1.70475629  4818
1 43566U 18060C   19122.24326520 -.00000062  00000-0  00000-0 0  9997
2 43566  56.5335  52.3667 0004611 298.0997  61.8317  1.70475629  4818
1 43566U 18060C   19122.82984992 -.00000061  00000-0  00000-0 0  9993
2 43566  56.5339  52.3506 0004596 298.1466  61.7858  1.70475620  4829
1 43566U 18060C   19122.82985017 -.00000061  00000-0  00000-0 0  9992
2 43566  56.5339  52.3506 0004590 298.2176  61.7149  1.70475616  4820
1 43566U 18060C   19126.93595971 -.00000054  00000-0  00000+0 0  9995
2 43566  56.5365  52.2375 0004473 298.7997  61.1487  1.70475479  4891
1 43566U 18060C   19129.28230638 -.00000055  00000-0  00000+0 0  9993
2 43566  56.5380  52.1728 0004391 299.1693  60.7868  1.70475406  4939
1 43566U 18060C   19131.62863907 -.00000064  00000-0  00000+0 0  9995
2 43566  56.5396  52.1081 0004305 299.4361  60.5188  1.70475360  4974
1 43566U 18060C   19132.21522053 -.00000068  00000-0  00000-0 0  9990
2 43566  56.5400  52.0920 0004284 299.4816  60.4719  1.70475352  4983
1 43566U 18060C   19133.97496382 -.00000079  00000-0  00000+0 0  9990
2 43566  56.5411  52.0434 0004216 299.6054  60.3436  1.70475369  5014
1 43566U 18060C   19136.90788452 -.00000090  00000-0  00000+0 0  9991
2 43566  56.5431  51.9625 0004121 299.9295  60.0209  1.70475409  5066
1 43566U 18060C   19139.25423501 -.00000090  00000-0  00000+0 0  9993
2 43566  56.5447  51.8979 0004023 300.1940  59.7666  1.70475508  5104
1 43566U 18060C   19141.60058768 -.00000087  00000-0  00000+0 0  9990
2 43566  56.5462  51.8333 0003937 300.4063  59.5652  1.70475548  5148
1 43566U 18060C   19141.60058867 -.00000087  00000-0  00000-0 0  9991
2 43566  56.5462  51.8333 0003921 300.4233  59.5484  1.70475544  5149
1 43566U 18060C   19142.18717541 -.00000086  00000-0  00000-0 0  9995
2 43566  56.5466  51.8171 0003897 300.4649  59.5088  1.70475564  5159
1 43566U 18060C   19143.94693229 -.00000085  00000-0  00000+0 0  9994
2 43566  56.5477  51.7686 0003842 300.6511  59.3265  1.70475588  5185
1 43566U 18060C   19145.12010035 -.00000083  00000-0  00000-0 0  9993
2 43566  56.5485  51.7363 0003804 300.7541  59.2246  1.70475617  5202
1 43566U 18060C   19146.29326815 -.00000081  00000-0  00000+0 0  9995
2 43566  56.5493  51.7040 0003764 300.9169  59.0624  1.70475619  5228
1 43566U 18060C   19146.87985254 -.00000080  00000-0  00000-0 0  9997
2 43566  56.5496  51.6879 0003742 301.0173  58.9622  1.70475603  5233
1 43566U 18060C   19148.05302118 -.00000077  00000-0  00000-0 0  9997
2 43566  56.5504  51.6556 0003700 301.1608  58.8195  1.70475578  5250
1 43566U 18060C   19148.63960521 -.00000076  00000-0  00000+0 0  9997
2 43566  56.5508  51.6394 0003679 301.2255  58.7555  1.70475586  5267
1 43566U 18060C   19149.81277572 -.00000073  00000-0  00000-0 0  9993
2 43566  56.5516  51.6071 0003641 301.2560  58.7272  1.70475563  5289
1 43566U 18060C   19150.98594904 -.00000070  00000-0  00000+0 0  9990
2 43566  56.5524  51.5748 0003596 301.3309  58.6560  1.70475527  5301
1 43566U 18060C   19152.15912378 -.00000067  00000-0  00000-0 0  9997
2 43566  56.5531  51.5425 0003549 301.3402  58.6517  1.70475501  5329
1 43566U 18060C   19153.91888848 -.00000063  00000-0  00000+0 0  9991
2 43566  56.5543  51.4940 0003504 301.3376  58.6628  1.70475453  5356
1 43566U 18060C   19155.67865143 -.00000061  00000-0  00000-0 0  9998
2 43566  56.5555  51.4455 0003452 301.4010  58.6068  1.70475410  5382
1 43566U 18060C   19156.85182396 -.00000062  00000-0  00000+0 0  9991
2 43566  56.5563  51.4131 0003411 301.4446  58.5659  1.70475359  5400
1 43566U 18060C   19156.85182396 -.00000062  00000-0  00000-0 0  9992
2 43566  56.5563  51.4131 0003411 301.4446  58.5659  1.70475359  5400
1 43566U 18060C   19158.61157385 -.00000068  00000-0  00000-0 0  9994
2 43566  56.5575  51.3645 0003336 301.2964  58.7136  1.70475340  5436
1 43566U 18060C   19160.95789966 -.00000080  00000-0  00000+0 0  9993
2 43566  56.5591  51.2998 0003246 301.1246  58.8798  1.70475337  5471
1 43566U 18060C   19163.30423085 -.00000090  00000-0  00000+0 0  9993
2 43566  56.5608  51.2351 0003162 300.9042  59.0985  1.70475403  5511
1 43566U 18060C   19167.99692958 -.00000088  00000-0  00000+0 0  9996
2 43566  56.5642  51.1057 0002975 300.5989  59.4217  1.70475546  5596
1 43566U 18060C   19170.34327550 -.00000085  00000-0  00000-0 0  9990
2 43566  56.5656  51.0411 0002880 300.2977  59.7298  1.70475598  5637
1 43566U 18060C   19170.92985971 -.00000084  00000-0  00000-0 0  9990
2 43566  56.5660  51.0250 0002867 300.2546  59.7736  1.70475618  5641
1 43566U 18060C   19170.92986006 -.00000084  00000-0  00000+0 0  9999
2 43566  56.5661  51.0250 0002870 300.2460  59.7822  1.70475604  5642
1 43566U 18060C   19173.27619333 -.00000080  00000-0  00000+0 0  9992
2 43566  56.5677  50.9604 0002791 300.0387  59.9901  1.70475672  5687
1 43566U 18060C   19175.03594266 -.00000075  00000-0  00000-0 0  9990
2 43566  56.5688  50.9120 0002730 299.8901  60.1385  1.70475678  5712
1 43566U 18060C   19175.62252652 -.00000073  00000-0  00000+0 0  9992
2 43566  56.5692  50.8958 0002709 299.8051  60.2236  1.70475666  5721
1 43566U 18060C   19177.38228083 -.00000068  00000-0  00000-0 0  9993
2 43566  56.5704  50.8473 0002646 299.4416  60.5894  1.70475618  5751
1 43566U 18060C   19177.96886566 -.00000066  00000-0  00000+0 0  9990
2 43566  56.5708  50.8312 0002630 299.1984  60.8339  1.70475622  5760
1 43566U 18060C   19182.66155977 -.00000053  00000-0  00000+0 0  9994
2 43566  56.5741  50.7018 0002500 297.7883  62.2607  1.70475504  5849
1 43566U 18060C   19183.24814462 -.00000052  00000-0  00000-0 0  9990
2 43566  56.5746  50.6856 0002481 297.4714  62.5790  1.70475500  5854
1 43566U 18060C   19185.59447804 -.00000056  00000-0  00000+0 0  9995
2 43566  56.5764  50.6209 0002403 296.5391  63.5105  1.70475434  5892
1 43566U 18060C   19185.59447804 -.00000056  00000-0  00000-0 0  9996
2 43566  56.5764  50.6209 0002403 296.5391  63.5105  1.70475434  5892
1 43566U 18060C   19187.94079824 -.00000067  00000-0  00000+0 0  9991
2 43566  56.5781  50.5562 0002329 295.4305  64.6111  1.70475444  5937
1 43566U 18060C   19189.11395859 -.00000072  00000-0  00000-0 0  9998
2 43566  56.5789  50.5238 0002294 294.8314  65.2064  1.70475469  5952
1 43566U 18060C   19190.28712234 -.00000077  00000-0  00000+0 0  9992
2 43566  56.5799  50.4915 0002261 294.2621  65.7739  1.70475492  5975
1 43566U 18060C   19190.87370576 -.00000078  00000-0  00000-0 0  9998
2 43566  56.5802  50.4754 0002245 294.0533  65.9826  1.70475504  5987
1 43566U 18060C   19192.04687426 -.00000079  00000-0  00000-0 0  9995
2 43566  56.5811  50.4430 0002206 293.2249  66.8126  1.70475573  6003
1 43566U 18060C   19194.97980537 -.00000075  00000-0  00000+0 0  9993
2 43566  56.5833  50.3622 0002123 291.8612  68.1850  1.70475655  6050
1 43566U 18060C   19197.91272901 -.00000071  00000-0  00000+0 0  9995
2 43566  56.5855  50.2816 0002043 290.0015  70.0487  1.70475718  6101
1 43566U 18060C   19197.91272937 -.00000071  00000-0  00000-0 0  9995
2 43566  56.5854  50.2816 0002050 290.0599  69.9903  1.70475701  6107
1 43566U 18060C   19200.25905565 -.00000066  00000-0  00000+0 0  9990
2 43566  56.5874  50.2171 0001994 288.8119  71.2358  1.70475807  6143
1 43566U 18060C   19200.84563677 -.00000065  00000-0  00000-0 0  9999
2 43566  56.5877  50.2010 0001981 288.4701  71.5766  1.70475820  6159
1 43566U 18060C   19202.60538116 -.00000060  00000-0  00000+0 0  9999
2 43566  56.5891  50.1527 0001946 287.4806  72.5634  1.70475822  6183
1 43566U 18060C   19203.77854557 -.00000056  00000-0  00000-0 0  9994
2 43566  56.5900  50.1204 0001926 286.7575  73.2856  1.70475808  6200
1 43566U 18060C   19204.95171183 -.00000051  00000-0  00000+0 0  9996
2 43566  56.5908  50.0881 0001902 285.9691  74.0744  1.70475796  6225
1 43566U 18060C   19209.64439251 -.00000037  00000-0  00000-0 0  9995
2 43566  56.5939  49.9590 0001836 281.6673  78.3860  1.70475632  6306
1 43566U 18060C   19212.57730234 -.00000037  00000-0  00000+0 0  9995
2 43566  56.5961  49.8782 0001810 279.6736  80.3773  1.70475629  6359
1 43566U 18060C   19213.75046033 -.00000042  00000-0  00000-0 0  9990
2 43566  56.5970  49.8459 0001799 278.7638  81.2823  1.70475610  6375
1 43566U 18060C   19214.33703886 -.00000044  00000-0  00000-0 0  9993
2 43566  56.5975  49.8297 0001794 277.8559  82.1872  1.70475595  6384
1 43566U 18060C   19214.33703902 -.00000044  00000-0  00000-0 0  9992
2 43566  56.5976  49.8298 0001791 278.0338  82.0093  1.70475592  6382
1 43566U 18060C   19215.51019453 -.00000050  00000-0  00000-0 0  9991
2 43566  56.5984  49.7974 0001785 276.8306  83.2064  1.70475613  6403
1 43566U 18060C   19216.68335191 -.00000056  00000-0  00000-0 0  9996
2 43566  56.5994  49.7651 0001781 275.7118  84.3200  1.70475636  6422
1 43566U 18060C   19218.44309510 -.00000061  00000-0  00000+0 0  9993
2 43566  56.6008  49.7167 0001779 273.7989  86.2290  1.70475654  6455
1 43566U 18060C   19219.61626118 -.00000062  00000-0  00000-0 0  9991
2 43566  56.6019  49.6845 0001772 272.2739  87.7543  1.70475700  6470
1 43566U 18060C   19221.96259835 -.00000060  00000-0  00000+0 0  9997
2 43566  56.6035  49.6199 0001757 269.9196  90.1123  1.70475794  6513
1 43566U 18060C   19224.30893184 -.00000057  00000-0  00000+0 0  9995
2 43566  56.6053  49.5555 0001755 267.5072  92.5259  1.70475865  6552
1 43566U 18060C   19226.65525502 -.00000054  00000-0  00000+0 0  9998
2 43566  56.6070  49.4911 0001767 265.1130  94.9159  1.70475942  6593
1 43566U 18060C   19229.00157315 -.00000049  00000-0  00000+0 0  9997
2 43566  56.6088  49.4268 0001783 262.8726  97.1496  1.70476007  6637
1 43566U 18060C   19230.76131391 -.00000044  00000-0  00000-0 0  9994
2 43566  56.6101  49.3785 0001796 261.6327  98.3856  1.70475997  6667
1 43566U 18060C   19231.34789450 -.00000042  00000-0  00000+0 0  9991
2 43566  56.6105  49.3624 0001805 260.6151  99.4023  1.70476006  6679
1 43566U 18060C   19231.93447665 -.00000040  00000-0  00000-0 0  9994
2 43566  56.6113  49.3463 0001815 260.4630  99.5540  1.70475977  6682
1 43566U 18060C   19234.28080928 -.00000032  00000-0  00000-0 0  9991
2 43566  56.6128  49.2818 0001844 259.6313 100.3870  1.70475898  6725
1 43566U 18060C   19236.62714424 -.00000026  00000-0  00000+0 0  9998
2 43566  56.6147  49.2174 0001884 258.0318 101.9899  1.70475839  6760
1 43566U 18060C   19238.97347230 -.00000025  00000-0  00000+0 0  9994
2 43566  56.6170  49.1529 0001924 256.4452 103.5750  1.70475764  6801
1 43566U 18060C   19239.56005150 -.00000026  00000-0  00000-0 0  9994
2 43566  56.6168  49.1367 0001926 255.9942 104.0243  1.70475772  6811
1 43566U 18060C   19241.31978533 -.00000033  00000-0  00000+0 0  9991
2 43566  56.6168  49.0883 0001975 254.6490 105.3608  1.70475735  6842
1 43566U 18060C   19241.90636281 -.00000036  00000-0  00000-0 0  9991
2 43566  56.6172  49.0722 0001979 254.5857 105.4207  1.70475731  6852
1 43566U 18060C   19244.25267250 -.00000048  00000-0  00000+0 0  9990
2 43566  56.6193  49.0076 0002029 253.2882 106.7058  1.70475754  6895
1 43566U 18060C   19244.25267250 -.00000048  00000-0  00000-0 0  9991
2 43566  56.6193  49.0076 0002029 253.2882 106.7058  1.70475754  6895
1 43566U 18060C   19246.59899523 -.00000054  00000-0  00000+0 0  9990
2 43566  56.6209  48.9431 0002074 252.0015 107.9884  1.70475823  6933
1 43566U 18060C   19248.94532832 -.00000055  00000-0  00000+0 0  9999
2 43566  56.6226  48.8786 0002123 250.6548 109.3371  1.70475915  6977
1 43566U 18060C   19251.29165911 -.00000053  00000-0  00000+0 0  9999
2 43566  56.6242  48.8142 0002170 249.5681 110.4247  1.70476005  7010
1 43566U 18060C   19252.46482054 -.00000053  00000-0  00000-0 0  9990
2 43566  56.6248  48.7820 0002197 249.2182 110.7730  1.70476051  7033
1 43566U 18060C   19253.63798042 -.00000052  00000-0  00000+0 0  9995
2 43566  56.6268  48.7499 0002237 248.3702 111.6182  1.70476087  7052
1 43566U 18060C   19255.98429807 -.00000050  00000-0  00000+0 0  9993
2 43566  56.6284  48.6857 0002290 247.9030 112.0785  1.70476113  7093
1 43566U 18060C   19256.57087713 -.00000048  00000-0  00000-0 0  9993
2 43566  56.6291  48.6696 0002306 247.7701 112.2097  1.70476122  7103
1 43566U 18060C   19257.15745668 -.00000047  00000-0  00000-0 0  9997
2 43566  56.6295  48.6535 0002324 247.6449 112.3335  1.70476128  7110
1 43566U 18060C   19258.91719899 -.00000042  00000-0  00000+0 0  9993
2 43566  56.6307  48.6053 0002370 247.2123 112.7635  1.70476108  7143
1 43566U 18060C   19261.26352826 -.00000035  00000-0  00000+0 0  9990
2 43566  56.6325  48.5410 0002431 246.9585 113.0187  1.70476084  7188
1 43566U 18060C   19263.02327996 -.00000031  00000-0  00000-0 0  9993
2 43566  56.6340  48.4927 0002507 246.8502 113.1298  1.70475992  7214
1 43566U 18060C   19265.95619346 -.00000028  00000-0  00000+0 0  9995
2 43566  56.6360  48.4122 0002579 246.6231 113.3584  1.70475915  7269
1 43566U 18060C   19266.54277324 -.00000029  00000-0  00000-0 0  9999
2 43566  56.6362  48.3961 0002606 246.4453 113.5350  1.70475892  7274
1 43566U 18060C   19268.30250848 -.00000036  00000-0  00000+0 0  9994
2 43566  56.6375  48.3477 0002650 246.3014 113.6721  1.70475885  7300
1 43566U 18060C   19269.47566262 -.00000042  00000-0  00000-0 0  9991
2 43566  56.6381  48.3154 0002682 246.1339 113.8335  1.70475882  7324
1 43566U 18060C   19270.64881625 -.00000049  00000-0  00000-0 0  9992
2 43566  56.6389  48.2831 0002740 245.9937 113.9676  1.70475896  7345
1 43566U 18060C   19270.64881672 -.00000049  00000-0  00000+0 0  9993
2 43566  56.6389  48.2831 0002731 245.8947 114.0668  1.70475887  7348
1 43566U 18060C   19272.99513595 -.00000060  00000-0  00000+0 0  9992
2 43566  56.6406  48.2187 0002810 245.8435 114.1116  1.70475898  7387
1 43566U 18060C   19273.58171823 -.00000062  00000-0  00000-0 0  9995
2 43566  56.6410  48.2026 0002820 245.9399 114.0152  1.70475907  7396
1 43566U 18060C   19274.16830073 -.00000063  00000-0  00000-0 0  9990
2 43566  56.6417  48.1864 0002825 245.9927 113.9628  1.70475939  7407
1 43566U 18060C   19275.92805131 -.00000064  00000-0  00000+0 0  9992
2 43566  56.6429  48.1381 0002876 245.9149 114.0436  1.70476007  7435
1 43566U 18060C   19277.10121856 -.00000064  00000-0  00000-0 0  9990
2 43566  56.6434  48.1059 0002910 245.9562 114.0042  1.70476052  7456
1 43566U 18060C   19280.03412816 -.00000065  00000-0  00000+0 0  9995
2 43566  56.6454  48.0254 0003009 246.0000 113.9606  1.70476181  7506
1 43566U 18060C   19281.20728993 -.00000065  00000-0  00000-0 0  9992
2 43566  56.6464  47.9932 0003056 246.1066 113.8520  1.70476174  7521
1 43566U 18060C   19282.38045022 -.00000065  00000-0  00000+0 0  9996
2 43566  56.6472  47.9610 0003070 246.2041 113.7524  1.70476174  7548
1 43566U 18060C   19285.89993161 -.00000058  00000-0  00000+0 0  9993
2 43566  56.6494  47.8646 0003158 246.6213 113.3313  1.70476263  7600
1 43566U 18060C   19285.89993175 -.00000058  00000-0  00000-0 0  9999
2 43566  56.6492  47.8646 0003173 246.7603 113.1921  1.70476254  7602
1 43566U 18060C   19288.24626399 -.00000052  00000-0  00000+0 0  9995
2 43566  56.6507  47.8003 0003241 247.0290 112.9270  1.70476219  7647
1 43566U 18060C   19289.41943352 -.00000048  00000-0  00000-0 0  9992
2 43566  56.6516  47.7681 0003329 247.4756 112.4831  1.70476152  7662
1 43566U 18060C   19290.59260142 -.00000046  00000-0  00000-0 0  9990
2 43566  56.6524  47.7359 0003406 247.9110 112.0509  1.70476119  7681
1 43566U 18060C   19290.59260234 -.00000046  00000-0  00000+0 0  9991
2 43566  56.6524  47.7359 0003381 247.7597 112.2025  1.70476124  7681
1 43566U 18060C   19292.35235260 -.00000044  00000-0  00000-0 0  9997
2 43566  56.6535  47.6876 0003466 248.2527 111.7129  1.70476066  7717
1 43566U 18060C   19295.28525661 -.00000050  00000-0  00000+0 0  9995
2 43566  56.6554  47.6070 0003537 248.5321 111.4304  1.70476007  7760
1 43566U 18060C   19299.39130836 -.00000073  00000-0  00000+0 0  9992
2 43566  56.6581  47.4941 0003675 249.1217 110.8276  1.70475986  7833
1 43566U 18060C   19299.97788950 -.00000075  00000-0  00000-0 0  9995
2 43566  56.6585  47.4781 0003692 249.2054 110.7437  1.70476002  7847
1 43566U 18060C   19302.32422354 -.00000080  00000-0  00000+0 0  9997
2 43566  56.6601  47.4136 0003786 249.8179 110.1350  1.70476045  7887
1 43566U 18060C   19302.91080749 -.00000080  00000-0  00000-0 0  9991
2 43566  56.6605  47.3975 0003801 249.9191 110.0356  1.70476079  7897
1 43566U 18060C   19305.25714487 -.00000081  00000-0  00000+0 0  9994
2 43566  56.6619  47.3330 0003875 250.3422 109.6187  1.70476153  7935
1 43566U 18060C   19307.01689189 -.00000082  00000-0  00000-0 0  9992
2 43566  56.6630  47.2846 0003954 250.8610 109.1013  1.70476241  7965
1 43566U 18060C   19308.77663567 -.00000082  00000-0  00000+0 0  9997
2 43566  56.6624  47.2363 0004020 251.4117 108.5496  1.70476257  7994
1 43566U 18060C   19309.36321640 -.00000082  00000-0  00000-0 0  9997
2 43566  56.6632  47.2202 0004032 251.5413 108.4196  1.70476271  8003
1 43566U 18060C   19310.53637614 -.00000081  00000-0  00000-0 0  9998
2 43566  56.6652  47.1880 0004041 251.7321 108.2282  1.70476346  8025
1 43566U 18060C   19310.53637620 -.00000081  00000-0  00000-0 0  9995
2 43566  56.6652  47.1880 0004052 251.8406 108.1196  1.70476350  8020
1 43566U 18060C   19313.46928565 -.00000074  00000-0  00000+0 0  9992
2 43566  56.6671  47.1076 0004128 252.5238 107.4378  1.70476344  8075
1 43566U 18060C   19316.98879272 -.00000063  00000-0  00000+0 0  9990
2 43566  56.6692  47.0110 0004245 253.5496 106.4233  1.70476267  8133
1 43566U 18060C   19317.57537853 -.00000061  00000-0  00000-0 0  9991
2 43566  56.6696  46.9949 0004262 253.7252 106.2502  1.70476239  8143
1 43566U 18060C   19318.74854858 -.00000058  00000-0  00000-0 0  9994
2 43566  56.6704  46.9626 0004303 253.9244 106.0553  1.70476196  8162
1 43566U 18060C   19319.92171639 -.00000057  00000-0  00000+0 0  9992
2 43566  56.6711  46.9304 0004335 254.2594 105.7232  1.70476160  8183
1 43566U 18060C   19321.68146077 -.00000059  00000-0  00000-0 0  9999
2 43566  56.6722  46.8819 0004406 254.8358 105.1470  1.70476103  8217
1 43566U 18060C   19322.26804190 -.00000061  00000-0  00000+0 0  9993
2 43566  56.6727  46.8657 0004425 254.9519 105.0299  1.70476079  8224
1 43566U 18060C   19324.02777740 -.00000069  00000-0  00000-0 0  9998
2 43566  56.6738  46.8172 0004496 255.5561 104.4206  1.70476068  8252
1 43566U 18060C   19325.20093553 -.00000075  00000-0  00000+0 0  9998
2 43566  56.6746  46.7850 0004513 255.7079 104.2656  1.70476075  8276
1 43566U 18060C   19326.37409523 -.00000081  00000-0  00000-0 0  9993
2 43566  56.6754  46.7527 0004579 256.3274 103.6437  1.70476067  8295
1 43566U 18060C   19326.37409559 -.00000081  00000-0  00000-0 0  9992
2 43566  56.6754  46.7527 0004565 256.1898 103.7815  1.70476070  8295
1 43566U 18060C   19329.30701133 -.00000088  00000-0  00000+0 0  9997
2 43566  56.6773  46.6720 0004650 256.9839 102.9915  1.70476100  8340
1 43566U 18060C   19332.23993367 -.00000089  00000-0  00000-0 0  9997
2 43566  56.6792  46.5913 0004738 257.8043 102.1805  1.70476222  8398
1 43566U 18060C   19332.23993435 -.00000089  00000-0  00000+0 0  9992
2 43566  56.6792  46.5913 0004728 257.7431 102.2418  1.70476198  8390
1 43566U 18060C   19333.41310110 -.00000089  00000-0  00000-0 0  9997
2 43566  56.6799  46.5590 0004762 258.0234 101.9637  1.70476225  8414
1 43566U 18060C   19334.58626522 -.00000089  00000-0  00000+0 0  9992
2 43566  56.6806  46.5268 0004795 258.3558 101.6319  1.70476265  8433
1 43566U 18060C   19336.93258900 -.00000088  00000-0  00000-0 0  9994
2 43566  56.6821  46.4622 0004859 259.1103 100.8764  1.70476327  8477
1 43566U 18060C   19339.27891338 -.00000082  00000-0  00000+0 0  9995
2 43566  56.6836  46.3977 0004922 259.9074 100.0787  1.70476362  8512
1 43566U 18060C   19341.03866188 -.00000076  00000-0  00000-0 0  9991
2 43566  56.6847  46.3493 0004975 260.5363  99.4520  1.70476332  8540
1 43566U 18060C   19342.21182989 -.00000072  00000-0  00000+0 0  9997
2 43566  56.6855  46.3171 0004993 260.7278  99.2638  1.70476320  8566
1 43566U 18060C   19345.14475497 -.00000061  00000-0  00000+0 0  9999
2 43566  56.6873  46.2364 0005090 261.8098  98.1926  1.70476237  8611
1 43566U 18060C   19346.31792485 -.00000057  00000-0  00000-0 0  9994
2 43566  56.6881  46.2041 0005137 262.3494  97.6565  1.70476170  8631
1 43566U 18060C   19347.49109138 -.00000055  00000-0  00000+0 0  9998
2 43566  56.6889  46.1718 0005150 262.5894  97.4189  1.70476146  8655
1 43566U 18060C   19348.07767373 -.00000055  00000-0  00000-0 0  9995
2 43566  56.6893  46.1556 0005169 262.7667  97.2418  1.70476115  8660
1 43566U 18060C   19349.25083524 -.00000056  00000-0  00000-0 0  9996
2 43566  56.6901  46.1233 0005195 263.0867  96.9206  1.70476080  8681
1 43566U 18060C   19351.59715045 -.00000065  00000-0  00000+0 0  9995
2 43566  56.6917  46.0587 0005254 263.7390  96.2610  1.70476034  8729
1 43566U 18060C   19352.18372963 -.00000068  00000-0  00000-0 0  9993
2 43566  56.6921  46.0424 0005283 263.9648  96.0331  1.70476001  8737
1 43566U 18060C   19353.35688673 -.00000073  00000-0  00000-0 0  9997
2 43566  56.6929  46.0101 0005324 264.4809  95.5137  1.70476025  8754
1 43566U 18060C   19353.35688809 -.00000073  00000-0  00000-0 0  9998
2 43566  56.6929  46.0101 0005310 264.3005  95.6942  1.70476002  8756
1 43566U 18060C   19355.70321511 -.00000079  00000-0  00000+0 0  9998
2 43566  56.6946  45.9455 0005378 265.2020  94.7924  1.70476022  8792
1 43566U 18060C   19360.98246819 -.00000079  00000-0  00000+0 0  9991
2 43566  56.6983  45.8003 0005472 266.6438  93.3603  1.70476165  8881
1 43566U 18060C   19362.15563033 -.00000079  00000-0  00000-0 0  9993
2 43566  56.6990  45.7680 0005499 267.0818  92.9215  1.70476211  8904
1 43566U 18060C   19363.32879124 -.00000078  00000-0  00000+0 0  9992
2 43566  56.6997  45.7357 0005524 267.4557  92.5459  1.70476235  8929

