1 26605U 00071A   20090.83393309  .00000009  00000-0  00000+0 0  9994
2 26605  55.0298 184.5558 0113989 250.1265  89.2237  2.00568761142023
1 26605U 00071A   20090.83393309  .00000009  00000-0  00000-0 0  9995
2 26605  55.0298 184.5558 0113989 250.1265  89.2237  2.00568761142023
1 26605U 00071A   20093.40408895 -.00000002  00000-0  00000+0 0  9991
2 26605  55.0297 184.4544 0114119 250.1495 145.0371  2.00568631142078
1 26605U 00071A   20093.40408895 -.00000002  00000-0  00000-0 0  9992
2 26605  55.0297 184.4544 0114119 250.1495 145.0371  2.00568631142089
1 26605U 00071A   20095.78726434  .00000003  00000-0  00000+0 0  9996
2 26605  55.0297 184.3603 0114221 250.1679  65.8404  2.00568509142127
1 26605U 00071A   20096.32185302  .00000006  00000-0  00000-0 0  9994
2 26605  55.0297 184.3392 0114246 250.1717  91.8474  2.00568483142130
1 26605U 00071A   20098.39122053  .00000022  00000-0  00000+0 0  9994
2 26605  55.0297 184.2575 0114360 250.1935 146.0550  2.00568400142172
1 26605U 00071A   20099.41168502  .00000026  00000-0  00000-0 0  9992
2 26605  55.0296 184.2171 0114406 250.2005 162.8953  2.00568368142203
1 26605U 00071A   20100.32967451  .00000025  00000-0  00000-0 0  9994
2 26605  55.0296 184.1808 0114452 250.2081 105.7406  2.00568342142216
1 26605U 00071A   20101.30465153  .00000019  00000-0  00000+0 0  9997
2 26605  55.0295 184.1423 0114501 250.2132  89.7375  2.00568318142231
1 26605U 00071A   20101.84643398  .00000014  00000-0  00000-0 0  9991
2 26605  55.0295 184.1209 0114505 250.2126 120.9430  2.00568305142258
1 26605U 00071A   20102.30153293  .00000008  00000-0  00000-0 0  9996
2 26605  55.0295 184.1030 0114532 250.2163  89.5526  2.00568293142253
1 26605U 00071A   20103.45121179 -.00000008  00000-0  00000+0 0  9991
2 26605  55.0294 184.0576 0114612 250.2275 199.6895  2.00568252142278
1 26605U 00071A   20104.81643128 -.00000025  00000-0  00000-0 0  9995
2 26605  55.0294 184.0037 0114666 250.2349 105.4659  2.00568223142306
1 26605U 00071A   20105.37062472 -.00000030  00000-0  00000-0 0  9990
2 26605  55.0294 183.9819 0114701 250.2423 145.6248  2.00568219142322
1 26605U 00071A   20105.82149170 -.00000033  00000-0  00000+0 0  9993
2 26605  55.0294 183.9641 0114722 250.2457 111.1787  2.00568210142322
1 26605U 00071A   20105.82149170 -.00000033  00000-0  00000-0 0  9994
2 26605  55.0294 183.9641 0114722 250.2457 111.1787  2.00568210142333
1 26605U 00071A   20106.48058605 -.00000035  00000-0  00000-0 0  9991
2 26605  55.0294 183.9380 0114764 250.2553 227.0805  2.00568179142349
1 26605U 00071A   20106.83235558 -.00000035  00000-0  00000-0 0  9994
2 26605  55.0294 183.9242 0114782 250.2581 121.0797  2.00568172142354
1 26605U 00071A   20107.29141910 -.00000034  00000-0  00000-0 0  9992
2 26605  55.0294 183.9061 0114807 250.2609  92.5527  2.00568167142359
1 26605U 00071A   20108.38477527 -.00000026  00000-0  00000+0 0  9999
2 26605  55.0294 183.8629 0114871 250.2698 162.0227  2.00568146142376
1 26605U 00071A   20109.39519222 -.00000013  00000-0  00000-0 0  9997
2 26605  55.0294 183.8231 0114927 250.2797 171.6037  2.00568127142405
1 26605U 00071A   20112.29709127  .00000028  00000-0  00000+0 0  9999
2 26605  55.0294 183.7086 0115065 250.3064 106.9480  2.00568040142456
1 26605U 00071A   20112.29709127  .00000028  00000-0  00000-0 0  9990
2 26605  55.0294 183.7086 0115065 250.3064 106.9480  2.00568040142456
1 26605U 00071A   20114.29674562  .00000044  00000-0  00000-0 0  9994
2 26605  55.0294 183.6297 0115183 250.3216 110.8201  2.00567937142504
1 26605U 00071A   20115.30106235  .00000046  00000-0  00000+0 0  9995
2 26605  55.0294 183.5901 0115229 250.3273 115.9994  2.00567870142511
1 26605U 00071A   20116.42595059  .00000045  00000-0  00000-0 0  9995
2 26605  55.0295 183.5457 0115294 250.3403 208.2320  2.00567794142542
1 26605U 00071A   20117.28422677  .00000043  00000-0  00000-0 0  9993
2 26605  55.0295 183.5119 0115341 250.3501 107.9559  2.00567740142550
1 26605U 00071A   20118.31123830  .00000039  00000-0  00000+0 0  9991
2 26605  55.0295 183.4714 0115395 250.3646 129.5131  2.00567676142575
1 26605U 00071A   20118.31123830  .00000039  00000-0  00000-0 0  9992
2 26605  55.0295 183.4714 0115397 250.3645 129.5132  2.00567675142587
1 26605U 00071A   20119.27954223  .00000035  00000-0  00000-0 0  9992
2 26605  55.0295 183.4331 0115443 250.3755 108.6832  2.00567620142604
1 26605U 00071A   20120.23387137  .00000032  00000-0  00000-0 0  9991
2 26605  55.0296 183.3954 0115487 250.3865  77.7618  2.00567554142610
1 26605U 00071A   20120.47323383  .00000032  00000-0  00000+0 0  9999
2 26605  55.0296 183.3860 0115511 250.3914 250.5926  2.00567534142610
1 26605U 00071A   20120.73648115  .00000032  00000-0  00000-0 0  9992
2 26605  55.0296 183.3756 0115520 250.3940  80.6722  2.00567517142621
1 26605U 00071A   20121.81400927  .00000033  00000-0  00000-0 0  9990
2 26605  55.0297 183.3331 0115564 250.4027 138.7111  2.00567458142650
1 26605U 00071A   20122.24894720  .00000035  00000-0  00000-0 0  9998
2 26605  55.0297 183.3159 0115584 250.4069  92.7612  2.00567435142656
1 26605U 00071A   20122.33701581  .00000035  00000-0  00000-0 0  9990
2 26605  55.0297 183.3124 0115593 250.4103 156.3493  2.00567434142661
1 26605U 00071A   20123.26287611  .00000040  00000-0  00000+0 0  9991
2 26605  55.0298 183.2759 0115635 250.4195 104.8732  2.00567387142675
1 26605U 00071A   20124.22838145  .00000048  00000-0  00000-0 0  9991
2 26605  55.0299 183.2378 0115681 250.4296  82.0220  2.00567332142697
1 26605U 00071A   20124.81077438  .00000053  00000-0  00000-0 0  9992
2 26605  55.0299 183.2148 0115713 250.4347 142.5434  2.00567302142714
1 26605U 00071A   20125.34244132  .00000057  00000-0  00000+0 0  9991
2 26605  55.0299 183.1938 0115737 250.4402 166.4369  2.00567286142711
1 26605U 00071A   20126.23000478  .00000063  00000-0  00000-0 0  9991
2 26605  55.0300 183.1587 0115771 250.4475  87.3093  2.00567253142733
1 26605U 00071A   20126.27307101  .00000063  00000-0  00000-0 0  9998
2 26605  55.0300 183.1570 0115774 250.4476 118.4059  2.00567251142746
1 26605U 00071A   20127.22475269  .00000065  00000-0  00000-0 0  9997
2 26605  55.0300 183.1195 0115824 250.4579  85.5725  2.00567209142757
1 26605U 00071A   20127.46624675  .00000064  00000-0  00000+0 0  9998
2 26605  55.0301 183.1099 0115826 250.4598 259.9455  2.00567205142757
1 26605U 00071A   20127.73243042  .00000064  00000-0  00000-0 0  9994
2 26605  55.0300 183.0994 0115833 250.4603  92.1471  2.00567195142768
1 26605U 00071A   20129.22362892  .00000052  00000-0  00000-0 0  9992
2 26605  55.0301 183.0406 0115892 250.4723  88.8787  2.00567148142798
1 26605U 00071A   20129.33030826  .00000051  00000-0  00000-0 0  9992
2 26605  55.0301 183.0363 0115898 250.4728 165.9077  2.00567145142809
1 26605U 00071A   20130.45459628  .00000037  00000-0  00000+0 0  9995
2 26605  55.0302 182.9920 0115938 250.4805 257.7099  2.00567119142814
1 26605U 00071A   20130.77427528  .00000032  00000-0  00000-0 0  9990
2 26605  55.0302 182.9793 0115945 250.4791 128.5405  2.00567107142839
1 26605U 00071A   20131.33026899  .00000025  00000-0  00000-0 0  9991
2 26605  55.0302 182.9574 0115968 250.4840 169.9997  2.00567098142841
1 26605U 00071A   20131.69844125  .00000020  00000-0  00000-0 0  9995
2 26605  55.0302 182.9428 0115981 250.4873  75.8408  2.00567090142844
1 26605U 00071A   20132.23951150  .00000014  00000-0  00000-0 0  9996
2 26605  55.0302 182.9215 0116003 250.4904 106.5259  2.00567077142851
1 26605U 00071A   20132.74138862  .00000010  00000-0  00000+0 0  9994
2 26605  55.0303 182.9017 0116023 250.4940 108.9104  2.00567065142867
1 26605U 00071A   20133.22769306  .00000007  00000-0  00000-0 0  9998
2 26605  55.0303 182.8825 0116044 250.4976 100.0504  2.00567054142871
1 26605U 00071A   20134.22831144  .00000006  00000-0  00000-0 0  9998
2 26605  55.0304 182.8430 0116088 250.5053 102.5545  2.00567035142892
1 26605U 00071A   20134.72883124  .00000008  00000-0  00000-0 0  9990
2 26605  55.0304 182.8232 0116115 250.5111 103.9565  2.00567020142901
1 26605U 00071A   20135.22843854  .00000011  00000-0  00000+0 0  9995
2 26605  55.0305 182.8035 0116137 250.5156 104.7011  2.00567012142913
1 26605U 00071A   20135.22843854  .00000011  00000-0  00000-0 0  9996
2 26605  55.0305 182.8035 0116137 250.5156 104.7011  2.00567012142913
1 26605U 00071A   20135.70564942  .00000016  00000-0  00000-0 0  9992
2 26605  55.0306 182.7847 0116150 250.5202  89.2737  2.00567006142927
1 26605U 00071A   20136.29638574  .00000023  00000-0  00000-0 0  9998
2 26605  55.0306 182.7614 0116173 250.5246 155.8193  2.00566992142943
1 26605U 00071A   20136.68695507  .00000028  00000-0  00000-0 0  9995
2 26605  55.0306 182.7460 0116188 250.5296  77.8307  2.00566983142943
1 26605U 00071A   20137.23444902  .00000036  00000-0  00000+0 0  9996
2 26605  55.0307 182.7244 0116208 250.5338 113.1526  2.00566968142955
1 26605U 00071A   20137.72272875  .00000043  00000-0  00000-0 0  9997
2 26605  55.0307 182.7051 0116222 250.5371 105.7189  2.00566954142962
1 26605U 00071A   20139.43998431  .00000067  00000-0  00000-0 0  9996
2 26605  55.0309 182.6374 0116312 250.5565 265.6684  2.00566880142993
1 26605U 00071A   20139.66356935  .00000069  00000-0  00000-0 0  9990
2 26605  55.0309 182.6286 0116319 250.5602  67.1076  2.00566871143007
1 26605U 00071A   20140.44536453  .00000077  00000-0  00000-0 0  9992
2 26605  55.0309 182.5977 0116345 250.5629 271.6111  2.00566829143028
1 26605U 00071A   20140.69238747  .00000079  00000-0  00000-0 0  9996
2 26605  55.0309 182.5880 0116350 250.5664  89.9740  2.00566815143029
1 26605U 00071A   20141.22804895  .00000082  00000-0  00000-0 0  9993
2 26605  55.0310 182.5670 0116359 250.5707 116.7517  2.00566785143044
1 26605U 00071A   20141.71344491  .00000084  00000-0  00000+0 0  9999
2 26605  55.0310 182.5478 0116381 250.5758 107.2335  2.00566758143044
1 26605U 00071A   20142.22971177  .00000085  00000-0  00000-0 0  9995
2 26605  55.0311 182.5275 0116402 250.5803 120.0068  2.00566728143060
1 26605U 00071A   20143.22797176  .00000085  00000-0  00000-0 0  9991
2 26605  55.0311 182.4881 0116443 250.5917 120.8029  2.00566668143083
1 26605U 00071A   20145.20188267  .00000079  00000-0  00000-0 0  9999
2 26605  55.0312 182.4102 0116519 250.6132 106.0705  2.00566538143111
1 26605U 00071A   20147.64581025  .00000071  00000-0  00000+0 0  9999
2 26605  55.0314 182.3138 0116595 250.6355  70.7179  2.00566369143161
1 26605U 00071A   20149.23313270  .00000072  00000-0  00000-0 0  9993
2 26605  55.0316 182.2511 0116650 250.6437 136.8557  2.00566253143201
1 26605U 00071A   20149.72131079  .00000074  00000-0  00000+0 0  9993
2 26605  55.0316 182.2319 0116664 250.6466 129.3479  2.00566226143204
1 26605U 00071A   20150.23231920  .00000077  00000-0  00000-0 0  9991
2 26605  55.0317 182.2117 0116682 250.6510 138.3237  2.00566204143221
1 26605U 00071A   20150.68634903  .00000080  00000-0  00000-0 0  9992
2 26605  55.0317 182.1938 0116697 250.6526 106.1601  2.00566183143228
1 26605U 00071A   20151.18579600  .00000083  00000-0  00000-0 0  9993
2 26605  55.0318 182.1741 0116715 250.6559 106.7887  2.00566161143237
1 26605U 00071A   20151.64817574  .00000087  00000-0  00000-0 0  9993
2 26605  55.0318 182.1558 0116732 250.6612  80.6503  2.00566138143242
1 26605U 00071A   20152.23940361  .00000092  00000-0  00000+0 0  9995
2 26605  55.0319 182.1325 0116744 250.6634 147.5515  2.00566114143253
1 26605U 00071A   20153.65766821  .00000100  00000-0  00000-0 0  9990
2 26605  55.0320 182.0765 0116814 250.6820  91.6075  2.00566045143283
1 26605U 00071A   20154.23589744  .00000101  00000-0  00000-0 0  9993
2 26605  55.0321 182.0536 0116835 250.6856 149.1212  2.00566021143301
1 26605U 00071A   20154.64350417  .00000100  00000-0  00000+0 0  9999
2 26605  55.0321 182.0375 0116847 250.6907  83.4333  2.00566004143307
1 26605U 00071A   20155.65146865  .00000095  00000-0  00000-0 0  9995
2 26605  55.0322 181.9977 0116878 250.6992  91.2371  2.00565965143328
1 26605U 00071A   20157.23384237  .00000077  00000-0  00000+0 0  9997
2 26605  55.0323 181.9353 0116920 250.7082 153.7990  2.00565910143350
1 26605U 00071A   20157.61359712  .00000071  00000-0  00000-0 0  9994
2 26605  55.0324 181.9203 0116931 250.7101  68.0033  2.00565902143367
1 26605U 00071A   20158.61201220  .00000056  00000-0  00000-0 0  9998
2 26605  55.0324 181.8809 0116961 250.7174  68.9128  2.00565877143388
1 26605U 00071A   20159.26285404  .00000048  00000-0  00000+0 0  9996
2 26605  55.0326 181.8552 0116976 250.7199 178.8580  2.00565864143398
1 26605U 00071A   20160.66439475  .00000036  00000-0  00000-0 0  9999
2 26605  55.0327 181.7999 0117021 250.7336 110.8420  2.00565828143432
1 26605U 00071A   20161.25540361  .00000034  00000-0  00000-0 0  9990
2 26605  55.0327 181.7765 0117045 250.7385 177.5814  2.00565815143436
1 26605U 00071A   20161.25540361  .00000034  00000-0  00000-0 0  9990
2 26605  55.0328 181.7766 0117048 250.7392 177.5806  2.00565811143447
1 26605U 00071A   20162.23993726  .00000037  00000-0  00000-0 0  9999
2 26605  55.0329 181.7377 0117080 250.7455 168.4673  2.00565789143458
1 26605U 00071A   20162.60501774  .00000039  00000-0  00000-0 0  9990
2 26605  55.0329 181.7233 0117094 250.7498  72.0732  2.00565782143461
1 26605U 00071A   20163.72140646  .00000051  00000-0  00000-0 0  9995
2 26605  55.0331 181.6793 0117128 250.7579 158.1652  2.00565753143490
1 26605U 00071A   20164.23708765  .00000057  00000-0  00000-0 0  9990
2 26605  55.0331 181.6589 0117141 250.7599 170.5161  2.00565736143506
1 26605U 00071A   20164.60581866  .00000062  00000-0  00000+0 0  9997
2 26605  55.0332 181.6444 0117153 250.7647  76.7573  2.00565727143508
1 26605U 00071A   20164.60581866  .00000062  00000-0  00000-0 0  9998
2 26605  55.0332 181.6444 0117154 250.7650  76.7570  2.00565727143500
1 26605U 00071A   20165.35143977  .00000073  00000-0  00000-0 0  9990
2 26605  55.0333 181.6150 0117165 250.7643 255.1411  2.00565706143514
1 26605U 00071A   20165.35143977  .00000073  00000-0  00000-0 0  9990
2 26605  55.0333 181.6150 0117166 250.7650 255.1403  2.00565706143525
1 26605U 00071A   20166.23950486  .00000084  00000-0  00000-0 0  9991
2 26605  55.0334 181.5799 0117184 250.7708 176.3709  2.00565671143544
1 26605U 00071A   20168.23789505  .00000101  00000-0  00000+0 0  9994
2 26605  55.0336 181.5011 0117220 250.7748 179.3244  2.00565579143575
1 26605U 00071A   20168.88711571  .00000103  00000-0  00000-0 0  9996
2 26605  55.0336 181.4755 0117239 250.7799 288.0952  2.00565543143592
1 26605U 00071A   20169.23622274  .00000104  00000-0  00000-0 0  9998
2 26605  55.0337 181.4618 0117244 250.7817 180.1694  2.00565518143607
1 26605U 00071A   20169.88417914  .00000104  00000-0  00000-0 0  9992
2 26605  55.0337 181.4362 0117265 250.7876 288.0265  2.00565476143617
1 26605U 00071A   20170.24949608  .00000103  00000-0  00000+0 0  9992
2 26605  55.0338 181.4218 0117271 250.7898 191.8047  2.00565450143610
1 26605U 00071A   20171.60794257  .00000099  00000-0  00000-0 0  9996
2 26605  55.0339 181.3683 0117308 250.8023  92.6709  2.00565360143644
1 26605U 00071A   20172.19993713  .00000096  00000-0  00000-0 0  9996
2 26605  55.0340 181.3449 0117317 250.8062 160.1219  2.00565315143657
1 26605U 00071A   20173.27936403  .00000090  00000-0  00000-0 0  9993
2 26605  55.0341 181.3024 0117341 250.8145 219.5232  2.00565241143681
1 26605U 00071A   20173.87345644  .00000087  00000-0  00000-0 0  9996
2 26605  55.0342 181.2789 0117354 250.8208 288.4865  2.00565200143696
1 26605U 00071A   20174.11561501  .00000086  00000-0  00000-0 0  9995
2 26605  55.0342 181.2694 0117353 250.8221 103.3378  2.00565181143697
1 26605U 00071A   20174.62199966  .00000084  00000-0  00000+0 0  9990
2 26605  55.0342 181.2494 0117361 250.8248 108.9745  2.00565147143706
1 26605U 00071A   20175.61829897  .00000082  00000-0  00000-0 0  9992
2 26605  55.0343 181.2101 0117376 250.8310 108.3544  2.00565082143730
1 26605U 00071A   20176.36677139  .00000083  00000-0  00000-0 0  9996
2 26605  55.0344 181.1806 0117389 250.8360 288.7900  2.00565036143740
1 26605U 00071A   20176.61473326  .00000083  00000-0  00000-0 0  9996
2 26605  55.0345 181.1709 0117391 250.8359 107.8328  2.00565017143759
1 26605U 00071A   20177.13064682  .00000085  00000-0  00000+0 0  9996
2 26605  55.0345 181.1505 0117398 250.8400 120.3483  2.00564984143751
1 26605U 00071A   20177.33561786  .00000086  00000-0  00000-0 0  9997
2 26605  55.0345 181.1424 0117405 250.8420 268.3471  2.00564969143766
1 26605U 00071A   20177.86823539  .00000088  00000-0  00000-0 0  9994
2 26605  55.0346 181.1214 0117414 250.8464 292.9234  2.00564939143770
1 26605U 00071A   20178.20111365  .00000090  00000-0  00000-0 0  9993
2 26605  55.0346 181.1083 0117421 250.8467 173.2804  2.00564918143787
1 26605U 00071A   20178.85490141  .00000095  00000-0  00000-0 0  9991
2 26605  55.0347 181.0825 0117434 250.8528 285.3467  2.00564882143794
1 26605U 00071A   20179.21989392  .00000097  00000-0  00000+0 0  9994
2 26605  55.0347 181.0681 0117442 250.8545 188.8906  2.00564864143797
1 26605U 00071A   20179.21989392  .00000097  00000-0  00000-0 0  9995
2 26605  55.0347 181.0681 0117442 250.8545 188.8906  2.00564864143809
1 26605U 00071A   20179.86105177  .00000101  00000-0  00000-0 0  9993
2 26605  55.0348 181.0428 0117455 250.8600 291.8380  2.00564833143813
1 26605U 00071A   20180.85282937  .00000105  00000-0  00000-0 0  9998
2 26605  55.0348 181.0037 0117477 250.8664 287.9518  2.00564784143839
1 26605U 00071A   20181.30351771  .00000105  00000-0  00000+0 0  9991
2 26605  55.0349 180.9859 0117489 250.8687 253.3721  2.00564761143836
1 26605U 00071A   20182.24268272  .00000103  00000-0  00000-0 0  9997
2 26605  55.0349 180.9489 0117506 250.8739 211.4977  2.00564723143862
1 26605U 00071A   20182.84717433  .00000098  00000-0  00000-0 0  9994
2 26605  55.0350 180.9251 0117514 250.8780 287.9709  2.00564698143879
1 26605U 00071A   20183.09661324  .00000096  00000-0  00000-0 0  9997
2 26605  55.0350 180.9152 0117515 250.8775 108.0805  2.00564690143887
1 26605U 00071A   20184.11134641  .00000083  00000-0  00000+0 0  9993
2 26605  55.0350 180.8752 0117528 250.8821 120.7709  2.00564654143893
1 26605U 00071A   20184.83601324  .00000072  00000-0  00000-0 0  9998
2 26605  55.0351 180.8466 0117538 250.8857 284.0178  2.00564632143919
1 26605U 00071A   20185.10784031  .00000067  00000-0  00000-0 0  9990
2 26605  55.0351 180.8359 0117539 250.8857 120.2923  2.00564622143920
1 26605U 00071A   20185.83913877  .00000055  00000-0  00000-0 0  9999
2 26605  55.0351 180.8071 0117551 250.8892 288.3275  2.00564597143932
1 26605U 00071A   20186.34459639  .00000048  00000-0  00000+0 0  9998
2 26605  55.0351 180.7871 0117560 250.8912 293.2944  2.00564586143938
1 26605U 00071A   20186.83655995  .00000041  00000-0  00000-0 0  9999
2 26605  55.0351 180.7677 0117568 250.8925 288.5185  2.00564573143956
1 26605U 00071A   20187.83357726  .00000032  00000-0  00000-0 0  9991
2 26605  55.0352 180.7284 0117585 250.8962 288.4175  2.00564554143969
1 26605U 00071A   20187.83357726  .00000032  00000-0  00000-0 0  9991
2 26605  55.0352 180.7284 0117585 250.8962 288.4175  2.00564554143970
1 26605U 00071A   20188.83023106  .00000028  00000-0  00000-0 0  9999
2 26605  55.0353 180.6891 0117600 250.9009 288.0529  2.00564534143994
1 26605U 00071A   20189.82600442  .00000031  00000-0  00000-0 0  9997
2 26605  55.0353 180.6498 0117621 250.9052 287.0526  2.00564509144010
1 26605U 00071A   20190.82108683  .00000039  00000-0  00000+0 0  9996
2 26605  55.0354 180.6106 0117636 250.9105 285.5523  2.00564482144023
1 26605U 00071A   20191.09124980  .00000042  00000-0  00000-0 0  9999
2 26605  55.0354 180.6000 0117636 250.9128 120.6227  2.00564476144035
1 26605U 00071A   20191.81731551  .00000051  00000-0  00000-0 0  9997
2 26605  55.0355 180.5713 0117651 250.9148 284.8805  2.00564453144057
1 26605U 00071A   20192.16035447  .00000055  00000-0  00000-0 0  9991
2 26605  55.0355 180.5577 0117655 250.9159 172.5724  2.00564437144067
1 26605U 00071A   20192.81409306  .00000063  00000-0  00000-0 0  9991
2 26605  55.0355 180.5320 0117665 250.9186 284.6052  2.00564415144070
1 26605U 00071A   20193.28538321  .00000069  00000-0  00000+0 0  9998
2 26605  55.0356 180.5134 0117668 250.9204 264.9010  2.00564400144077
1 26605U 00071A   20193.81056103  .00000074  00000-0  00000-0 0  9997
2 26605  55.0356 180.4927 0117673 250.9230 284.1057  2.00564372144096
1 26605U 00071A   20195.31745516  .00000085  00000-0  00000+0 0  9998
2 26605  55.0357 180.4333 0117687 250.9288 292.1605  2.00564297144113
1 26605U 00071A   20195.46407696  .00000085  00000-0  00000-0 0  9999
2 26605  55.0357 180.4276 0117687 250.9312  38.0271  2.00564285144121
1 26605U 00071A   20195.80686603  .00000086  00000-0  00000-0 0  9995
2 26605  55.0357 180.4140 0117693 250.9312 285.5396  2.00564265144134
1 26605U 00071A   20196.05952478  .00000086  00000-0  00000-0 0  9999
2 26605  55.0357 180.4041 0117692 250.9334 107.9709  2.00564250144147
1 26605U 00071A   20197.80061289  .00000083  00000-0  00000+0 0  9990
2 26605  55.0358 180.3354 0117723 250.9420 285.1232  2.00564136144160
1 26605U 00071A   20197.80061289  .00000083  00000-0  00000-0 0  9991
2 26605  55.0358 180.3354 0117723 250.9420 285.1232  2.00564136144171
1 26605U 00071A   20198.79748340  .00000078  00000-0  00000-0 0  9994
2 26605  55.0358 180.2961 0117739 250.9482 284.9117  2.00564067144193
1 26605U 00071A   20199.80388840  .00000072  00000-0  00000+0 0  9995
2 26605  55.0359 180.2564 0117750 250.9544 291.5847  2.00564003144201
1 26605U 00071A   20199.80388840  .00000072  00000-0  00000-0 0  9996
2 26605  55.0359 180.2564 0117750 250.9544 291.5847  2.00564003144212
1 26605U 00071A   20200.79167370  .00000066  00000-0  00000-0 0  9993
2 26605  55.0359 180.2174 0117751 250.9600 284.8136  2.00563935144234
1 26605U 00071A   20201.04235144  .00000065  00000-0  00000-0 0  9996
2 26605  55.0359 180.2075 0117750 250.9606 105.8159  2.00563917144236
1 26605U 00071A   20201.79286193  .00000061  00000-0  00000-0 0  9994
2 26605  55.0359 180.1779 0117755 250.9645 287.7209  2.00563862144251
1 26605U 00071A   20202.04739675  .00000060  00000-0  00000+0 0  9999
2 26605  55.0360 180.1679 0117751 250.9644 111.5088  2.00563844144256
1 26605U 00071A   20202.04739675  .00000060  00000-0  00000-0 0  9990
2 26605  55.0360 180.1679 0117751 250.9644 111.5088  2.00563844144256
1 26605U 00071A   20202.79034128  .00000058  00000-0  00000-0 0  9990
2 26605  55.0360 180.1386 0117757 250.9679 287.9511  2.00563794144270
1 26605U 00071A   20203.78831102  .00000058  00000-0  00000-0 0  9997
2 26605  55.0360 180.0992 0117760 250.9713 288.5352  2.00563729144295
1 26605U 00071A   20204.29034132  .00000059  00000-0  00000+0 0  9992
2 26605  55.0361 180.0794 0117764 250.9727 291.0265  2.00563699144293
1 26605U 00071A   20204.61960257  .00000060  00000-0  00000-0 0  9997
2 26605  55.0361 180.0664 0117767 250.9723 168.7710  2.00563678144313
1 26605U 00071A   20204.78322633  .00000061  00000-0  00000-0 0  9996
2 26605  55.0361 180.0600 0117768 250.9744 286.9140  2.00563665144313
1 26605U 00071A   20205.52878546  .00000064  00000-0  00000-0 0  9991
2 26605  55.0361 180.0306 0117770 250.9757 105.2460  2.00563623144326
1 26605U 00071A   20205.77722053  .00000066  00000-0  00000-0 0  9991
2 26605  55.0362 180.0208 0117774 250.9781 284.6268  2.00563608144331
1 26605U 00071A   20206.61583399  .00000070  00000-0  00000-0 0  9998
2 26605  55.0362 179.9877 0117776 250.9802 170.1483  2.00563568144351
1 26605U 00071A   20206.77918249  .00000071  00000-0  00000+0 0  9991
2 26605  55.0362 179.9813 0117781 250.9825 288.0922  2.00563561144341
1 26605U 00071A   20207.77212528  .00000075  00000-0  00000-0 0  9994
2 26605  55.0362 179.9421 0117790 250.9865 285.0453  2.00563510144373
1 26605U 00071A   20208.76936993  .00000076  00000-0  00000-0 0  9994
2 26605  55.0361 179.9028 0117795 250.9903 285.1045  2.00563463144390
1 26605U 00071A   20209.76623913  .00000071  00000-0  00000+0 0  9994
2 26605  55.0361 179.8635 0117798 250.9931 284.8935  2.00563419144404
1 26605U 00071A   20210.01528486  .00000069  00000-0  00000-0 0  9991
2 26605  55.0361 179.8536 0117790 250.9915 104.7192  2.00563409144413
1 26605U 00071A   20210.76340693  .00000061  00000-0  00000-0 0  9997
2 26605  55.0362 179.8241 0117795 250.9949 284.8990  2.00563378144432
1 26605U 00071A   20211.02031326  .00000057  00000-0  00000-0 0  9992
2 26605  55.0362 179.8140 0117799 250.9934 110.4002  2.00563367144445
1 26605U 00071A   20211.76089943  .00000046  00000-0  00000-0 0  9999
2 26605  55.0362 179.7848 0117803 250.9962 285.1393  2.00563345144456
1 26605U 00071A   20212.14352159  .00000039  00000-0  00000+0 0  9995
2 26605  55.0362 179.7697 0117814 250.9954 201.4131  2.00563329144454
1 26605U 00071A   20212.75796008  .00000028  00000-0  00000-0 0  9996
2 26605  55.0362 179.7454 0117816 250.9967 285.0684  2.00563314144478
1 26605U 00071A   20213.21926605  .00000021  00000-0  00000-0 0  9999
2 26605  55.0362 179.7272 0117824 250.9973 258.1546  2.00563303144489
1 26605U 00071A   20214.22557356  .00000006  00000-0  00000+0 0  9996
2 26605  55.0362 179.6876 0117829 250.9983 264.7599  2.00563280144490
1 26605U 00071A   20214.22557356  .00000006  00000-0  00000-0 0  9997
2 26605  55.0362 179.6876 0117829 250.9983 264.7599  2.00563280144502
1 26605U 00071A   20214.50161507  .00000002  00000-0  00000-0 0  9993
2 26605  55.0362 179.6767 0117823 250.9980 104.0764  2.00563271144502
1 26605U 00071A   20215.50669627 -.00000006  00000-0  00000-0 0  9995
2 26605  55.0362 179.6371 0117825 250.9993 109.7956  2.00563249144532
1 26605U 00071A   20217.18198866 -.00000005  00000-0  00000+0 0  9991
2 26605  55.0361 179.5710 0117840 251.0026 239.4399  2.00563224144550
1 26605U 00071A   20218.25465953  .00000004  00000-0  00000-0 0  9993
2 26605  55.0361 179.5287 0117844 251.0055 293.9600  2.00563188144587
1 26605U 00071A   20218.74045773  .00000009  00000-0  00000-0 0  9996
2 26605  55.0361 179.5096 0117845 251.0066 284.7300  2.00563174144599
1 26605U 00071A   20220.24910365  .00000027  00000-0  00000+0 0  9991
2 26605  55.0361 179.4501 0117839 251.0087 294.0474  2.00563134144610
1 26605U 00071A   20221.16833311  .00000036  00000-0  00000-0 0  9999
2 26605  55.0361 179.4139 0117850 251.0107 237.7757  2.00563095144640
1 26605U 00071A   20221.73279845  .00000040  00000-0  00000-0 0  9993
2 26605  55.0361 179.3917 0117847 251.0114 285.3475  2.00563068144654
1 26605U 00071A   20222.13538602  .00000043  00000-0  00000-0 0  9990
2 26605  55.0361 179.3758 0117846 251.0117 216.0358  2.00563047144657
1 26605U 00071A   20222.72956464  .00000045  00000-0  00000-0 0  9997
2 26605  55.0361 179.3524 0117843 251.0128 285.0616  2.00563018144670
1 26605U 00071A   20223.12454854  .00000046  00000-0  00000-0 0  9999
2 26605  55.0361 179.3368 0117837 251.0127 210.2600  2.00562994144684
1 26605U 00071A   20224.13958685  .00000045  00000-0  00000+0 0  9990
2 26605  55.0360 179.2968 0117840 251.0151 223.1663  2.00562938144690
1 26605U 00071A   20224.72155858  .00000044  00000-0  00000-0 0  9996
2 26605  55.0360 179.2739 0117841 251.0175 283.3768  2.00562905144714
1 26605U 00071A   20225.18516451  .00000042  00000-0  00000-0 0  9995
2 26605  55.0360 179.2555 0117844 251.0186 258.1226  2.00562880144727
1 26605U 00071A   20225.72494723  .00000039  00000-0  00000-0 0  9998
2 26605  55.0360 179.2343 0117847 251.0215 287.8698  2.00562846144733
1 26605U 00071A   20226.98865277  .00000031  00000-0  00000+0 0  9994
2 26605  55.0359 179.1845 0117839 251.0249 120.3249  2.00562763144758
1 26605U 00071A   20228.18375807  .00000024  00000-0  00000-0 0  9996
2 26605  55.0359 179.1374 0117837 251.0281 263.2471  2.00562686144780
1 26605U 00071A   20229.20277310  .00000020  00000-0  00000-0 0  9996
2 26605  55.0359 179.0972 0117833 251.0299 279.0246  2.00562617144798
1 26605U 00071A   20229.70987390  .00000018  00000-0  00000-0 0  9994
2 26605  55.0359 179.0772 0117828 251.0305 285.1758  2.00562585144811
1 26605U 00071A   20230.18225385  .00000017  00000-0  00000-0 0  9996
2 26605  55.0359 179.0586 0117825 251.0305 266.2574  2.00562556144826
1 26605U 00071A   20230.74194498  .00000017  00000-0  00000-0 0  9998
2 26605  55.0359 179.0365 0117820 251.0314 310.3810  2.00562523144835
1 26605U 00071A   20231.20886493  .00000018  00000-0  00000+0 0  9993
2 26605  55.0359 179.0181 0117820 251.0315 287.5200  2.00562493144836
1 26605U 00071A   20231.72929078  .00000019  00000-0  00000-0 0  9999
2 26605  55.0358 178.9976 0117816 251.0320 303.2926  2.00562467144850
1 26605U 00071A   20232.21389624  .00000021  00000-0  00000-0 0  9994
2 26605  55.0358 178.9785 0117815 251.0321 293.2012  2.00562436144869
1 26605U 00071A   20232.70073218  .00000024  00000-0  00000-0 0  9990
2 26605  55.0358 178.9593 0117814 251.0326 284.7199  2.00562405144878
1 26605U 00071A   20233.64469545  .00000029  00000-0  00000+0 0  9990
2 26605  55.0357 178.9221 0117803 251.0325 246.3072  2.00562347144882
1 26605U 00071A   20234.14404352  .00000032  00000-0  00000-0 0  9996
2 26605  55.0357 178.9024 0117802 251.0329 246.8603  2.00562320144893
1 26605U 00071A   20234.14404352  .00000032  00000-0  00000-0 0  9996
2 26605  55.0357 178.9024 0117802 251.0329 246.8603  2.00562320144905
1 26605U 00071A   20235.70669907  .00000037  00000-0  00000-0 0  9993
2 26605  55.0356 178.8408 0117796 251.0347 295.1714  2.00562246144931
1 26605U 00071A   20236.70033532  .00000034  00000-0  00000+0 0  9999
2 26605  55.0356 178.8015 0117790 251.0348 292.6247  2.00562206144940
1 26605U 00071A   20237.68671990  .00000026  00000-0  00000-0 0  9995
2 26605  55.0355 178.7626 0117783 251.0345 284.8420  2.00562168144960
1 26605U 00071A   20237.68671990  .00000026  00000-0  00000-0 0  9995
2 26605  55.0355 178.7626 0117783 251.0345 284.8420  2.00562168144971
1 26605U 00071A   20239.68115185 -.00000003  00000-0  00000-0 0  9992
2 26605  55.0354 178.6840 0117764 251.0314 284.9203  2.00562103145017
1 26605U 00071A   20240.13023174 -.00000011  00000-0  00000+0 0  9998
2 26605  55.0354 178.6663 0117761 251.0303 249.1785  2.00562089145016
1 26605U 00071A   20240.18171821 -.00000012  00000-0  00000-0 0  9998
2 26605  55.0354 178.6643 0117761 251.0305 286.3540  2.00562088145028
1 26605U 00071A   20240.74180727 -.00000021  00000-0  00000-0 0  9995
2 26605  55.0354 178.6422 0117755 251.0292 330.7663  2.00562074145037
1 26605U 00071A   20241.18631189 -.00000027  00000-0  00000-0 0  9993
2 26605  55.0353 178.6247 0117750 251.0285 291.7206  2.00562071145034
1 26605U 00071A   20241.67972584 -.00000034  00000-0  00000-0 0  9992
2 26605  55.0353 178.6052 0117747 251.0275 287.9899  2.00562058145055
1 26605U 00071A   20242.18137044 -.00000039  00000-0  00000-0 0  9998
2 26605  55.0353 178.5855 0117747 251.0268 290.2015  2.00562040145066
1 26605U 00071A   20242.94258547 -.00000043  00000-0  00000-0 0  9999
2 26605  55.0352 178.5555 0117743 251.0256 119.8361  2.00562025145079
1 26605U 00071A   20244.10505006 -.00000043  00000-0  00000-0 0  9994
2 26605  55.0352 178.5097 0117749 251.0251 239.1909  2.00562005145107
1 26605U 00071A   20244.66689574 -.00000039  00000-0  00000-0 0  9993
2 26605  55.0352 178.4875 0117750 251.0254 284.8696  2.00561993145111
1 26605U 00071A   20245.66446722 -.00000030  00000-0  00000+0 0  9990
2 26605  55.0351 178.4482 0117747 251.0255 285.1629  2.00561975145122
1 26605U 00071A   20245.66446722 -.00000030  00000-0  00000-0 0  9991
2 26605  55.0351 178.4482 0117747 251.0255 285.1629  2.00561975145122
1 26605U 00071A   20247.17826836 -.00000011  00000-0  00000-0 0  9996
2 26605  55.0350 178.3886 0117738 251.0245 298.1992  2.00561934145163
1 26605U 00071A   20247.65827743 -.00000006  00000-0  00000-0 0  9991
2 26605  55.0350 178.3697 0117732 251.0239 284.7886  2.00561913145160
1 26605U 00071A   20247.65827743 -.00000006  00000-0  00000-0 0  9991
2 26605  55.0350 178.3697 0117732 251.0239 284.7886  2.00561913145171
1 26605U 00071A   20249.61470516  .00000011  00000-0  00000-0 0  9996
2 26605  55.0349 178.2926 0117715 251.0209 257.4235  2.00561844145214
1 26605U 00071A   20250.12435611  .00000013  00000-0  00000+0 0  9992
2 26605  55.0349 178.2725 0117712 251.0206 265.4154  2.00561819145216
1 26605U 00071A   20250.64972376  .00000014  00000-0  00000-0 0  9995
2 26605  55.0349 178.2518 0117712 251.0206 284.7553  2.00561799145232
1 26605U 00071A   20251.16433437  .00000014  00000-0  00000-0 0  9993
2 26605  55.0348 178.2315 0117710 251.0209 296.3274  2.00561769145244
1 26605U 00071A   20251.64686677  .00000014  00000-0  00000-0 0  9992
2 26605  55.0348 178.2125 0117708 251.0211 284.7378  2.00561741145250
1 26605U 00071A   20252.09343525  .00000013  00000-0  00000-0 0  9993
2 26605  55.0348 178.1949 0117708 251.0212 247.1807  2.00561716145256
1 26605U 00071A   20252.64457432  .00000010  00000-0  00000-0 0  9994
2 26605  55.0347 178.1731 0117709 251.0225 285.1271  2.00561682145269
1 26605U 00071A   20252.64457432  .00000010  00000-0  00000-0 0  9994
2 26605  55.0347 178.1731 0117709 251.0225 285.1271  2.00561682145270
1 26605U 00071A   20255.63527017 -.00000004  00000-0  00000+0 0  9996
2 26605  55.0346 178.0553 0117695 251.0261 284.5428  2.00561513145320
1 26605U 00071A   20256.09317257 -.00000005  00000-0  00000-0 0  9992
2 26605  55.0345 178.0372 0117687 251.0245 255.1705  2.00561478145334
1 26605U 00071A   20257.11083372 -.00000007  00000-0  00000-0 0  9996
2 26605  55.0344 177.9970 0117679 251.0234 269.9693  2.00561422145365
1 26605U 00071A   20257.63024706 -.00000007  00000-0  00000-0 0  9999
2 26605  55.0344 177.9765 0117673 251.0225 285.0098  2.00561387145369
1 26605U 00071A   20257.63024706 -.00000007  00000-0  00000-0 0  9999
2 26605  55.0344 177.9765 0117673 251.0225 285.0098  2.00561387145370
1 26605U 00071A   20259.10166688 -.00000002  00000-0  00000-0 0  9994
2 26605  55.0344 177.9186 0117663 251.0204 267.4432  2.00561303145399
1 26605U 00071A   20261.10093126  .00000011  00000-0  00000-0 0  9992
2 26605  55.0343 177.8397 0117655 251.0182 271.0035  2.00561196145432
1 26605U 00071A   20261.68312177  .00000015  00000-0  00000-0 0  9999
2 26605  55.0343 177.8168 0117652 251.0181 331.3710  2.00561167145443
1 26605U 00071A   20262.61847414  .00000020  00000-0  00000-0 0  9996
2 26605  55.0343 177.7798 0117655 251.0172 286.7375  2.00561114145479
1 26605U 00071A   20263.09274339  .00000021  00000-0  00000-0 0  9990
2 26605  55.0342 177.7611 0117652 251.0165 269.1816  2.00561093145472
1 26605U 00071A   20263.56146514  .00000021  00000-0  00000-0 0  9995
2 26605  55.0341 177.7427 0117621 251.0118 247.6237  2.00561074145499
1 26605U 00071A   20264.61680399  .00000016  00000-0  00000-0 0  9990
2 26605  55.0341 177.7010 0117612 251.0097 289.6270  2.00561035145516
1 26605U 00071A   20264.66506993  .00000016  00000-0  00000-0 0  9992
2 26605  55.0340 177.6992 0117613 251.0100 324.4770  2.00561038145515
1 26605U 00071A   20265.18163564  .00000011  00000-0  00000+0 0  9997
2 26605  55.0340 177.6788 0117605 251.0079 337.4620  2.00561014145516
1 26605U 00071A   20265.60797307  .00000006  00000-0  00000-0 0  9997
2 26605  55.0340 177.6620 0117603 251.0068 285.2974  2.00560997145530
1 26605U 00071A   20266.53738068 -.00000007  00000-0  00000-0 0  9991
2 26605  55.0339 177.6253 0117602 251.0041 236.3731  2.00560964145554
1 26605U 00071A   20266.72290140 -.00000010  00000-0  00000-0 0  9990
2 26605  55.0340 177.6179 0117599 251.0038  10.3275  2.00560962145555
1 26605U 00071A   20267.18438661 -.00000017  00000-0  00000+0 0  9999
2 26605  55.0340 177.5997 0117597 251.0026 343.5413  2.00560954145553
1 26605U 00071A   20267.60125023 -.00000024  00000-0  00000-0 0  9990
2 26605  55.0339 177.5833 0117598 251.0016 284.5360  2.00560941145573
1 26605U 00071A   20267.66046170 -.00000025  00000-0  00000-0 0  9992
2 26605  55.0339 177.5809 0117598 251.0014 327.2896  2.00560941145573
1 26605U 00071A   20268.59931964 -.00000038  00000-0  00000-0 0  9993
2 26605  55.0339 177.5439 0117593 250.9976 285.1898  2.00560924145588
1 26605U 00071A   20268.59931964 -.00000038  00000-0  00000-0 0  9993
2 26605  55.0339 177.5439 0117593 250.9976 285.1898  2.00560924145599
1 26605U 00071A   20269.59612841 -.00000047  00000-0  00000-0 0  9994
2 26605  55.0339 177.5046 0117591 250.9946 284.9320  2.00560904145616
1 26605U 00071A   20270.08899795 -.00000049  00000-0  00000-0 0  9997
2 26605  55.0339 177.4852 0117592 250.9937 280.8062  2.00560900145615
1 26605U 00071A   20270.59322944 -.00000050  00000-0  00000-0 0  9992
2 26605  55.0339 177.4653 0117592 250.9924 284.8844  2.00560889145629
1 26605U 00071A   20270.59322944 -.00000050  00000-0  00000-0 0  9992
2 26605  55.0339 177.4653 0117592 250.9924 284.8844  2.00560889145630
1 26605U 00071A   20272.16363796 -.00000041  00000-0  00000-0 0  9997
2 26605  55.0338 177.4034 0117592 250.9893 338.7900  2.00560854145653
1 26605U 00071A   20272.64187869 -.00000036  00000-0  00000-0 0  9999
2 26605  55.0338 177.3845 0117590 250.9879 324.1017  2.00560843145672
1 26605U 00071A   20273.13144469 -.00000030  00000-0  00000-0 0  9997
2 26605  55.0338 177.3652 0117588 250.9864 317.5907  2.00560832145671
1 26605U 00071A   20273.61165300 -.00000023  00000-0  00000-0 0  9999
2 26605  55.0338 177.3462 0117591 250.9859 304.3223  2.00560825145686
1 26605U 00071A   20273.61165300 -.00000023  00000-0  00000-0 0  9999
2 26605  55.0338 177.3462 0117591 250.9859 304.3223  2.00560825145697
1 26605U 00071A   20277.07685744  .00000015  00000-0  00000-0 0  9992
2 26605  55.0338 177.2096 0117583 250.9796 286.3543  2.00560725145750
1 26605U 00071A   20280.07392021  .00000017  00000-0  00000+0 0  9990
2 26605  55.0338 177.0915 0117595 250.9804 290.3590  2.00560572145815
1 26605U 00071A   20280.10557663  .00000017  00000-0  00000-0 0  9990
2 26605  55.0338 177.0902 0117588 250.9788 313.2179  2.00560573145824
1 26605U 00071A   20281.07578684  .00000014  00000-0  00000-0 0  9990
2 26605  55.0338 177.0519 0117599 250.9808 293.7484  2.00560519145846
1 26605U 00071A   20281.65102222  .00000012  00000-0  00000-0 0  9993
2 26605  55.0338 177.0292 0117592 250.9804 349.0928  2.00560490145850
1 26605U 00071A   20282.56391487  .00000009  00000-0  00000-0 0  9993
2 26605  55.0337 176.9932 0117530 250.9676 288.2517  2.00560437145878
1 26605U 00071A   20283.06407090  .00000008  00000-0  00000-0 0  9996
2 26605  55.0338 176.9735 0117525 250.9667 289.3861  2.00560411145870
1 26605U 00071A   20283.56365713  .00000007  00000-0  00000-0 0  9995
2 26605  55.0338 176.9538 0117520 250.9653 290.1095  2.00560389145896
1 26605U 00071A   20284.06821921  .00000007  00000-0  00000-0 0  9999
2 26605  55.0338 176.9339 0117511 250.9625 294.4268  2.00560353145906
1 26605U 00071A   20284.56396304  .00000008  00000-0  00000-0 0  9997
2 26605  55.0338 176.9143 0117506 250.9609 292.3760  2.00560325145919
1 26605U 00071A   20285.06316282  .00000009  00000-0  00000-0 0  9991
2 26605  55.0338 176.8946 0117501 250.9590 292.8207  2.00560301145929
1 26605U 00071A   20285.56254894  .00000011  00000-0  00000+0 0  9998
2 26605  55.0339 176.8749 0117496 250.9574 293.3997  2.00560275145928
1 26605U 00071A   20286.56391289  .00000018  00000-0  00000-0 0  9997
2 26605  55.0339 176.8355 0117490 250.9542 296.4286  2.00560217145954
1 26605U 00071A   20287.54546720  .00000026  00000-0  00000-0 0  9997
2 26605  55.0340 176.7967 0117488 250.9515 285.1536  2.00560165145978
1 26605U 00071A   20288.54593105  .00000034  00000-0  00000-0 0  9996
2 26605  55.0340 176.7573 0117484 250.9482 287.5324  2.00560115145987
1 26605U 00071A   20288.62231851  .00000035  00000-0  00000-0 0  9993
2 26605  55.0340 176.7543 0117485 250.9490 342.6865  2.00560114145997
1 26605U 00071A   20289.54543189  .00000042  00000-0  00000-0 0  9993
2 26605  55.0340 176.7179 0117481 250.9457 289.2150  2.00560073146001
1 26605U 00071A   20290.53838741  .00000046  00000-0  00000-0 0  9999
2 26605  55.0340 176.6787 0117479 250.9428 286.1720  2.00560038146022
1 26605U 00071A   20291.80326965  .00000043  00000-0  00000-0 0  9997
2 26605  55.0340 176.6287 0117503 250.9434 119.4680  2.00560014146063
1 26605U 00071A   20292.53257404  .00000038  00000-0  00000-0 0  9993
2 26605  55.0340 176.6000 0117499 250.9415 286.0570  2.00559991146060
1 26605U 00071A   20295.52290517 -.00000002  00000-0  00000+0 0  9998
2 26605  55.0340 176.4820 0117489 250.9285 285.2089  2.00559923146120
1 26605U 00071A   20296.02829060 -.00000007  00000-0  00000-0 0  9991
2 26605  55.0341 176.4620 0117488 250.9259 290.1197  2.00559904146145
1 26605U 00071A   20296.56989258 -.00000012  00000-0  00000-0 0  9992
2 26605  55.0341 176.4407 0117490 250.9239 321.1799  2.00559896146153
1 26605U 00071A   20297.48384505 -.00000016  00000-0  00000-0 0  9992
2 26605  55.0342 176.4046 0117484 250.9190 261.0945  2.00559874146175
1 26605U 00071A   20298.52113647 -.00000013  00000-0  00000-0 0  9992
2 26605  55.0342 176.3637 0117490 250.9151 290.0639  2.00559860146182
1 26605U 00071A   20299.08082545 -.00000009  00000-0  00000-0 0  9991
2 26605  55.0343 176.3416 0117493 250.9139 334.1825  2.00559849146204
1 26605U 00071A   20299.57347591 -.00000004  00000-0  00000-0 0  9995
2 26605  55.0343 176.3222 0117496 250.9125 329.8969  2.00559839146217
1 26605U 00071A   20300.51655391  .00000008  00000-0  00000-0 0  9995
2 26605  55.0344 176.2850 0117498 250.9094 290.8394  2.00559828146229
1 26605U 00071A   20300.51655391  .00000008  00000-0  00000-0 0  9995
2 26605  55.0344 176.2850 0117498 250.9094 290.8394  2.00559828146230
1 26605U 00071A   20301.51255322  .00000023  00000-0  00000-0 0  9993
2 26605  55.0344 176.2457 0117496 250.9063 289.9931  2.00559807146241
1 26605U 00071A   20302.50424840  .00000036  00000-0  00000-0 0  9990
2 26605  55.0345 176.2066 0117495 250.9029 286.0392  2.00559788146268
1 26605U 00071A   20303.50155781  .00000048  00000-0  00000-0 0  9999
2 26605  55.0345 176.1673 0117489 250.8979 286.1404  2.00559757146280
1 26605U 00071A   20303.50155781  .00000048  00000-0  00000-0 0  9999
2 26605  55.0345 176.1673 0117489 250.8979 286.1404  2.00559757146291
1 26605U 00071A   20305.50148498  .00000059  00000-0  00000-0 0  9990
2 26605  55.0347 176.0885 0117486 250.8902 290.1728  2.00559672146324
1 26605U 00071A   20306.49834233  .00000059  00000-0  00000-0 0  9998
2 26605  55.0347 176.0491 0117493 250.8888 289.9437  2.00559628146344
1 26605U 00071A   20307.49070782  .00000058  00000-0  00000-0 0  9999
2 26605  55.0348 176.0100 0117498 250.8879 286.4706  2.00559578146364
1 26605U 00071A   20307.49070782  .00000058  00000-0  00000-0 0  9999
2 26605  55.0348 176.0100 0117498 250.8879 286.4706  2.00559578146375
1 26605U 00071A   20308.75583748  .00000054  00000-0  00000-0 0  9996
2 26605  55.0349 175.9601 0117509 250.8902 119.9405  2.00559518146404
1 26605U 00071A   20309.48910230  .00000052  00000-0  00000-0 0  9995
2 26605  55.0349 175.9312 0117511 250.8884 289.3875  2.00559485146401
1 26605U 00071A   20309.54801295  .00000052  00000-0  00000-0 0  9992
2 26605  55.0349 175.9289 0117511 250.8889 331.9227  2.00559479146418
1 26605U 00071A   20310.48193406  .00000051  00000-0  00000-0 0  9994
2 26605  55.0350 175.8920 0117510 250.8863 286.2518  2.00559426146420
1 26605U 00071A   20310.48193406  .00000051  00000-0  00000-0 0  9994
2 26605  55.0350 175.8920 0117510 250.8863 286.2518  2.00559426146431
1 26605U 00071A   20312.47612079  .00000055  00000-0  00000-0 0  9991
2 26605  55.0352 175.8134 0117509 250.8802 286.1361  2.00559322146464
1 26605U 00071A   20312.55165878  .00000055  00000-0  00000-0 0  9990
2 26605  55.0352 175.8104 0117508 250.8801 340.6775  2.00559318146470
1 26605U 00071A   20315.39197385  .00000077  00000+0  00000+0 0  9995
2 26605  55.0355 175.6983 0117530 250.8726 231.4986  2.00559173146534
1 26605U 00071A   20316.46242519  .00000086  00000+0  00000+0 0  9994
2 26605  55.0356 175.6561 0117540 250.8709 284.4058  2.00559123146554
1 26605U 00071A   20317.21522140  .00000091  00000-0  10000-3 0  9991
2 26605  55.0376 175.6265 0117554 250.8805 107.9460  2.00561252146562
1 26605U 00071A   20317.46167844  .00000092  00000+0  00000+0 0  9999
2 26605  55.0357 175.6166 0117549 250.8690 285.9055  2.00559084146575
1 26605U 00071A   20318.45911859  .00000093  00000-0  00000-0 0  9995
2 26605  55.0357 175.5773 0117555 250.8636 286.0991  2.00559039146598
1 26605U 00071A   20318.72723953  .00000092  00000-0  00000-0 0  9990
2 26605  55.0357 175.5667 0117549 250.8597 119.6960  2.00559023146601
1 26605U 00071A   20320.45314756  .00000078  00000-0  00000-0 0  9994
2 26605  55.0358 175.4985 0117558 250.8541 285.8703  2.00558973146630
1 26605U 00071A   20321.44752789  .00000065  00000-0  00000-0 0  9992
2 26605  55.0359 175.4593 0117564 250.8503 283.8530  2.00558952146656
1 26605U 00071A   20321.72181691  .00000061  00000-0  00000+0 0  9996
2 26605  55.0359 175.4485 0117567 250.8488 121.9015  2.00558951146650
1 26605U 00071A   20321.72181691  .00000061  00000-0  00000-0 0  9997
2 26605  55.0359 175.4485 0117567 250.8488 121.9015  2.00558951146650
1 26605U 00071A   20322.45363613  .00000050  00000-0  00000-0 0  9992
2 26605  55.0360 175.4196 0117574 250.8468 290.3035  2.00558934146662
1 26605U 00071A   20322.45363613  .00000050  00000-0  00000-0 0  9992
2 26605  55.0360 175.4196 0117574 250.8468 290.3035  2.00558934146673
1 26605U 00071A   20323.45086125  .00000038  00000-0  00000-0 0  9999
2 26605  55.0361 175.3802 0117585 250.8428 290.3401  2.00558912146690
1 26605U 00071A   20324.44206420  .00000032  00000-0  00000-0 0  9995
2 26605  55.0362 175.3411 0117598 250.8391 286.0282  2.00558894146700
1 26605U 00071A   20325.71068972  .00000032  00000-0  00000-0 0  9994
2 26605  55.0364 175.2910 0117620 250.8365 122.0242  2.00558876146730
1 26605U 00071A   20326.43671225  .00000037  00000-0  00000-0 0  9990
2 26605  55.0365 175.2624 0117631 250.8342 286.2407  2.00558868146759
1 26605U 00071A   20327.43383959  .00000048  00000-0  00000-0 0  9997
2 26605  55.0366 175.2231 0117647 250.8329 286.2035  2.00558850146765
1 26605U 00071A   20327.43383959  .00000048  00000-0  00000-0 0  9997
2 26605  55.0366 175.2231 0117647 250.8329 286.2035  2.00558850146776
1 26605U 00071A   20328.43608101  .00000062  00000-0  00000-0 0  9993
2 26605  55.0367 175.1836 0117661 250.8307 289.8597  2.00558832146782
1 26605U 00071A   20329.69884674  .00000079  00000-0  00000-0 0  9991
2 26605  55.0369 175.1338 0117676 250.8305 121.6219  2.00558810146820
1 26605U 00071A   20330.42560087  .00000088  00000-0  00000-0 0  9993
2 26605  55.0369 175.1051 0117685 250.8291 286.3657  2.00558795146823
1 26605U 00071A   20331.42271429  .00000096  00000-0  00000-0 0  9992
2 26605  55.0370 175.0658 0117697 250.8268 286.3191  2.00558761146842
1 26605U 00071A   20332.41996837  .00000100  00000-0  00000-0 0  9995
2 26605  55.0371 175.0264 0117713 250.8252 286.3732  2.00558722146868
1 26605U 00071A   20332.41996837  .00000100  00000-0  00000-0 0  9995
2 26605  55.0371 175.0264 0117713 250.8252 286.3732  2.00558722146879
1 26605U 00071A   20333.41652021  .00000100  00000-0  00000-0 0  9990
2 26605  55.0373 174.9871 0117732 250.8244 285.9194  2.00558675146880
1 26605U 00071A   20334.41406850  .00000098  00000-0  00000-0 0  9994
2 26605  55.0375 174.9476 0117756 250.8244 286.1842  2.00558624146909
1 26605U 00071A   20334.41406850  .00000098  00000-0  00000-0 0  9994
2 26605  55.0375 174.9476 0117756 250.8244 286.1842  2.00558624146910
1 26605U 00071A   20335.66273619  .00000093  00000-0  00000-0 0  9992
2 26605  55.0378 174.8984 0117780 250.8272 107.7630  2.00558558146935
1 26605U   071A   20337.41097657  .00000088  00000-0  00000-0 0  9997
2 26605  55.0379 174.8294 0117810 250.8271 290.0529  2.00558465146977
1 26605U   071A   20338.40823737  .00000087  00000-0  00000-0 0  9992
2 26605  55.0380 174.7901 0117823 250.8262 290.1103  2.00558409146996
1 26605U 00071A   20338.40823737  .00000087  00000-0  00000-0 0  9992
2 26605  55.0380 174.7901 0117823 250.8262 290.1103  2.00558409146996
1 26605U 00071A   20339.62179656  .00000089  00000-0  00000-0 0  9993
2 26605  55.0381 174.7421 0117839 250.8236  86.3442  2.00558341147012
1 26605U 00071A   20340.39968767  .00000093  00000-0  00000-0 0  9993
2 26605  55.0382 174.7114 0117855 250.8229 288.0086  2.00558297147028
1 26605U 00071A   20340.39968767  .00000093  00000-0  00000-0 0  9993
2 26605  55.0382 174.7114 0117855 250.8229 288.0086  2.00558297147039
1 26605U 00071A   20341.39980800  .00000099  00000-0  00000-0 0  9992
2 26605  55.0384 174.6720 0117876 250.8219 290.1303  2.00558243147043
1 26605U 00071A   20341.39980800  .00000099  00000-0  00000-0 0  9992
2 26605  55.0384 174.6720 0117876 250.8219 290.1303  2.00558243147054
1 26605U 00071A   20342.39682020  .00000107  00000-0  00000-0 0  9996
2 26605  55.0385 174.6326 0117900 250.8214 290.0071  2.00558191147064
1 26605U 00071A   20342.39682020  .00000107  00000-0  00000-0 0  9996
2 26605  55.0385 174.6326 0117900 250.8214 290.0071  2.00558191147075
1 26605U 00071A   20345.38550378  .00000122  00000-0  00000+0 0  9994
2 26605  55.0389 174.5146 0117981 250.8234 287.9347  2.00558062147123
1 26605U 00071A   20345.38550378  .00000122  00000-0  00000-0 0  9995
2 26605  55.0389 174.5146 0117981 250.8234 287.9347  2.00558062147134
1 26605U 00071A   20346.38027620  .00000118  00000-0  00000-0 0  9990
2 26605  55.0390 174.4754 0118005 250.8231 286.1937  2.00558029147156
1 26605U 00071A   20347.37724914  .00000109  00000-0  00000-0 0  9990
2 26605  55.0391 174.4360 0118027 250.8220 286.0423  2.00557999147178
1 26605U 00071A   20348.37451777  .00000094  00000-0  00000+0 0  9997
2 26605  55.0392 174.3967 0118049 250.8202 286.1049  2.00557971147181
1 26605U 00071A   20348.37451777  .00000094  00000-0  00000-0 0  9998
2 26605  55.0392 174.3967 0118049 250.8202 286.1049  2.00557971147192
1 26605U 00071A   20349.33414905  .00000079  00000-0  00000-0 0  9990
2 26605  55.0394 174.3588 0118071 250.8191 258.9914  2.00557951147214
1 26605U 00071A   20350.59063472  .00000061  00000-0  00000-0 0  9990
2 26605  55.0395 174.3092 0118104 250.8159  86.2182  2.00557921147234
1 26605U 00071A   20350.86912774  .00000058  00000-0  00000-0 0  9994
2 26605  55.0396 174.2982 0118113 250.8171 287.2981  2.00557916147241
1 26605U 00071A   20351.87416078  .00000050  00000-0  00000-0 0  9994
2 26605  55.0398 174.2585 0118147 250.8163 292.9654  2.00557896147269
1 26605U 00071A   20352.62493536  .00000049  00000-0  00000-0 0  9990
2 26605  55.0399 174.2289 0118171 250.8162 115.0491  2.00557885147281
1 26605U 00071A   20353.11262308  .00000050  00000-0  00000-0 0  9998
2 26605  55.0399 174.2097 0118187 250.8169 107.1747  2.00557876147288
1 26605U 00071A   20353.36061491  .00000051  00000-0  00000-0 0  9996
2 26605  55.0399 174.1999 0118196 250.8163 286.2334  2.00557874147292
1 26605U 00071A   20355.36042631  .00000070  00000-0  00000-0 0  9994
2 26605  55.0401 174.1210 0118264 250.8170 290.1606  2.00557837147336
1 26605U 00071A   20356.35138578  .00000082  00000-0  00000-0 0  9993
2 26605  55.0403 174.0820 0118293 250.8171 285.6648  2.00557817147352
1 26605U 00071A   20356.60748366  .00000085  00000-0  00000-0 0  9996
2 26605  55.0403 174.0719 0118298 250.8200 110.5729  2.00557815147362
1 26605U 00071A   20357.34899652  .00000093  00000-0  00000-0 0  9992
2 26605  55.0404 174.0426 0118317 250.8182 285.9707  2.00557800147377
1 26605U 00071A   20358.34646050  .00000101  00000-0  00000-0 0  9995
2 26605  55.0405 174.0033 0118346 250.8184 286.1710  2.00557769147399
1 26605U 00071A   20359.34370312  .00000104  00000-0  00000-0 0  9994
2 26605  55.0405 173.9639 0118376 250.8194 286.2109  2.00557734147400
1 26605U 00071A   20360.35917542  .00000103  00000-0  00000-0 0  9998
2 26605  55.0405 173.9239 0118409 250.8223 299.4110  2.00557689147436
1 26605U 00071A   20360.84666529  .00000102  00000-0  00000-0 0  9997
2 26605  55.0406 173.9047 0118419 250.8249 291.3915  2.00557672147440
1 26605U 00071A   20361.37188103  .00000100  00000-0  00000-0 0  9991
2 26605  55.0406 173.8840 0118443 250.8267 310.6118  2.00557641147454
1 26605U 00071A   20362.34121946  .00000095  00000-0  00000-0 0  9994
2 26605  55.0407 173.8457 0118479 250.8299 290.5013  2.00557591147479
1 26605U 00071A   20363.33015382  .00000089  00000-0  00000-0 0  9993
2 26605  55.0409 173.8068 0118513 250.8338 284.5388  2.00557539147494
1 26605U 00071A   20364.32869416  .00000084  00000-0  00000-0 0  9993
2 26605  55.0410 173.7674 0118546 250.8366 285.5129  2.00557480147517
1 26605U 00071A   20364.58869229  .00000083  00000-0  00000-0 0  9992
2 26605  55.0411 173.7571 0118552 250.8381 113.2383  2.00557469147525
1 26605U 00071A   20365.33290601  .00000081  00000-0  00000-0 0  9996
2 26605  55.0411 173.7278 0118574 250.8399 290.5817  2.00557428147539
1 26605U 00071A   20366.55262875  .00000081  00000-0  00000-0 0  9993
2 26605  55.0412 173.6798 0118608 250.8429  91.2557  2.00557359147550

