1 27704U 03010A   20092.65972222 -.00000019  00000-0  00000+0 0  9992
2 27704  54.5740  56.1372 0249949 282.8019 114.1816  2.00579775124627
1 27704U 03010A   20092.88520208 -.00000020  00000-0  00000-0 0  9993
2 27704  54.5742  56.1280 0249997 282.7900 277.0119  2.00579770124639
1 27704U 03010A   20093.34882477 -.00000020  00000-0  00000-0 0  9994
2 27704  54.5746  56.1090 0249990 282.7989 251.7895  2.00579788124642
1 27704U 03010A   20094.34918115 -.00000023  00000-0  00000-0 0  9997
2 27704  54.5753  56.0680 0249966 282.8192 254.1365  2.00579829124661
1 27704U 03010A   20096.36346019 -.00000034  00000-0  00000+0 0  9990
2 27704  54.5768  55.9855 0249918 282.8567 268.6306  2.00579921124693
1 27704U 03010A   20097.31670722 -.00000041  00000-0  00000-0 0  9996
2 27704  54.5773  55.9464 0249871 282.8875 236.9494  2.00579966124724
1 27704U 03010A   20100.22287910 -.00000057  00000-0  00000+0 0  9990
2 27704  54.5796  55.8274 0249792 282.9438 175.4719  2.00580161124776
1 27704U 03010A   20100.22287910 -.00000057  00000-0  00000-0 0  9991
2 27704  54.5796  55.8274 0249792 282.9438 175.4719  2.00580161124787
1 27704U 03010A   20101.16641431 -.00000059  00000-0  00000-0 0  9999
2 27704  54.5802  55.7888 0249761 282.9627 136.7905  2.00580234124802
1 27704U 03010A   20101.57873603 -.00000060  00000-0  00000-0 0  9994
2 27704  54.5806  55.7720 0249774 282.9619  74.5337  2.00580269124813
1 27704U 03010A   20102.23158532 -.00000060  00000-0  00000+0 0  9994
2 27704  54.5811  55.7452 0249751 282.9761 185.9496  2.00580326124811
1 27704U 03010A   20102.23158532 -.00000060  00000-0  00000-0 0  9995
2 27704  54.5811  55.7452 0249751 282.9761 185.9496  2.00580326124822
1 27704U 03010A   20103.34800862 -.00000060  00000-0  00000-0 0  9998
2 27704  54.5818  55.6996 0249713 282.9979 272.1104  2.00580429124841
1 27704U 03010A   20104.82637618 -.00000060  00000-0  00000+0 0  9998
2 27704  54.5828  55.6391 0249669 283.0256 259.6301  2.00580567124865
1 27704U 03010A   20107.31475535 -.00000065  00000-0  00000-0 0  9999
2 27704  54.5845  55.5372 0249585 283.0746 256.4719  2.00580804124911
1 27704U 03010A   20107.31475535 -.00000065  00000-0  00000-0 0  9999
2 27704  54.5845  55.5372 0249585 283.0746 256.4719  2.00580804124922
1 27704U 03010A   20108.31471356 -.00000068  00000-0  00000-0 0  9990
2 27704  54.5851  55.4963 0249548 283.0944 258.5353  2.00580894124941
1 27704U 03010A   20109.31291903 -.00000071  00000-0  00000-0 0  9993
2 27704  54.5858  55.4555 0249513 283.1150 259.3323  2.00580978124968
1 27704U 03010A   20110.30879406 -.00000073  00000-0  00000+0 0  9995
2 27704  54.5864  55.4148 0249500 283.1340 258.4484  2.00581059124970
1 27704U 03010A   20110.55177726 -.00000073  00000-0  00000-0 0  9999
2 27704  54.5866  55.4048 0249482 283.1420  73.9018  2.00581073124989
1 27704U 03010A   20111.23990841 -.00000073  00000-0  00000-0 0  9996
2 27704  54.5870  55.3768 0249463 283.1558 210.7970  2.00581126125004
1 27704U 03010A   20113.79945902 -.00000067  00000-0  00000+0 0  9999
2 27704  54.5886  55.2722 0249377 283.2043 259.0372  2.00581293125045
1 27704U 03010A   20113.79945902 -.00000067  00000-0  00000-0 0  9990
2 27704  54.5886  55.2722 0249380 283.2039 259.0375  2.00581292125057
1 27704U 03010A   20115.03829231 -.00000060  00000-0  00000-0 0  9998
2 27704  54.5893  55.2215 0249353 283.2298  73.5916  2.00581354125070
1 27704U 03010A   20117.12663280 -.00000048  00000-0  00000+0 0  9995
2 27704  54.5908  55.1361 0249300 283.2638 141.5802  2.00581441125110
1 27704U 03010A   20118.78645389 -.00000042  00000-0  00000-0 0  9993
2 27704  54.5918  55.0682 0249247 283.2942 260.1324  2.00581497125156
1 27704U 03010A   20119.04295749 -.00000041  00000-0  00000-0 0  9993
2 27704  54.5920  55.0577 0249241 283.2990  85.3529  2.00581504125163
1 27704U 03010A   20119.30544889 -.00000041  00000-0  00000+0 0  9993
2 27704  54.5922  55.0470 0249228 283.3038 274.8973  2.00581514125154
1 27704U 03010A   20120.15110406 -.00000040  00000-0  00000-0 0  9992
2 27704  54.5927  55.0124 0249202 283.3192 165.5429  2.00581539125180
1 27704U 03010A   20120.43185840 -.00000041  00000-0  00000-0 0  9998
2 27704  54.5929  55.0009 0249191 283.3232   8.2761  2.00581549125189
1 27704U 03010A   20121.03758395 -.00000042  00000-0  00000-0 0  9997
2 27704  54.5933  54.9761 0249171 283.3344  85.6691  2.00581570125207
1 27704U 03010A   20122.30177088 -.00000046  00000-0  00000+0 0  9995
2 27704  54.5941  54.9243 0249129 283.3570 278.5365  2.00581619125211
1 27704U 03010A   20122.77247390 -.00000049  00000-0  00000-0 0  9994
2 27704  54.5944  54.9051 0249115 283.3655 258.4304  2.00581639125234
1 27704U 03010A   20123.27536142 -.00000052  00000-0  00000-0 0  9990
2 27704  54.5947  54.8845 0249099 283.3743 261.5650  2.00581661125241
1 27704U 03010A   20124.20184135 -.00000058  00000-0  00000-0 0  9991
2 27704  54.5953  54.8465 0249072 283.3907 210.5753  2.00581706125269
1 27704U 03010A   20125.17478088 -.00000065  00000-0  00000+0 0  9998
2 27704  54.5960  54.8066 0249043 283.4077 193.1345  2.00581757125271
1 27704U 03010A   20125.27432991 -.00000066  00000-0  00000-0 0  9994
2 27704  54.5960  54.8026 0249033 283.4091 265.0190  2.00581764125288
1 27704U 03010A   20126.23972243 -.00000071  00000-0  00000-0 0  9996
2 27704  54.5967  54.7631 0249004 283.4262 242.1284  2.00581822125302
1 27704U 03010A   20127.26365962 -.00000076  00000-0  00000+0 0  9998
2 27704  54.5973  54.7212 0248971 283.4440 261.5136  2.00581893125314
1 27704U 03010A   20127.26365962 -.00000076  00000-0  00000-0 0  9999
2 27704  54.5973  54.7212 0248971 283.4440 261.5136  2.00581893125325
1 27704U 03010A   20128.01659245 -.00000078  00000-0  00000-0 0  9995
2 27704  54.5978  54.6903 0248951 283.4564  85.2072  2.00581946125342
1 27704U 03010A   20129.01392883 -.00000079  00000-0  00000-0 0  9999
2 27704  54.5985  54.6496 0248913 283.4742  85.3838  2.00582024125364
1 27704U 03010A   20129.26175209 -.00000079  00000-0  00000-0 0  9997
2 27704  54.5987  54.6394 0248895 283.4792 264.3364  2.00582046125364
1 27704U 03010A   20138.79236111 -.00000093  00000-0  00000-0 0  9991
2 27704  54.6046  54.2500 0241993 283.7600 299.6393  2.00391500125545
1 27704U 03010A   20142.72747262 -.00000076  00000-0  00000-0 0  9994
2 27704  54.6072  54.0897 0241889 283.8266 258.4870  2.00391726125626
1 27704U 03010A   20144.13130549 -.00000067  00000-0  00000-0 0  9995
2 27704  54.6081  54.0324 0241855 283.8521 191.2324  2.00391814125668
1 27704U 03010A   20144.77085439 -.00000064  00000-0  00000-0 0  9999
2 27704  54.6085  54.0063 0241798 283.8607 292.6151  2.00391834125669
1 27704U 03010A   20144.77085439 -.00000064  00000-0  00000-0 0  9999
2 27704  54.6085  54.0063 0241798 283.8607 292.6151  2.00391834125670
1 27704U 03010A   20148.97501359 -.00000058  00000-0  00000+0 0  9991
2 27704  54.6112  53.8345 0241669 283.9322  85.5645  2.00392044125753
1 27704U 03010A   20149.97276639 -.00000062  00000-0  00000-0 0  9998
2 27704  54.6118  53.7938 0241641 283.9487  85.3609  2.00392102125784
1 27704U 03010A   20150.97126267 -.00000067  00000-0  00000-0 0  9996
2 27704  54.6125  53.7530 0241601 283.9647  85.6942  2.00392159125802
1 27704U 03010A   20151.96384617 -.00000073  00000-0  00000+0 0  9997
2 27704  54.6132  53.7124 0241586 283.9817  81.7615  2.00392234125819
1 27704U 03010A   20153.70981236 -.00000083  00000-0  00000-0 0  9993
2 27704  54.6143  53.6410 0241521 284.0118 261.3325  2.00392370125852
1 27704U 03010A   20153.96537909 -.00000084  00000-0  00000+0 0  9995
2 27704  54.6145  53.6306 0241520 284.0149  85.7042  2.00392389125855
1 27704U 03010A   20155.75450921 -.00000088  00000-0  00000-0 0  9997
2 27704  54.6157  53.5575 0241449 284.0456 296.4155  2.00392556125892
1 27704U 03010A   20155.96117209 -.00000088  00000-0  00000-0 0  9999
2 27704  54.6159  53.5490 0241444 284.0484  85.5067  2.00392573125906
1 27704U 03010A   20157.19791948 -.00000088  00000-0  00000+0 0  9993
2 27704  54.6167  53.4985 0241405 284.0708 257.7185  2.00392704125910
1 27704U 03010A   20157.95788914 -.00000088  00000-0  00000-0 0  9997
2 27704  54.6172  53.4675 0241387 284.0827  85.9764  2.00392783125947
1 27704U 03010A   20158.95566878 -.00000088  00000-0  00000-0 0  9991
2 27704  54.6179  53.4267 0241351 284.0993  85.7946  2.00392894125961
1 27704U 03010A   20159.20080861 -.00000088  00000-0  00000+0 0  9992
2 27704  54.6181  53.4167 0241333 284.1038 262.6429  2.00392925125950
1 27704U 03010A   20159.95347459 -.00000088  00000-0  00000-0 0  9994
2 27704  54.6186  53.3859 0241313 284.1156  85.6324  2.00393009125985
1 27704U 03010A   20160.95148204 -.00000090  00000-0  00000-0 0  9996
2 27704  54.6192  53.3451 0241276 284.1318  85.6159  2.00393126126008
1 27704U 03010A   20161.18696318 -.00000091  00000-0  00000-0 0  9997
2 27704  54.6194  53.3355 0241256 284.1359 255.4967  2.00393153125997
1 27704U 03010A   20162.21350295 -.00000093  00000-0  00000-0 0  9995
2 27704  54.6200  53.2935 0241217 284.1523 276.0648  2.00393272126019
1 27704U 03010A   20163.94562909 -.00000098  00000-0  00000-0 0  9998
2 27704  54.6211  53.2228 0241169 284.1824  85.6570  2.00393472126061
1 27704U 03010A   20164.94415122 -.00000099  00000-0  00000+0 0  9993
2 27704  54.6218  53.1820 0241132 284.1995  86.0124  2.00393582126077
1 27704U 03010A   20164.94415122 -.00000099  00000-0  00000-0 0  9994
2 27704  54.6218  53.1820 0241132 284.1995  86.0124  2.00393582126077
1 27704U 03010A   20165.94129957 -.00000098  00000-0  00000-0 0  9992
2 27704  54.6221  53.1413 0241102 284.2170  85.3769  2.00393692126105
1 27704U 03010A   20166.93559245 -.00000096  00000-0  00000-0 0  9997
2 27704  54.6228  53.1008 0241064 284.2336  82.6824  2.00393793126129
1 27704U 03010A   20168.17315622 -.00000090  00000-0  00000+0 0  9997
2 27704  54.6235  53.0502 0241018 284.2540 255.4898  2.00393915126139
1 27704U 03010A   20168.93553646 -.00000086  00000-0  00000-0 0  9997
2 27704  54.6239  53.0190 0241001 284.2674  85.4886  2.00393988126167
1 27704U 03010A   20169.16941751 -.00000084  00000-0  00000-0 0  9999
2 27704  54.6241  53.0095 0240986 284.2707 254.2164  2.00394008126161
1 27704U 03010A   20169.92956620 -.00000079  00000-0  00000-0 0  9998
2 27704  54.6253  52.9785 0240974 284.2837  82.6057  2.00394076126180
1 27704U 03010A   20171.92943818 -.00000066  00000-0  00000+0 0  9991
2 27704  54.6266  52.8968 0240917 284.3174  85.3617  2.00394231126217
1 27704U 03010A   20172.30828209 -.00000064  00000-0  00000-0 0  9999
2 27704  54.6267  52.8813 0240902 284.3228 358.6700  2.00394259126221
1 27704U 03010A   20173.19907229 -.00000059  00000-0  00000-0 0  9991
2 27704  54.6273  52.8450 0240875 284.3386 281.3074  2.00394324126240
1 27704U 03010A   20173.92592936 -.00000057  00000-0  00000-0 0  9995
2 27704  54.6278  52.8153 0240859 284.3511  85.6801  2.00394375126268
1 27704U 03010A   20174.66929228 -.00000055  00000-0  00000+0 0  9992
2 27704  54.6283  52.7849 0240830 284.3638 261.9606  2.00394429126266
1 27704U 03010A   20175.92103605 -.00000055  00000-0  00000-0 0  9996
2 27704  54.6292  52.7338 0240791 284.3835  85.0021  2.00394522126309
1 27704U 03010A   20176.91549977 -.00000058  00000-0  00000+0 0  9994
2 27704  54.6299  52.6932 0240759 284.3993  82.4349  2.00394596126310
1 27704U 03010A   20176.91549977 -.00000058  00000-0  00000-0 0  9995
2 27704  54.6299  52.6932 0240759 284.3993  82.4349  2.00394596126321
1 27704U 03010A   20177.68880149 -.00000061  00000-0  00000-0 0  9993
2 27704  54.6304  52.6616 0240727 284.4126 280.3149  2.00394663126334
1 27704U 03010A   20178.19085663 -.00000063  00000-0  00000-0 0  9990
2 27704  54.6308  52.6411 0240711 284.4206 282.5112  2.00394703126343
1 27704U 03010A   20178.91594034 -.00000067  00000-0  00000+0 0  9990
2 27704  54.6313  52.6114 0240697 284.4313  85.6076  2.00394766126352
1 27704U 03010A   20178.91594034 -.00000067  00000-0  00000-0 0  9991
2 27704  54.6313  52.6114 0240697 284.4313  85.6076  2.00394766126363
1 27704U 03010A   20179.15529451 -.00000068  00000-0  00000-0 0  9990
2 27704  54.6315  52.6016 0240681 284.4364 258.2829  2.00394790126366
1 27704U 03010A   20179.91429487 -.00000072  00000-0  00000-0 0  9997
2 27704  54.6320  52.5706 0240668 284.4476  85.8481  2.00394861126385
1 27704U 03010A   20180.91251073 -.00000076  00000-0  00000-0 0  9997
2 27704  54.6327  52.5298 0240640 284.4639  85.9889  2.00394963126408
1 27704U 03010A   20181.90930030 -.00000079  00000-0  00000+0 0  9996
2 27704  54.6335  52.4891 0240608 284.4804  85.1008  2.00395070126419
1 27704U 03010A   20182.90835708 -.00000081  00000-0  00000-0 0  9997
2 27704  54.6342  52.4483 0240577 284.4972  85.8486  2.00395186126443
1 27704U 03010A   20183.90656571 -.00000081  00000-0  00000-0 0  9997
2 27704  54.6349  52.4075 0240546 284.5141  85.9849  2.00395311126468
1 27704U 03010A   20184.15396712 -.00000081  00000-0  00000+0 0  9992
2 27704  54.6351  52.3974 0240528 284.5191 264.4664  2.00395342126455
1 27704U 03010A   20184.90493598 -.00000080  00000-0  00000-0 0  9995
2 27704  54.6356  52.3667 0240517 284.5307  86.2383  2.00395437126482
1 27704U 03010A   20185.90270782 -.00000080  00000-0  00000-0 0  9994
2 27704  54.6363  52.3260 0240485 284.5471  86.0607  2.00395568126500
1 27704U 03010A   20186.90078574 -.00000080  00000-0  00000+0 0  9999
2 27704  54.6370  52.2852 0240453 284.5636  86.1041  2.00395704126518
1 27704U 03010A   20186.90078574 -.00000080  00000-0  00000-0 0  9990
2 27704  54.6370  52.2852 0240453 284.5636  86.1041  2.00395704126529
1 27704U 03010A   20187.89885659 -.00000081  00000-0  00000-0 0  9990
2 27704  54.6377  52.2445 0240424 284.5800  86.1429  2.00395842126540
1 27704U 03010A   20188.13313178 -.00000082  00000-0  00000-0 0  9991
2 27704  54.6379  52.2349 0240405 284.5844 255.1557  2.00395876126538
1 27704U 03010A   20188.89717640 -.00000083  00000-0  00000-0 0  9997
2 27704  54.6384  52.2037 0240396 284.5971  86.3614  2.00395986126561
1 27704U 03010A   20189.13258519 -.00000084  00000-0  00000-0 0  9991
2 27704  54.6386  52.1941 0240378 284.6014 256.1922  2.00396020126564
1 27704U 03010A   20190.13752209 -.00000086  00000-0  00000+0 0  9999
2 27704  54.6393  52.1531 0240350 284.6183 261.1851  2.00396160126577
1 27704U 03010A   20190.89266502 -.00000088  00000-0  00000-0 0  9991
2 27704  54.6398  52.1223 0240346 284.6313  85.9689  2.00396265126599
1 27704U 03010A   20190.89266502 -.00000088  00000-0  00000-0 0  9991
2 27704  54.6398  52.1223 0240346 284.6313  85.9689  2.00396265126601
1 27704U 03010A   20191.88665588 -.00000089  00000-0  00000-0 0  9999
2 27704  54.6405  52.0817 0240318 284.6483  83.0653  2.00396397126623
1 27704U 03010A   20192.37141181 -.00000089  00000-0  00000-0 0  9992
2 27704  54.6409  52.0619 0240314 284.6568  72.7838  2.00396463126621
1 27704U 03010A   20192.88876027 -.00000089  00000-0  00000-0 0  9992
2 27704  54.6412  52.0408 0240300 284.6659  86.0154  2.00396530126643
1 27704U 03010A   20193.88310822 -.00000087  00000-0  00000-0 0  9997
2 27704  54.6422  52.0003 0240275 284.6828  83.3704  2.00396654126653
1 27704U 03010A   20193.88310822 -.00000087  00000-0  00000-0 0  9997
2 27704  54.6422  52.0003 0240275 284.6828  83.3704  2.00396654126664
1 27704U 03010A   20194.88403581 -.00000083  00000-0  00000-0 0  9999
2 27704  54.6432  51.9594 0240244 284.6998  85.4728  2.00396779126681
1 27704U 03010A   20195.12549213 -.00000081  00000-0  00000-0 0  9998
2 27704  54.6433  51.9496 0240223 284.7032 259.6681  2.00396809126687
1 27704U 03010A   20195.88329824 -.00000077  00000-0  00000+0 0  9999
2 27704  54.6439  51.9187 0240215 284.7166  86.3744  2.00396898126693
1 27704U 03010A   20195.88329824 -.00000077  00000-0  00000-0 0  9990
2 27704  54.6439  51.9187 0240215 284.7166  86.3744  2.00396898126705
1 27704U 03010A   20196.87659920 -.00000070  00000-0  00000-0 0  9996
2 27704  54.6446  51.8781 0240193 284.7329  82.9759  2.00397002126726
1 27704U 03010A   20197.88853580 -.00000063  00000-0  00000+0 0  9997
2 27704  54.6456  51.8369 0240177 284.7498  93.0220  2.00397102126736
1 27704U 03010A   20197.88853580 -.00000063  00000-0  00000-0 0  9998
2 27704  54.6456  51.8369 0240177 284.7498  93.0220  2.00397102126747
1 27704U 03010A   20199.12688181 -.00000054  00000-0  00000-0 0  9990
2 27704  54.6469  51.7863 0240142 284.7703 266.4084  2.00397223126760
1 27704U 03010A   20199.87102751 -.00000050  00000-0  00000-0 0  9992
2 27704  54.6492  51.7560 0240134 284.7833  83.2607  2.00397286126782
1 27704U 03010A   20200.12479863 -.00000048  00000-0  00000+0 0  9990
2 27704  54.6488  51.7456 0240123 284.7872 266.3405  2.00397306126774
1 27704U 03010A   20200.87304053 -.00000045  00000-0  00000-0 0  9998
2 27704  54.6492  51.7151 0240115 284.8004  86.1483  2.00397372126801
1 27704U 03010A   20201.87105936 -.00000042  00000-0  00000-0 0  9995
2 27704  54.6502  51.6744 0240093 284.8172  86.1549  2.00397458126810
1 27704U 03010A   20201.87105936 -.00000042  00000-0  00000-0 0  9995
2 27704  54.6502  51.6744 0240093 284.8172  86.1549  2.00397458126821
1 27704U 03010A   20203.10257727 -.00000041  00000-0  00000-0 0  9998
2 27704  54.6503  51.6241 0240056 284.8387 254.6163  2.00397573126845
1 27704U 03010A   20203.86717535 -.00000042  00000-0  00000-0 0  9990
2 27704  54.6508  51.5929 0240048 284.8506  86.2265  2.00397641126866
1 27704U 03010A   20204.60090854 -.00000045  00000-0  00000+0 0  9993
2 27704  54.6514  51.5630 0240024 284.8638 255.5681  2.00397714126866
1 27704U 03010A   20204.86564693 -.00000045  00000-0  00000-0 0  9999
2 27704  54.6519  51.5522 0240027 284.8671  86.5615  2.00397740126881
1 27704U 03010A   20205.86390025 -.00000050  00000-0  00000-0 0  9992
2 27704  54.6504  51.5114 0240014 284.8838  86.7394  2.00397844126907
1 27704U 03010A   20207.86004983 -.00000059  00000-0  00000+0 0  9997
2 27704  54.6520  51.4299 0239977 284.9171  86.8382  2.00398059126935
1 27704U 03010A   20208.85794877 -.00000062  00000-0  00000-0 0  9990
2 27704  54.6527  51.3892 0239959 284.9341  86.7610  2.00398175126964
1 27704U 03010A   20210.09199670 -.00000064  00000-0  00000+0 0  9990
2 27704  54.6526  51.3388 0239929 284.9567 257.0499  2.00398331126973
1 27704U 03010A   20210.85446681 -.00000064  00000-0  00000-0 0  9992
2 27704  54.6530  51.3077 0239926 284.9686  87.1270  2.00398430127006
1 27704U 03010A   20211.85177785 -.00000064  00000-0  00000-0 0  9999
2 27704  54.6535  51.2670 0239909 284.9858  86.6268  2.00398566127024
1 27704U 03010A   20212.84999975 -.00000063  00000-0  00000+0 0  9990
2 27704  54.6542  51.2263 0239889 285.0030  86.7841  2.00398706127036
1 27704U 03010A   20212.84999975 -.00000063  00000-0  00000-0 0  9991
2 27704  54.6542  51.2263 0239889 285.0030  86.7841  2.00398706127047
1 27704U 03010A   20215.58302771 -.00000066  00000-0  00000-0 0  9990
2 27704  54.6562  51.1149 0239830 285.0506 258.5022  2.00399112127081
1 27704U 03010A   20216.31090853 -.00000068  00000-0  00000-0 0  9999
2 27704  54.6566  51.0852 0239835 285.0623  63.6268  2.00399222127102
1 27704U 03010A   20216.82179356 -.00000069  00000-0  00000-0 0  9992
2 27704  54.6572  51.0643 0239836 285.0718  72.2003  2.00399306127110
1 27704U 03010A   20217.83982900 -.00000072  00000-0  00000+0 0  9994
2 27704  54.6577  51.0229 0239817 285.0901  86.6533  2.00399450127137
1 27704U 03010A   20220.06915164 -.00000074  00000-0  00000+0 0  9993
2 27704  54.6596  50.9319 0239776 285.1308 254.9811  2.00399782127173
1 27704U 03010A   20221.31507556 -.00000071  00000-0  00000-0 0  9992
2 27704  54.6585  50.8812 0239779 285.1528  73.8451  2.00399951127216
1 27704U 03010A   20221.83249721 -.00000069  00000-0  00000-0 0  9993
2 27704  54.6592  50.8601 0239773 285.1620  87.1357  2.00400017127216
1 27704U 03010A   20221.83249721 -.00000069  00000-0  00000-0 0  9993
2 27704  54.6592  50.8601 0239773 285.1620  87.1357  2.00400017127227
1 27704U 03010A   20222.83033083 -.00000064  00000-0  00000-0 0  9991
2 27704  54.6598  50.8194 0239764 285.1796  87.0171  2.00400139127244
1 27704U 03010A   20223.82825995 -.00000058  00000-0  00000-0 0  9995
2 27704  54.6605  50.7788 0239757 285.1970  86.9681  2.00400253127260
1 27704U 03010A   20224.82813326 -.00000051  00000-0  00000+0 0  9993
2 27704  54.6608  50.7380 0239752 285.2146  88.3218  2.00400361127275
1 27704U 03010A   20225.82346734 -.00000044  00000-0  00000-0 0  9991
2 27704  54.6612  50.6973 0239745 285.2327  86.4011  2.00400469127303
1 27704U 03010A   20226.82254368 -.00000038  00000-0  00000-0 0  9996
2 27704  54.6655  50.6565 0239737 285.2522  87.1789  2.00400567127326
1 27704U 03010A   20227.29215878 -.00000035  00000-0  00000+0 0  9997
2 27704  54.6658  50.6374 0239728 285.2604  65.9811  2.00400618127325
1 27704U 03010A   20227.81975304 -.00000033  00000-0  00000-0 0  9991
2 27704  54.6662  50.6159 0239726 285.2703  86.6115  2.00400666127341
1 27704U 03010A   20230.81713823 -.00000028  00000-0  00000+0 0  9994
2 27704  54.6684  50.4937 0239711 285.3243  89.0655  2.00400936127392
1 27704U 03010A   20231.05134552 -.00000028  00000-0  00000-0 0  9998
2 27704  54.6683  50.4841 0239701 285.3291 258.0333  2.00400960127407
1 27704U 03010A   20231.81212119 -.00000030  00000-0  00000-0 0  9991
2 27704  54.6689  50.4531 0239706 285.3420  86.8942  2.00401037127429
1 27704U 03010A   20232.29005318 -.00000032  00000-0  00000-0 0  9997
2 27704  54.6691  50.4336 0239709 285.3500  71.6980  2.00401088127427
1 27704U 03010A   20232.81106413 -.00000034  00000-0  00000-0 0  9995
2 27704  54.6695  50.4123 0239708 285.3596  87.5802  2.00401139127447
1 27704U 03010A   20233.80891321 -.00000039  00000-0  00000+0 0  9998
2 27704  54.6702  50.3716 0239706 285.3777  87.4768  2.00401242127458
1 27704U 03010A   20234.28868781 -.00000041  00000-0  00000-0 0  9999
2 27704  54.6706  50.3521 0239706 285.3862  73.6098  2.00401294127473
1 27704U 03010A   20234.80713149 -.00000043  00000-0  00000-0 0  9996
2 27704  54.6710  50.3309 0239706 285.3959  87.6401  2.00401352127488
1 27704U 03010A   20235.53746841 -.00000046  00000-0  00000-0 0  9995
2 27704  54.6716  50.3012 0239696 285.4106 254.5395  2.00401436127499
1 27704U 03010A   20235.80046582 -.00000047  00000-0  00000-0 0  9991
2 27704  54.6718  50.2905 0239704 285.4141  84.2801  2.00401467127506
1 27704U 03010A   20236.54250378 -.00000049  00000-0  00000-0 0  9995
2 27704  54.6723  50.2602 0239692 285.4293 259.6215  2.00401558127519
1 27704U 03010A   20237.78120703 -.00000051  00000-0  00000-0 0  9993
2 27704  54.6732  50.2097 0239703 285.4512  73.2846  2.00401718127534
1 27704U 03010A   20237.78120703 -.00000051  00000-0  00000-0 0  9993
2 27704  54.6732  50.2097 0239703 285.4512  73.2846  2.00401718127545
1 27704U 03010A   20238.79816198 -.00000052  00000-0  00000-0 0  9996
2 27704  54.6740  50.1682 0239699 285.4708  86.9660  2.00401855127552
1 27704U 03010A   20238.79816198 -.00000052  00000-0  00000-0 0  9996
2 27704  54.6740  50.1682 0239699 285.4708  86.9660  2.00401855127563
1 27704U 03010A   20241.02862116 -.00000053  00000-0  00000+0 0  9997
2 27704  54.6756  50.0773 0239682 285.5138 256.1311  2.00402172127590
1 27704U 03010A   20241.02862116 -.00000053  00000-0  00000-0 0  9998
2 27704  54.6756  50.0773 0239682 285.5138 256.1311  2.00402172127590
1 27704U 03010A   20241.79258212 -.00000054  00000-0  00000-0 0  9999
2 27704  54.6764  50.0462 0239697 285.5274  87.2924  2.00402286127624
1 27704U 03010A   20242.03354587 -.00000054  00000-0  00000-0 0  9999
2 27704  54.6765  50.0364 0239684 285.5325 261.1356  2.00402322127622
1 27704U 03010A   20242.79022860 -.00000056  00000-0  00000-0 0  9990
2 27704  54.6771  50.0056 0239697 285.5464  87.0459  2.00402436127631
1 27704U 03010A   20242.79022860 -.00000056  00000-0  00000-0 0  9990
2 27704  54.6771  50.0056 0239697 285.5464  87.0459  2.00402436127642
1 27704U 03010A   20243.78411403 -.00000059  00000-0  00000-0 0  9998
2 27704  54.6778  49.9651 0239700 285.5655  84.0863  2.00402583127665
1 27704U 03010A   20244.78693385 -.00000063  00000-0  00000-0 0  9995
2 27704  54.6786  49.9243 0239705 285.5852  87.5724  2.00402732127687
1 27704U 03010A   20245.78127036 -.00000065  00000-0  00000+0 0  9992
2 27704  54.6793  49.8838 0239712 285.6051  84.9382  2.00402877127696
1 27704U 03010A   20245.78127036 -.00000065  00000-0  00000-0 0  9993
2 27704  54.6793  49.8838 0239712 285.6051  84.9382  2.00402877127696
1 27704U 03010A   20246.51967302 -.00000067  00000-0  00000-0 0  9995
2 27704  54.6798  49.8537 0239703 285.6199 257.6607  2.00402985127712
1 27704U 03010A   20247.75846253 -.00000067  00000-0  00000-0 0  9993
2 27704  54.6805  49.8034 0239733 285.6441  71.3895  2.00403164127738
1 27704U 03010A   20248.77817975 -.00000065  00000-0  00000-0 0  9993
2 27704  54.6817  49.7619 0239740 285.6649  87.0674  2.00403300127750
1 27704U 03010A   20248.77817975 -.00000065  00000-0  00000-0 0  9993
2 27704  54.6817  49.7619 0239740 285.6649  87.0674  2.00403300127761
1 27704U 03010A   20250.25744003 -.00000058  00000-0  00000-0 0  9992
2 27704  54.6829  49.7016 0239753 285.6940  74.2858  2.00403478127783
1 27704U 03010A   20251.00580281 -.00000054  00000-0  00000-0 0  9998
2 27704  54.6831  49.6711 0239748 285.7082 254.1961  2.00403562127800
1 27704U 03010A   20251.76916780 -.00000049  00000-0  00000-0 0  9992
2 27704  54.6837  49.6400 0239768 285.7242  84.9285  2.00403644127822
1 27704U 03010A   20252.25327122 -.00000046  00000-0  00000-0 0  9990
2 27704  54.6841  49.6204 0239776 285.7334  74.1878  2.00403695127825
1 27704U 03010A   20252.77107644 -.00000042  00000-0  00000-0 0  9998
2 27704  54.6847  49.5993 0239783 285.7442  87.7604  2.00403744127847
1 27704U 03010A   20253.24957295 -.00000039  00000-0  00000-0 0  9992
2 27704  54.6848  49.5798 0239792 285.7534  72.9747  2.00403790127848
1 27704U 03010A   20254.76697664 -.00000031  00000-0  00000-0 0  9993
2 27704  54.6865  49.5180 0239808 285.7850  87.7128  2.00403926127883
1 27704U 03010A   20255.76130595 -.00000028  00000-0  00000-0 0  9995
2 27704  54.6873  49.4775 0239821 285.8053  85.0772  2.00404008127903
1 27704U 03010A   20256.49693139 -.00000026  00000-0  00000-0 0  9992
2 27704  54.6882  49.4476 0239822 285.8207 255.7982  2.00404068127908
1 27704U 03010A   20256.75882464 -.00000026  00000-0  00000-0 0  9992
2 27704  54.6883  49.4369 0239833 285.8257  84.7431  2.00404091127924
1 27704U 03010A   20257.75744646 -.00000026  00000-0  00000-0 0  9992
2 27704  54.6887  49.3962 0239849 285.8454  85.2060  2.00404177127932
1 27704U 03010A   20257.75744646 -.00000026  00000-0  00000-0 0  9992
2 27704  54.6887  49.3962 0239849 285.8454  85.2060  2.00404177127943
1 27704U 03010A   20258.74045814 -.00000028  00000-0  00000-0 0  9995
2 27704  54.6889  49.3561 0239866 285.8644  74.4076  2.00404263127954
1 27704U 03010A   20258.74045814 -.00000028  00000-0  00000-0 0  9995
2 27704  54.6889  49.3561 0239866 285.8644  74.4076  2.00404263127965
1 27704U 03010A   20259.75326073 -.00000031  00000-0  00000-0 0  9990
2 27704  54.6899  49.3148 0239879 285.8854  85.1011  2.00404354127985
1 27704U 03010A   20260.23729800 -.00000034  00000-0  00000-0 0  9993
2 27704  54.6901  49.2950 0239887 285.8950  74.3137  2.00404398127993
1 27704U 03010A   20260.75924003 -.00000036  00000-0  00000+0 0  9993
2 27704  54.6901  49.2738 0239896 285.9057  90.8727  2.00404446127998
1 27704U 03010A   20260.86262292 -.00000037  00000-0  00000-0 0  9992
2 27704  54.6903  49.2695 0239896 285.9091 165.4578  2.00404455127993
1 27704U 03010A   20260.86262292 -.00000037  00000-0  00000-0 0  9992
2 27704  54.6903  49.2695 0239896 285.9091 165.4578  2.00404455128006
1 27704U 03010A   20261.73952407 -.00000041  00000-0  00000-0 0  9998
2 27704  54.6907  49.2337 0239914 285.9255  78.1068  2.00404545128011
1 27704U 03010A   20261.73952407 -.00000041  00000-0  00000-0 0  9998
2 27704  54.6907  49.2337 0239914 285.9255  78.1068  2.00404545128022
1 27704U 03010A   20262.74757971 -.00000045  00000-0  00000-0 0  9993
2 27704  54.6915  49.1927 0239933 285.9468  85.3763  2.00404649128030
1 27704U 03010A   20263.74596051 -.00000049  00000-0  00000-0 0  9998
2 27704  54.6922  49.1520 0239952 285.9679  85.6660  2.00404758128065
1 27704U 03010A   20265.74553641 -.00000053  00000-0  00000-0 0  9993
2 27704  54.6935  49.0705 0239984 286.0110  88.2764  2.00404992128097
1 27704U 03010A   20266.47393446 -.00000053  00000-0  00000-0 0  9999
2 27704  54.6938  49.0408 0239983 286.0274 253.7848  2.00405083128117
1 27704U 03010A   20267.47891300 -.00000055  00000-0  00000-0 0  9994
2 27704  54.6943  48.9998 0239996 286.0490 258.8359  2.00405213128139
1 27704U 03010A   20268.73604846 -.00000057  00000-0  00000+0 0  9992
2 27704  54.6951  48.9486 0240030 286.0755  85.8088  2.00405383128152
1 27704U 03010A   20269.15802454 -.00000058  00000-0  00000-0 0  9996
2 27704  54.6953  48.9314 0240035 286.0831  30.2494  2.00405448128162
1 27704U 03010A   20269.73380750 -.00000060  00000-0  00000-0 0  9993
2 27704  54.6957  48.9080 0240049 286.0967  85.6526  2.00405527128170
1 27704U 03010A   20269.73380750 -.00000060  00000-0  00000-0 0  9993
2 27704  54.6957  48.9080 0240049 286.0967  85.6526  2.00405527128181
1 27704U 03010A   20270.73184322 -.00000063  00000-0  00000-0 0  9995
2 27704  54.6964  48.8673 0240070 286.1187  85.6955  2.00405663128193
1 27704U 03010A   20270.73184322 -.00000063  00000-0  00000-0 0  9995
2 27704  54.6964  48.8673 0240070 286.1187  85.6955  2.00405663128205
1 27704U 03010A   20271.72986299 -.00000067  00000-0  00000-0 0  9992
2 27704  54.6971  48.8267 0240095 286.1408  85.7271  2.00405801128223
1 27704U 03010A   20272.15779306 -.00000069  00000-0  00000-0 0  9991
2 27704  54.6974  48.8093 0240104 286.1493  34.4628  2.00405861128221
1 27704U 03010A   20272.70257816 -.00000071  00000-0  00000-0 0  9992
2 27704  54.6977  48.7871 0240119 286.1623  67.5030  2.00405935128235
1 27704U 03010A   20273.72747130 -.00000074  00000-0  00000-0 0  9991
2 27704  54.6984  48.7454 0240143 286.1865  86.9221  2.00406073128269
1 27704U 03010A   20274.72534905 -.00000075  00000-0  00000-0 0  9997
2 27704  54.6991  48.7047 0240166 286.2096  86.8515  2.00406202128277
1 27704U 03010A   20274.72534905 -.00000075  00000-0  00000-0 0  9997
2 27704  54.6991  48.7047 0240166 286.2096  86.8515  2.00406202128288
1 27704U 03010A   20275.72307919 -.00000074  00000-0  00000-0 0  9990
2 27704  54.6997  48.6641 0240190 286.2326  86.6748  2.00406323128309
1 27704U 03010A   20277.45610560 -.00000068  00000-0  00000-0 0  9994
2 27704  54.7009  48.5935 0240228 286.2716 256.9880  2.00406516128329
1 27704U 03010A   20280.72776073 -.00000049  00000-0  00000+0 0  9998
2 27704  54.7030  48.4602 0240332 286.3486  97.3629  2.00406809128394
1 27704U 03010A   20281.72068316 -.00000044  00000-0  00000-0 0  9999
2 27704  54.7037  48.4198 0240363 286.3720  93.7195  2.00406882128429
1 27704U 03010A   20282.13404885 -.00000043  00000-0  00000-0 0  9999
2 27704  54.7039  48.4030 0240379 286.3808  31.9484  2.00406910128427
1 27704U 03010A   20282.70956441 -.00000041  00000-0  00000-0 0  9990
2 27704  54.7043  48.3795 0240397 286.3951  87.1608  2.00406948128442
1 27704U 03010A   20282.94709419 -.00000040  00000-0  00000+0 0  9995
2 27704  54.7044  48.3699 0240396 286.3999 258.5307  2.00406966128436
1 27704U 03010A   20282.94709419 -.00000040  00000-0  00000-0 0  9996
2 27704  54.7044  48.3699 0240396 286.3999 258.5307  2.00406966128436
1 27704U 03010A   20283.70734569 -.00000038  00000-0  00000-0 0  9992
2 27704  54.7049  48.3389 0240425 286.4180  87.0241  2.00407016128465
1 27704U 03010A   20284.70567174 -.00000038  00000-0  00000-0 0  9999
2 27704  54.7055  48.2983 0240455 286.4412  87.2803  2.00407078128488
1 27704U 03010A   20285.13399097 -.00000038  00000-0  00000+0 0  9993
2 27704  54.7058  48.2808 0240467 286.4507  36.2977  2.00407105128482
1 27704U 03010A   20285.70435750 -.00000039  00000-0  00000-0 0  9995
2 27704  54.7061  48.2576 0240485 286.4645  87.7963  2.00407141128498
1 27704U 03010A   20285.70435750 -.00000039  00000-0  00000-0 0  9995
2 27704  54.7061  48.2576 0240485 286.4645  87.7963  2.00407141128500
1 27704U 03010A   20286.70261376 -.00000043  00000-0  00000-0 0  9992
2 27704  54.7068  48.2169 0240516 286.4879  88.0025  2.00407207128516
1 27704U 03010A   20286.70261376 -.00000043  00000-0  00000-0 0  9992
2 27704  54.7068  48.2169 0240516 286.4879  88.0025  2.00407207128527
1 27704U 03010A   20288.62033355 -.00000051  00000-0  00000-0 0  9998
2 27704  54.7081  48.1387 0240575 286.5332  31.5696  2.00407343128554
1 27704U 03010A   20289.17739022 -.00000054  00000-0  00000-0 0  9996
2 27704  54.7084  48.1159 0240599 286.5468  73.4661  2.00407388128567
1 27704U 03010A   20291.61992846 -.00000063  00000-0  00000+0 0  9992
2 27704  54.7100  48.0164 0240673 286.6067  35.6710  2.00407596128612
1 27704U 03010A   20291.61992846 -.00000063  00000-0  00000-0 0  9993
2 27704  54.7100  48.0164 0240673 286.6067  35.6710  2.00407596128612
1 27704U 03010A   20292.92419034 -.00000066  00000-0  00000-0 0  9994
2 27704  54.7109  47.9632 0240707 286.6410 256.6483  2.00407720128632
1 27704U 03010A   20292.92419034 -.00000066  00000-0  00000-0 0  9994
2 27704  54.7109  47.9632 0240707 286.6410 256.6483  2.00407720128643
1 27704U 03010A   20294.16298203 -.00000068  00000-0  00000-0 0  9997
2 27704  54.7117  47.9127 0240755 286.6704  70.3950  2.00407852128668
1 27704U 03010A   20294.65792709 -.00000068  00000-0  00000-0 0  9991
2 27704  54.7120  47.8926 0240773 286.6824  67.4812  2.00407907128677
1 27704U 03010A   20295.11495163 -.00000069  00000-0  00000-0 0  9998
2 27704  54.7123  47.8740 0240786 286.6933  37.2092  2.00407957128680
1 27704U 03010A   20295.68397414 -.00000071  00000-0  00000-0 0  9993
2 27704  54.7127  47.8508 0240807 286.7085  87.7385  2.00408021128700
1 27704U 03010A   20296.68262477 -.00000074  00000-0  00000+0 0  9996
2 27704  54.7133  47.8100 0240839 286.7340  88.2305  2.00408133128717
1 27704U 03010A   20297.74556334 -.00000078  00000-0  00000-0 0  9997
2 27704  54.7140  47.7667 0240883 286.7616 135.1038  2.00408255128740
1 27704U 03010A   20298.67699287 -.00000082  00000-0  00000-0 0  9990
2 27704  54.7144  47.7288 0240920 286.7841  87.1001  2.00408364128764
1 27704U 03010A   20299.09146088 -.00000084  00000-0  00000+0 0  9994
2 27704  54.7146  47.7120 0240934 286.7935  26.1260  2.00408411128763
1 27704U 03010A   20299.67852505 -.00000086  00000-0  00000-0 0  9999
2 27704  54.7150  47.6880 0240958 286.8102  89.6715  2.00408480128780
1 27704U 03010A   20300.65970477 -.00000089  00000-0  00000-0 0  9992
2 27704  54.7157  47.6480 0240992 286.8362  77.5594  2.00408592128795
1 27704U 03010A   20300.65970477 -.00000089  00000-0  00000-0 0  9992
2 27704  54.7157  47.6480 0240992 286.8362  77.5594  2.00408592128807
1 27704U 03010A   20301.67306961 -.00000091  00000-0  00000-0 0  9999
2 27704  54.7163  47.6068 0241030 286.8635  88.6674  2.00408703128810
1 27704U 03010A   20301.67306961 -.00000091  00000-0  00000-0 0  9999
2 27704  54.7163  47.6068 0241030 286.8635  88.6674  2.00408703128821
1 27704U 03010A   20303.66738126 -.00000089  00000-0  00000-0 0  9999
2 27704  54.7175  47.5256 0241103 286.9167  87.4965  2.00408902128858
1 27704U 03010A   20304.14005382 -.00000088  00000-0  00000-0 0  9993
2 27704  54.7178  47.5063 0241123 286.9287  68.5147  2.00408944128861
1 27704U 03010A   20304.66677015 -.00000085  00000-0  00000-0 0  9995
2 27704  54.7181  47.4849 0241143 286.9430  88.5230  2.00408989128884
1 27704U 03010A   20305.61948150 -.00000080  00000-0  00000-0 0  9997
2 27704  54.7186  47.4461 0241188 286.9674  55.8741  2.00409063128897
1 27704U 03010A   20305.66529613 -.00000080  00000-0  00000-0 0  9991
2 27704  54.7186  47.4443 0241189 286.9692  88.9273  2.00409067128899
1 27704U 03010A   20305.66529613 -.00000080  00000-0  00000-0 0  9991
2 27704  54.7186  47.4443 0241189 286.9692  88.9273  2.00409067128901
1 27704U 03010A   20306.74949925 -.00000074  00000-0  00000-0 0  9996
2 27704  54.7193  47.4000 0241232 286.9988 151.1442  2.00409142128922
1 27704U 03010A   20307.87482681 -.00000067  00000-0  00000-0 0  9994
2 27704  54.7201  47.3542 0241275 287.0288 243.0319  2.00409206128930
1 27704U 03010A   20307.87482681 -.00000067  00000-0  00000-0 0  9994
2 27704  54.7201  47.3542 0241275 287.0288 243.0319  2.00409206128941
1 27704U 03010A   20309.63110733 -.00000059  00000-0  00000-0 0  9997
2 27704  54.7212  47.2826 0241355 287.0772  70.1307  2.00409288128973
1 27704U 03010A   20310.14620163 -.00000057  00000-0  00000-0 0  9996
2 27704  54.7215  47.2616 0241374 287.0916  81.7543  2.00409310128992
1 27704U 03010A   20310.59454420 -.00000056  00000-0  00000-0 0  9995
2 27704  54.7218  47.2434 0241392 287.1034  45.2196  2.00409330128996
1 27704U 03010A   20313.64814992 -.00000057  00000+0  00000+0 0  9997
2 27704  54.7236  47.1189 0241514 287.1868  88.2993  2.00409445129061
1 27704U 03010A   20317.11582718 -.00000070  00000-0  10000-3 0  9992
2 27704  54.7319  46.9731 0239989 287.2259  70.1892  2.00409376129163
1 27704U 03010A   20319.60814472 -.00000077  00000-0  00000-0 0  9996
2 27704  54.7272  46.8757 0241770 287.3541  68.2480  2.00409753129175
1 27704U 03010A   20320.61311764 -.00000079  00000-0  00000-0 0  9997
2 27704  54.7279  46.8347 0241809 287.3833  73.3041  2.00409822129205
1 27704U 03010A   20321.59771454 -.00000080  00000-0  00000+0 0  9992
2 27704  54.7285  46.7946 0241826 287.4119  63.6599  2.00409895129214
1 27704U 03010A   20321.59771454 -.00000080  00000-0  00000-0 0  9993
2 27704  54.7285  46.7946 0241826 287.4119  63.6599  2.00409895129214
1 27704U 03010A   20322.69927606 -.00000082  00000-0  00000-0 0  9999
2 27704  54.7292  46.7496 0241880 287.4448 138.4012  2.00409985129241
1 27704U 03010A   20323.57365417 -.00000084  00000-0  00000-0 0  9995
2 27704  54.7297  46.7140 0241914 287.4689  49.2391  2.00410055129257
1 27704U 03010A   20324.96373843 -.00000089  00000-0  00000+0 0  9995
2 27704  54.7301  46.6571 0241762 288.6349 331.8316  2.00553796129287
1 27704U 03010A   20324.96373843 -.00000089  00000-0  00000-0 0  9996
2 27704  54.7301  46.6571 0241762 288.6349 331.8316  2.00553796129287
1 27704U 03010A   20326.62075483 -.00000096  00000-0  00000-0 0  9998
2 27704  54.7245  46.5926 0242051 288.6549  88.1984  2.00553881129324
1 27704U 03010A   20327.62510331 -.00000100  00000-0  00000+0 0  9990
2 27704  54.7918  46.5755 0240404 288.7233  93.2846  2.00554017129339
1 27704U 03010A   20327.62510331 -.00000100  00000-0  00000-0 0  9991
2 27704  54.7918  46.5755 0240404 288.7233  93.2846  2.00554017129339
1 27704U 03010A   20328.79821772 -.00000102  00000-0  00000+0 0  9995
2 27704  54.7295  46.5003 0242148 288.7557 220.2578  2.00554175129350
1 27704U 03010A   20329.61775620 -.00000102  00000-0  00000-0 0  9998
2 27704  54.7297  46.4665 0242193 288.7806  91.9537  2.00554216129378
1 27704U 03010A   20329.61775620 -.00000102  00000-0  00000-0 0  9998
2 27704  54.7297  46.4665 0242193 288.7806  91.9537  2.00554216129389
1 27704U 03010A   20330.79240706 -.00000100  00000-0  00000-0 0  9999
2 27704  54.7330  46.4189 0242031 288.8099 220.0496  2.00554253129395
1 27704U 03010A   20330.79240706 -.00000100  00000-0  00000-0 0  9999
2 27704  54.7330  46.4189 0242031 288.8099 220.0496  2.00554253129407
1 27704U 03010A   20331.61377924 -.00000096  00000-0  00000-0 0  9998
2 27704  54.7336  46.3854 0242070 288.8351  93.0689  2.00554305129427
1 27704U 03010A   20332.18902897 -.00000094  00000-0  00000-0 0  9992
2 27704  54.7343  46.3619 0242072 288.8529 148.3918  2.00554361129435
1 27704U 03010A   20332.61111723 -.00000091  00000-0  00000-0 0  9997
2 27704  54.7346  46.3446 0242095 288.8655  93.1341  2.00554385129434
1 27704U 03010A   20333.60817241 -.00000085  00000-0  00000-0 0  9998
2 27704  54.7352  46.3039 0242142 288.8955  92.9952  2.00554437129461
1 27704U 03010A   20334.60468929 -.00000079  00000-0  00000-0 0  9997
2 27704  54.7357  46.2633 0242192 288.9257  92.4676  2.00554482129475
1 27704U 03010A   20334.60468929 -.00000079  00000-0  00000-0 0  9997
2 27704  54.7357  46.2633 0242192 288.9257  92.4676  2.00554482129486
1 27704U 03010A   20335.60296066 -.00000072  00000-0  00000-0 0  9992
2 27704  54.7363  46.2225 0242241 288.9564  93.2064  2.00554519129498
1 27704U 03010A   20335.60296066 -.00000072  00000-0  00000-0 0  9992
2 27704  54.7363  46.2225 0242241 288.9564  93.2064  2.00554519129500
1 27704U 03010A   20336.59428454 -.00000067  00000-0  00000-0 0  9993
2 27704  54.7369  46.1820 0242286 288.9869  88.9294  2.00554551129527
1 27704U 03010A   20336.77686778 -.00000066  00000-0  00000-0 0  9997
2 27704  54.7371  46.1746 0242280 288.9916 220.7533  2.00554566129522
1 27704U 03010A   20337.59652707 -.00000063  00000-0  00000-0 0  9990
2 27704  54.7376  46.1411 0242318 289.0171  92.5365  2.00554589129548
1 27704U 03010A   20338.59439613 -.00000060  00000-0  00000-0 0  9997
2 27704  54.7382  46.1004 0242356 289.0471  92.9862  2.00554616129567
1 27704U 03010A   20339.56313358 -.00000059  00000-0  00000-0 0  9990
2 27704  54.7388  46.0610 0242395 289.0761  72.4033  2.00554636129587
1 27704U 03010A   20339.76865398 -.00000059  00000-0  00000-0 0  9998
2 27704  54.7389  46.0526 0242405 289.0828 220.7862  2.00554637129578
1 27704U 03010A   20339.76865398 -.00000059  00000-0  00000-0 0  9998
2 27704  54.7389  46.0526 0242405 289.0828 220.7862  2.00554637129589
1 27704U 03010A   20341.58601867 -.00000062  00000-0  00000-0 0  9994
2 27704  54.7400  45.9783 0242483 289.1382  92.9019  2.00554682129615
1 27704U 03010A   20342.58062064 -.00000065  00000-0  00000-0 0  9998
2 27704  54.7407  45.9376 0242525 289.1688  90.9927  2.00554712129638
1 27704U 03010A   20342.58062064 -.00000065  00000-0  00000-0 0  9998
2 27704  54.7407  45.9376 0242525 289.1688  90.9927  2.00554712129649
1 27704U 03010A   20346.62957319 -.00000076  00000-0  00000+0 0  9994
2 27704  54.7433  45.7721 0242690 289.2974 134.2859  2.00554882129714
1 27704U 03010A   20346.62957319 -.00000076  00000-0  00000-0 0  9995
2 27704  54.7433  45.7721 0242690 289.2974 134.2859  2.00554882129725
1 27704U 03010A   20347.56862164 -.00000077  00000-0  00000-0 0  9993
2 27704  54.7439  45.7337 0242722 289.3265  92.2683  2.00554936129744
1 27704U 03010A   20348.56681231 -.00000078  00000-0  00000-0 0  9999
2 27704  54.7445  45.6929 0242755 289.3579  92.9504  2.00554996129768
1 27704U 03010A   20349.11000148 -.00000079  00000-0  00000+0 0  9993
2 27704  54.7449  45.6707 0242775 289.3757 125.1261  2.00555034129769
1 27704U 03010A   20349.56262612 -.00000079  00000-0  00000-0 0  9999
2 27704  54.7452  45.6522 0242791 289.3897  91.9162  2.00555066129788
1 27704U 03010A   20352.10056565 -.00000086  00000-0  00000+0 0  9998
2 27704  54.7468  45.5485 0242887 289.4714 124.2789  2.00555264129827
1 27704U 03010A   20352.55010990 -.00000087  00000-0  00000-0 0  9991
2 27704  54.7470  45.5301 0242904 289.4853  88.8453  2.00555300129847
1 27704U 03010A   20353.02198478 -.00000089  00000-0  00000-0 0  9994
2 27704  54.7473  45.5108 0242923 289.5004  69.5338  2.00555338129855
1 27704U 03010A   20353.73216086 -.00000092  00000-0  00000-0 0  9992
2 27704  54.7478  45.4818 0242943 289.5249 222.2715  2.00555398129864
1 27704U 03010A   20354.54961360 -.00000095  00000-0  00000-0 0  9997
2 27704  54.7483  45.4483 0242983 289.5510  92.4636  2.00555468129882
1 27704U 03010A   20355.54157505 -.00000097  00000-0  00000-0 0  9998
2 27704  54.7491  45.4078 0243013 289.5844  88.6476  2.00555550129900
1 27704U 03010A   20355.62649444 -.00000097  00000-0  00000-0 0  9995
2 27704  54.7490  45.4043 0243021 289.5876 149.9581  2.00555557129900
1 27704U 03010A   20356.03627052 -.00000097  00000-0  00000-0 0  9992
2 27704  54.7492  45.3876 0243041 289.6010  85.8117  2.00555588129916
1 27704U 03010A   20356.59521073 -.00000097  00000-0  00000-0 0  9999
2 27704  54.7496  45.3647 0243061 289.6201 129.3595  2.00555632129925
1 27704U 03010A   20358.05086750 -.00000094  00000-0  00000-0 0  9997
2 27704  54.7506  45.3052 0243118 289.6685 100.3272  2.00555739129958
1 27704U 03010A   20359.53606957 -.00000087  00000-0  00000-0 0  9990
2 27704  54.7515  45.2445 0243175 289.7171  92.6275  2.00555837129974
1 27704U 03010A   20360.53300405 -.00000081  00000-0  00000-0 0  9995
2 27704  54.7521  45.2037 0243215 289.7505  92.4031  2.00555894130001
1 27704U 03010A   20361.70955503 -.00000073  00000-0  00000-0 0  9991
2 27704  54.7528  45.1556 0243258 289.7889 221.8612  2.00555945130027
1 27704U 03010A   20362.40657263 -.00000068  00000-0  00000-0 0  9995
2 27704  54.7533  45.1272 0243293 289.8121   5.1003  2.00555965130037
1 27704U 03010A   20362.78041354 -.00000066  00000-0  00000-0 0  9992
2 27704  54.7536  45.1119 0243299 289.8246 275.0096  2.00555980130042
1 27704U 03010A   20363.59407667 -.00000061  00000-0  00000-0 0  9990
2 27704  54.7541  45.0787 0243332 289.8530 142.4647  2.00556009130066
1 27704U 03010A   20364.52012891 -.00000056  00000-0  00000-0 0  9999
2 27704  54.7547  45.0409 0243367 289.8838  91.0650  2.00556033130084
1 27704U 03010A   20365.51895590 -.00000052  00000-0  00000-0 0  9990
2 27704  54.7553  45.0001 0243402 289.9172  92.2078  2.00556056130106
1 27704U 03010A   20366.51622961 -.00000050  00000-0  00000-0 0  9999
2 27704  54.7560  44.9593 0243435 289.9503  92.2297  2.00556076130129

