1 26407U 00040A   20090.72890914 -.00000001  00000-0  00000-0 0  9996
2 26407  56.0536 305.2741 0187397 279.1358  69.5067  2.00564700144420
1 26407U 00040A   20091.73959937  .00000005  00000-0  00000+0 0  9991
2 26407  56.0529 305.2342 0187357 279.1452  79.2683  2.00564680144441
1 26407U 00040A   20092.20833228  .00000008  00000-0  00000-0 0  9992
2 26407  56.0526 305.2157 0187341 279.1458  57.7173  2.00564673144459
1 26407U 00040A   20093.22575789  .00000011  00000-0  00000-0 0  9994
2 26407  56.0518 305.1756 0187302 279.1535  72.3438  2.00564652144473
1 26407U 00040A   20093.69355331  .00000012  00000-0  00000-0 0  9995
2 26407  56.0515 305.1572 0187286 279.1560  50.1140  2.00564644144481
1 26407U 00040A   20094.71530142  .00000011  00000-0  00000+0 0  9992
2 26407  56.0508 305.1169 0187249 279.1579  67.8673  2.00564622144509
1 26407U 00040A   20094.71530142  .00000011  00000-0  00000-0 0  9993
2 26407  56.0508 305.1169 0187249 279.1579  67.8673  2.00564622144509
1 26407U 00040A   20097.48243653 -.00000008  00000-0  00000-0 0  9995
2 26407  56.0488 305.0076 0187165 279.1716 265.8690  2.00564592144552
1 26407U 00040A   20097.48243653 -.00000008  00000-0  00000-0 0  9995
2 26407  56.0488 305.0076 0187165 279.1716 265.8690  2.00564592144563
1 26407U 00040A   20099.47757926 -.00000027  00000-0  00000-0 0  9990
2 26407  56.0474 304.9288 0187106 279.1817 266.4558  2.00564596144607
1 26407U 00040A   20102.45377061 -.00000036  00000-0  00000+0 0  9990
2 26407  56.0453 304.8113 0187003 279.1901 255.4125  2.00564638144650
1 26407U 00040A   20102.46185433 -.00000036  00000-0  00000-0 0  9992
2 26407  56.0453 304.8110 0187004 279.1941 261.2455  2.00564640144667
1 26407U 00040A   20103.46683145 -.00000034  00000-0  00000-0 0  9994
2 26407  56.0447 304.7714 0186973 279.1947 266.8906  2.00564663144688
1 26407U 00040A   20106.94838792 -.00000022  00000-0  00000-0 0  9997
2 26407  56.0422 304.6340 0186857 279.1987 260.7518  2.00564754144751
1 26407U 00040A   20107.71169243 -.00000022  00000-0  00000+0 0  9990
2 26407  56.0417 304.6039 0186853 279.2047  91.8916  2.00564774144762
1 26407U 00040A   20108.70441660 -.00000024  00000-0  00000-0 0  9999
2 26407  56.0410 304.5648 0186826 279.2072  88.6878  2.00564793144793
1 26407U 00040A   20110.43094513 -.00000031  00000-0  00000+0 0  9990
2 26407  56.0398 304.4968 0186773 279.2110 255.3277  2.00564814144819
1 26407U 00040A   20112.69309976 -.00000036  00000-0  00000+0 0  9997
2 26407  56.0383 304.4077 0186708 279.2179  88.7154  2.00564826144867
1 26407U 00040A   20113.42275472 -.00000035  00000-0  00000-0 0  9992
2 26407  56.0378 304.3790 0186685 279.2172 255.5650  2.00564823144883
1 26407U 00040A   20113.69459181 -.00000035  00000-0  00000-0 0  9992
2 26407  56.0376 304.3682 0186679 279.2183  91.8448  2.00564821144891
1 26407U 00040A   20114.42001944 -.00000033  00000-0  00000-0 0  9992
2 26407  56.0371 304.3397 0186660 279.2179 255.6417  2.00564814144904
1 26407U 00040A   20114.68750377 -.00000032  00000-0  00000-0 0  9990
2 26407  56.0369 304.3292 0186653 279.2187  88.7786  2.00564810144917
1 26407U 00040A   20115.68891025 -.00000027  00000-0  00000+0 0  9990
2 26407  56.0364 304.2897 0186632 279.2202  91.8452  2.00564796144926
1 26407U 00040A   20115.92142458 -.00000025  00000-0  00000-0 0  9995
2 26407  56.0361 304.2806 0186628 279.2217 259.7313  2.00564798144938
1 26407U 00040A   20116.68588079 -.00000021  00000-0  00000-0 0  9998
2 26407  56.0356 304.2505 0186609 279.2235  91.7069  2.00564780144952
1 26407U 00040A   20116.92645524 -.00000019  00000-0  00000-0 0  9991
2 26407  56.0354 304.2410 0186605 279.2246 265.4131  2.00564779144951
1 26407U 00040A   20117.68296010 -.00000014  00000-0  00000-0 0  9992
2 26407  56.0349 304.2112 0186584 279.2271  91.6469  2.00564760144973
1 26407U 00040A   20118.16508885 -.00000011  00000-0  00000+0 0  9998
2 26407  56.0348 304.1922 0186577 279.2294  79.7669  2.00564751144976
1 26407U 00040A   20119.67704329 -.00000003  00000-0  00000-0 0  9998
2 26407  56.0337 304.1326 0186539 279.2335  91.4728  2.00564712145016
1 26407U 00040A   20120.40262704 -.00000001  00000-0  00000+0 0  9994
2 26407  56.0332 304.1040 0186525 279.2343 255.3812  2.00564694145012
1 26407U 00040A   20121.41294919 -.00000000  00000-0  00000-0 0  9999
2 26407  56.0323 304.0642 0186501 279.2386 264.8826  2.00564676145043
1 26407U 00040A   20125.38849752 -.00000027  00000-0  00000+0 0  9998
2 26407  56.0294 303.9075 0186427 279.2479 255.4268  2.00564633145115
1 26407U 00040A   20125.65595337 -.00000030  00000-0  00000-0 0  9990
2 26407  56.0293 303.8969 0186422 279.2460  88.5458  2.00564629145133
1 26407U 00040A   20126.65291168 -.00000040  00000-0  00000-0 0  9997
2 26407  56.0287 303.8576 0186408 279.2486  88.3993  2.00564633145151
1 26407U 00040A   20127.63281260 -.00000047  00000-0  00000+0 0  9994
2 26407  56.0279 303.8189 0186389 279.2516  75.9361  2.00564644145168
1 26407U 00040A   20130.38591455 -.00000050  00000-0  00000+0 0  9994
2 26407  56.0255 303.7104 0186333 279.2608 263.8106  2.00564694145215
1 26407U 00040A   20130.62844413 -.00000049  00000-0  00000-0 0  9995
2 26407  56.0253 303.7008 0186332 279.2613  78.9293  2.00564703145236
1 26407U 00040A   20131.62464955 -.00000046  00000-0  00000-0 0  9992
2 26407  56.0245 303.6616 0186316 279.2632  78.2399  2.00564726145240
1 26407U 00040A   20134.87225008 -.00000040  00000-0  00000-0 0  9990
2 26407  56.0217 303.5336 0186265 279.2674 263.1734  2.00564812145318
1 26407U 00040A   20135.10743847 -.00000040  00000-0  00000+0 0  9992
2 26407  56.0215 303.5244 0186265 279.2684  72.9909  2.00564819145312
1 26407U 00040A   20136.61196924 -.00000045  00000-0  00000-0 0  9993
2 26407  56.0205 303.4651 0186244 279.2714  79.3381  2.00564848145354
1 26407U 00040A   20137.35386698 -.00000048  00000-0  00000-0 0  9997
2 26407  56.0197 303.4359 0186230 279.2687 255.0300  2.00564857145357
1 26407U 00040A   20138.62330046 -.00000053  00000-0  00000-0 0  9990
2 26407  56.0189 303.3859 0186213 279.2692  91.6272  2.00564867145396
1 26407U 00040A   20140.61765479 -.00000056  00000-0  00000+0 0  9996
2 26407  56.0174 303.3074 0186180 279.2699  91.6555  2.00564871145422
1 26407U 00040A   20140.61765479 -.00000056  00000-0  00000-0 0  9997
2 26407  56.0174 303.3074 0186180 279.2699  91.6555  2.00564871145433
1 26407U 00040A   20141.61509711 -.00000053  00000-0  00000-0 0  9990
2 26407  56.0166 303.2683 0186168 279.2688  91.8622  2.00564861145451
1 26407U 00040A   20143.59109715 -.00000043  00000-0  00000+0 0  9997
2 26407  56.0156 303.1905 0186152 279.2685  78.6385  2.00564836145480
1 26407U 00040A   20143.84525434 -.00000041  00000-0  00000-0 0  9994
2 26407  56.0153 303.1805 0186149 279.2687 262.1531  2.00564832145494
1 26407U 00040A   20146.08313376 -.00000027  00000-0  00000-0 0  9997
2 26407  56.0139 303.0924 0186127 279.2748  78.0137  2.00564785145531
1 26407U 00040A   20148.58024890 -.00000019  00000-0  00000+0 0  9994
2 26407  56.0118 302.9941 0186102 279.2797  81.0572  2.00564729145582
1 26407U 00040A   20150.58494440 -.00000026  00000-0  00000-0 0  9998
2 26407  56.0100 302.9151 0186090 279.2787  88.5537  2.00564696145622
1 26407U 00040A   20150.58494440 -.00000026  00000-0  00000-0 0  9998
2 26407  56.0100 302.9151 0186090 279.2787  88.5537  2.00564696145633
1 26407U 00040A   20151.58647167 -.00000034  00000-0  00000-0 0  9994
2 26407  56.0095 302.8757 0186092 279.2804  91.7072  2.00564686145650
1 26407U 00040A   20153.30769826 -.00000051  00000-0  00000-0 0  9992
2 26407  56.0080 302.8080 0186085 279.2863 254.5174  2.00564681145679
1 26407U 00040A   20153.82321910 -.00000056  00000-0  00000-0 0  9992
2 26407  56.0075 302.7877 0186083 279.2875 266.7493  2.00564682145699
1 26407U 00040A   20154.57376980 -.00000062  00000-0  00000-0 0  9999
2 26407  56.0069 302.7581 0186082 279.2885  88.6853  2.00564686145712
1 26407U 00040A   20155.06186074 -.00000064  00000-0  00000-0 0  9999
2 26407  56.0066 302.7389 0186081 279.2899  81.1112  2.00564690145721
1 26407U 00040A   20155.57043944 -.00000067  00000-0  00000+0 0  9995
2 26407  56.0062 302.7188 0186080 279.2912  88.3305  2.00564695145727
1 26407U 00040A   20157.56903000 -.00000067  00000-0  00000-0 0  9995
2 26407  56.0047 302.6401 0186074 279.2957  91.4134  2.00564729145777
1 26407U 00040A   20158.56257984 -.00000063  00000-0  00000+0 0  9994
2 26407  56.0038 302.6009 0186070 279.2978  88.8067  2.00564754145784
1 26407U 00040A   20158.62569510 -.00000063  00000-0  00000-0 0  9993
2 26407  56.0039 302.5985 0186072 279.2982 134.3788  2.00564754145792
1 26407U 00040A   20161.55791706 -.00000055  00000-0  00000-0 0  9994
2 26407  56.0017 302.4830 0186071 279.3020  91.5937  2.00564834145855
1 26407U 00040A   20161.79108959 -.00000055  00000-0  00000-0 0  9992
2 26407  56.0015 302.4738 0186068 279.3017 259.9569  2.00564839145847
1 26407U 00040A   20162.55528640 -.00000056  00000-0  00000-0 0  9991
2 26407  56.0009 302.4437 0186073 279.3029  91.7462  2.00564858145873
1 26407U 00040A   20162.79619329 -.00000057  00000-0  00000-0 0  9993
2 26407  56.0007 302.4342 0186070 279.3021 265.6944  2.00564862145877
1 26407U 00040A   20164.03487459 -.00000062  00000-0  00000+0 0  9994
2 26407  55.9998 302.3855 0186072 279.3046  80.0852  2.00564887145897
1 26407U 00040A   20164.54900241 -.00000064  00000-0  00000-0 0  9992
2 26407  55.9994 302.3652 0186071 279.3052  91.3120  2.00564894145918
1 26407U 00040A   20165.54658218 -.00000068  00000-0  00000-0 0  9991
2 26407  55.9986 302.3260 0186068 279.3067  91.6159  2.00564905145925
1 26407U 00040A   20166.54364890 -.00000071  00000-0  00000-0 0  9996
2 26407  55.9978 302.2867 0186063 279.3077  91.5499  2.00564911145950
1 26407U 00040A   20167.54071043 -.00000071  00000-0  00000-0 0  9992
2 26407  55.9971 302.2475 0186058 279.3081  91.4807  2.00564915145975
1 26407U 00040A   20167.99419406 -.00000071  00000-0  00000+0 0  9999
2 26407  55.9967 302.2296 0186058 279.3081  58.9198  2.00564915145972
1 26407U 00040A   20168.53799582 -.00000069  00000-0  00000-0 0  9994
2 26407  55.9964 302.2082 0186055 279.3082  91.5735  2.00564913145990
1 26407U 00040A   20169.99938288 -.00000062  00000-0  00000+0 0  9995
2 26407  55.9952 302.1507 0186056 279.3098  66.7706  2.00564902146010
1 26407U 00040A   20170.53224505 -.00000059  00000-0  00000-0 0  9994
2 26407  55.9949 302.1298 0186056 279.3103  91.5248  2.00564896146031
1 26407U 00040A   20170.62351183 -.00000058  00000-0  00000-0 0  9996
2 26407  55.9948 302.1262 0186056 279.3101 157.4245  2.00564893146035
1 26407U 00040A   20171.60195001 -.00000051  00000-0  00000-0 0  9993
2 26407  55.9941 302.0877 0186058 279.3121 143.9066  2.00564877146058
1 26407U 00040A   20171.76910312 -.00000049  00000-0  00000-0 0  9997
2 26407  55.9940 302.0811 0186060 279.3125 264.5995  2.00564875146040
1 26407U 00040A   20171.76910312 -.00000049  00000-0  00000-0 0  9997
2 26407  55.9940 302.0811 0186060 279.3125 264.5995  2.00564875146051
1 26407U 00040A   20172.52669213 -.00000044  00000-0  00000-0 0  9998
2 26407  55.9934 302.0513 0186059 279.3148  91.6166  2.00564861146072
1 26407U 00040A   20173.52386230 -.00000037  00000-0  00000-0 0  9996
2 26407  55.9926 302.0120 0186058 279.3175  91.6235  2.00564840146092
1 26407U 00040A   20174.52087554 -.00000031  00000-0  00000+0 0  9997
2 26407  55.9918 301.9727 0186058 279.3207  91.5165  2.00564819146109
1 26407U 00040A   20175.58356389 -.00000028  00000-0  00000-0 0  9996
2 26407  55.9910 301.9309 0186062 279.3225 138.8318  2.00564794146132
1 26407U 00040A   20176.51129425 -.00000028  00000-0  00000-0 0  9999
2 26407  55.9902 301.8943 0186063 279.3252  88.6994  2.00564777146152
1 26407U 00040A   20177.24075103 -.00000030  00000-0  00000+0 0  9995
2 26407  55.9896 301.8656 0186069 279.3274 255.4035  2.00564763146150
1 26407U 00040A   20177.50818681 -.00000032  00000-0  00000-0 0  9993
2 26407  55.9894 301.8551 0186069 279.3279  88.5058  2.00564760146176
1 26407U 00040A   20178.50526424 -.00000038  00000-0  00000-0 0  9991
2 26407  55.9886 301.8158 0186075 279.3312  88.4452  2.00564747146199
1 26407U 00040A   20179.23463299 -.00000044  00000-0  00000-0 0  9999
2 26407  55.9881 301.7870 0186082 279.3342 255.0848  2.00564735146205
1 26407U 00040A   20179.50270056 -.00000047  00000-0  00000+0 0  9998
2 26407  55.9878 301.7765 0186084 279.3345  88.6436  2.00564738146205
1 26407U 00040A   20180.49992425 -.00000056  00000-0  00000-0 0  9990
2 26407  55.9871 301.7372 0186093 279.3381  88.6881  2.00564734146235
1 26407U 00040A   20181.02548795 -.00000060  00000-0  00000-0 0  9992
2 26407  55.9867 301.7164 0186097 279.3407 108.1703  2.00564734146244
1 26407U 00040A   20181.98055691 -.00000067  00000-0  00000+0 0  9991
2 26407  55.9859 301.6788 0186103 279.3448  77.7764  2.00564737146251
1 26407U 00040A   20182.49386679 -.00000069  00000-0  00000-0 0  9994
2 26407  55.9855 301.6585 0186107 279.3470  88.4112  2.00564742146275
1 26407U 00040A   20183.48027566 -.00000072  00000-0  00000-0 0  9995
2 26407  55.9847 301.6196 0186112 279.3516  80.6459  2.00564757146297
1 26407U 00040A   20184.48474875 -.00000070  00000-0  00000+0 0  9992
2 26407  55.9840 301.5800 0186116 279.3562  85.9241  2.00564775146305
1 26407U 00040A   20185.48118574 -.00000067  00000-0  00000-0 0  9991
2 26407  55.9832 301.5407 0186122 279.3598  85.4007  2.00564797146337
1 26407U 00040A   20186.55347961 -.00000062  00000-0  00000+0 0  9998
2 26407  55.9823 301.4985 0186129 279.3637 139.6498  2.00564821146343
1 26407U 00040A   20187.47996407 -.00000058  00000-0  00000-0 0  9991
2 26407  55.9816 301.4620 0186137 279.3663  88.6180  2.00564845146379
1 26407U 00040A   20188.48145334 -.00000056  00000-0  00000-0 0  9996
2 26407  55.9808 301.4225 0186146 279.3695  91.7432  2.00564873146383
1 26407U 00040A   20188.58458208 -.00000056  00000-0  00000-0 0  9994
2 26407  55.9807 301.4184 0186145 279.3703 166.2068  2.00564873146399
1 26407U 00040A   20189.47371752 -.00000056  00000-0  00000-0 0  9991
2 26407  55.9800 301.3834 0186154 279.3733  88.2067  2.00564899146419
1 26407U 00040A   20190.47171588 -.00000059  00000-0  00000-0 0  9991
2 26407  55.9792 301.3441 0186162 279.3770  88.8108  2.00564919146430
1 26407U 00040A   20190.95347300 -.00000060  00000-0  00000+0 0  9992
2 26407  55.9788 301.3251 0186164 279.3788  76.6632  2.00564929146433
1 26407U 00040A   20191.46862957 -.00000062  00000-0  00000-0 0  9992
2 26407  55.9784 301.3048 0186166 279.3812  88.6313  2.00564941146447
1 26407U 00040A   20192.46557142 -.00000066  00000-0  00000-0 0  9994
2 26407  55.9777 301.2655 0186169 279.3849  88.4727  2.00564957146472
1 26407U 00040A   20192.94547918 -.00000068  00000-0  00000-0 0  9999
2 26407  55.9773 301.2466 0186170 279.3866  74.9898  2.00564964146476
1 26407U 00040A   20193.46696630 -.00000069  00000-0  00000-0 0  9994
2 26407  55.9769 301.2261 0186172 279.3884  91.5295  2.00564966146496
1 26407U 00040A   20194.01194348 -.00000070  00000-0  00000-0 0  9997
2 26407  55.9766 301.2046 0186172 279.3904 125.0300  2.00564968146499
1 26407U 00040A   20195.45674644 -.00000068  00000-0  00000-0 0  9995
2 26407  55.9754 301.1476 0186180 279.3941  88.2511  2.00564974146538
1 26407U 00040A   20196.45820568 -.00000064  00000-0  00000+0 0  9999
2 26407  55.9747 301.1082 0186188 279.3967  91.3552  2.00564968146543
1 26407U 00040A   20197.50108642 -.00000057  00000-0  00000-0 0  9991
2 26407  55.9737 301.0671 0186199 279.4001 124.3671  2.00564955146575
1 26407U 00040A   20198.54935418 -.00000049  00000-0  00000+0 0  9995
2 26407  55.9731 301.0258 0186212 279.4042 161.2680  2.00564939146584
1 26407U 00040A   20198.54935418 -.00000049  00000-0  00000-0 0  9996
2 26407  55.9731 301.0258 0186212 279.4042 161.2680  2.00564939146595
1 26407U 00040A   20199.45000934 -.00000041  00000-0  00000-0 0  9995
2 26407  55.9724 300.9903 0186219 279.4095  91.5836  2.00564924146612
1 26407U 00040A   20200.44268799 -.00000033  00000-0  00000-0 0  9993
2 26407  55.9716 300.9511 0186225 279.4149  88.3449  2.00564900146635
1 26407U 00040A   20200.93138736 -.00000029  00000-0  00000+0 0  9998
2 26407  55.9713 300.9319 0186228 279.4178  81.2089  2.00564890146633
1 26407U 00040A   20201.44430213 -.00000026  00000-0  00000-0 0  9998
2 26407  55.9709 300.9116 0186232 279.4205  91.5580  2.00564879146658
1 26407U 00040A   20201.92490080 -.00000023  00000-0  00000-0 0  9996
2 26407  55.9705 300.8927 0186235 279.4233  78.5728  2.00564867146653
1 26407U 00040A   20202.44105481 -.00000021  00000-0  00000-0 0  9990
2 26407  55.9701 300.8723 0186240 279.4259  91.2608  2.00564852146661
1 26407U 00040A   20202.56249382 -.00000021  00000-0  00000-0 0  9992
2 26407  55.9699 300.8676 0186242 279.4261 178.9459  2.00564847146671
1 26407U 00040A   20203.43864102 -.00000019  00000-0  00000-0 0  9999
2 26407  55.9692 300.8330 0186248 279.4315  91.5654  2.00564831146699
1 26407U 00040A   20204.43525035 -.00000020  00000-0  00000-0 0  9991
2 26407  55.9684 300.7937 0186259 279.4369  91.1648  2.00564809146710
1 26407U 00040A   20205.40428286 -.00000025  00000-0  00000+0 0  9993
2 26407  55.9677 300.7554 0186272 279.4422  70.8524  2.00564791146720
1 26407U 00040A   20206.43101623 -.00000032  00000-0  00000-0 0  9999
2 26407  55.9669 300.7149 0186286 279.4484  92.2020  2.00564773146756
1 26407U 00040A   20207.54154600 -.00000041  00000-0  00000+0 0  9994
2 26407  55.9660 300.6710 0186305 279.4560 174.0558  2.00564759146767
1 26407U 00040A   20208.42064697 -.00000048  00000-0  00000-0 0  9996
2 26407  55.9653 300.6363 0186316 279.4618  88.8076  2.00564758146798
1 26407U 00040A   20209.41739416 -.00000054  00000-0  00000-0 0  9991
2 26407  55.9645 300.5970 0186327 279.4693  88.5044  2.00564761146816
1 26407U 00040A   20209.87011587 -.00000056  00000-0  00000+0 0  9994
2 26407  55.9642 300.5791 0186331 279.4727  55.3901  2.00564764146814
1 26407U 00040A   20209.87011587 -.00000056  00000-0  00000-0 0  9995
2 26407  55.9642 300.5791 0186331 279.4727  55.3901  2.00564764146814
1 26407U 00040A   20210.41508699 -.00000057  00000-0  00000-0 0  9993
2 26407  55.9638 300.5575 0186336 279.4768  88.8841  2.00564766146837
1 26407U 00040A   20211.14383778 -.00000057  00000-0  00000-0 0  9993
2 26407  55.9632 300.5288 0186344 279.4827 255.0748  2.00564771146848
1 26407U 00040A   20211.41130440 -.00000056  00000-0  00000-0 0  9998
2 26407  55.9630 300.5182 0186347 279.4840  88.1987  2.00564777146854
1 26407U 00040A   20212.40866299 -.00000053  00000-0  00000+0 0  9992
2 26407  55.9623 300.4788 0186356 279.4913  88.3371  2.00564794146867
1 26407U 00040A   20213.39910104 -.00000048  00000-0  00000-0 0  9991
2 26407  55.9616 300.4398 0186368 279.4979  83.4793  2.00564815146892
1 26407U 00040A   20214.40165771 -.00000044  00000-0  00000-0 0  9992
2 26407  55.9608 300.4002 0186378 279.5044  87.3720  2.00564837146910
1 26407U 00040A   20215.91315741 -.00000040  00000-0  00000+0 0  9998
2 26407  55.9596 300.3405 0186396 279.5137  98.7457  2.00564871146938
1 26407U 00040A   20216.39522601 -.00000039  00000-0  00000-0 0  9995
2 26407  55.9592 300.3215 0186404 279.5162  86.8222  2.00564881146952
1 26407U 00040A   20216.88174538 -.00000040  00000-0  00000-0 0  9993
2 26407  55.9588 300.3023 0186410 279.5198  78.1114  2.00564892146956
1 26407U 00040A   20217.38927382 -.00000041  00000-0  00000-0 0  9993
2 26407  55.9585 300.2822 0186417 279.5232  84.5704  2.00564902146975
1 26407U 00040A   20218.42793646 -.00000044  00000-0  00000+0 0  9995
2 26407  55.9578 300.2412 0186422 279.5312 114.5320  2.00564918146983
1 26407U 00040A   20218.87708594 -.00000046  00000-0  00000-0 0  9995
2 26407  55.9576 300.2235 0186429 279.5341  78.8389  2.00564925147002
1 26407U 00040A   20220.47960743 -.00000052  00000-0  00000+0 0  9996
2 26407  55.9561 300.1602 0186435 279.5452 155.9336  2.00564940147021
1 26407U 00040A   20220.83748858 -.00000052  00000-0  00000-0 0  9998
2 26407  55.9558 300.1461 0186437 279.5474  54.3406  2.00564946147033
1 26407U 00040A   20222.47571949 -.00000052  00000-0  00000-0 0  9995
2 26407  55.9546 300.0814 0186449 279.5574 157.2204  2.00564946147067
1 26407U 00040A   20223.49268260 -.00000048  00000-0  00000-0 0  9992
2 26407  55.9538 300.0412 0186456 279.5636 171.5157  2.00564941147093
1 26407U 00040A   20224.37493881 -.00000042  00000-0  00000-0 0  9993
2 26407  55.9532 300.0064 0186467 279.5701  88.5452  2.00564936147117
1 26407U 00040A   20225.10379969 -.00000036  00000-0  00000+0 0  9997
2 26407  55.9527 299.9776 0186477 279.5749 254.8167  2.00564925147119
1 26407U 00040A   20225.48238074 -.00000033  00000-0  00000-0 0  9997
2 26407  55.9524 299.9626 0186478 279.5782 168.1690  2.00564918147130
1 26407U 00040A   20226.36733037 -.00000025  00000-0  00000-0 0  9995
2 26407  55.9518 299.9276 0186487 279.5864  87.1415  2.00564905147158
1 26407U 00040A   20227.36508356 -.00000016  00000-0  00000-0 0  9990
2 26407  55.9510 299.8882 0186495 279.5959  87.5628  2.00564882147161
1 26407U 00040A   20228.34910441 -.00000008  00000-0  00000-0 0  9992
2 26407  55.9503 299.8494 0186501 279.6057  78.0682  2.00564858147180
1 26407U 00040A   20228.84997027 -.00000004  00000-0  00000-0 0  9998
2 26407  55.9500 299.8297 0186504 279.6104  79.7151  2.00564844147201
1 26407U 00040A   20229.36035472 -.00000002  00000-0  00000-0 0  9991
2 26407  55.9496 299.8095 0186506 279.6153  88.2349  2.00564830147217
1 26407U 00040A   20231.35865833  .00000002  00000-0  00000+0 0  9993
2 26407  55.9481 299.7305 0186521 279.6336  91.0977  2.00564779147248
1 26407U 00040A   20231.78991847  .00000001  00000-0  00000-0 0  9995
2 26407  55.9477 299.7135 0186525 279.6378  42.4861  2.00564769147256
1 26407U 00040A   20232.49002660 -.00000002  00000-0  00000-0 0  9992
2 26407  55.9472 299.6858 0186547 279.6428 187.9959  2.00564739147274
1 26407U 00040A   20233.33766206 -.00000007  00000-0  00000-0 0  9994
2 26407  55.9466 299.6523 0186560 279.6508  80.0254  2.00564723147296
1 26407U 00040A   20234.33618014 -.00000014  00000-0  00000+0 0  9995
2 26407  55.9458 299.6128 0186564 279.6612  80.9980  2.00564712147303
1 26407U 00040A   20235.33072406 -.00000022  00000-0  00000-0 0  9995
2 26407  55.9451 299.5735 0186578 279.6719  79.1006  2.00564704147324
1 26407U 00040A   20236.34490653 -.00000029  00000-0  00000-0 0  9992
2 26407  55.9444 299.5334 0186586 279.6837  91.3822  2.00564699147359
1 26407U 00040A   20236.82281456 -.00000031  00000-0  00000-0 0  9997
2 26407  55.9440 299.5144 0186591 279.6890  76.4518  2.00564699147355
1 26407U 00040A   20237.33737831 -.00000033  00000-0  00000+0 0  9998
2 26407  55.9436 299.4941 0186599 279.6950  87.9880  2.00564700147362
1 26407U 00040A   20237.82779101 -.00000034  00000-0  00000-0 0  9990
2 26407  55.9433 299.4747 0186605 279.7007  82.0862  2.00564702147374
1 26407U 00040A   20237.82779101 -.00000034  00000-0  00000-0 0  9990
2 26407  55.9433 299.4747 0186605 279.7007  82.0862  2.00564702147385
1 26407U 00040A   20239.33212523 -.00000031  00000-0  00000-0 0  9995
2 26407  55.9422 299.4151 0186612 279.7173  88.2785  2.00564719147407
1 26407U 00040A   20241.30925890 -.00000022  00000-0  00000-0 0  9993
2 26407  55.9408 299.3370 0186614 279.7383  75.8527  2.00564757147440
1 26407U 00040A   20241.83747807 -.00000020  00000-0  00000-0 0  9999
2 26407  55.9404 299.3162 0186617 279.7447  97.2485  2.00564770147467
1 26407U 00040A   20242.41776660 -.00000018  00000-0  00000-0 0  9990
2 26407  55.9401 299.2932 0186639 279.7512 156.2408  2.00564775147472
1 26407U 00040A   20243.05282182 -.00000017  00000-0  00000-0 0  9991
2 26407  55.9396 299.2681 0186653 279.7576 254.7777  2.00564787147478
1 26407U 00040A   20243.80158017 -.00000017  00000-0  00000-0 0  9993
2 26407  55.9390 299.2385 0186663 279.7650  75.4135  2.00564806147497
1 26407U 00040A   20244.43551076 -.00000018  00000-0  00000-0 0  9996
2 26407  55.9386 299.2134 0186666 279.7725 173.1375  2.00564816147516
1 26407U 00040A   20245.39351904 -.00000022  00000-0  00000+0 0  9994
2 26407  55.9380 299.1756 0186673 279.7838 144.8588  2.00564835147525
1 26407U 00040A   20245.90644359 -.00000024  00000-0  00000-0 0  9993
2 26407  55.9377 299.1553 0186674 279.7894 155.2119  2.00564845147548
1 26407U 00040A   20246.43336961 -.00000026  00000-0  00000-0 0  9991
2 26407  55.9373 299.1344 0186674 279.7947 175.6752  2.00564852147548
1 26407U 00040A   20246.80071612 -.00000028  00000-0  00000-0 0  9993
2 26407  55.9370 299.1199 0186675 279.7989  80.9145  2.00564860147565
1 26407U 00040A   20247.30880894 -.00000030  00000-0  00000-0 0  9992
2 26407  55.9367 299.0999 0186674 279.8054  87.7780  2.00564866147578
1 26407U 00040A   20248.30665753 -.00000033  00000-0  00000-0 0  9991
2 26407  55.9360 299.0605 0186687 279.8173  88.2655  2.00564867147580
1 26407U 00040A   20249.41798674 -.00000033  00000-0  00000-0 0  9993
2 26407  55.9352 299.0165 0186688 279.8278 170.6936  2.00564871147605
1 26407U 00040A   20250.46895462 -.00000030  00000-0  00000-0 0  9990
2 26407  55.9345 298.9750 0186684 279.8377 209.5381  2.00564871147629
1 26407U 00040A   20251.36457750 -.00000025  00000-0  00000-0 0  9998
2 26407  55.9339 298.9396 0186685 279.8476 136.2155  2.00564868147653
1 26407U 00040A   20252.36546240 -.00000017  00000-0  00000-0 0  9993
2 26407  55.9332 298.9000 0186690 279.8590 138.8960  2.00564856147661
1 26407U 00040A   20253.28076552 -.00000009  00000-0  00000-0 0  9990
2 26407  55.9325 298.8638 0186688 279.8708  79.7816  2.00564843147688
1 26407U 00040A   20253.28076552 -.00000009  00000-0  00000-0 0  9990
2 26407  55.9325 298.8638 0186688 279.8708  79.7816  2.00564843147699
1 26407U 00040A   20254.28187852 -.00000000  00000-0  00000-0 0  9998
2 26407  55.9318 298.8243 0186686 279.8840  82.6249  2.00564823147712
1 26407U 00040A   20255.28073332  .00000008  00000-0  00000-0 0  9993
2 26407  55.9311 298.7847 0186657 279.8959  83.8392  2.00564800147732
1 26407U 00040A   20255.74910779  .00000012  00000-0  00000-0 0  9994
2 26407  55.9308 298.7662 0186673 279.9038  62.0222  2.00564784147732
1 26407U 00040A   20256.40591240  .00000016  00000-0  00000-0 0  9990
2 26407  55.9304 298.7403 0186681 279.9122 176.2614  2.00564762147744
1 26407U 00040A   20256.86967311  .00000018  00000-0  00000-0 0  9998
2 26407  55.9300 298.7219 0186680 279.9184 151.1149  2.00564749147764
1 26407U 00040A   20257.75453604  .00000020  00000-0  00000-0 0  9995
2 26407  55.9294 298.6869 0186686 279.9312  70.0197  2.00564723147770
1 26407U 00040A   20259.49215892  .00000018  00000-0  00000-0 0  9990
2 26407  55.9282 298.6182 0186687 279.9534 244.6528  2.00564676147800
1 26407U 00040A   20259.74150471  .00000016  00000-0  00000-0 0  9997
2 26407  55.9280 298.6083 0186683 279.9566  64.6905  2.00564672147815
1 26407U 00040A   20260.38809800  .00000012  00000-0  00000-0 0  9992
2 26407  55.9275 298.5827 0186689 279.9646 171.5569  2.00564655147836
1 26407U 00040A   20260.86736991  .00000009  00000-0  00000-0 0  9991
2 26407  55.9272 298.5637 0186691 279.9713 157.6098  2.00564647147844
1 26407U 00040A   20261.47632168  .00000004  00000-0  00000-0 0  9995
2 26407  55.9268 298.5396 0186704 279.9814 237.2948  2.00564636147856
1 26407U 00040A   20262.49029073 -.00000004  00000-0  00000-0 0  9994
2 26407  55.9260 298.4995 0186710 279.9974 249.4179  2.00564623147875
1 26407U 00040A   20262.74646955 -.00000006  00000-0  00000-0 0  9998
2 26407  55.9259 298.4894 0186702 279.9998  74.3901  2.00564621147874
1 26407U 00040A   20263.19610205 -.00000010  00000-0  00000-0 0  9992
2 26407  55.9255 298.4716 0186714 280.0078  39.0404  2.00564620147884
1 26407U 00040A   20263.69057271 -.00000013  00000-0  00000-0 0  9998
2 26407  55.9251 298.4520 0186711 280.0148  36.0672  2.00564614147896
1 26407U 00040A   20264.44431610 -.00000016  00000-0  00000-0 0  9998
2 26407  55.9246 298.4221 0186709 280.0273 220.2970  2.00564610147911
1 26407U 00040A   20264.81297334 -.00000017  00000-0  00000-0 0  9993
2 26407  55.9243 298.4075 0186709 280.0324 126.4819  2.00564612147924
1 26407U 00040A   20265.29658863 -.00000018  00000-0  00000-0 0  9995
2 26407  55.9240 298.3884 0186707 280.0399 115.6701  2.00564613147929
1 26407U 00040A   20265.76608293 -.00000018  00000-0  00000-0 0  9999
2 26407  55.9236 298.3698 0186705 280.0470  94.6625  2.00564617147942
1 26407U 00040A   20266.31917347 -.00000017  00000-0  00000-0 0  9993
2 26407  55.9233 298.3479 0186704 280.0555 134.0146  2.00564622147953
1 26407U 00040A   20266.81120619 -.00000015  00000-0  00000-0 0  9994
2 26407  55.9229 298.3284 0186703 280.0631 129.2805  2.00564628147961
1 26407U 00040A   20267.25209837 -.00000014  00000-0  00000-0 0  9992
2 26407  55.9226 298.3110 0186701 280.0701  87.6208  2.00564634147974
1 26407U 00040A   20268.43685133 -.00000009  00000-0  00000-0 0  9994
2 26407  55.9218 298.2641 0186696 280.0883 223.0565  2.00564652147991
1 26407U 00040A   20269.38814536 -.00000006  00000-0  00000-0 0  9997
2 26407  55.9211 298.2265 0186696 280.1020 189.9272  2.00564671148009
1 26407U 00040A   20270.45102517 -.00000005  00000-0  00000-0 0  9995
2 26407  55.9203 298.1845 0186694 280.1171 237.3672  2.00564695148028
1 26407U 00040A   20271.31477606 -.00000006  00000-0  00000-0 0  9996
2 26407  55.9198 298.1503 0186697 280.1297 141.0282  2.00564713148045
1 26407U 00040A   20272.29827368 -.00000010  00000-0  00000-0 0  9993
2 26407  55.9191 298.1114 0186696 280.1458 131.1491  2.00564732148069
1 26407U 00040A   20273.29289025 -.00000015  00000-0  00000-0 0  9991
2 26407  55.9183 298.0721 0186689 280.1613 129.2993  2.00564750148085
1 26407U 00040A   20273.71900954 -.00000018  00000-0  00000-0 0  9992
2 26407  55.9181 298.0552 0186686 280.1677  76.9734  2.00564756148090
1 26407U 00040A   20274.22244838 -.00000021  00000-0  00000-0 0  9995
2 26407  55.9177 298.0354 0186679 280.1752  80.4752  2.00564763148112
1 26407U 00040A   20275.33609076 -.00000025  00000-0  00000-0 0  9991
2 26407  55.9170 297.9914 0186664 280.1914 164.5675  2.00564775148121
1 26407U 00040A   20276.48226581 -.00000027  00000-0  00000-0 0  9996
2 26407  55.9162 297.9461 0186654 280.2070 272.1507  2.00564784148155
1 26407U 00040A   20277.34744891 -.00000026  00000-0  00000-0 0  9990
2 26407  55.9156 297.9119 0186645 280.2193 176.8462  2.00564784148165
1 26407U 00040A   20278.29470925 -.00000022  00000-0  00000-0 0  9995
2 26407  55.9150 297.8745 0186635 280.2322 140.8051  2.00564780148190
1 26407U 00040A   20278.84099306 -.00000019  00000-0  00000-0 0  9992
2 26407  55.9146 297.8529 0186633 280.2397 175.2432  2.00564774148205
1 26407U 00040A   20279.41828295 -.00000015  00000-0  00000-0 0  9999
2 26407  55.9142 297.8301 0186630 280.2481 232.0685  2.00564768148205
1 26407U 00040A   20280.21608750 -.00000009  00000-0  00000-0 0  9994
2 26407  55.9137 297.7986 0186622 280.2611  88.1125  2.00564756148232
1 26407U 00040A   20280.92556442 -.00000003  00000-0  00000-0 0  9996
2 26407  55.9131 297.7706 0186616 280.2722 240.3810  2.00564743148242
1 26407U 00040A   20281.21330885 -.00000000  00000-0  00000-0 0  9997
2 26407  55.9129 297.7592 0186613 280.2780  88.1418  2.00564736148258
1 26407U 00040A   20281.45310700  .00000002  00000-0  00000+0 0  9997
2 26407  55.9128 297.7497 0186612 280.2814 261.2853  2.00564731148249
1 26407U 00040A   20281.45310700  .00000002  00000-0  00000-0 0  9998
2 26407  55.9128 297.7497 0186612 280.2814 261.2853  2.00564731148249
1 26407U 00040A   20282.34778795  .00000009  00000-0  00000-0 0  9996
2 26407  55.9121 297.7143 0186601 280.2965 187.2769  2.00564708148275
1 26407U 00040A   20282.69166965  .00000011  00000-0  00000-0 0  9997
2 26407  55.9119 297.7007 0186596 280.3033  75.5707  2.00564698148270
1 26407U 00040A   20283.22296145  .00000015  00000-0  00000-0 0  9995
2 26407  55.9115 297.6797 0186590 280.3128  99.1819  2.00564684148282
1 26407U 00040A   20284.20324392  .00000019  00000-0  00000-0 0  9994
2 26407  55.9108 297.6409 0186577 280.3292  86.9807  2.00564653148312
1 26407U 00040A   20284.93452935  .00000021  00000-0  00000-0 0  9992
2 26407  55.9103 297.6120 0186574 280.3414 254.9949  2.00564632148322
1 26407U 00040A   20285.30271705  .00000021  00000-0  00000+0 0  9997
2 26407  55.9100 297.5975 0186568 280.3474 160.8398  2.00564621148326
1 26407U 00040A   20285.93183983  .00000020  00000-0  00000-0 0  9996
2 26407  55.9096 297.5726 0186563 280.3583 255.0885  2.00564603148340
1 26407U 00040A   20286.17485368  .00000020  00000-0  00000-0 0  9995
2 26407  55.9094 297.5630 0186559 280.3631  70.5525  2.00564597148344
1 26407U 00040A   20287.31884472  .00000014  00000-0  00000-0 0  9994
2 26407  55.9085 297.5177 0186551 280.3820 176.5550  2.00564568148367
1 26407U 00040A   20287.86428888  .00000010  00000-0  00000-0 0  9995
2 26407  55.9081 297.4962 0186547 280.3918 210.3845  2.00564556148380
1 26407U 00040A   20288.29004461  .00000007  00000-0  00000-0 0  9996
2 26407  55.9078 297.4793 0186542 280.3989 157.7954  2.00564547148386
1 26407U 00040A   20288.92350512  .00000001  00000-0  00000-0 0  9991
2 26407  55.9074 297.4542 0186537 280.4109 255.1751  2.00564536148402
1 26407U 00040A   20289.27978809 -.00000002  00000-0  00000-0 0  9997
2 26407  55.9071 297.4401 0186532 280.4164 152.4245  2.00564530148400
1 26407U 00040A   20290.42584422 -.00000012  00000-0  00000-0 0  9991
2 26407  55.9063 297.3948 0186520 280.4387 259.9147  2.00564517148421
1 26407U 00040A   20290.91587142 -.00000015  00000-0  00000-0 0  9990
2 26407  55.9059 297.3754 0186514 280.4482 253.7305  2.00564514148447
1 26407U 00040A   20291.23858706 -.00000017  00000-0  00000-0 0  9995
2 26407  55.9057 297.3626 0186510 280.4537 126.7426  2.00564513148453
1 26407U 00040A   20291.65836410 -.00000019  00000-0  00000-0 0  9991
2 26407  55.9054 297.3460 0186502 280.4614  69.8360  2.00564512148456
1 26407U 00040A   20292.28331394 -.00000021  00000-0  00000-0 0  9995
2 26407  55.9049 297.3212 0186493 280.4733 161.0705  2.00564511148464
1 26407U 00040A   20292.88457986 -.00000022  00000-0  00000-0 0  9998
2 26407  55.9045 297.2974 0186482 280.4843 235.2049  2.00564510148480
1 26407U 00040A   20293.21899367 -.00000022  00000-0  00000-0 0  9999
2 26407  55.9042 297.2842 0186477 280.4900 116.6635  2.00564513148496
1 26407U 00040A   20293.89371087 -.00000021  00000-0  00000-0 0  9996
2 26407  55.9038 297.2575 0186465 280.5028 243.8318  2.00564517148500
1 26407U 00040A   20294.30233671 -.00000020  00000-0  00000-0 0  9998
2 26407  55.9035 297.2414 0186459 280.5095 178.8742  2.00564520148508
1 26407U 00040A   20294.90481894 -.00000018  00000-0  00000-0 0  9993
2 26407  55.9031 297.2175 0186448 280.5207 253.8867  2.00564528148523
1 26407U 00040A   20295.25616073 -.00000017  00000-0  00000-0 0  9990
2 26407  55.9028 297.2036 0186444 280.5263 147.5682  2.00564533148534
1 26407U 00040A   20296.40837213 -.00000014  00000-0  00000-0 0  9996
2 26407  55.9020 297.1581 0186422 280.5464 259.5048  2.00564550148550
1 26407U 00040A   20297.20111347 -.00000013  00000-0  00000+0 0  9996
2 26407  55.9014 297.1267 0186413 280.5599 111.8920  2.00564567148561
1 26407U 00040A   20297.39663339 -.00000013  00000-0  00000-0 0  9990
2 26407  55.9013 297.1190 0186407 280.5633 253.0642  2.00564570148572
1 26407U 00040A   20297.89790775 -.00000013  00000-0  00000-0 0  9990
2 26407  55.9009 297.0992 0186399 280.5716 255.0021  2.00564580148583
1 26407U 00040A   20298.16254122 -.00000014  00000-0  00000-0 0  9993
2 26407  55.9007 297.0888 0186398 280.5762  86.0767  2.00564587148592
1 26407U 00040A   20298.89305287 -.00000017  00000-0  00000-0 0  9995
2 26407  55.9002 297.0599 0186383 280.5893 253.5312  2.00564601148601
1 26407U 00040A   20299.39855639 -.00000019  00000-0  00000+0 0  9993
2 26407  55.8998 297.0399 0186375 280.5982 258.5223  2.00564610148608
1 26407U 00040A   20299.60137185 -.00000020  00000-0  00000-0 0  9999
2 26407  55.8996 297.0319 0186374 280.6018  44.9621  2.00564615148613
1 26407U 00040A   20299.89245144 -.00000022  00000-0  00000-0 0  9997
2 26407  55.8994 297.0204 0186366 280.6071 255.1314  2.00564619148624
1 26407U 00040A   20300.40356796 -.00000025  00000-0  00000-0 0  9996
2 26407  55.8990 297.0002 0186356 280.6162 264.1753  2.00564629148635
1 26407U 00040A   20300.88696825 -.00000029  00000-0  00000-0 0  9992
2 26407  55.8987 296.9811 0186345 280.6250 253.2068  2.00564637148630
1 26407U 00040A   20300.88696825 -.00000029  00000-0  00000-0 0  9992
2 26407  55.8987 296.9811 0186345 280.6250 253.2068  2.00564637148641
1 26407U 00040A   20301.76133414 -.00000034  00000-0  00000-0 0  9996
2 26407  55.8981 296.9465 0186325 280.6407 164.5291  2.00564649148669
1 26407U 00040A   20302.15383861 -.00000036  00000-0  00000-0 0  9995
2 26407  55.8978 296.9310 0186316 280.6476  87.9310  2.00564655148667
1 26407U 00040A   20303.36287417 -.00000041  00000-0  00000-0 0  9995
2 26407  55.8970 296.8832 0186283 280.6675 240.8981  2.00564668148692
1 26407U 00040A   20303.88497578 -.00000041  00000-0  00000-0 0  9993
2 26407  55.8966 296.8626 0186270 280.6758 257.8745  2.00564670148707
1 26407U 00040A   20304.21722793 -.00000041  00000-0  00000-0 0  9991
2 26407  55.8963 296.8495 0186261 280.6822 137.7716  2.00564671148716
1 26407U 00040A   20304.94717094 -.00000040  00000-0  00000-0 0  9998
2 26407  55.8958 296.8207 0186247 280.6936 304.8173  2.00564673148728
1 26407U 00040A   20305.42410813 -.00000038  00000-0  00000-0 0  9998
2 26407  55.8955 296.8018 0186236 280.7006 289.1838  2.00564670148722
1 26407U 00040A   20305.87538588 -.00000036  00000-0  00000-0 0  9995
2 26407  55.8952 296.7840 0186226 280.7076 255.0230  2.00564667148743
1 26407U 00040A   20306.25773498 -.00000034  00000-0  00000-0 0  9997
2 26407  55.8949 296.7689 0186215 280.7144 171.0922  2.00564662148744
1 26407U 00040A   20306.83668119 -.00000030  00000-0  00000-0 0  9990
2 26407  55.8945 296.7460 0186204 280.7241 229.1120  2.00564657148764
1 26407U 00040A   20307.38633564 -.00000026  00000-0  00000-0 0  9992
2 26407  55.8941 296.7243 0186194 280.7347 265.9807  2.00564650148778
1 26407U 00040A   20307.91891578 -.00000021  00000-0  00000-0 0  9997
2 26407  55.8937 296.7033 0186182 280.7449 290.5212  2.00564642148786
1 26407U 00040A   20308.12150446 -.00000020  00000-0  00000-0 0  9992
2 26407  55.8935 296.6953 0186175 280.7490  76.7967  2.00564636148786
1 26407U 00040A   20308.86574403 -.00000013  00000-0  00000-0 0  9998
2 26407  55.8930 296.6659 0186158 280.7620 254.1636  2.00564622148803
1 26407U 00040A   20309.37637823 -.00000009  00000-0  00000-0 0  9996
2 26407  55.8926 296.6457 0186145 280.7718 262.8584  2.00564609148801
1 26407U 00040A   20309.86375110 -.00000006  00000-0  00000-0 0  9995
2 26407  55.8923 296.6265 0186131 280.7812 254.7577  2.00564596148824
1 26407U 00040A   20310.37076976 -.00000003  00000-0  00000-0 0  9998
2 26407  55.8919 296.6065 0186118 280.7911 260.8417  2.00564582148839
1 26407U 00040A   20310.86095806 -.00000000  00000-0  00000-0 0  9992
2 26407  55.8915 296.5871 0186105 280.8006 254.7738  2.00564569148845
1 26407U 00040A   20311.37194786  .00000002  00000-0  00000-0 0  9997
2 26407  55.8912 296.5669 0186090 280.8110 263.7246  2.00564553148843
1 26407U 00040A   20311.90562292  .00000003  00000-0  00000-0 0  9998
2 26407  55.8908 296.5458 0186076 280.8213 289.0556  2.00564537148861
1 26407U 00040A   20312.38388029  .00000004  00000-0  00000-0 0  9996
2 26407  55.8904 296.5269 0186064 280.8304 274.3732  2.00564522148862
1 26407U 00040A   20312.85486313  .00000003  00000-0  00000-0 0  9992
2 26407  55.8901 296.5083 0186053 280.8392 254.4386  2.00564508148888
1 26407U 00040A   20313.60638999  .00000002  00000-0  10000-3 0  9998
2 26407  55.8899 296.4793 0186030 280.8336  77.0889  2.00564540148898
1 26407U 00040A   20316.11371940 -.00000016  00000+0  00000+0 0  9997
2 26407  55.8875 296.3795 0185971 280.9023  87.4395  2.00564429148950
1 26407U 00040A   20316.36815012 -.00000018  00000+0  00000+0 0  9999
2 26407  55.8873 296.3695 0185966 280.9081 271.1459  2.00564425148954
1 26407U 00040A   20317.07356841 -.00000025  00000+0  00000+0 0  9996
2 26407  55.8868 296.3416 0185946 280.9214  60.4814  2.00564415148969
1 26407U 00040A   20318.39044086 -.00000035  00000-0  00000-0 0  9990
2 26407  55.8858 296.2895 0185911 280.9487 291.3045  2.00564403148993
1 26407U 00040A   20318.83859375 -.00000037  00000-0  00000-0 0  9996
2 26407  55.8854 296.2718 0185899 280.9579 254.8850  2.00564401149009
1 26407U 00040A   20318.92484802 -.00000037  00000-0  00000-0 0  9995
2 26407  55.8854 296.2683 0185895 280.9595 317.1635  2.00564401149008
1 26407U 00040A   20319.69837816 -.00000040  00000-0  00000-0 0  9991
2 26407  55.8848 296.2377 0185874 280.9741 155.6779  2.00564399149023
1 26407U 00040A   20320.23812954 -.00000040  00000-0  00000-0 0  9999
2 26407  55.8844 296.2164 0185856 280.9854 185.3951  2.00564400149034
1 26407U 00040A   20320.88670001 -.00000040  00000-0  00000-0 0  9995
2 26407  55.8839 296.1907 0185834 280.9980 293.6841  2.00564404149044
1 26407U 00040A   20321.36433066 -.00000039  00000-0  00000+0 0  9994
2 26407  55.8835 296.1719 0185819 281.0072 278.5490  2.00564407149043
1 26407U 00040A   20321.36433066 -.00000039  00000-0  00000-0 0  9995
2 26407  55.8835 296.1719 0185819 281.0072 278.5490  2.00564407149043
1 26407U 00040A   20321.36433066 -.00000039  00000-0  00000-0 0  9995
2 26407  55.8835 296.1719 0185819 281.0072 278.5490  2.00564407149054
1 26407U 00040A   20322.32082486 -.00000036  00000-0  00000-0 0  9995
2 26407  55.8828 296.1340 0185789 281.0251 249.1697  2.00564417149077
1 26407U 00040A   20322.82702501 -.00000035  00000-0  00000-0 0  9996
2 26407  55.8824 296.1140 0185774 281.0346 254.6630  2.00564425149088
1 26407U 00040A   20323.33668987 -.00000034  00000-0  00000-0 0  9991
2 26407  55.8820 296.0939 0185758 281.0444 262.6578  2.00564433149090
1 26407U 00040A   20324.12050201 -.00000032  00000-0  00000-0 0  9991
2 26407  55.8814 296.0629 0185737 281.0587 108.5966  2.00564448149112
1 26407U 00040A   20324.33006819 -.00000032  00000-0  00000+0 0  9999
2 26407  55.8813 296.0546 0185727 281.0626 259.9103  2.00564452149100
1 26407U 00040A   20324.89575601 -.00000033  00000-0  00000-0 0  9992
2 26407  55.8808 296.0323 0185711 281.0726 308.3564  2.00564465149127
1 26407U 00040A   20325.17997120 -.00000033  00000-0  00000-0 0  9998
2 26407  55.8806 296.0210 0185703 281.0786 153.5685  2.00564469149136
1 26407U 00040A   20325.88617851 -.00000036  00000-0  00000-0 0  9999
2 26407  55.8800 295.9931 0185680 281.0912 303.4743  2.00564485149143
1 26407U 00040A   20325.98380975 -.00000036  00000-0  00000-0 0  9994
2 26407  55.8800 295.9893 0185677 281.0930  13.9674  2.00564487149144
1 26407U 00040A   20326.89550784 -.00000041  00000-0  00000-0 0  9998
2 26407  55.8793 295.9533 0185648 281.1095 312.2442  2.00564502149165
1 26407U 00040A   20327.37152427 -.00000044  00000-0  00000+0 0  9996
2 26407  55.8789 295.9345 0185632 281.1188 295.9436  2.00564511149167
1 26407U 00040A   20327.83521623 -.00000047  00000-0  00000-0 0  9999
2 26407  55.8785 295.9162 0185615 281.1281 270.7440  2.00564520149183
1 26407U 00040A   20328.08650117 -.00000049  00000-0  00000-0 0  9990
2 26407  55.8783 295.9062 0185608 281.1334  92.1795  2.00564523149183
1 26407U 00040A   20328.56033859 -.00000052  00000-0  00000-0 0  9995
2 26407  55.8780 295.8875 0185588 281.1423  74.3059  2.00564531149192
1 26407U 00040A   20329.19457140 -.00000057  00000-0  00000-0 0  9993
2 26407  55.8775 295.8624 0185561 281.1548 172.2426  2.00564541149217
1 26407U 00040A   20329.80682954 -.00000060  00000-0  00000-0 0  9998
2 26407  55.8770 295.8383 0185536 281.1651 254.3146  2.00564550149223
1 26407U 00040A   20330.40344271 -.00000062  00000-0  00000-0 0  9995
2 26407  55.8765 295.8147 0185513 281.1750 325.0905  2.00564555149224
1 26407U 00040A   20330.87933241 -.00000063  00000-0  00000-0 0  9998
2 26407  55.8762 295.7959 0185495 281.1834 308.6993  2.00564559149243
1 26407U 00040A   20331.35782470 -.00000063  00000-0  00000-0 0  9998
2 26407  55.8758 295.7770 0185476 281.1916 294.1874  2.00564563149241
1 26407U 00040A   20331.88966233 -.00000062  00000-0  00000-0 0  9996
2 26407  55.8754 295.7561 0185456 281.2006 318.1929  2.00564565149266
1 26407U 00040A   20332.37011424 -.00000061  00000-0  00000-0 0  9993
2 26407  55.8751 295.7371 0185438 281.2089 305.0959  2.00564566149273
1 26407U 00040A   20332.90193441 -.00000059  00000-0  00000-0 0  9999
2 26407  55.8746 295.7161 0185419 281.2179 329.0888  2.00564566149281
1 26407U 00040A   20333.37588186 -.00000056  00000-0  00000-0 0  9992
2 26407  55.8743 295.6974 0185401 281.2261 311.2953  2.00564564149286
1 26407U 00040A   20334.38807812 -.00000049  00000-0  00000-0 0  9996
2 26407  55.8735 295.6575 0185363 281.2443 322.1354  2.00564554149312
1 26407U 00040A   20334.86590074 -.00000045  00000-0  00000-0 0  9994
2 26407  55.8731 295.6387 0185344 281.2531 307.1395  2.00564549149329
1 26407U 00040A   20335.33994941 -.00000040  00000-0  00000-0 0  9993
2 26407  55.8728 295.6200 0185325 281.2622 289.4182  2.00564541149327
1 26407U 00040A   20335.33994941 -.00000040  00000-0  00000-0 0  9993
2 26407  55.8728 295.6200 0185325 281.2622 289.4182  2.00564541149338
1 26407U 00040A   20336.35435935 -.00000032  00000-0  00000-0 0  9990
2 26407  55.8720 295.5799 0185285 281.2816 301.8556  2.00564522149346
1 26407U   040A   20336.88829514 -.00000027  00000-0  00000-0 0  9992
2 26407  55.8715 295.5588 0185264 281.2922 327.3744  2.00564510149362
1 26407U   040A   20337.78406579 -.00000021  00000-0  00000-0 0  9998
2 26407  55.8708 295.5234 0185226 281.3094 254.1503  2.00564488149387
1 26407U   040A   20338.53790576 -.00000017  00000-0  00000-0 0  9990
2 26407  55.8702 295.4937 0185192 281.3245  78.4468  2.00564464149404
1 26407U   040A   20339.04901468 -.00000016  00000-0  00000-0 0  9990
2 26407  55.8698 295.4735 0185171 281.3342  87.4843  2.00564450149412
1 26407U 00040A   20339.04901468 -.00000016  00000-0  00000-0 0  9990
2 26407  55.8698 295.4735 0185171 281.3342  87.4843  2.00564450149412
1 26407U 00040A   20339.29070693 -.00000015  00000-0  00000-0 0  9993
2 26407  55.8697 295.4640 0185165 281.3386 261.9942  2.00564446149400
1 26407U 00040A   20339.29070693 -.00000015  00000-0  00000-0 0  9993
2 26407  55.8697 295.4640 0185165 281.3386 261.9942  2.00564446149411
1 26407U 00040A   20340.15972656 -.00000015  00000-0  00000-0 0  9990
2 26407  55.8690 295.4296 0185128 281.3548 169.4553  2.00564420149434
1 26407U 00040A   20340.87283280 -.00000016  00000-0  00000-0 0  9998
2 26407  55.8684 295.4015 0185103 281.3686 324.3412  2.00564400149447
1 26407U 00040A   20341.10382734 -.00000017  00000-0  00000-0 0  9990
2 26407  55.8682 295.3924 0185092 281.3726 131.1273  2.00564393149456
1 26407U 00040A   20341.35019233 -.00000018  00000-0  00000-0 0  9999
2 26407  55.8680 295.3826 0185085 281.3779 309.0102  2.00564388149445
1 26407U 00040A   20341.88367269 -.00000021  00000-0  00000-0 0  9996
2 26407  55.8676 295.3616 0185065 281.3881 334.2006  2.00564374149469
1 26407U 00040A   20342.06266917 -.00000022  00000-0  00000-0 0  9996
2 26407  55.8674 295.3545 0185057 281.3909 103.4425  2.00564369149476
1 26407U 00040A   20342.35880292 -.00000024  00000-0  00000-0 0  9998
2 26407  55.8672 295.3428 0185047 281.3973 317.2600  2.00564363149467
1 26407U 00040A   20343.12099684 -.00000030  00000-0  00000-0 0  9998
2 26407  55.8665 295.3126 0185019 281.4108 147.5901  2.00564346149496
1 26407U 00040A   20343.36971583 -.00000032  00000-0  00000-0 0  9993
2 26407  55.8663 295.3028 0185010 281.4163 327.1726  2.00564342149483
1 26407U 00040A   20343.36971583 -.00000032  00000-0  00000-0 0  9993
2 26407  55.8663 295.3028 0185010 281.4163 327.1726  2.00564342149494
1 26407U 00040A   20344.31795201 -.00000040  00000-0  00000-0 0  9999
2 26407  55.8656 295.2653 0184973 281.4349 291.8297  2.00564328149508
1 26407U 00040A   20344.86002904 -.00000044  00000-0  00000-0 0  9994
2 26407  55.8651 295.2439 0184950 281.4453 323.2271  2.00564321149523
1 26407U 00040A   20345.13770720 -.00000046  00000-0  00000-0 0  9995
2 26407  55.8649 295.2329 0184941 281.4500 163.7204  2.00564318149531
1 26407U 00040A   20345.33588957 -.00000047  00000-0  00000-0 0  9997
2 26407  55.8647 295.2251 0184932 281.4550 306.8133  2.00564317149538
1 26407U 00040A   20345.86993568 -.00000050  00000-0  00000-0 0  9997
2 26407  55.8643 295.2040 0184909 281.4653 332.4121  2.00564313149547
1 26407U 00040A   20346.03418735 -.00000051  00000-0  00000-0 0  9996
2 26407  55.8642 295.1975 0184902 281.4678  91.0077  2.00564312149550
1 26407U 00040A   20346.34759889 -.00000052  00000-0  00000+0 0  9998
2 26407  55.8639 295.1851 0184888 281.4751 317.2999  2.00564312149549
1 26407U 00040A   20346.81906828 -.00000053  00000-0  00000-0 0  9999
2 26407  55.8636 295.1664 0184868 281.4843 297.7160  2.00564311149561
1 26407U 00040A   20347.02631289 -.00000053  00000-0  00000-0 0  9999
2 26407  55.8634 295.1582 0184860 281.4874  87.3543  2.00564311149573
1 26407U 00040A   20347.83166528 -.00000053  00000-0  00000-0 0  9997
2 26407  55.8627 295.1264 0184825 281.5031 308.8446  2.00564312149584
1 26407U 00040A   20348.02791457 -.00000053  00000-0  00000-0 0  9994
2 26407  55.8626 295.1186 0184818 281.5059  90.5440  2.00564312149598
1 26407U 00040A   20348.36696779 -.00000052  00000-0  00000+0 0  9990
2 26407  55.8623 295.1052 0184802 281.5127 335.3512  2.00564316149589
1 26407U 00040A   20348.81991465 -.00000051  00000-0  00000-0 0  9990
2 26407  55.8620 295.0873 0184782 281.5212 302.3939  2.00564320149603
1 26407U 00040A   20349.31736838 -.00000049  00000-0  00000-0 0  9994
2 26407  55.8616 295.0676 0184761 281.5301 301.5723  2.00564325149613
1 26407U 00040A   20350.33231441 -.00000046  00000-0  00000-0 0  9995
2 26407  55.8608 295.0275 0184717 281.5481 314.3980  2.00564340149635
1 26407U 00040A   20350.73042880 -.00000045  00000-0  00000-0 0  9995
2 26407  55.8604 295.0118 0184701 281.5553 241.8500  2.00564346149649
1 26407U 00040A   20351.61614913 -.00000043  00000-0  00000-0 0  9993
2 26407  55.8597 294.9768 0184666 281.5703 161.3709  2.00564361149662
1 26407U 00040A   20352.06773913 -.00000043  00000-0  00000-0 0  9999
2 26407  55.8594 294.9589 0184648 281.5779 127.4348  2.00564371149677
1 26407U 00040A   20352.71652627 -.00000044  00000-0  00000-0 0  9990
2 26407  55.8588 294.9333 0184618 281.5892 235.8814  2.00564385149688
1 26407U 00040A   20352.81528191 -.00000045  00000-0  00000-0 0  9990
2 26407  55.8588 294.9294 0184614 281.5906 307.1867  2.00564388149680
1 26407U 00040A   20353.78899705 -.00000049  00000-0  00000-0 0  9993
2 26407  55.8580 294.8909 0184572 281.6076 290.2426  2.00564409149706
1 26407U 00040A   20354.31383116 -.00000052  00000-0  00000-0 0  9991
2 26407  55.8575 294.8702 0184548 281.6170 309.1906  2.00564420149716
1 26407U 00040A   20354.85069980 -.00000055  00000-0  00000-0 0  9993
2 26407  55.8571 294.8490 0184523 281.6265 336.8281  2.00564430149729
1 26407U 00040A   20355.32931831 -.00000059  00000-0  00000-0 0  9993
2 26407  55.8567 294.8301 0184500 281.6352 322.4069  2.00564438149731
1 26407U 00040A   20355.79780581 -.00000062  00000-0  00000-0 0  9992
2 26407  55.8563 294.8116 0184478 281.6433 300.6710  2.00564446149746
1 26407U 00040A   20356.33727944 -.00000065  00000-0  00000-0 0  9990
2 26407  55.8559 294.7903 0184452 281.6525 330.1899  2.00564455149755
1 26407U 00040A   20356.81381003 -.00000068  00000-0  00000-0 0  9998
2 26407  55.8555 294.7714 0184428 281.6604 314.2618  2.00564462149763
1 26407U 00040A   20357.27876184 -.00000069  00000-0  00000-0 0  9999
2 26407  55.8551 294.7531 0184404 281.6680 289.9736  2.00564467149779
1 26407U 00040A   20358.29876278 -.00000071  00000-0  00000-0 0  9999
2 26407  55.8543 294.7128 0184352 281.6836 306.4516  2.00564478149792
1 26407U 00040A   20359.78466130 -.00000068  00000-0  00000-0 0  9992
2 26407  55.8531 294.6541 0184280 281.7063 299.3249  2.00564488149828
1 26407U 00040A   20360.32578170 -.00000065  00000-0  00000-0 0  9999
2 26407  55.8527 294.6327 0184255 281.7148 330.0335  2.00564488149831
1 26407U 00040A   20360.92286237 -.00000060  00000-0  00000-0 0  9990
2 26407  55.8522 294.6091 0184227 281.7246  41.1470  2.00564485149840
1 26407U 00040A   20361.33690015 -.00000057  00000-0  00000-0 0  9995
2 26407  55.8519 294.5928 0184208 281.7310 340.0974  2.00564485149856
1 26407U 00040A   20361.81217095 -.00000053  00000-0  00000-0 0  9997
2 26407  55.8515 294.5740 0184185 281.7387 323.2599  2.00564482149866
1 26407U 00040A   20362.34698328 -.00000047  00000-0  00000-0 0  9991
2 26407  55.8510 294.5529 0184160 281.7480 349.4129  2.00564475149875
1 26407U 00040A   20363.29320434 -.00000038  00000-0  00000-0 0  9996
2 26407  55.8503 294.5155 0184113 281.7641 312.6175  2.00564462149890
1 26407U 00040A   20363.76702458 -.00000034  00000-0  00000-0 0  9994
2 26407  55.8499 294.4968 0184089 281.7723 294.7322  2.00564453149904
1 26407U 00040A   20364.30812427 -.00000029  00000-0  00000-0 0  9997
2 26407  55.8494 294.4754 0184063 281.7820 325.4246  2.00564442149918
1 26407U 00040A   20364.78234302 -.00000025  00000-0  00000-0 0  9995
2 26407  55.8491 294.4567 0184039 281.7899 307.8272  2.00564431149928
1 26407U 00040A   20365.55311062 -.00000020  00000-0  00000-0 0  9995
2 26407  55.8484 294.4262 0183996 281.8030 144.3484  2.00564409149947
1 26407U 00040A   20365.79576528 -.00000019  00000-0  00000-0 0  9999
2 26407  55.8482 294.4166 0183986 281.8076 319.5530  2.00564404149940
1 26407U 00040A   20366.33317038 -.00000016  00000-0  00000-0 0  9996
2 26407  55.8478 294.3954 0183959 281.8169 347.5781  2.00564390149956
1 26407U 00040A   20366.81012855 -.00000015  00000-0  00000-0 0  9997
2 26407  55.8474 294.3766 0183937 281.8247 331.9588  2.00564377149964

