1 29601U 06052A   20001.13581302 -.00000059  00000-0  00000+0 0  9991
2 29601  56.1621 307.5053 0075669  61.9310 298.8430  2.00552522 96144
1 29601U 06052A   20001.63442365 -.00000060  00000-0  00000+0 0  9993
2 29601  56.1617 307.4857 0075690  61.9390 298.8356  2.00552550 96151
1 29601U 06052A   20001.63442365 -.00000060  00000-0  00000-0 0  9994
2 29601  56.1617 307.4857 0075690  61.9390 298.8356  2.00552550 96106
1 29601U 06052A   20004.12747024 -.00000061  00000-0  00000+0 0  9991
2 29601  56.1597 307.3878 0075751  61.9704 298.8039  2.00552678 96202
1 29601U 06052A   20006.12190635 -.00000054  00000-0  00000+0 0  9995
2 29601  56.1583 307.3093 0075842  61.9978 298.7760  2.00552758 96243
1 29601U 06052A   20011.60662678 -.00000026  00000-0  00000+0 0  9994
2 29601  56.1540 307.0937 0076192  62.0642 298.7268  2.00552963 96352
1 29601U 06052A   20014.09967803 -.00000034  00000-0  00000+0 0  9997
2 29601  56.1520 306.9957 0076225  62.1026 298.6956  2.00553065 96407
1 29601U 06052A   20014.59828657 -.00000037  00000-0  00000-0 0  9999
2 29601  56.1516 306.9761 0076242  62.1087 298.6898  2.00553092 96361
1 29601U 06052A   20015.09689426 -.00000041  00000-0  00000-0 0  9999
2 29601  56.1512 306.9565 0076260  62.1148 298.6836  2.00553122 96374
1 29601U 06052A   20016.09410802 -.00000051  00000-0  00000-0 0  9991
2 29601  56.1504 306.9173 0076308  62.1286 298.6685  2.00553181 96395
1 29601U 06052A   20019.58434961 -.00000072  00000-0  00000+0 0  9992
2 29601  56.1477 306.7799 0076453  62.1716 298.6183  2.00553441 96511
1 29601U 06052A   20020.58156363 -.00000071  00000-0  00000-0 0  9991
2 29601  56.1469 306.7408 0076467  62.1811 298.6090  2.00553531 96483
1 29601U 06052A   20021.08017231 -.00000069  00000-0  00000-0 0  9994
2 29601  56.1462 306.7212 0076500  62.1925 298.5987  2.00553569 96499
1 29601U 06052A   20023.07461224 -.00000058  00000-0  00000+0 0  9997
2 29601  56.1451 306.6427 0076669  62.2340 298.5657  2.00553713 96587
1 29601U 06052A   20024.07183181 -.00000053  00000-0  00000-0 0  9997
2 29601  56.1443 306.6035 0076699  62.2541 298.5506  2.00553813 96550
1 29601U 06052A   20025.06905159 -.00000050  00000-0  00000-0 0  9991
2 29601  56.1435 306.5643 0076750  62.2744 298.5356  2.00553898 96576
1 29601U 06052A   20026.06626956 -.00000048  00000-0  00000+0 0  9993
2 29601  56.1428 306.5251 0076769  62.2872 298.5272  2.00553974 96645
1 29601U 06052A   20027.06348680 -.00000049  00000-0  00000-0 0  9991
2 29601  56.1420 306.4859 0076829  62.3107 298.5077  2.00554054 96619
1 29601U 06052A   20028.55930896 -.00000051  00000-0  00000+0 0  9994
2 29601  56.1409 306.4271 0076904  62.3429 298.4791  2.00554156 96698
1 29601U 06052A   20029.05791376 -.00000052  00000-0  00000-0 0  9990
2 29601  56.1406 306.4074 0076872  62.3415 298.4805  2.00554190 96655
1 29601U 06052A   20029.55651992 -.00000052  00000-0  00000-0 0  9994
2 29601  56.1402 306.3878 0076907  62.3586 298.4640  2.00554230 96663
1 29601U 06052A   20030.05512553 -.00000052  00000-0  00000-0 0  9990
2 29601  56.1398 306.3683 0076930  62.3706 298.4522  2.00554260 96674
1 29601U 06052A   20032.04954484 -.00000049  00000-0  00000+0 0  9999
2 29601  56.1382 306.2898 0076994  62.4108 298.4112  2.00554354 96760
1 29601U 06052A   20033.04675413 -.00000045  00000-0  00000-0 0  9999
2 29601  56.1375 306.2505 0077035  62.4355 298.3863  2.00554410 96730
1 29601U 06052A   20034.04396459 -.00000039  00000-0  00000-0 0  9993
2 29601  56.1367 306.2112 0077100  62.4599 298.3625  2.00554449 96758
1 29601U 06052A   20038.03281624 -.00000013  00000-0  00000+0 0  9994
2 29601  56.1336 306.0542 0077298  62.5477 298.2868  2.00554613 96888
1 29601U 06052A   20039.03002751 -.00000010  00000-0  00000-0 0  9995
2 29601  56.1328 306.0149 0077257  62.5474 298.2906  2.00554687 96855
1 29601U 06052A   20046.50907259 -.00000052  00000-0  00000+0 0  9997
2 29601  56.1270 305.7201 0077632  62.7273 298.1074  2.00555147 97052
1 29601U 06052A   20047.00767298 -.00000052  00000-0  00000-0 0  9991
2 29601  56.1266 305.7005 0077634  62.7321 298.1017  2.00555213 97012
1 29601U 06052A   20047.50627550 -.00000052  00000-0  00000-0 0  9992
2 29601  56.1262 305.6808 0077674  62.7444 298.0894  2.00555250 97022
1 29601U 06052A   20049.00208601 -.00000046  00000-0  00000+0 0  9993
2 29601  56.1251 305.6219 0077748  62.7890 298.0472  2.00555379 97106
1 29601U 06052A   20051.99371389 -.00000031  00000-0  00000+0 0  9992
2 29601  56.1229 305.5040 0077850  62.8655 297.9825  2.00555653 97167
1 29601U 06052A   20052.99092024 -.00000029  00000-0  00000-0 0  9997
2 29601  56.1222 305.4647 0077827  62.8625 297.9885  2.00555758 97132
1 29601U 06052A   20055.98253368 -.00000032  00000-0  00000-0 0  9993
2 29601  56.1202 305.3469 0077891  62.9373 297.9191  2.00556001 97191
1 29601U 06052A   20055.98253568 -.00000032  00000-0  00000+0 0  9994
2 29601  56.1202 305.3469 0077936  62.9470 297.9099  2.00555977 97243
1 29601U 06052A   20056.48113486 -.00000033  00000-0  00000-0 0  9996
2 29601  56.1198 305.3273 0077925  62.9559 297.9007  2.00556027 97208
1 29601U 06052A   20059.47273191 -.00000030  00000-0  00000+0 0  9994
2 29601  56.1178 305.2095 0077991  63.0386 297.8141  2.00556207 97310
1 29601U 06052A   20059.47273191 -.00000030  00000-0  00000-0 0  9995
2 29601  56.1178 305.2095 0077991  63.0386 297.8141  2.00556207 97264
1 29601U 06052A   20060.46992897 -.00000026  00000-0  00000-0 0  9992
2 29601  56.1171 305.1701 0077977  63.0606 297.7904  2.00556267 97283
1 29601U 06052A   20060.96852906 -.00000023  00000-0  00000-0 0  9990
2 29601  56.1168 305.1506 0078025  63.0803 297.7706  2.00556293 97296
1 29601U 06052A   20061.46712823 -.00000019  00000-0  00000-0 0  9994
2 29601  56.1164 305.1309 0078024  63.0848 297.7656  2.00556314 97301
1 29601U 06052A   20061.96572932 -.00000016  00000-0  00000+0 0  9990
2 29601  56.1160 305.1112 0078095  63.1115 297.7397  2.00556347 97369
1 29601U 06052A   20062.96293136 -.00000008  00000-0  00000-0 0  9999
2 29601  56.1153 305.0718 0078155  63.1534 297.6991  2.00556374 97330
1 29601U 06052A   20065.95453977  .00000008  00000-0  00000+0 0  9990
2 29601  56.1132 304.9539 0078248  63.2150 297.6456  2.00556502 97445
1 29601U 06052A   20066.95173966  .00000009  00000-0  00000-0 0  9990
2 29601  56.1125 304.9146 0078211  63.2153 297.6473  2.00556560 97414
1 29601U 06052A   20067.94894160  .00000007  00000-0  00000-0 0  9994
2 29601  56.1118 304.8753 0078277  63.2606 297.6042  2.00556597 97438
1 29601U 06052A   20068.44754111  .00000004  00000-0  00000+0 0  9997
2 29601  56.1113 304.8556 0078310  63.2787 297.5865  2.00556629 97496
1 29601U 06052A   20069.44473636 -.00000003  00000-0  00000-0 0  9999
2 29601  56.1105 304.8161 0078344  63.3186 297.5458  2.00556710 97466
1 29601U 06052A   20069.94333333 -.00000007  00000-0  00000-0 0  9997
2 29601  56.1101 304.7964 0078354  63.3271 297.5359  2.00556734 97475
1 29601U 06052A   20070.94052513 -.00000017  00000-0  00000+0 0  9997
2 29601  56.1094 304.7572 0078382  63.3535 297.5059  2.00556805 97549
1 29601U 06052A   20070.94052513 -.00000017  00000-0  00000-0 0  9998
2 29601  56.1094 304.7572 0078382  63.3535 297.5059  2.00556805 97493
1 29601U 06052A   20071.93771484 -.00000025  00000-0  00000-0 0  9992
2 29601  56.1087 304.7178 0078391  63.3772 297.4775  2.00556891 97512
1 29601U 06052A   20073.43350043 -.00000034  00000-0  00000+0 0  9992
2 29601  56.1076 304.6587 0078434  63.4147 297.4335  2.00556988 97595
1 29601U 06052A   20074.43069241 -.00000035  00000-0  00000-0 0  9992
2 29601  56.1069 304.6193 0078462  63.4436 297.4019  2.00557071 97562
1 29601U 06052A   20079.91527404 -.00000016  00000-0  00000+0 0  9998
2 29601  56.1031 304.4030 0078591  63.5924 297.2618  2.00557604 97728
1 29601U 06052A   20080.91247033 -.00000016  00000-0  00000-0 0  9998
2 29601  56.1024 304.3637 0078618  63.6212 297.2350  2.00557674 97699
1 29601U 06052A   20082.40825982 -.00000020  00000-0  00000+0 0  9993
2 29601  56.1015 304.3048 0078620  63.6555 297.2012  2.00557816 97770
1 29601U 06052A   20084.40264101 -.00000024  00000-0  00000-0 0  9990
2 29601  56.1002 304.2262 0078662  63.7220 297.1321  2.00557949 97767
1 29601U 06052A   20085.39982948 -.00000025  00000-0  00000-0 0  9996
2 29601  56.0996 304.1870 0078678  63.7538 297.0978  2.00558004 97783
1 29601U 06052A   20085.39982948 -.00000025  00000-0  00000-0 0  9996
2 29601  56.0996 304.1870 0078678  63.7538 297.0978  2.00558004 97839
1 29601U 06052A   20087.89279797 -.00000017  00000-0  00000+0 0  9994
2 29601  56.0979 304.0889 0078753  63.8519 296.9937  2.00558143 97885
1 29601U 06052A   20087.89279797 -.00000017  00000-0  00000-0 0  9995
2 29601  56.0979 304.0889 0078753  63.8519 296.9937  2.00558143 97830
1 29601U 06052A   20088.88998629 -.00000011  00000-0  00000-0 0  9991
2 29601  56.0972 304.0497 0078771  63.8796 296.9644  2.00558189 97852
1 29601U 06052A   20089.88717552 -.00000004  00000-0  00000-0 0  9998
2 29601  56.0966 304.0105 0078777  63.8983 296.9449  2.00558223 97879
1 29601U 06052A   20091.38296213  .00000006  00000-0  00000+0 0  9992
2 29601  56.0955 303.9515 0078807  63.9466 296.8981  2.00558305 97951
1 29601U 06052A   20092.38015226  .00000011  00000-0  00000-0 0  9993
2 29601  56.0950 303.9122 0078798  63.9581 296.8881  2.00558416 97926
1 29601U 06052A   20093.37734456  .00000014  00000-0  00000-0 0  9999
2 29601  56.0943 303.8729 0078824  63.9824 296.8661  2.00558472 97940
1 29601U 06052A   20094.87313053  .00000012  00000-0  00000+0 0  9998
2 29601  56.0932 303.8139 0078840  64.0271 296.8234  2.00558526 98025
1 29601U 06052A   20096.86750260 -.00000001  00000-0  00000-0 0  9994
2 29601  56.0918 303.7353 0078846  64.0703 296.7772  2.00558618 98019
1 29601U 06052A   20097.36609384 -.00000005  00000-0  00000+0 0  9993
2 29601  56.0914 303.7156 0078863  64.0929 296.7529  2.00558668 98076
1 29601U 06052A   20098.86186433 -.00000020  00000-0  00000-0 0  9992
2 29601  56.0904 303.6566 0078880  64.1399 296.6983  2.00558766 98050
1 29601U 06052A   20101.85340500 -.00000035  00000-0  00000+0 0  9998
2 29601  56.0883 303.5386 0078909  64.2311 296.5931  2.00558988 98162
1 29601U 06052A   20102.85058837 -.00000034  00000-0  00000-0 0  9998
2 29601  56.0876 303.4993 0078914  64.2412 296.5813  2.00559055 98137
1 29601U 06052A   20103.34918115 -.00000032  00000-0  00000-0 0  9995
2 29601  56.0873 303.4796 0078927  64.2620 296.5605  2.00559121 98144
1 29601U 06052A   20104.84496081 -.00000026  00000-0  00000-0 0  9997
2 29601  56.0856 303.4207 0078928  64.2868 296.5373  2.00559284 98172
1 29601U 06052A   20104.84496169 -.00000026  00000-0  00000+0 0  9993
2 29601  56.0863 303.4207 0078938  64.2916 296.5326  2.00559255 98227
1 29601U 06052A   20107.33792970 -.00000020  00000-0  00000+0 0  9993
2 29601  56.0839 303.3225 0078932  64.3450 296.4842  2.00559459 98270
1 29601U 06052A   20107.33792970 -.00000020  00000-0  00000-0 0  9994
2 29601  56.0839 303.3225 0078932  64.3450 296.4842  2.00559459 98225
1 29601U 06052A   20107.83652282 -.00000021  00000-0  00000-0 0  9991
2 29601  56.0836 303.3029 0078942  64.3750 296.4551  2.00559525 98230
1 29601U 06052A   20108.83370753 -.00000024  00000-0  00000-0 0  9995
2 29601  56.0829 303.2636 0078942  64.3993 296.4313  2.00559622 98250
1 29601U 06052A   20110.32948052 -.00000029  00000-0  00000+0 0  9999
2 29601  56.0819 303.2047 0078946  64.4299 296.3995  2.00559699 98337
1 29601U 06052A   20112.32383930 -.00000035  00000-0  00000-0 0  9997
2 29601  56.0808 303.1262 0078957  64.5102 296.3146  2.00559852 98327
1 29601U 06052A   20114.81678295 -.00000030  00000-0  00000-0 0  9999
2 29601  56.0798 303.0282 0078926  64.6019 296.2151  2.00560004 98427
1 29601U 06052A   20116.81114062 -.00000019  00000-0  00000-0 0  9995
2 29601  56.0785 302.9498 0078924  64.6362 296.1776  2.00560095 98410
1 29601U 06052A   20118.80550273 -.00000006  00000-0  00000+0 0  9999
2 29601  56.0767 302.8713 0078943  64.6957 296.1198  2.00560210 98507
1 29601U 06052A   20121.29845920  .00000001  00000-0  00000+0 0  9996
2 29601  56.0747 302.7730 0078946  64.7665 296.0542  2.00560311 98552
1 29601U 06052A   20121.29845920  .00000001  00000-0  00000-0 0  9997
2 29601  56.0747 302.7730 0078946  64.7665 296.0542  2.00560311 98507
1 29601U 06052A   20125.78575046 -.00000031  00000-0  00000+0 0  9997
2 29601  56.0704 302.5963 0078983  64.7926 296.0194  2.00560570 98642
1 29601U 06052A   20126.78292075 -.00000040  00000-0  00000-0 0  9997
2 29601  56.0695 302.5570 0078912  64.8931 295.9132  2.00560633 98611
1 29601U 06052A   20127.78008934 -.00000047  00000-0  00000-0 0  9994
2 29601  56.0704 302.5178 0078877  64.9152 295.8859  2.00560729 98635
1 29601U 06052A   20129.27584783 -.00000051  00000-0  00000+0 0  9995
2 29601  56.0693 302.4589 0078855  64.9614 295.8345  2.00560840 98719
1 29601U 06052A   20130.27302320 -.00000049  00000-0  00000-0 0  9990
2 29601  56.0685 302.4196 0078863  64.9900 295.8051  2.00560945 98687
1 29601U 06052A   20130.77161141 -.00000048  00000-0  00000-0 0  9998
2 29601  56.0682 302.4000 0078829  65.0241 295.7711  2.00561000 98696
1 29601U 06052A   20131.76878962 -.00000044  00000-0  00000+0 0  9999
2 29601  56.0674 302.3607 0078808  65.0536 295.7431  2.00561095 98764
1 29601U 06052A   20132.26737913 -.00000042  00000-0  00000-0 0  9994
2 29601  56.0671 302.3412 0078797  65.0688 295.7290  2.00561139 98728
1 29601U 06052A   20133.76314779 -.00000038  00000-0  00000-0 0  9996
2 29601  56.0660 302.2823 0078775  65.1052 295.6966  2.00561231 98758
1 29601U 06052A   20134.76032643 -.00000039  00000-0  00000+0 0  9994
2 29601  56.0651 302.2432 0078835  65.0944 295.7104  2.00561348 98822
1 29601U 06052A   20137.75185012 -.00000050  00000-0  00000-0 0  9999
2 29601  56.0630 302.1254 0078754  65.1992 295.6066  2.00561610 98888
1 29601U 06052A   20140.24477536 -.00000056  00000-0  00000+0 0  9997
2 29601  56.0612 302.0273 0078793  65.2371 295.5643  2.00561781 98938
1 29601U 06052A   20140.24477536 -.00000056  00000-0  00000-0 0  9998
2 29601  56.0612 302.0273 0078793  65.2371 295.5643  2.00561781 98882
1 29601U 06052A   20142.73769843 -.00000048  00000-0  00000+0 0  9999
2 29601  56.0596 301.9293 0078738  65.2943 295.5021  2.00561913 98985
1 29601U 06052A   20144.73204192 -.00000034  00000-0  00000-0 0  9998
2 29601  56.0581 301.8510 0078712  65.3456 295.4511  2.00562015 98978
1 29601U 06052A   20148.72073947 -.00000018  00000-0  00000+0 0  9994
2 29601  56.0552 301.6942 0078688  65.4115 295.3965  2.00562200 99102
1 29601U 06052A   20151.71224773 -.00000035  00000-0  00000-0 0  9992
2 29601  56.0528 301.5764 0078611  65.4874 295.3208  2.00562344 99169
1 29601U 06052A   20153.20799257 -.00000050  00000-0  00000-0 0  9999
2 29601  56.0514 301.5176 0078549  65.5295 295.2730  2.00562459 99143
1 29601U 06052A   20153.70657383 -.00000055  00000-0  00000-0 0  9992
2 29601  56.0510 301.4980 0078565  65.5296 295.2709  2.00562488 99159
1 29601U 06052A   20156.19948120 -.00000067  00000-0  00000+0 0  9992
2 29601  56.0490 301.3999 0078502  65.5838 295.2080  2.00562699 99255
1 29601U 06052A   20158.19381671 -.00000063  00000-0  00000-0 0  9993
2 29601  56.0475 301.3214 0078504  65.6088 295.1841  2.00562853 99243
1 29601U 06052A   20160.18815817 -.00000056  00000-0  00000+0 0  9990
2 29601  56.0460 301.2430 0078435  65.6513 295.1480  2.00563059 99330
1 29601U 06052A   20160.18815817 -.00000056  00000-0  00000-0 0  9991
2 29601  56.0460 301.2430 0078435  65.6513 295.1480  2.00563059 99330
1 29601U 06052A   20161.68391452 -.00000054  00000-0  00000-0 0  9999
2 29601  56.0449 301.1841 0078420  65.6683 295.1368  2.00563172 99368
1 29601U 06052A   20162.68108358 -.00000056  00000-0  00000-0 0  9993
2 29601  56.0441 301.1449 0078391  65.6871 295.1208  2.00563277 99336
1 29601U 06052A   20164.17683396 -.00000062  00000-0  00000+0 0  9995
2 29601  56.0429 301.0862 0078354  65.7169 295.0935  2.00563403 99416
1 29601U 06052A   20164.67541643 -.00000064  00000-0  00000-0 0  9991
2 29601  56.0425 301.0665 0078345  65.7272 295.0834  2.00563443 99421
1 29601U 06052A   20165.17399843 -.00000066  00000-0  00000-0 0  9992
2 29601  56.0421 301.0469 0078330  65.7401 295.0705  2.00563476 99385
1 29601U 06052A   20166.17116150 -.00000069  00000-0  00000-0 0  9994
2 29601  56.0414 301.0077 0078314  65.7628 295.0472  2.00563546 99407
1 29601U 06052A   20167.16832350 -.00000071  00000-0  00000-0 0  9994
2 29601  56.0406 300.9685 0078303  65.7863 295.0227  2.00563613 99425
1 29601U 06052A   20167.16832360 -.00000071  00000-0  00000+0 0  9994
2 29601  56.0406 300.9684 0078313  65.7861 295.0230  2.00563602 99470
1 29601U 06052A   20168.66406575 -.00000068  00000-0  00000-0 0  9992
2 29601  56.0395 300.9096 0078260  65.8214 294.9858  2.00563704 99453
1 29601U 06052A   20169.16264666 -.00000066  00000-0  00000-0 0  9999
2 29601  56.0391 300.8900 0078261  65.8285 294.9785  2.00563738 99468
1 29601U 06052A   20171.65555549 -.00000049  00000-0  00000+0 0  9999
2 29601  56.0372 300.7920 0078245  65.8700 294.9392  2.00563848 99569
1 29601U 06052A   20171.65555549 -.00000049  00000-0  00000-0 0  9990
2 29601  56.0372 300.7920 0078245  65.8700 294.9392  2.00563848 99569
1 29601U 06052A   20173.64988807 -.00000034  00000-0  00000-0 0  9992
2 29601  56.0356 300.7137 0078210  65.8986 294.9171  2.00563943 99559
1 29601U 06052A   20173.64988835 -.00000034  00000-0  00000-0 0  9993
2 29601  56.0355 300.7137 0078219  65.9012 294.9147  2.00563931 99558
1 29601U 06052A   20174.64705523 -.00000029  00000-0  00000+0 0  9998
2 29601  56.0348 300.6745 0078196  65.9194 294.9008  2.00563984 99621
1 29601U 06052A   20175.14563864 -.00000028  00000-0  00000-0 0  9994
2 29601  56.0344 300.6548 0078189  65.9227 294.8996  2.00563994 99588
1 29601U 06052A   20179.63286739 -.00000047  00000-0  00000+0 0  9995
2 29601  56.0307 300.4783 0078072  65.9820 294.8458  2.00564207 99723
1 29601U 06052A   20180.13144475 -.00000052  00000-0  00000-0 0  9999
2 29601  56.0303 300.4586 0078045  65.9882 294.8380  2.00564259 99684
1 29601U 06052A   20180.63002170 -.00000056  00000-0  00000-0 0  9993
2 29601  56.0299 300.4390 0078024  65.9912 294.8332  2.00564298 99693
1 29601U 06052A   20182.62433087 -.00000069  00000-0  00000+0 0  9992
2 29601  56.0284 300.3604 0077959  66.0123 294.8056  2.00564430 99787
1 29601U 06052A   20183.62148779 -.00000070  00000-0  00000-0 0  9997
2 29601  56.0276 300.3211 0077943  66.0252 294.7914  2.00564466 99756
1 29601U 06052A   20184.12006690 -.00000070  00000-0  00000-0 0  9998
2 29601  56.0272 300.3015 0077990  66.0275 294.7898  2.00564520 99764
1 29601U 06052A   20184.61864659 -.00000068  00000-0  00000-0 0  9996
2 29601  56.0268 300.2819 0077969  66.0332 294.7845  2.00564559 99775
1 29601U 06052A   20185.61580790 -.00000064  00000-0  00000+0 0  9993
2 29601  56.0260 300.2426 0077947  66.0453 294.7748  2.00564637 99848
1 29601U 06052A   20187.61013432 -.00000056  00000-0  00000-0 0  9991
2 29601  56.0245 300.1641 0077905  66.0707 294.7579  2.00564807 99835
1 29601U 06052A   20188.10871589 -.00000055  00000-0  00000-0 0  9990
2 29601  56.0241 300.1445 0077923  66.0761 294.7551  2.00564857 99894
1 29601U 06052A   20188.60729714 -.00000054  00000-0  00000-0 0  9996
2 29601  56.0237 300.1248 0077913  66.0806 294.7529  2.00564944 99857
1 29601U 06052A   20188.60729714 -.00000054  00000-0  00000-0 0  9996
2 29601  56.0237 300.1248 0077913  66.0806 294.7529  2.00564944 99903
1 29601U 06052A   20188.60729726 -.00000054  00000-0  00000-0 0  9999
2 29601  56.0237 300.1248 0077936  66.0798 294.7539  2.00564905 99850
1 29601U 06052A   20191.59877715 -.00000062  00000-0  00000+0 0  9991
2 29601  56.0213 300.0070 0077849  66.1238 294.7183  2.00565147 99965
1 29601U 06052A   20191.59877715 -.00000062  00000-0  00000-0 0  9992
2 29601  56.0213 300.0070 0077849  66.1238 294.7183  2.00565147 99910
1 29601U 06052A   20192.59593351 -.00000066  00000-0  00000-0 0  9998
2 29601  56.0206 299.9677 0077817  66.1367 294.7059  2.00565217 99931
1 29601U 06052A   20193.09451111 -.00000067  00000-0  00000-0 0  9992
2 29601  56.0202 299.9481 0077833  66.1412 294.7016  2.00565256 99946
1 29601U 06052A   20193.59308838 -.00000068  00000-0  00000-0 0  9995
2 29601  56.0198 299.9285 0077801  66.1488 294.6936  2.00565289 99957
1 29601U 06052A   20197.58170396 -.00000055  00000-0  00000+0 0  9999
2 29601  56.0169 299.7714 0077682  66.1892 294.6518  2.00565521100088
1 29601U 06052A   20197.58170396 -.00000055  00000-0  00000-0 0  9990
2 29601  56.0169 299.7714 0077682  66.1892 294.6518  2.00565521100033
1 29601U 06052A   20198.57885983 -.00000046  00000-0  00000-0 0  9995
2 29601  56.0161 299.7321 0077679  66.1972 294.6455  2.00565574100054
1 29601U 06052A   20199.07743849 -.00000042  00000-0  00000-0 0  9991
2 29601  56.0158 299.7125 0077711  66.1824 294.6619  2.00565640100062
1 29601U 06052A   20199.57601737 -.00000038  00000-0  00000-0 0  9990
2 29601  56.0154 299.6929 0077689  66.1925 294.6533  2.00565644100075
1 29601U 06052A   20200.57317582 -.00000030  00000-0  00000+0 0  9996
2 29601  56.0147 299.6536 0077640  66.2201 294.6294  2.00565646100140
1 29601U 06052A   20201.57033499 -.00000023  00000-0  00000-0 0  9992
2 29601  56.0139 299.6143 0077615  66.2290 294.6250  2.00565684100116
1 29601U 06052A   20202.06891465 -.00000020  00000-0  00000-0 0  9999
2 29601  56.0135 299.5946 0077606  66.2340 294.6224  2.00565689100170
1 29601U 06052A   20202.56749433 -.00000018  00000-0  00000-0 0  9998
2 29601  56.0132 299.5750 0077596  66.2371 294.6216  2.00565713100137
1 29601U 06052A   20203.56465214 -.00000017  00000-0  00000-0 0  9990
2 29601  56.0124 299.5357 0077581  66.2444 294.6184  2.00565756100159
1 29601U 06052A   20205.55896079 -.00000024  00000-0  00000+0 0  9995
2 29601  56.0108 299.4571 0077539  66.2602 294.6062  2.00565831100246
1 29601U 06052A   20205.55896079 -.00000024  00000-0  00000-0 0  9996
2 29601  56.0108 299.4571 0077539  66.2602 294.6062  2.00565831100190
1 29601U 06052A   20206.05753588 -.00000027  00000-0  00000-0 0  9992
2 29601  56.0104 299.4374 0077515  66.2574 294.6085  2.00565874100203
1 29601U 06052A   20207.05468452 -.00000036  00000-0  00000-0 0  9996
2 29601  56.0096 299.3981 0077498  66.2628 294.6011  2.00565924100223
1 29601U 06052A   20210.04612395 -.00000054  00000-0  00000-0 0  9996
2 29601  56.0073 299.2801 0077432  66.2711 294.5832  2.00566100100338
1 29601U 06052A   20210.54469816 -.00000055  00000-0  00000-0 0  9990
2 29601  56.0069 299.2604 0077422  66.2729 294.5805  2.00566131100291
1 29601U 06052A   20211.04327264 -.00000055  00000-0  00000-0 0  9996
2 29601  56.0066 299.2408 0077429  66.2775 294.5757  2.00566175100304
1 29601U 06052A   20214.53330894 -.00000040  00000-0  00000-0 0  9990
2 29601  56.0040 299.1031 0077333  66.2950 294.5670  2.00566411100370
1 29601U 06052A   20214.53330894 -.00000040  00000-0  00000-0 0  9990
2 29601  56.0040 299.1031 0077333  66.2950 294.5670  2.00566411100426
1 29601U 06052A   20215.03188642 -.00000038  00000-0  00000-0 0  9995
2 29601  56.0037 299.0835 0077312  66.2935 294.5704  2.00566475100386
1 29601U 06052A   20216.52761798 -.00000037  00000-0  00000-0 0  9998
2 29601  56.0025 299.0245 0077287  66.3047 294.5653  2.00566552100417
1 29601U 06052A   20217.52476990 -.00000039  00000-0  00000+0 0  9997
2 29601  56.0018 298.9852 0077265  66.3085 294.5642  2.00566635100486
1 29601U 06052A   20218.02334533 -.00000041  00000-0  00000-0 0  9993
2 29601  56.0015 298.9655 0077257  66.3069 294.5667  2.00566714100448
1 29601U 06052A   20220.01764140 -.00000049  00000-0  00000+0 0  9993
2 29601  56.0002 298.8869 0077226  66.3194 294.5551  2.00566863100532
1 29601U 06052A   20220.01764140 -.00000049  00000-0  00000-0 0  9994
2 29601  56.0002 298.8869 0077226  66.3194 294.5551  2.00566863100486
1 29601U 06052A   20221.01478755 -.00000051  00000-0  00000-0 0  9992
2 29601  55.9996 298.8476 0077236  66.3330 294.5409  2.00566928100500
1 29601U 06052A   20221.51336003 -.00000051  00000-0  00000-0 0  9996
2 29601  55.9992 298.8279 0077210  66.3355 294.5375  2.00566938100510
1 29601U 06052A   20222.51050479 -.00000050  00000-0  00000-0 0  9996
2 29601  55.9984 298.7886 0077196  66.3423 294.5294  2.00566987100539
1 29601U 06052A   20225.50194168 -.00000030  00000-0  00000+0 0  9999
2 29601  55.9960 298.6706 0077085  66.3449 294.5253  2.00567104100647
1 29601U 06052A   20225.50194168 -.00000030  00000-0  00000-0 0  9990
2 29601  55.9960 298.6706 0077085  66.3449 294.5253  2.00567104100591
1 29601U 06052A   20226.49909031 -.00000021  00000-0  00000-0 0  9992
2 29601  55.9951 298.6312 0076960  66.3202 294.5504  2.00567084100611
1 29601U 06052A   20228.49338968 -.00000004  00000-0  00000+0 0  9999
2 29601  55.9938 298.5525 0076923  66.3099 294.5671  2.00567194100701
1 29601U 06052A   20229.98911484  .00000004  00000-0  00000-0 0  9994
2 29601  55.9929 298.4934 0076846  66.2920 294.5900  2.00567237100680
1 29601U 06052A   20229.98911500  .00000004  00000-0  00000-0 0  9993
2 29601  55.9927 298.4934 0076872  66.3068 294.5756  2.00567223100685
1 29601U 06052A   20230.48769059  .00000005  00000-0  00000-0 0  9991
2 29601  55.9930 298.4737 0076872  66.2887 294.5954  2.00567294100697
1 29601U 06052A   20233.47912491 -.00000006  00000-0  00000+0 0  9994
2 29601  55.9908 298.3556 0077016  66.3383 294.5495  2.00567318100803
1 29601U 06052A   20234.47626440 -.00000013  00000-0  00000-0 0  9990
2 29601  55.9898 298.3162 0076979  66.3257 294.5586  2.00567281100777
1 29601U 06052A   20234.47626440 -.00000013  00000-0  00000-0 0  9990
2 29601  55.9898 298.3162 0076979  66.3257 294.5586  2.00567281100823
1 29601U 06052A   20238.96338601 -.00000029  00000-0  00000+0 0  9993
2 29601  55.9863 298.1389 0076769  66.2319 294.6351  2.00567559100918
1 29601U 06052A   20238.96338601 -.00000029  00000-0  00000-0 0  9994
2 29601  55.9863 298.1389 0076769  66.2319 294.6351  2.00567559100918
1 29601U 06052A   20240.45910078 -.00000023  00000-0  00000-0 0  9999
2 29601  55.9854 298.0798 0076402  66.0219 294.8419  2.00567563100947
1 29601U 06052A   20242.45339258 -.00000015  00000-0  00000-0 0  9997
2 29601  55.9839 298.0011 0076277  65.9612 294.9069  2.00567688100932
1 29601U 06052A   20243.45053772 -.00000014  00000-0  00000-0 0  9991
2 29601  55.9828 297.9617 0076215  65.9265 294.9437  2.00567767101002
1 29601U 06052A   20244.44768107 -.00000016  00000-0  00000-0 0  9998
2 29601  55.9820 297.9223 0076142  65.8808 294.9904  2.00567849100973
1 29601U 06052A   20244.94625143 -.00000017  00000-0  00000-0 0  9996
2 29601  55.9817 297.9027 0076068  65.8236 295.0470  2.00567929100983
1 29601U 06052A   20246.44196072 -.00000024  00000-0  00000-0 0  9995
2 29601  55.9814 297.8437 0076706  66.2189 294.6605  2.00568242101069
1 29601U 06052A   20247.93766710 -.00000030  00000-0  00000-0 0  9999
2 29601  55.9804 297.7847 0076799  66.2864 294.5918  2.00568371101096
1 29601U 06052A   20249.43337026 -.00000031  00000-0  00000-0 0  9991
2 29601  55.9793 297.7257 0076820  66.3075 294.5671  2.00568497101071
1 29601U 06052A   20249.43337026 -.00000031  00000-0  00000-0 0  9991
2 29601  55.9793 297.7257 0076820  66.3075 294.5671  2.00568497101127
1 29601U 06052A   20252.42477900 -.00000014  00000-0  00000-0 0  9991
2 29601  55.9773 297.6075 0076820  66.3358 294.5339  2.00568635101187
1 29601U 06052A   20252.92334903 -.00000010  00000-0  00000-0 0  9997
2 29601  55.9770 297.5880 0076833  66.3355 294.5343  2.00568663101195
1 29601U 06052A   20255.41619973  .00000012  00000-0  00000-0 0  9998
2 29601  55.9750 297.4895 0076623  66.1156 294.7545  2.00568528101244
1 29601U 06052A   20256.41334074  .00000019  00000-0  00000-0 0  9992
2 29601  55.9744 297.4501 0076683  66.1676 294.7062  2.00568654101215
1 29601U 06052A   20256.41334084  .00000019  00000-0  00000-0 0  9993
2 29601  55.9743 297.4501 0076692  66.1847 294.6893  2.00568642101212
1 29601U 06052A   20257.41048172  .00000022  00000-0  00000-0 0  9998
2 29601  55.9736 297.4108 0076666  66.1483 294.7278  2.00568669101233
1 29601U 06052A   20258.40762083  .00000023  00000-0  00000-0 0  9993
2 29601  55.9729 297.3714 0076687  66.1743 294.7038  2.00568730101300
1 29601U 06052A   20259.40475727  .00000020  00000-0  00000-0 0  9997
2 29601  55.9722 297.3319 0076816  66.3037 294.5767  2.00568847101278
1 29601U 06052A   20259.40475765  .00000020  00000-0  00000-0 0  9999
2 29601  55.9723 297.3320 0076625  66.0991 294.7780  2.00568744101324
1 29601U 06052A   20260.40189105  .00000014  00000-0  00000-0 0  9994
2 29601  55.9715 297.2925 0076811  66.3031 294.5754  2.00568883101299
1 29601U 06052A   20261.39902170  .00000007  00000-0  00000-0 0  9990
2 29601  55.9708 297.2531 0076807  66.2945 294.5801  2.00568929101319
1 29601U 06052A   20262.39615007 -.00000002  00000-0  00000-0 0  9997
2 29601  55.9702 297.2137 0076803  66.2876 294.5817  2.00568979101338
1 29601U 06052A   20263.39327745 -.00000009  00000-0  00000-0 0  9994
2 29601  55.9694 297.1742 0076805  66.2794 294.5840  2.00569039101356
1 29601U 06052A   20263.39327746 -.00000009  00000-0  00000-0 0  9995
2 29601  55.9694 297.1742 0076799  66.2858 294.5776  2.00569034101352
1 29601U 06052A   20265.38753483 -.00000016  00000-0  00000-0 0  9995
2 29601  55.9680 297.0953 0076809  66.2714 294.5827  2.00569157101446
1 29601U 06052A   20265.38753498 -.00000016  00000-0  00000-0 0  9991
2 29601  55.9681 297.0954 0076797  66.2469 294.6070  2.00569153101392
1 29601U 06052A   20266.38466687 -.00000014  00000-0  00000-0 0  9991
2 29601  55.9673 297.0559 0076796  66.2436 294.6082  2.00569214101411
1 29601U 06052A   20267.38180145 -.00000011  00000-0  00000-0 0  9991
2 29601  55.9667 297.0166 0076802  66.2261 294.6254  2.00569289101437
1 29601U 06052A   20268.37893778 -.00000007  00000-0  00000-0 0  9999
2 29601  55.9659 296.9772 0076804  66.2255 294.6273  2.00569352101458
1 29601U 06052A   20269.37607520 -.00000003  00000-0  00000-0 0  9994
2 29601  55.9653 296.9378 0076822  66.2380 294.6171  2.00569428101522
1 29601U 06052A   20269.37607523 -.00000003  00000-0  00000-0 0  9997
2 29601  55.9653 296.9378 0076820  66.2292 294.6257  2.00569436101470
1 29601U 06052A   20269.37607523 -.00000003  00000-0  00000-0 0  9997
2 29601  55.9653 296.9378 0076820  66.2292 294.6257  2.00569436101526
1 29601U 06052A   20271.37034711 -.00000004  00000-0  00000-0 0  9994
2 29601  55.9640 296.8591 0076838  66.2119 294.6462  2.00569571101567
1 29601U 06052A   20271.37034743 -.00000004  00000-0  00000-0 0  9999
2 29601  55.9640 296.8591 0076844  66.2093 294.6488  2.00569578101515
1 29601U 06052A   20271.37034743 -.00000004  00000-0  00000-0 0  9999
2 29601  55.9640 296.8591 0076844  66.2093 294.6488  2.00569578101560
1 29601U 06052A   20272.36748034 -.00000009  00000-0  00000-0 0  9999
2 29601  55.9633 296.8197 0076848  66.2000 294.6580  2.00569660101538
1 29601U 06052A   20273.36461162 -.00000014  00000-0  00000-0 0  9990
2 29601  55.9627 296.7804 0076860  66.2057 294.6512  2.00569727101608
1 29601U 06052A   20273.36461196 -.00000014  00000-0  00000-0 0  9997
2 29601  55.9627 296.7804 0076863  66.1996 294.6573  2.00569730101557
1 29601U 06052A   20274.36174141 -.00000020  00000-0  00000-0 0  9996
2 29601  55.9621 296.7411 0076878  66.2014 294.6532  2.00569795101571
1 29601U 06052A   20274.36174164 -.00000020  00000-0  00000-0 0  9991
2 29601  55.9621 296.7410 0076879  66.1990 294.6556  2.00569822101570
1 29601U 06052A   20274.36174164 -.00000020  00000-0  00000-0 0  9991
2 29601  55.9621 296.7410 0076879  66.1990 294.6556  2.00569822101626
1 29601U 06052A   20275.85743274 -.00000025  00000-0  00000-0 0  9995
2 29601  55.9611 296.6820 0076888  66.2100 294.6397  2.00569894101603
1 29601U 06052A   20276.35599653 -.00000026  00000-0  00000-0 0  9992
2 29601  55.9607 296.6623 0076897  66.2092 294.6388  2.00569939101610
1 29601U 06052A   20276.85455986 -.00000026  00000-0  00000+0 0  9996
2 29601  55.9604 296.6427 0076899  66.1999 294.6462  2.00569970101670
1 29601U 06052A   20277.35312318 -.00000025  00000-0  00000-0 0  9993
2 29601  55.9601 296.6230 0076900  66.1980 294.6465  2.00569996101684
1 29601U 06052A   20278.35025037 -.00000021  00000-0  00000-0 0  9999
2 29601  55.9594 296.5837 0076911  66.2085 294.6332  2.00570052101651
1 29601U 06052A   20279.34737903 -.00000014  00000-0  00000-0 0  9993
2 29601  55.9585 296.5442 0076883  66.2245 294.6149  2.00570077101720
1 29601U 06052A   20280.34450864 -.00000006  00000-0  00000-0 0  9994
2 29601  55.9579 296.5048 0076889  66.2250 294.6134  2.00570122101698
1 29601U 06052A   20281.34163972  .00000003  00000-0  00000-0 0  9992
2 29601  55.9572 296.4654 0076893  66.2205 294.6182  2.00570163101719
1 29601U 06052A   20282.33877240  .00000011  00000-0  00000-0 0  9991
2 29601  55.9565 296.4261 0076913  66.2127 294.6275  2.00570190101736
1 29601U 06052A   20282.83734020  .00000014  00000-0  00000-0 0  9997
2 29601  55.9564 296.4065 0076941  66.1872 294.6540  2.00570152101793
1 29601U 06052A   20283.33590684  .00000017  00000-0  00000-0 0  9992
2 29601  55.9561 296.3868 0076948  66.1831 294.6591  2.00570167101750
1 29601U 06052A   20284.33303982  .00000022  00000-0  00000-0 0  9992
2 29601  55.9554 296.3474 0076956  66.1874 294.6570  2.00570190101776
1 29601U 06052A   20285.33017163  .00000023  00000-0  00000+0 0  9996
2 29601  55.9547 296.3081 0076961  66.1912 294.6547  2.00570228101845
1 29601U 06052A   20285.82873682  .00000022  00000-0  00000-0 0  9996
2 29601  55.9543 296.2883 0076975  66.1681 294.6781  2.00570249101852
1 29601U 06052A   20286.32730137  .00000021  00000-0  00000-0 0  9998
2 29601  55.9540 296.2686 0076982  66.1633 294.6827  2.00570268101813
1 29601U 06052A   20287.32442828  .00000015  00000-0  00000-0 0  9999
2 29601  55.9532 296.2293 0076983  66.1702 294.6742  2.00570311101833
1 29601U 06052A   20287.82299080  .00000012  00000-0  00000-0 0  9991
2 29601  55.9529 296.2096 0076988  66.1558 294.6870  2.00570322101894
1 29601U 06052A   20289.31867413 -.00000001  00000-0  00000-0 0  9997
2 29601  55.9517 296.1504 0077006  66.1480 294.6875  2.00570379101921
1 29601U 06052A   20290.31579419 -.00000010  00000-0  00000-0 0  9995
2 29601  55.9510 296.1110 0077029  66.1393 294.6903  2.00570435101896
1 29601U 06052A   20290.31579426 -.00000010  00000-0  00000-0 0  9993
2 29601  55.9510 296.1110 0077022  66.1418 294.6877  2.00570428101945
1 29601U 06052A   20291.31291425 -.00000017  00000-0  00000-0 0  9991
2 29601  55.9503 296.0715 0077039  66.1376 294.6860  2.00570484101964
1 29601U 06052A   20292.31003557 -.00000020  00000-0  00000-0 0  9993
2 29601  55.9496 296.0321 0077055  66.1370 294.6819  2.00570545101984
1 29601U 06052A   20293.30715906 -.00000020  00000-0  00000-0 0  9991
2 29601  55.9489 295.9927 0077072  66.1347 294.6812  2.00570613102002
1 29601U 06052A   20294.30428551 -.00000018  00000-0  00000-0 0  9996
2 29601  55.9482 295.9533 0077098  66.1196 294.6953  2.00570668102026
1 29601U 06052A   20295.79997827 -.00000013  00000-0  00000-0 0  9992
2 29601  55.9472 295.8942 0077140  66.0969 294.7197  2.00570800102000
1 29601U 06052A   20297.79423755 -.00000012  00000-0  00000+0 0  9996
2 29601  55.9458 295.8155 0077209  66.0310 294.7894  2.00570969102095
1 29601U 06052A   20297.79423755 -.00000012  00000-0  00000-0 0  9997
2 29601  55.9458 295.8155 0077209  66.0310 294.7894  2.00570969102040
1 29601U 06052A   20299.28992827 -.00000018  00000-0  00000-0 0  9990
2 29601  55.9447 295.7565 0077248  66.0146 294.8070  2.00571068102073
1 29601U 06052A   20300.28705293 -.00000024  00000-0  00000-0 0  9999
2 29601  55.9440 295.7171 0077275  66.0018 294.8191  2.00571146102090
1 29601U 06052A   20300.28705293 -.00000024  00000-0  00000-0 0  9999
2 29601  55.9440 295.7171 0077275  66.0018 294.8191  2.00571146102146
1 29601U 06052A   20302.28129692 -.00000037  00000-0  00000-0 0  9998
2 29601  55.9427 295.6385 0077267  66.0914 294.7249  2.00571294102139
1 29601U 06052A   20302.28129692 -.00000037  00000-0  00000-0 0  9998
2 29601  55.9427 295.6385 0077267  66.0914 294.7249  2.00571294102184
1 29601U 06052A   20304.27553721 -.00000041  00000-0  00000-0 0  9998
2 29601  55.9413 295.5598 0077304  66.0944 294.7155  2.00571418102228
1 29601U 06052A   20305.27265746 -.00000038  00000-0  00000-0 0  9992
2 29601  55.9406 295.5205 0077318  66.0954 294.7116  2.00571470102248
1 29601U 06052A   20305.27265995 -.00000038  00000-0  00000-0 0  9998
2 29601  55.9404 295.5205 0077336  66.0758 294.7313  2.00571418102193
1 29601U 06052A   20306.26978158 -.00000033  00000-0  00000-0 0  9995
2 29601  55.9397 295.4812 0077360  66.0646 294.7406  2.00571472102261
1 29601U 06052A   20307.26690432 -.00000025  00000-0  00000-0 0  9993
2 29601  55.9390 295.4419 0077390  66.0568 294.7478  2.00571524102237
1 29601U 06052A   20307.26690432 -.00000025  00000-0  00000-0 0  9993
2 29601  55.9390 295.4419 0077390  66.0568 294.7478  2.00571524102282
1 29601U 06052A   20308.26402857 -.00000017  00000-0  00000-0 0  9997
2 29601  55.9383 295.4026 0077423  66.0474 294.7578  2.00571570102306
1 29601U 06052A   20309.26115434 -.00000009  00000-0  00000-0 0  9991
2 29601  55.9375 295.3633 0077459  66.0362 294.7708  2.00571609102325
1 29601U 06052A   20310.25828099 -.00000002  00000-0  00000-0 0  9993
2 29601  55.9368 295.3239 0077488  66.0335 294.7762  2.00571644102296
1 29601U 06052A   20310.25828099 -.00000002  00000-0  00000-0 0  9993
2 29601  55.9368 295.3239 0077488  66.0335 294.7762  2.00571644102342
1 29601U 06052A   20311.25540799  .00000003  00000-0  00000-0 0  9992
2 29601  55.9361 295.2846 0077526  66.0228 294.7900  2.00571677102319
1 29601U 06052A   20311.25540840  .00000003  00000-0  00000-0 0  9999
2 29601  55.9361 295.2846 0077543  66.0115 294.8014  2.00571681102315
1 29601U 06052A   20312.25253462  .00000005  00000-0  00000-0 0  9993
2 29601  55.9353 295.2452 0077569  66.0148 294.8008  2.00571703102388
1 29601U 06052A   20313.24965898  .00000003  00000+0  00000+0 0  9992
2 29601  55.9344 295.2059 0077564  66.0393 294.7778  2.00571733102351
1 29601U 06052A   20313.24967336  .00000003  00000-0  10000-3 0  9997
2 29601  55.9344 295.2067 0077522  66.0783 294.7457  2.00572934102401
1 29601U 06052A   20315.74245850 -.00000012  00000+0  00000+0 0  9999
2 29601  55.9332 295.1074 0077637  66.0248 294.7886  2.00571836102404
1 29601U 06052A   20318.23524411 -.00000033  00000-0  00000-0 0  9994
2 29601  55.9313 295.0090 0077572  66.1366 294.6643  2.00571940102451
1 29601U 06052A   20320.72803657 -.00000039  00000-0  00000-0 0  9999
2 29601  55.9297 294.9105 0077783  65.9988 294.7954  2.00572101102500
1 29601U 06052A   20321.72515784 -.00000037  00000-0  00000+0 0  9998
2 29601  55.9286 294.8712 0077771  66.0573 294.7373  2.00572126102579
1 29601U 06052A   20321.72515784 -.00000037  00000-0  00000-0 0  9999
2 29601  55.9286 294.8712 0077771  66.0573 294.7373  2.00572126102579
1 29601U 06052A   20322.22371974 -.00000035  00000-0  00000-0 0  9994
2 29601  55.9278 294.8515 0077768  66.0879 294.7076  2.00572167102537
1 29601U 06052A   20322.22371974 -.00000035  00000-0  00000-0 0  9994
2 29601  55.9278 294.8515 0077768  66.0879 294.7076  2.00572167102582
1 29601U 06052A   20323.22084302 -.00000033  00000-0  00000-0 0  9999
2 29601  55.9272 294.8121 0077787  66.0842 294.7139  2.00572233102551
1 29601U 06052A   20324.21796690 -.00000031  00000-0  00000-0 0  9997
2 29601  55.9265 294.7728 0077819  66.0848 294.7167  2.00572318102620
1 29601U 06052A   20324.71652928 -.00000032  00000-0  00000-0 0  9998
2 29601  55.9261 294.7531 0077860  66.0714 294.7318  2.00572381102589
1 29601U 06052A   20325.21509046 -.00000032  00000-0  00000-0 0  9996
2 29601  55.9257 294.7334 0077858  66.0671 294.7374  2.00572399102642
1 29601U 06052A   20327.20933204 -.00000043  00000-0  00000-0 0  9996
2 29601  55.9242 294.6547 0077936  66.0552 294.7524  2.00572556102637
1 29601U 06052A   20327.20933204 -.00000043  00000-0  00000-0 0  9996
2 29601  55.9242 294.6547 0077936  66.0552 294.7524  2.00572556102682
1 29601U 06052A   20329.20356768 -.00000057  00000-0  00000-0 0  9997
2 29601  55.9227 294.5760 0078098  66.0219 294.7849  2.00572712102674
1 29601U 06052A   20330.20068327 -.00000061  00000-0  00000+0 0  9994
2 29601  55.9219 294.5367 0078163  66.0164 294.7890  2.00572744102749
1 29601U 06052A   20330.20068327 -.00000061  00000-0  00000-0 0  9995
2 29601  55.9219 294.5367 0078163  66.0164 294.7890  2.00572744102749
1 29601U 06052A   20330.69924066 -.00000063  00000-0  00000-0 0  9991
2 29601  55.9216 294.5170 0078176  66.0228 294.7816  2.00572774102700
1 29601U 06052A   20330.69924066 -.00000063  00000-0  00000-0 0  9991
2 29601  55.9216 294.5170 0078176  66.0228 294.7816  2.00572774102755
1 29601U 06052A   20332.19491284 -.00000061  00000-0  00000-0 0  9997
2 29601  55.9203 294.4581 0078171  66.0280 294.7735  2.00572881102736
1 29601U 06052A   20332.19491284 -.00000061  00000-0  00000-0 0  9997
2 29601  55.9203 294.4581 0078171  66.0280 294.7735  2.00572881102781
1 29601U 06052A   20333.19202904 -.00000057  00000-0  00000-0 0  9992
2 29601  55.9195 294.4189 0078209  66.0186 294.7822  2.00572930102807
1 29601U 06052A   20334.18914642 -.00000049  00000-0  00000-0 0  9992
2 29601  55.9188 294.3796 0078254  66.0131 294.7883  2.00572981102771
1 29601U 06052A   20334.18914642 -.00000049  00000-0  00000-0 0  9992
2 29601  55.9188 294.3796 0078254  66.0131 294.7883  2.00572981102827
1 29601U 06052A   20335.18626515 -.00000041  00000-0  00000-0 0  9994
2 29601  55.9181 294.3403 0078269  66.0398 294.7633  2.00573021102791
1 29601U 06052A   20335.18626515 -.00000041  00000-0  00000-0 0  9994
2 29601  55.9181 294.3403 0078269  66.0398 294.7633  2.00573021102847
1 29601U 06052A   20336.18338499 -.00000032  00000-0  00000-0 0  9996
2 29601  55.9174 294.3010 0078290  66.0595 294.7466  2.00573066102816
1 29601U 06052A   20336.18338499 -.00000032  00000-0  00000-0 0  9996
2 29601  55.9174 294.3010 0078290  66.0595 294.7466  2.00573066102861
1 29601U 06052A   20337.18050632 -.00000024  00000-0  00000-0 0  9998
2 29601  55.9166 294.2616 0078331  66.0607 294.7495  2.00573101102832
1 29601U 06052A   20339.17474944 -.00000014  00000-0  00000-0 0  9994
2 29601  55.9149 294.1829 0078409  66.0715 294.7478  2.00573165102879
1 29601U 06052A   20339.17474944 -.00000014  00000-0  00000-0 0  9994
2 29601  55.9149 294.1829 0078409  66.0715 294.7478  2.00573165102925
1 29601U 06052A   20339.67331011 -.00000014  00000-0  00000-0 0  9996
2 29601  55.9145 294.1633 0078433  66.0758 294.7456  2.00573168102882
1 29601U 06052A   20340.17187011 -.00000014  00000-0  00000-0 0  9992
2 29601  55.9141 294.1436 0078468  66.0748 294.7484  2.00573193102896
1 29601U 06052A   20340.17187011 -.00000014  00000-0  00000-0 0  9992
2 29601  55.9141 294.1436 0078468  66.0748 294.7484  2.00573193102942
1 29601U 06052A   20341.16898802 -.00000017  00000-0  00000-0 0  9992
2 29601  55.9133 294.1043 0078503  66.0790 294.7464  2.00573220102910
1 29601U 06052A   20341.16898802 -.00000017  00000-0  00000-0 0  9992
2 29601  55.9133 294.1043 0078503  66.0790 294.7464  2.00573220102965
1 29601U 06052A   20342.16610308 -.00000022  00000-0  00000-0 0  9992
2 29601  55.9124 294.0649 0078555  66.0780 294.7479  2.00573259102937
1 29601U 06052A   20342.16610308 -.00000022  00000-0  00000-0 0  9992
2 29601  55.9124 294.0649 0078555  66.0780 294.7479  2.00573259102982
1 29601U 06052A   20343.16321551 -.00000030  00000-0  00000-0 0  9991
2 29601  55.9117 294.0255 0078600  66.0775 294.7470  2.00573296102951
1 29601U 06052A   20343.16321551 -.00000030  00000-0  00000-0 0  9991
2 29601  55.9117 294.0255 0078600  66.0775 294.7470  2.00573296103008
1 29601U 06052A   20344.16032529 -.00000038  00000-0  00000-0 0  9994
2 29601  55.9109 293.9863 0078610  66.0802 294.7410  2.00573335102977
1 29601U 06052A   20344.65887955 -.00000042  00000-0  00000-0 0  9994
2 29601  55.9105 293.9666 0078617  66.0823 294.7371  2.00573361102980
1 29601U 06052A   20349.14588143 -.00000048  00000-0  00000-0 0  9996
2 29601  55.9067 293.7894 0078690  66.1241 294.6904  2.00573621103075
1 29601U 06052A   20349.64443992 -.00000047  00000-0  00000-0 0  9992
2 29601  55.9063 293.7697 0078703  66.1302 294.6860  2.00573663103083
1 29601U 06052A   20350.64155816 -.00000043  00000-0  00000-0 0  9995
2 29601  55.9055 293.7303 0078744  66.1359 294.6847  2.00573739103107
1 29601U 06052A   20351.14012101 -.00000042  00000-0  00000-0 0  9999
2 29601  55.9053 293.7106 0078911  66.1098 294.7146  2.00573755103114
1 29601U 06052A   20352.13723873 -.00000042  00000-0  00000-0 0  9994
2 29601  55.9045 293.6713 0078927  66.1203 294.7085  2.00573840103132
1 29601U 06052A   20352.63579727 -.00000043  00000-0  00000-0 0  9997
2 29601  55.9041 293.6516 0078947  66.1235 294.7074  2.00573881103140
1 29601U 06052A   20354.13147028 -.00000050  00000-0  00000-0 0  9997
2 29601  55.9029 293.5926 0079010  66.1358 294.6997  2.00574004103172
1 29601U 06052A   20354.63002696 -.00000053  00000-0  00000-0 0  9996
2 29601  55.9025 293.5729 0079033  66.1406 294.6958  2.00574044103180
1 29601U 06052A   20357.12280371 -.00000068  00000-0  00000-0 0  9997
2 29601  55.9005 293.4745 0079153  66.1657 294.6714  2.00574232103231
1 29601U 06052A   20358.11991245 -.00000070  00000-0  00000-0 0  9999
2 29601  55.8997 293.4352 0079185  66.1806 294.6558  2.00574303103252
1 29601U 06052A   20359.11702149 -.00000069  00000-0  00000-0 0  9991
2 29601  55.8989 293.3958 0079226  66.1951 294.6410  2.00574370103320
1 29601U 06052A   20360.11413085 -.00000065  00000-0  00000-0 0  9997
2 29601  55.8981 293.3565 0079258  66.2078 294.6286  2.00574436103292
1 29601U 06052A   20362.60690992 -.00000043  00000-0  00000+0 0  9992
2 29601  55.8961 293.2583 0079353  66.2336 294.6085  2.00574578103397
1 29601U 06052A   20362.60690992 -.00000043  00000-0  00000-0 0  9993
2 29601  55.8961 293.2583 0079353  66.2336 294.6085  2.00574578103342
1 29601U 06052A   20364.10258149 -.00000029  00000-0  00000-0 0  9998
2 29601  55.8949 293.1993 0079421  66.2485 294.6006  2.00574644103373
1 29601U 06052A   20366.59536918 -.00000014  00000-0  00000+0 0  9999
2 29601  55.8929 293.1008 0079518  66.2785 294.5844  2.00574728103471
1 29601U 06052A   20366.59536918 -.00000014  00000-0  00000-0 0  9990
2 29601  55.8929 293.1008 0079518  66.2785 294.5844  2.00574728103426

