1 28874U 05038A   20001.26946257 -.00000075  00000-0  00000+0 0  9991
2 28874  56.3947   6.7309 0136716 264.3889 229.7164  2.00569855104516
1 28874U 05038A   20001.26946257 -.00000075  00000-0  00000-0 0  9992
2 28874  56.3947   6.7309 0136716 264.3889 229.7164  2.00569855104527
1 28874U 05038A   20003.28174508 -.00000065  00000-0  00000+0 0  9996
2 28874  56.3948   6.6521 0136741 264.4304 242.6781  2.00569712104558
1 28874U 05038A   20003.69204339 -.00000063  00000-0  00000+0 0  9995
2 28874  56.3949   6.6360 0136740 264.4423 178.9291  2.00569681104564
1 28874U 05038A   20003.69204339 -.00000063  00000-0  00000-0 0  9996
2 28874  56.3949   6.6360 0136740 264.4423 178.9291  2.00569681104575
1 28874U 05038A   20005.07415735 -.00000057  00000-0  00000+0 0  9996
2 28874  56.3949   6.5818 0136739 264.4820  96.8680  2.00569560104599
1 28874U 05038A   20005.07415735 -.00000057  00000-0  00000-0 0  9997
2 28874  56.3949   6.5818 0136739 264.4820  96.8680  2.00569560104601
1 28874U 05038A   20007.81423135 -.00000051  00000-0  00000+0 0  9997
2 28874  56.3948   6.4744 0136721 264.5611 275.3037  2.00569297104648
1 28874U 05038A   20009.56069726 -.00000051  00000-0  00000-0 0  9994
2 28874  56.3948   6.4059 0136694 264.6185  96.3089  2.00569116104696
1 28874U 05038A   20010.31577076 -.00000052  00000-0  00000+0 0  9991
2 28874  56.3948   6.3763 0136698 264.6307 281.5093  2.00569048104694
1 28874U 05038A   20010.31577076 -.00000052  00000-0  00000+0 0  9991
2 28874  56.3948   6.3763 0136699 264.6311 281.5089  2.00569049104696
1 28874U 05038A   20010.31577076 -.00000052  00000-0  00000-0 0  9992
2 28874  56.3948   6.3763 0136698 264.6307 281.5093  2.00569048104706
1 28874U 05038A   20011.80358328 -.00000054  00000-0  00000+0 0  9995
2 28874  56.3948   6.3180 0136751 264.6117 275.8254  2.00568909104720
1 28874U 05038A   20011.80358328 -.00000054  00000-0  00000-0 0  9996
2 28874  56.3948   6.3180 0136751 264.6117 275.8254  2.00568909104731
1 28874U 05038A   20014.04722694 -.00000057  00000-0  00000+0 0  9998
2 28874  56.3947   6.2300 0136708 264.6851  95.8074  2.00568726104771
1 28874U 05038A   20014.04722694 -.00000057  00000-0  00000-0 0  9999
2 28874  56.3947   6.2300 0136708 264.6851  95.8074  2.00568726104782
1 28874U 05038A   20018.53373569 -.00000070  00000-0  00000+0 0  9994
2 28874  56.3946   6.0541 0136622 264.8199  95.2176  2.00568456104864
1 28874U 05038A   20018.53373569 -.00000070  00000-0  00000-0 0  9995
2 28874  56.3946   6.0541 0136622 264.8199  95.2176  2.00568456104875
1 28874U 05038A   20020.28399999 -.00000080  00000-0  00000-0 0  9996
2 28874  56.3945   5.9856 0136652 264.8085 279.0300  2.00568384104903
1 28874U 05038A   20020.77675220 -.00000082  00000-0  00000+0 0  9995
2 28874  56.3945   5.9663 0136691 264.7816 274.8546  2.00568358104909
1 28874U 05038A   20021.58891226 -.00000087  00000-0  00000-0 0  9997
2 28874  56.3945   5.9345 0136683 264.7986 141.2680  2.00568332104936
1 28874U 05038A   20022.28035444 -.00000089  00000-0  00000-0 0  9999
2 28874  56.3943   5.9074 0136633 264.8681 280.4627  2.00568301104945
1 28874U 05038A   20023.18615209 -.00000092  00000-0  00000+0 0  9995
2 28874  56.3943   5.8719 0136623 264.8819 214.4911  2.00568273104954
1 28874U 05038A   20024.15896765 -.00000094  00000-0  00000-0 0  9994
2 28874  56.3943   5.8339 0136607 264.8996 196.9067  2.00568241104984
1 28874U 05038A   20025.26326497 -.00000093  00000-0  00000+0 0  9995
2 28874  56.3941   5.7906 0136634 264.9083 274.2691  2.00568202104990
1 28874U 05038A   20026.26833515 -.00000091  00000-0  00000-0 0  9999
2 28874  56.3940   5.7512 0136608 264.9406 279.9592  2.00568155105026
1 28874U 05038A   20027.50691698 -.00000086  00000-0  00000+0 0  9994
2 28874  56.3939   5.7028 0136582 264.9672  94.2647  2.00568098105049
1 28874U 05038A   20029.13005237 -.00000079  00000-0  00000-0 0  9996
2 28874  56.3939   5.6392 0136563 264.9959 186.2390  2.00568005105088
1 28874U 05038A   20029.74988594 -.00000076  00000-0  00000+0 0  9995
2 28874  56.3939   5.6149 0136566 265.0084 273.7841  2.00567963105087
1 28874U 05038A   20030.75492841 -.00000071  00000-0  00000-0 0  9999
2 28874  56.3938   5.5756 0136550 265.0320 279.4620  2.00567885105110
1 28874U 05038A   20032.17327403 -.00000066  00000-0  00000+0 0  9991
2 28874  56.3937   5.5201 0136544 265.0560 223.5691  2.00567771105137
1 28874U 05038A   20032.17327403 -.00000066  00000-0  00000-0 0  9992
2 28874  56.3937   5.5201 0136544 265.0560 223.5691  2.00567771105148
1 28874U 05038A   20034.23637057 -.00000061  00000-0  00000+0 0  9994
2 28874  56.3936   5.4393 0136516 265.0949 273.2094  2.00567576105173
1 28874U 05038A   20034.23637057 -.00000061  00000-0  00000-0 0  9995
2 28874  56.3936   5.4393 0136516 265.0949 273.2094  2.00567576105184
1 28874U 05038A   20036.48006515 -.00000060  00000-0  00000+0 0  9991
2 28874  56.3934   5.3514 0136446 265.1455  93.2389  2.00567345105227
1 28874U 05038A   20036.48006515 -.00000060  00000-0  00000-0 0  9992
2 28874  56.3934   5.3514 0136446 265.1455  93.2389  2.00567345105227
1 28874U 05038A   20038.47443578 -.00000061  00000-0  00000+0 0  9997
2 28874  56.3920   5.2716 0136861 265.1483  93.3060  2.00568099105265
1 28874U 05038A   20038.72295760 -.00000061  00000-0  00000+0 0  9993
2 28874  56.3933   5.2636 0136420 265.1868 272.6976  2.00567133105264
1 28874U 05038A   20038.72295760 -.00000061  00000-0  00000-0 0  9994
2 28874  56.3933   5.2636 0136420 265.1868 272.6976  2.00567133105275
1 28874U 05038A   20042.12616472 -.00000066  00000-0  00000+0 0  9994
2 28874  56.3931   5.1303 0136408 265.2205 209.9769  2.00566864105335
1 28874U 05038A   20042.66190927 -.00000068  00000-0  00000-0 0  9998
2 28874  56.3931   5.1093 0136400 265.2314 236.8043  2.00566827105359
1 28874U 05038A   20043.13421687 -.00000069  00000-0  00000-0 0  9992
2 28874  56.3931   5.0908 0136384 265.2393 217.8296  2.00566795105365
1 28874U 05038A   20043.78265722 -.00000071  00000-0  00000-0 0  9992
2 28874  56.3929   5.0654 0136307 265.2755 326.0035  2.00566742105374
1 28874U 05038A   20044.25524094 -.00000072  00000-0  00000+0 0  9995
2 28874  56.3929   5.0468 0136301 265.2860 307.2255  2.00566710105378
1 28874U 05038A   20044.25524094 -.00000072  00000-0  00000-0 0  9996
2 28874  56.3929   5.0468 0136301 265.2860 307.2255  2.00566710105389
1 28874U 05038A   20045.15988029 -.00000076  00000-0  00000-0 0  9992
2 28874  56.3928   5.0114 0136294 265.2980 240.4146  2.00566665105409
1 28874U 05038A   20045.69643443 -.00000079  00000-0  00000-0 0  9992
2 28874  56.3927   4.9904 0136285 265.3073 267.8280  2.00566640105413
1 28874U 05038A   20046.17402436 -.00000081  00000-0  00000-0 0  9994
2 28874  56.3927   4.9717 0136282 265.3132 252.6691  2.00566619105423
1 28874U 05038A   20046.75648876 -.00000084  00000-0  00000+0 0  9990
2 28874  56.3926   4.9489 0136253 265.3257 313.2288  2.00566592105420
1 28874U 05038A   20046.75648876 -.00000084  00000-0  00000-0 0  9991
2 28874  56.3926   4.9489 0136278 265.3253 313.2293  2.00566595105433
1 28874U 05038A   20048.70113413 -.00000096  00000-0  00000-0 0  9995
2 28874  56.3924   4.8726 0136223 265.3594 277.3387  2.00566520105478
1 28874U 05038A   20052.19354932 -.00000104  00000-0  00000+0 0  9995
2 28874  56.3921   4.7359 0136139 265.4171 278.9997  2.00566419105532
1 28874U 05038A   20053.18768809 -.00000103  00000-0  00000-0 0  9997
2 28874  56.3920   4.6970 0136122 265.4310 276.8090  2.00566386105563
1 28874U 05038A   20054.42624513 -.00000099  00000-0  00000+0 0  9991
2 28874  56.3919   4.6485 0136054 265.4549  91.0912  2.00566330105581
1 28874U 05038A   20055.43131382 -.00000094  00000-0  00000-0 0  9996
2 28874  56.3917   4.6092 0136056 265.4621  96.7984  2.00566277105611
1 28874U 05038A   20057.67408333 -.00000084  00000-0  00000+0 0  9995
2 28874  56.3915   4.5215 0136060 265.4799 276.1824  2.00566142105647
1 28874U 05038A   20059.18202337 -.00000078  00000-0  00000-0 0  9993
2 28874  56.3913   4.4625 0136031 265.5041 284.9723  2.00566021105683
1 28874U 05038A   20059.91774696 -.00000076  00000-0  00000+0 0  9993
2 28874  56.3912   4.4337 0136021 265.5083  96.1999  2.00565957105693
1 28874U 05038A   20059.91774696 -.00000076  00000-0  00000-0 0  9994
2 28874  56.3912   4.4337 0136021 265.5083  96.1999  2.00565957105705
1 28874U 05038A   20062.16069414 -.00000071  00000-0  00000+0 0  9994
2 28874  56.3909   4.3459 0135986 265.5370 275.6990  2.00565753105735
1 28874U 05038A   20064.14658189 -.00000070  00000-0  00000-0 0  9997
2 28874  56.3907   4.2682 0135960 265.5635 269.5886  2.00565563105786
1 28874U 05038A   20064.68700021 -.00000070  00000-0  00000+0 0  9998
2 28874  56.3906   4.2470 0135942 265.5769 299.7856  2.00565509105780
1 28874U 05038A   20064.68700021 -.00000070  00000-0  00000-0 0  9999
2 28874  56.3906   4.2471 0135918 265.5769 299.7853  2.00565498105799
1 28874U 05038A   20067.15743814 -.00000072  00000-0  00000+0 0  9992
2 28874  56.3904   4.1502 0135868 265.6118 283.5354  2.00565277105831
1 28874U 05038A   20067.15743814 -.00000072  00000-0  00000-0 0  9993
2 28874  56.3904   4.1502 0135868 265.6118 283.5354  2.00565277105842
1 28874U 05038A   20067.68277567 -.00000072  00000-0  00000-0 0  9998
2 28874  56.3903   4.1296 0135858 265.6311 302.8371  2.00565232105851
1 28874U 05038A   20068.18057661 -.00000073  00000-0  00000-0 0  9996
2 28874  56.3904   4.1101 0135800 265.6268 302.2787  2.00565174105866
1 28874U 05038A   20069.14368328 -.00000074  00000-0  00000-0 0  9999
2 28874  56.3903   4.0724 0135785 265.6366 277.6814  2.00565102105885
1 28874U 05038A   20070.15049291 -.00000076  00000-0  00000-0 0  9999
2 28874  56.3901   4.0329 0135762 265.6404 284.6457  2.00565031105907
1 28874U 05038A   20070.19313448 -.00000076  00000-0  00000+0 0  9990
2 28874  56.3902   4.0312 0135735 265.6518 315.4235  2.00565023105892
1 28874U 05038A   20070.69110900 -.00000077  00000-0  00000-0 0  9995
2 28874  56.3901   4.0117 0135701 265.6639 314.9742  2.00564987105919
1 28874U 05038A   20074.65930230 -.00000096  00000-0  00000+0 0  9991
2 28874  56.3894   3.8562 0135597 265.6985 300.1755  2.00564791105989
1 28874U 05038A   20074.65930230 -.00000096  00000-0  00000-0 0  9992
2 28874  56.3894   3.8562 0135561 265.6973 300.1763  2.00564783105998
1 28874U 05038A   20076.67646780 -.00000106  00000-0  00000+0 0  9991
2 28874  56.3888   3.7770 0135525 265.7128 316.6549  2.00564711106024
1 28874U 05038A   20076.67646780 -.00000106  00000-0  00000-0 0  9992
2 28874  56.3888   3.7770 0135525 265.7128 316.6549  2.00564711106035
1 28874U 05038A   20077.65742846 -.00000110  00000-0  00000-0 0  9996
2 28874  56.3886   3.7386 0135499 265.7221 304.9477  2.00564684106051
1 28874U 05038A   20081.14579653 -.00000107  00000-0  00000+0 0  9994
2 28874  56.3882   3.6020 0135466 265.7793 303.6646  2.00564584106119
1 28874U 05038A   20081.14579653 -.00000107  00000-0  00000-0 0  9995
2 28874  56.3882   3.6020 0135396 265.7845 303.6586  2.00564534106128
1 28874U 05038A   20084.14116691 -.00000094  00000-0  00000+0 0  9991
2 28874  56.3877   3.4847 0135330 265.7979 306.4480  2.00564422106178
1 28874U 05038A   20084.14116691 -.00000094  00000-0  00000-0 0  9992
2 28874  56.3877   3.4847 0135330 265.7979 306.4480  2.00564422106189
1 28874U 05038A   20084.63445392 -.00000092  00000-0  00000-0 0  9997
2 28874  56.3877   3.4654 0135338 265.7901 302.6327  2.00564401106194
1 28874U 05038A   20087.62884050 -.00000080  00000-0  00000+0 0  9993
2 28874  56.3873   3.3481 0135259 265.8256 304.6874  2.00564171106242
1 28874U 05038A   20087.62884050 -.00000080  00000-0  00000-0 0  9994
2 28874  56.3873   3.3481 0135259 265.8256 304.6874  2.00564171106253
1 28874U 05038A   20090.57194642 -.00000075  00000-0  00000+0 0  9996
2 28874  56.3868   3.2327 0135293 265.8628 269.7124  2.00563922106304
1 28874U 05038A   20090.63254420 -.00000075  00000-0  00000-0 0  9995
2 28874  56.3868   3.2304 0135156 265.8497 313.4784  2.00563888106312
1 28874U 05038A   20091.11911830 -.00000074  00000-0  00000-0 0  9993
2 28874  56.3867   3.2113 0134928 265.7982 304.8562  2.00563805106321
1 28874U 05038A   20094.54595222 -.00000074  00000-0  00000+0 0  9995
2 28874  56.3863   3.0770 0134972 265.8549 259.1332  2.00563520106380
1 28874U 05038A   20094.60470855 -.00000074  00000-0  00000-0 0  9997
2 28874  56.3863   3.0747 0135018 265.8606 301.5528  2.00563521106391
1 28874U 05038A   20097.59880578 -.00000077  00000-0  00000+0 0  9997
2 28874  56.3860   2.9573 0134915 265.8819 303.4051  2.00563282106446
1 28874U 05038A   20097.59880578 -.00000077  00000-0  00000-0 0  9998
2 28874  56.3861   2.9573 0135001 265.8897 303.3982  2.00563295106457
1 28874U 05038A   20100.03650139 -.00000085  00000-0  00000+0 0  9998
2 28874  56.3856   2.8617 0135057 265.9381 263.4766  2.00563184106496
1 28874U 05038A   20100.03650139 -.00000085  00000-0  00000-0 0  9999
2 28874  56.3856   2.8617 0135057 265.9381 263.4766  2.00563184106508
1 28874U 05038A   20103.52443477 -.00000103  00000-0  00000+0 0  9991
2 28874  56.3851   2.7250 0134735 265.9267 261.9269  2.00562993106564
1 28874U 05038A   20103.54429691 -.00000103  00000-0  00000-0 0  9996
2 28874  56.3851   2.7242 0134742 265.9295 276.2656  2.00562999106570
1 28874U 05038A   20104.58017152 -.00000107  00000-0  00000-0 0  9990
2 28874  56.3849   2.6835 0134938 265.9510 304.1935  2.00563037106598
1 28874U 05038A   20107.50216571 -.00000108  00000-0  00000+0 0  9991
2 28874  56.3846   2.5690 0134825 265.9593 253.9911  2.00562945106647
1 28874U 05038A   20107.50216571 -.00000108  00000-0  00000-0 0  9992
2 28874  56.3846   2.5690 0134825 265.9593 253.9911  2.00562945106658
1 28874U 05038A   20108.50912855 -.00000105  00000-0  00000-0 0  9998
2 28874  56.3845   2.5296 0134776 265.9672 261.0536  2.00562946106678
1 28874U 05038A   20111.49653049 -.00000091  00000-0  00000+0 0  9990
2 28874  56.3839   2.4126 0134802 265.9976 258.0559  2.00562851106721
1 28874U 05038A   20112.51733035 -.00000087  00000-0  00000-0 0  9994
2 28874  56.3838   2.3727 0134784 266.0045 275.1098  2.00562797106754
1 28874U 05038A   20114.51229954 -.00000079  00000-0  00000+0 0  9996
2 28874  56.3837   2.2946 0134938 266.0399 275.5284  2.00562703106789
1 28874U 05038A   20114.51229954 -.00000079  00000-0  00000-0 0  9997
2 28874  56.3837   2.2946 0134887 266.0353 275.5325  2.00562698106792
1 28874U 05038A   20117.00383347 -.00000073  00000-0  00000+0 0  9994
2 28874  56.3833   2.1970 0134892 266.0646 274.4948  2.00562496106835
1 28874U 05038A   20119.49395133 -.00000069  00000-0  00000+0 0  9990
2 28874  56.3829   2.0993 0134643 266.0168 272.5069  2.00562172106886
1 28874U 05038A   20120.57845204 -.00000069  00000-0  00000-0 0  9991
2 28874  56.3829   2.0569 0134606 266.0214 335.5554  2.00562073106919
1 28874U 05038A   20121.48796477 -.00000068  00000-0  00000-0 0  9998
2 28874  56.3828   2.0213 0134599 266.0247 272.2571  2.00562002106931
1 28874U 05038A   20125.47669309 -.00000071  00000-0  00000+0 0  9997
2 28874  56.3822   1.8649 0134524 266.0360 272.2664  2.00561714107000
1 28874U 05038A   20126.55899096 -.00000074  00000-0  00000-0 0  9999
2 28874  56.3822   1.8224 0134521 266.0413 333.7237  2.00561671107039
1 28874U 05038A   20127.47118667 -.00000078  00000-0  00000-0 0  9993
2 28874  56.3820   1.7867 0134506 266.0419 272.3639  2.00561622107050
1 28874U 05038A   20130.46331022 -.00000094  00000-0  00000+0 0  9995
2 28874  56.3816   1.6694 0134465 266.0466 272.7880  2.00561507107108
1 28874U 05038A   20130.53636365 -.00000095  00000-0  00000-0 0  9993
2 28874  56.3816   1.6665 0134461 266.0468 325.5353  2.00561505107115
1 28874U 05038A   20131.44522185 -.00000099  00000-0  00000-0 0  9992
2 28874  56.3815   1.6308 0134451 266.0487 261.7640  2.00561483107135
1 28874U 05038A   20134.43286818 -.00000102  00000-0  00000+0 0  9998
2 28874  56.3811   1.5136 0134412 266.0531 258.9537  2.00561413107187
1 28874U 05038A   20134.94962831 -.00000101  00000-0  00000-0 0  9990
2 28874  56.3811   1.4934 0134406 266.0543 272.0729  2.00561403107200
1 28874U 05038A   20135.95471309 -.00000098  00000-0  00000-0 0  9992
2 28874  56.3810   1.4540 0134393 266.0559 277.7805  2.00561391107229
1 28874U 05038A   20138.43963752 -.00000086  00000-0  00000+0 0  9992
2 28874  56.3807   1.3567 0134356 266.0497 271.9944  2.00561299107264
1 28874U 05038A   20138.70049105 -.00000085  00000-0  00000-0 0  9999
2 28874  56.3810   1.3466 0134362 266.0547 100.3358  2.00561297107283
1 28874U 05038A   20140.43474527 -.00000078  00000-0  00000-0 0  9994
2 28874  56.3809   1.2787 0134355 266.0518 272.5340  2.00561199107314
1 28874U 05038A   20141.43244494 -.00000074  00000-0  00000+0 0  9998
2 28874  56.3807   1.2396 0134342 266.0520 272.9095  2.00561133107327
1 28874U 05038A   20144.43035477 -.00000067  00000-0  00000+0 0  9992
2 28874  56.3828   1.1219 0134346 266.0517 277.5096  2.00560904107386
1 28874U 05038A   20144.43035477 -.00000067  00000-0  00000-0 0  9993
2 28874  56.3828   1.1219 0134346 266.0517 277.5096  2.00560904107397
1 28874U 05038A   20149.41368928 -.00000061  00000-0  00000+0 0  9999
2 28874  56.3825   0.9268 0134291 266.0538 275.6503  2.00560470107487
1 28874U 05038A   20149.41368928 -.00000061  00000-0  00000-0 0  9990
2 28874  56.3825   0.9268 0134291 266.0538 275.6503  2.00560470107498
1 28874U 05038A   20150.40656374 -.00000061  00000-0  00000-0 0  9996
2 28874  56.3787   0.8879 0134290 266.0467 272.5474  2.00560394107513
1 28874U 05038A   20151.71911156 -.00000061  00000-0  00000+0 0  9992
2 28874  56.3786   0.8365 0134272 266.0443 140.2543  2.00560299107530
1 28874U 05038A   20152.39599058 -.00000063  00000-0  00000-0 0  9993
2 28874  56.3785   0.8100 0134266 266.0449 268.9832  2.00560252107555
1 28874U 05038A   20153.39401449 -.00000065  00000-0  00000-0 0  9992
2 28874  56.3785   0.7710 0134264 266.0448 269.5906  2.00560198107578
1 28874U 05038A   20154.39049873 -.00000069  00000-0  00000+0 0  9995
2 28874  56.3786   0.7319 0134260 266.0445 269.0863  2.00560146107588
1 28874U 05038A   20155.38831280 -.00000074  00000-0  00000-0 0  9993
2 28874  56.3784   0.6929 0134255 266.0422 269.5436  2.00560095107619
1 28874U 05038A   20157.36691604 -.00000086  00000-0  00000+0 0  9999
2 28874  56.3785   0.6154 0134268 266.0447 258.1591  2.00560035107644
1 28874U 05038A   20158.35746453 -.00000091  00000-0  00000-0 0  9999
2 28874  56.3784   0.5767 0134269 266.0440 253.3686  2.00560004107677
1 28874U 05038A   20159.62557734 -.00000096  00000-0  00000-0 0  9997
2 28874  56.3783   0.5270 0134272 266.0422  88.9895  2.00559970107695
1 28874U 05038A   20160.37417049 -.00000097  00000-0  00000-0 0  9996
2 28874  56.3782   0.4976 0134269 266.0414 269.4989  2.00559952107716
1 28874U 05038A   20161.37579772 -.00000097  00000-0  00000-0 0  9999
2 28874  56.3780   0.4584 0134271 266.0393 272.7083  2.00559925107721
1 28874U 05038A   20161.61969530 -.00000097  00000-0  00000-0 0  9991
2 28874  56.3781   0.4488 0134278 266.0406  88.8094  2.00559927107738
1 28874U 05038A   20162.37242782 -.00000096  00000-0  00000-0 0  9997
2 28874  56.3780   0.4194 0134280 266.0381 272.3089  2.00559906107759
1 28874U 05038A   20162.87350608 -.00000094  00000-0  00000-0 0  9997
2 28874  56.3779   0.3997 0134277 266.0375 274.1043  2.00559900107761
1 28874U 05038A   20164.36732810 -.00000089  00000-0  00000+0 0  9995
2 28874  56.3777   0.3412 0134285 266.0338 272.6955  2.00559855107785
1 28874U 05038A   20165.34317431 -.00000084  00000-0  00000-0 0  9998
2 28874  56.3776   0.3030 0134293 266.0313 257.2901  2.00559820107807
1 28874U 05038A   20166.36055113 -.00000080  00000-0  00000-0 0  9993
2 28874  56.3774   0.2632 0134301 266.0286 271.8710  2.00559775107833
1 28874U 05038A   20167.35388389 -.00000076  00000-0  00000+0 0  9991
2 28874  56.3770   0.2244 0134311 266.0274 269.0897  2.00559725107847
1 28874U 05038A   20168.35598067 -.00000073  00000-0  00000-0 0  9996
2 28874  56.3767   0.1852 0134318 266.0277 272.6348  2.00559671107871
1 28874U 05038A   20169.59904854 -.00000070  00000-0  00000+0 0  9994
2 28874  56.3764   0.1366 0134323 266.0294  90.1672  2.00559591107899
1 28874U 05038A   20169.59904854 -.00000070  00000-0  00000-0 0  9995
2 28874  56.3764   0.1366 0134323 266.0294  90.1672  2.00559591107899
1 28874U 05038A   20170.35036521 -.00000068  00000-0  00000-0 0  9995
2 28874  56.3763   0.1072 0134333 266.0263 272.6440  2.00559530107915
1 28874U 05038A   20171.55567234 -.00000065  00000-0  00000-0 0  9995
2 28874  56.3765   0.0601 0134323 266.0279  62.9114  2.00559445107935
1 28874U 05038A   20171.84639417 -.00000065  00000-0  00000+0 0  9999
2 28874  56.3765   0.0487 0134328 266.0264 272.8228  2.00559420107937
1 28874U 05038A   20172.34419043 -.00000064  00000-0  00000-0 0  9996
2 28874  56.3764   0.0293 0134331 266.0248 272.2484  2.00559375107945
1 28874U 05038A   20173.34047603 -.00000062  00000-0  00000-0 0  9994
2 28874  56.3766 359.9902 0134338 266.0225 271.5990  2.00559288107972
1 28874U 05038A   20173.59776971 -.00000062  00000-0  00000-0 0  9998
2 28874  56.3765 359.9801 0134340 266.0226  97.3729  2.00559268107986
1 28874U 05038A   20174.08995407 -.00000061  00000-0  00000-0 0  9999
2 28874  56.3764 359.9609 0134345 266.0221  92.7453  2.00559225107998
1 28874U 05038A   20174.33437171 -.00000061  00000-0  00000-0 0  9996
2 28874  56.3764 359.9513 0134350 266.0213 269.2228  2.00559204107997
1 28874U 05038A   20175.33137095 -.00000060  00000-0  00000+0 0  9997
2 28874  56.3763 359.9123 0134357 266.0197 269.0875  2.00559115108001
1 28874U 05038A   20175.61036528 -.00000059  00000-0  00000-0 0  9996
2 28874  56.3766 359.9013 0134361 266.0188 110.5309  2.00559096108029
1 28874U 05038A   20176.33288352 -.00000059  00000-0  00000-0 0  9990
2 28874  56.3764 359.8731 0134369 266.0193 272.2097  2.00559034108030
1 28874U 05038A   20177.32584352 -.00000059  00000-0  00000-0 0  9999
2 28874  56.3763 359.8342 0134379 266.0177 269.1574  2.00558951108054
1 28874U 05038A   20178.32726072 -.00000059  00000-0  00000+0 0  9996
2 28874  56.3760 359.7950 0134386 266.0168 272.2105  2.00558874108063
1 28874U 05038A   20178.57630441 -.00000059  00000-0  00000-0 0  9998
2 28874  56.3760 359.7853 0134387 266.0153  92.0289  2.00558858108074
1 28874U 05038A   20179.32526831 -.00000060  00000-0  00000-0 0  9991
2 28874  56.3758 359.7560 0134396 266.0156 272.8019  2.00558805108092
1 28874U 05038A   20180.32222079 -.00000063  00000-0  00000-0 0  9993
2 28874  56.3756 359.7170 0134409 266.0135 272.6322  2.00558741108116
1 28874U 05038A   20181.31890421 -.00000066  00000-0  00000+0 0  9997
2 28874  56.3753 359.6780 0134416 266.0122 272.2673  2.00558685108126
1 28874U 05038A   20182.31854911 -.00000071  00000-0  00000-0 0  9999
2 28874  56.3750 359.6389 0134430 266.0119 274.0398  2.00558639108156
1 28874U 05038A   20182.57616212 -.00000073  00000-0  00000-0 0  9999
2 28874  56.3750 359.6288 0134433 266.0098 100.0459  2.00558629108169
1 28874U 05038A   20183.30785497 -.00000077  00000-0  00000-0 0  9997
2 28874  56.3748 359.6002 0134440 266.0111 268.3474  2.00558601108170
1 28874U 05038A   20184.31085918 -.00000084  00000-0  00000+0 0  9997
2 28874  56.3746 359.5609 0134458 266.0091 272.5463  2.00558561108187
1 28874U 05038A   20185.50974457 -.00000091  00000-0  00000-0 0  9993
2 28874  56.3745 359.5140 0134473 266.0076  58.1763  2.00558523108219
1 28874U 05038A   20186.30524684 -.00000094  00000-0  00000-0 0  9998
2 28874  56.3743 359.4829 0134485 266.0078 272.5506  2.00558500108239
1 28874U 05038A   20187.30211113 -.00000098  00000-0  00000+0 0  9992
2 28874  56.3742 359.4439 0134500 266.0071 272.3146  2.00558475108246
1 28874U 05038A   20187.54915350 -.00000098  00000-0  00000-0 0  9993
2 28874  56.3741 359.4342 0134504 266.0066  90.6866  2.00558470108252
1 28874U 05038A   20188.55420635 -.00000099  00000-0  00000-0 0  9993
2 28874  56.3739 359.3949 0134525 266.0054  96.3632  2.00558446108281
1 28874U 05038A   20189.29698471 -.00000098  00000-0  00000-0 0  9999
2 28874  56.3738 359.3659 0134537 266.0042 272.6703  2.00558427108296
1 28874U 05038A   20190.28983241 -.00000096  00000-0  00000+0 0  9999
2 28874  56.3736 359.3270 0134559 266.0020 269.5352  2.00558400108301
1 28874U 05038A   20190.79705903 -.00000094  00000-0  00000-0 0  9991
2 28874  56.3736 359.3072 0134563 266.0026 275.7661  2.00558392108326
1 28874U 05038A   20191.29072286 -.00000092  00000-0  00000-0 0  9996
2 28874  56.3736 359.2879 0134574 266.0012 272.2059  2.00558375108321
1 28874U 05038A   20192.28842021 -.00000089  00000-0  00000-0 0  9994
2 28874  56.3734 359.2489 0134597 265.9988 272.5720  2.00558336108359
1 28874U 05038A   20192.55602874 -.00000088  00000-0  00000-0 0  9993
2 28874  56.3734 359.2384 0134603 266.0008 105.7907  2.00558328108362
1 28874U 05038A   20193.28523075 -.00000085  00000-0  00000-0 0  9996
2 28874  56.3733 359.2099 0134625 265.9985 272.2962  2.00558299108379
1 28874U 05038A   20194.51746872 -.00000081  00000-0  00000+0 0  9990
2 28874  56.3731 359.1617 0134656 266.0002  82.0026  2.00558237108390
1 28874U 05038A   20194.51746872 -.00000081  00000-0  00000-0 0  9991
2 28874  56.3731 359.1617 0134656 266.0002  82.0026  2.00558237108390
1 28874U 05038A   20195.27916186 -.00000078  00000-0  00000-0 0  9998
2 28874  56.3730 359.1319 0134672 265.9976 271.9675  2.00558193108417
1 28874U 05038A   20196.27698403 -.00000076  00000-0  00000-0 0  9996
2 28874  56.3727 359.0930 0134685 265.9994 272.4192  2.00558134108432
1 28874U 05038A   20196.52204918 -.00000075  00000-0  00000+0 0  9996
2 28874  56.3726 359.0834 0134690 266.0013  89.3609  2.00558121108438
1 28874U 05038A   20197.48699639 -.00000073  00000-0  00000-0 0  9999
2 28874  56.3726 359.0457 0134712 266.0013  66.0775  2.00558051108454
1 28874U 05038A   20198.27127317 -.00000072  00000-0  00000-0 0  9995
2 28874  56.3725 359.0150 0134733 265.9988 272.3475  2.00557986108472
1 28874U 05038A   20199.26825293 -.00000070  00000-0  00000+0 0  9990
2 28874  56.3718 358.9760 0134762 265.9978 272.1933  2.00557907108481
1 28874U 05038A   20199.76995362 -.00000069  00000-0  00000-0 0  9999
2 28874  56.3718 358.9564 0134770 265.9983 274.4334  2.00557866108505
1 28874U 05038A   20200.52124244 -.00000068  00000-0  00000-0 0  9998
2 28874  56.3718 358.9270 0134786 265.9987  96.8825  2.00557805108526
1 28874U 05038A   20201.26307253 -.00000066  00000-0  00000-0 0  9991
2 28874  56.3717 358.8980 0134808 265.9979 272.5027  2.00557737108530
1 28874U 05038A   20202.26370303 -.00000065  00000-0  00000-0 0  9997
2 28874  56.3715 358.8588 0134831 265.9985 274.9819  2.00557652108547
1 28874U 05038A   20203.25753234 -.00000064  00000-0  00000-0 0  9994
2 28874  56.3714 358.8199 0134854 265.9992 272.5502  2.00557570108572
1 28874U 05038A   20204.25432212 -.00000063  00000-0  00000-0 0  9994
2 28874  56.3710 358.7809 0134867 266.0011 272.2545  2.00557495108595
1 28874U 05038A   20205.50789594 -.00000063  00000-0  00000+0 0  9990
2 28874  56.3706 358.7319 0134893 266.0020  97.3640  2.00557402108618
1 28874U 05038A   20206.58995758 -.00000065  00000-0  00000-0 0  9993
2 28874  56.3705 358.6896 0134919 266.0027 158.6372  2.00557324108641
1 28874U 05038A   20207.46515418 -.00000067  00000-0  00000-0 0  9994
2 28874  56.3703 358.6554 0134941 266.0037  70.5485  2.00557271108655
1 28874U 05038A   20208.24327675 -.00000070  00000-0  00000+0 0  9990
2 28874  56.3701 358.6250 0134967 266.0057 272.3691  2.00557223108665
1 28874U 05038A   20208.74281455 -.00000072  00000-0  00000-0 0  9993
2 28874  56.3700 358.6054 0134977 266.0062 273.0463  2.00557196108689
1 28874U 05038A   20209.24059365 -.00000075  00000-0  00000-0 0  9995
2 28874  56.3699 358.5860 0134990 266.0062 272.4542  2.00557168108696
1 28874U 05038A   20209.74781951 -.00000077  00000-0  00000-0 0  9995
2 28874  56.3698 358.5661 0135000 266.0070 278.6821  2.00557145108701
1 28874U 05038A   20210.49641181 -.00000082  00000-0  00000-0 0  9995
2 28874  56.3697 358.5368 0135021 266.0059  99.1840  2.00557114108718
1 28874U 05038A   20211.23523642 -.00000087  00000-0  00000-0 0  9994
2 28874  56.3695 358.5079 0135045 266.0081 272.6297  2.00557082108736
1 28874U 05038A   20211.49585088 -.00000089  00000-0  00000-0 0  9996
2 28874  56.3695 358.4977 0135053 266.0069 100.8005  2.00557074108748
1 28874U 05038A   20212.44877206 -.00000095  00000-0  00000-0 0  9995
2 28874  56.3692 358.4604 0135083 266.0086  68.8293  2.00557041108751
1 28874U 05038A   20213.22885184 -.00000099  00000-0  00000+0 0  9999
2 28874  56.3690 358.4299 0135109 266.0107 272.0619  2.00557015108765
1 28874U 05038A   20215.47001006 -.00000105  00000-0  00000-0 0  9990
2 28874  56.3683 358.3422 0135171 266.0162  90.2221  2.00556961108818
1 28874U 05038A   20216.54958104 -.00000105  00000-0  00000-0 0  9999
2 28874  56.3685 358.3000 0135195 266.0200 149.6922  2.00556943108841
1 28874U 05038A   20218.41876251 -.00000100  00000-0  00000+0 0  9993
2 28874  56.3680 358.2269 0135261 266.0222  59.2791  2.00556891108875
1 28874U 05038A   20218.47661278 -.00000100  00000-0  00000-0 0  9991
2 28874  56.3680 358.2247 0135260 266.0227 101.0479  2.00556892108886
1 28874U 05038A   20218.72058477 -.00000099  00000-0  00000-0 0  9997
2 28874  56.3679 358.2151 0135266 266.0222 277.2013  2.00556885108881
1 28874U 05038A   20220.51600786 -.00000093  00000-0  00000+0 0  9996
2 28874  56.3675 358.1449 0135328 266.0273 133.5297  2.00556814108915
1 28874U 05038A   20220.51600786 -.00000093  00000-0  00000-0 0  9997
2 28874  56.3675 358.1449 0135328 266.0273 133.5297  2.00556814108926
1 28874U 05038A   20221.56579660 -.00000090  00000-0  00000-0 0  9996
2 28874  56.3672 358.1038 0135366 266.0298 171.4965  2.00556761108942
1 28874U 05038A   20222.46129288 -.00000087  00000-0  00000-0 0  9999
2 28874  56.3670 358.0688 0135395 266.0331  98.0602  2.00556713108950
1 28874U 05038A   20223.46898826 -.00000085  00000-0  00000-0 0  9999
2 28874  56.3668 358.0294 0135428 266.0359 105.6341  2.00556650108985
1 28874U 05038A   20224.19838013 -.00000083  00000-0  00000-0 0  9990
2 28874  56.3667 358.0009 0135458 266.0360 272.2696  2.00556596108997
1 28874U 05038A   20224.55600272 -.00000082  00000-0  00000+0 0  9992
2 28874  56.3666 357.9869 0135465 266.0374 170.4791  2.00556569108996
1 28874U 05038A   20225.47914822 -.00000080  00000-0  00000-0 0  9992
2 28874  56.3663 357.9508 0135504 266.0399 117.0060  2.00556497109025
1 28874U 05038A   20225.94375178 -.00000079  00000-0  00000-0 0  9997
2 28874  56.3662 357.9327 0135522 266.0418  92.4572  2.00556459109027
1 28874U 05038A   20226.19308939 -.00000079  00000-0  00000-0 0  9996
2 28874  56.3662 357.9229 0135535 266.0411 272.4845  2.00556438109036
1 28874U 05038A   20227.18563241 -.00000077  00000-0  00000+0 0  9992
2 28874  56.3659 357.8841 0135569 266.0443 269.1170  2.00556356109047
1 28874U 05038A   20228.45132788 -.00000075  00000-0  00000-0 0  9990
2 28874  56.3657 357.8345 0135613 266.0487 102.9695  2.00556249109083
1 28874U 05038A   20228.93189727 -.00000074  00000-0  00000-0 0  9997
2 28874  56.3656 357.8157 0135620 266.0527  89.9462  2.00556215109085
1 28874U 05038A   20230.43509439 -.00000071  00000-0  00000+0 0  9997
2 28874  56.3652 357.7568 0135675 266.0594  95.2764  2.00556086109115
1 28874U 05038A   20231.17882729 -.00000071  00000-0  00000-0 0  9996
2 28874  56.3651 357.7277 0135712 266.0629 272.2618  2.00556023109130
1 28874U 05038A   20232.41649443 -.00000070  00000-0  00000-0 0  9997
2 28874  56.3647 357.6793 0135741 266.0691  85.8745  2.00555929109153
1 28874U 05038A   20232.92007397 -.00000070  00000-0  00000+0 0  9998
2 28874  56.3646 357.6596 0135749 266.0727  89.4647  2.00555896109166
1 28874U 05038A   20233.41834042 -.00000070  00000-0  00000-0 0  9999
2 28874  56.3644 357.6401 0135769 266.0749  89.2199  2.00555859109175
1 28874U 05038A   20234.42339264 -.00000072  00000-0  00000-0 0  9999
2 28874  56.3642 357.6007 0135814 266.0781  94.8825  2.00555791109209
1 28874U 05038A   20234.93939819 -.00000073  00000-0  00000+0 0  9997
2 28874  56.3641 357.5805 0135831 266.0807 107.4452  2.00555758109201
1 28874U 05038A   20234.93939819 -.00000073  00000-0  00000-0 0  9998
2 28874  56.3641 357.5805 0135831 266.0807 107.4452  2.00555758109201
1 28874U 05038A   20236.42675785 -.00000080  00000-0  00000-0 0  9991
2 28874  56.3637 357.5223 0135885 266.0878 101.3380  2.00555670109247
1 28874U 05038A   20236.66620432 -.00000081  00000-0  00000-0 0  9997
2 28874  56.3636 357.5129 0135878 266.0933 274.2173  2.00555665109249
1 28874U 05038A   20237.16204414 -.00000084  00000-0  00000+0 0  9993
2 28874  56.3635 357.4935 0135897 266.0956 272.2199  2.00555639109245
1 28874U 05038A   20237.41944444 -.00000086  00000-0  00000-0 0  9998
2 28874  56.3634 357.4834 0135904 266.0952  98.0679  2.00555627109263
1 28874U 05038A   20237.91953080 -.00000089  00000-0  00000-0 0  9992
2 28874  56.3633 357.4639 0135919 266.0986  99.1356  2.00555607109260
1 28874U 05038A   20239.41854809 -.00000099  00000-0  00000-0 0  9999
2 28874  56.3628 357.4052 0135986 266.1069 101.4432  2.00555546109297
1 28874U 05038A   20239.51571483 -.00000099  00000-0  00000-0 0  9994
2 28874  56.3627 357.4014 0135989 266.1084 171.5980  2.00555546109302
1 28874U 05038A   20240.50899317 -.00000105  00000-0  00000-0 0  9992
2 28874  56.3624 357.3625 0136016 266.1164 168.7538  2.00555521109329
1 28874U 05038A   20241.51053042 -.00000108  00000-0  00000-0 0  9994
2 28874  56.3622 357.3233 0136048 266.1239 171.8731  2.00555498109345
1 28874U 05038A   20242.39970140 -.00000110  00000-0  00000-0 0  9991
2 28874  56.3619 357.2885 0136082 266.1300  93.8633  2.00555480109367
1 28874U 05038A   20243.39079358 -.00000110  00000-0  00000-0 0  9993
2 28874  56.3617 357.2497 0136121 266.1370  89.4411  2.00555459109377
1 28874U 05038A   20244.39762351 -.00000109  00000-0  00000-0 0  9994
2 28874  56.3614 357.2103 0136161 266.1442  96.3816  2.00555441109403
1 28874U 05038A   20245.47888920 -.00000106  00000-0  00000+0 0  9991
2 28874  56.3612 357.1680 0136202 266.1509 157.0662  2.00555415109416
1 28874U 05038A   20246.44920376 -.00000103  00000-0  00000-0 0  9999
2 28874  56.3609 357.1300 0136237 266.1585 137.6412  2.00555389109432
1 28874U 05038A   20247.46858425 -.00000099  00000-0  00000-0 0  9991
2 28874  56.3606 357.0901 0136276 266.1659 153.6426  2.00555351109465
1 28874U 05038A   20248.48304652 -.00000096  00000-0  00000+0 0  9998
2 28874  56.3604 357.0505 0136315 266.1742 166.0920  2.00555306109478
1 28874U 05038A   20248.48304652 -.00000096  00000-0  00000-0 0  9999
2 28874  56.3604 357.0505 0136315 266.1742 166.0920  2.00555306109478
1 28874U 05038A   20249.38851223 -.00000094  00000-0  00000-0 0  9998
2 28874  56.3602 357.0150 0136356 266.1827  99.8435  2.00555258109493
1 28874U 05038A   20249.76234604 -.00000093  00000-0  00000-0 0  9997
2 28874  56.3600 357.0004 0136370 266.1858   9.7543  2.00555240109502
1 28874U 05038A   20250.38101841 -.00000091  00000-0  00000-0 0  9991
2 28874  56.3599 356.9762 0136393 266.1908  96.4402  2.00555201109514
1 28874U 05038A   20251.39556300 -.00000089  00000-0  00000-0 0  9994
2 28874  56.3596 356.9365 0136434 266.1985 108.9488  2.00555132109540
1 28874U 05038A   20252.41380220 -.00000086  00000-0  00000-0 0  9991
2 28874  56.3593 356.8966 0136477 266.2058 124.1254  2.00555056109559
1 28874U 05038A   20255.19085052 -.00000080  00000-0  00000+0 0  9997
2 28874  56.3586 356.7879 0136584 266.2294 329.1706  2.00554827109604
1 28874U 05038A   20255.35952542 -.00000079  00000-0  00000-0 0  9991
2 28874  56.3585 356.7813 0136587 266.2310  90.9547  2.00554811109613
1 28874U 05038A   20256.47695612 -.00000077  00000-0  00000-0 0  9995
2 28874  56.3582 356.7375 0136630 266.2404 177.7459  2.00554714109636
1 28874U 05038A   20257.10142491 -.00000075  00000-0  00000-0 0  9996
2 28874  56.3580 356.7130 0136656 266.2473 268.6139  2.00554659109652
1 28874U 05038A   20257.44039042 -.00000075  00000-0  00000-0 0  9990
2 28874  56.3580 356.6998 0136667 266.2499 153.3491  2.00554629109651
1 28874U 05038A   20257.44039042 -.00000075  00000-0  00000-0 0  9990
2 28874  56.3580 356.6998 0136667 266.2499 153.3491  2.00554629109662
1 28874U 05038A   20259.45281747 -.00000071  00000-0  00000-0 0  9990
2 28874  56.3574 356.6209 0136739 266.2709 166.3271  2.00554462109692
1 28874U 05038A   20260.48637082 -.00000071  00000-0  00000-0 0  9992
2 28874  56.3571 356.5804 0136774 266.2822 192.5548  2.00554385109720
1 28874U 05038A   20261.46534672 -.00000072  00000-0  00000-0 0  9993
2 28874  56.3568 356.5421 0136808 266.2923 179.3778  2.00554313109742
1 28874U 05038A   20262.49122953 -.00000074  00000-0  00000-0 0  9994
2 28874  56.3566 356.5018 0136845 266.3035 200.0668  2.00554246109765
1 28874U 05038A   20263.08515525 -.00000077  00000-0  00000-0 0  9994
2 28874  56.3564 356.4785 0136865 266.3110 268.8810  2.00554212109763
1 28874U 05038A   20265.29085334 -.00000089  00000-0  00000-0 0  9992
2 28874  56.3557 356.3919 0136949 266.3329  61.4000  2.00554101109819
1 28874U 05038A   20266.07735986 -.00000094  00000-0  00000-0 0  9990
2 28874  56.3554 356.3611 0136984 266.3435 269.2564  2.00554068109839
1 28874U 05038A   20267.43617851 -.00000102  00000-0  00000+0 0  9990
2 28874  56.3550 356.3078 0137036 266.3590 170.3238  2.00554024109857
1 28874U 05038A   20268.40339712 -.00000106  00000-0  00000-0 0  9990
2 28874  56.3548 356.2699 0137073 266.3710 148.6547  2.00553996109888
1 28874U 05038A   20269.45501375 -.00000108  00000-0  00000+0 0  9993
2 28874  56.3545 356.2287 0137113 266.3845 187.9202  2.00553970109899
1 28874U 05038A   20269.45501375 -.00000108  00000-0  00000-0 0  9994
2 28874  56.3545 356.2287 0137113 266.3845 187.9202  2.00553970109899
1 28874U 05038A   20270.48223557 -.00000109  00000-0  00000-0 0  9993
2 28874  56.3542 356.1884 0137150 266.3973 209.5729  2.00553948109925
1 28874U 05038A   20271.43489354 -.00000107  00000-0  00000-0 0  9996
2 28874  56.3540 356.1510 0137185 266.4088 177.3909  2.00553927109935
1 28874U 05038A   20272.42484946 -.00000105  00000-0  00000-0 0  9996
2 28874  56.3537 356.1122 0137224 266.4207 172.1377  2.00553905109957
1 28874U 05038A   20273.36654523 -.00000102  00000-0  00000-0 0  9997
2 28874  56.3535 356.0753 0137261 266.4326 132.0401  2.00553881109975
1 28874U 05038A   20274.29211427 -.00000099  00000-0  00000-0 0  9997
2 28874  56.3532 356.0391 0137300 266.4450  80.2982  2.00553857109995
1 28874U 05038A   20275.05079853 -.00000096  00000-0  00000-0 0  9994
2 28874  56.3530 356.0094 0137339 266.4534 268.0676  2.00553825110003
1 28874U 05038A   20276.39706847 -.00000092  00000-0  00000-0 0  9998
2 28874  56.3527 355.9567 0137393 266.4722 160.0693  2.00553765110048
1 28874U 05038A   20277.48401997 -.00000089  00000-0  00000-0 0  9993
2 28874  56.3524 355.9141 0137436 266.4865 224.8445  2.00553702110055
1 28874U 05038A   20278.42446674 -.00000086  00000-0  00000-0 0  9996
2 28874  56.3522 355.8774 0137475 266.5001 183.8424  2.00553639110083
1 28874U 05038A   20279.35766977 -.00000084  00000-0  00000-0 0  9998
2 28874  56.3520 355.8408 0137509 266.5134 137.6104  2.00553571110098
1 28874U 05038A   20280.03907275 -.00000082  00000-0  00000-0 0  9991
2 28874  56.3518 355.8141 0137541 266.5221 269.5809  2.00553517110112
1 28874U 05038A   20280.78623823 -.00000080  00000-0  00000-0 0  9995
2 28874  56.3516 355.7849 0137553 266.5328  89.0302  2.00553453110128
1 28874U 05038A   20281.29078963 -.00000079  00000-0  00000-0 0  9999
2 28874  56.3515 355.7651 0137574 266.5395  93.3141  2.00553411110139
1 28874U 05038A   20281.29078963 -.00000079  00000-0  00000-0 0  9999
2 28874  56.3515 355.7651 0137574 266.5395  93.3141  2.00553411110140
1 28874U 05038A   20282.45248750 -.00000076  00000-0  00000-0 0  9998
2 28874  56.3511 355.7196 0137618 266.5546 212.0549  2.00553308110166
1 28874U 05038A   20283.27620678 -.00000073  00000-0  00000-0 0  9999
2 28874  56.3510 355.6873 0137647 266.5680  86.7736  2.00553231110177
1 28874U 05038A   20284.03408306 -.00000071  00000-0  00000-0 0  9994
2 28874  56.3507 355.6576 0137680 266.5795 273.9549  2.00553163110195
1 28874U 05038A   20284.47395786 -.00000070  00000-0  00000-0 0  9998
2 28874  56.3507 355.6403 0137684 266.5867 231.5409  2.00553118110205
1 28874U 05038A   20285.27759924 -.00000068  00000-0  00000+0 0  9991
2 28874  56.3505 355.6088 0137705 266.5997  91.7633  2.00553045110215
1 28874U 05038A   20286.02844339 -.00000066  00000-0  00000-0 0  9999
2 28874  56.3503 355.5793 0137734 266.6127 273.8656  2.00552980110229
1 28874U 05038A   20287.02591698 -.00000064  00000-0  00000-0 0  9995
2 28874  56.3500 355.5401 0137769 266.6281 274.0335  2.00552892110242
1 28874U 05038A   20288.27822691 -.00000064  00000-0  00000-0 0  9993
2 28874  56.3497 355.4910 0137807 266.6463  98.1920  2.00552788110278
1 28874U 05038A   20289.39575830 -.00000065  00000-0  00000-0 0  9998
2 28874  56.3494 355.4471 0137845 266.6634 185.0401  2.00552704110299
1 28874U 05038A   20290.47000303 -.00000069  00000-0  00000-0 0  9991
2 28874  56.3491 355.4049 0137881 266.6818 240.6336  2.00552632110319
1 28874U 05038A   20290.75604840 -.00000070  00000-0  00000-0 0  9990
2 28874  56.3490 355.3937 0137884 266.6848  87.1573  2.00552614110327
1 28874U 05038A   20291.25440823 -.00000072  00000-0  00000-0 0  9997
2 28874  56.3489 355.3742 0137902 266.6930  86.9681  2.00552583110335
1 28874U 05038A   20291.41672696 -.00000073  00000-0  00000-0 0  9991
2 28874  56.3489 355.3678 0137912 266.6964 204.1597  2.00552574110331
1 28874U 05038A   20292.37654064 -.00000079  00000-0  00000-0 0  9992
2 28874  56.3486 355.3301 0137944 266.7117 177.1359  2.00552522110357
1 28874U 05038A   20293.75122844 -.00000087  00000-0  00000-0 0  9990
2 28874  56.3482 355.2761 0137986 266.7344  89.6461  2.00552457110381
1 28874U 05038A   20294.00617425 -.00000088  00000-0  00000-0 0  9994
2 28874  56.3481 355.2661 0138000 266.7411 273.7117  2.00552447110385
1 28874U 05038A   20295.24087333 -.00000095  00000-0  00000-0 0  9998
2 28874  56.3478 355.2176 0138037 266.7612  85.1513  2.00552402110415
1 28874U 05038A   20296.24055337 -.00000098  00000-0  00000+0 0  9990
2 28874  56.3475 355.1784 0138069 266.7789  86.9081  2.00552369110439
1 28874U 05038A   20297.43744336 -.00000099  00000-0  00000-0 0  9998
2 28874  56.3472 355.1314 0138109 266.8011 231.0468  2.00552338110460
1 28874U 05038A   20298.24141171 -.00000099  00000-0  00000-0 0  9996
2 28874  56.3470 355.0999 0138134 266.8155  91.5016  2.00552319110471
1 28874U 05038A   20298.35298743 -.00000098  00000-0  00000+0 0  9994
2 28874  56.3470 355.0955 0138137 266.8168 172.0585  2.00552316110473
1 28874U 05038A   20299.24139626 -.00000096  00000-0  00000-0 0  9996
2 28874  56.3468 355.0606 0138165 266.8335  93.4773  2.00552294110504
1 28874U 05038A   20300.24034721 -.00000093  00000-0  00000-0 0  9996
2 28874  56.3466 355.0215 0138198 266.8513  94.7068  2.00552269110516
1 28874U 05038A   20300.24034721 -.00000093  00000-0  00000-0 0  9996
2 28874  56.3466 355.0215 0138198 266.8513  94.7068  2.00552269110527
1 28874U 05038A   20300.98162324 -.00000091  00000-0  00000-0 0  9996
2 28874  56.3463 354.9924 0138228 266.8634 269.8994  2.00552248110527
1 28874U 05038A   20301.98418551 -.00000088  00000-0  00000-0 0  9999
2 28874  56.3461 354.9531 0138266 266.8815 273.7358  2.00552215110546
1 28874U 05038A   20302.98100400 -.00000084  00000-0  00000-0 0  9997
2 28874  56.3459 354.9140 0138303 266.9000 273.4245  2.00552178110560
1 28874U 05038A   20302.98100400 -.00000084  00000-0  00000-0 0  9997
2 28874  56.3459 354.9140 0138303 266.9000 273.4245  2.00552178110571
1 28874U 05038A   20303.97800403 -.00000082  00000-0  00000-0 0  9995
2 28874  56.3456 354.8749 0138338 266.9193 273.2434  2.00552131110592
1 28874U 05038A   20304.39343630 -.00000081  00000-0  00000-0 0  9995
2 28874  56.3455 354.8587 0138350 266.9269 213.1795  2.00552108110596
1 28874U 05038A   20304.97558387 -.00000079  00000-0  00000+0 0  9992
2 28874  56.3445 354.8381 0137933 267.4532 273.0920  2.00593150110601
1 28874U 05038A   20304.97558387 -.00000079  00000-0  00000-0 0  9993
2 28874  56.3445 354.8381 0137933 267.4532 273.0920  2.00593150110601
1 28874U 05038A   20311.19124087 -.00000061  00000-0  00000+0 0  9991
2 28874  56.3436 354.5921 0137834 267.4057  81.6047  2.00585138110734
1 28874U 05038A   20311.19124087 -.00000061  00000-0  00000-0 0  9992
2 28874  56.3436 354.5921 0137834 267.4057  81.6047  2.00585138110734
1 28874U 05038A   20312.70161639 -.00000057  00000-0  00000-0 0  9999
2 28874  56.3436 354.5327 0137880 267.4385  92.2495  2.00585090110775
1 28874U 05038A   20315.69112509 -.00000052  00000-0  10000-3 0  9991
2 28874  56.3422 354.4160 0137940 267.4869  91.0012  2.00584225110836
1 28874U 05038A   20315.95846505 -.00000053  00000+0  00000+0 0  9995
2 28874  56.3428 354.4048 0137931 267.5059 284.0270  2.00584825110835
1 28874U 05038A   20317.18799439 -.00000055  00000+0  00000+0 0  9997
2 28874  56.3425 354.3565 0137955 267.5290  91.8745  2.00584740110868
1 28874U 05038A   20318.93432191 -.00000063  00000-0  00000-0 0  9991
2 28874  56.3422 354.2879 0138002 267.5674 272.8976  2.00584629110898
1 28874U 05038A   20319.93163913 -.00000069  00000-0  00000-0 0  9991
2 28874  56.3419 354.2487 0138024 267.5884 273.0611  2.00584576110919
1 28874U 05038A   20320.92560942 -.00000075  00000-0  00000+0 0  9991
2 28874  56.3417 354.2096 0138049 267.6097 270.8070  2.00584529110920
1 28874U 05038A   20320.92560942 -.00000075  00000-0  00000-0 0  9992
2 28874  56.3417 354.2096 0138049 267.6097 270.8070  2.00584529110920
1 28874U 05038A   20320.92560942 -.00000075  00000-0  00000-0 0  9992
2 28874  56.3417 354.2096 0138049 267.6097 270.8070  2.00584529110931
1 28874U 05038A   20322.92340707 -.00000085  00000-0  00000-0 0  9990
2 28874  56.3411 354.1311 0138092 267.6541 273.4149  2.00584455110974
1 28874U 05038A   20323.18422365 -.00000086  00000-0  00000+0 0  9990
2 28874  56.3410 354.1209 0138086 267.6561 101.7534  2.00584432110970
1 28874U 05038A   20323.91982766 -.00000088  00000-0  00000-0 0  9990
2 28874  56.3408 354.0920 0138102 267.6736 272.9309  2.00584410110998
1 28874U 05038A   20324.91089410 -.00000089  00000-0  00000-0 0  9996
2 28874  56.3402 354.0530 0138114 267.6937 268.5802  2.00584377111010
1 28874U 05038A   20325.91181384 -.00000088  00000-0  00000-0 0  9999
2 28874  56.3399 354.0136 0138133 267.7149 271.3437  2.00584353111036
1 28874U 05038A   20326.16074084 -.00000087  00000-0  00000-0 0  9994
2 28874  56.3399 354.0039 0138136 267.7201  91.0936  2.00584346111044
1 28874U 05038A   20326.91125054 -.00000086  00000-0  00000+0 0  9999
2 28874  56.3397 353.9744 0138152 267.7354 273.0366  2.00584328111049
1 28874U 05038A   20326.91125054 -.00000086  00000-0  00000-0 0  9990
2 28874  56.3397 353.9744 0138152 267.7354 273.0366  2.00584328111050
1 28874U 05038A   20327.90824593 -.00000083  00000-0  00000-0 0  9991
2 28874  56.3394 353.9353 0138173 267.7564 272.9661  2.00584302111068
1 28874U 05038A   20327.90824593 -.00000083  00000-0  00000-0 0  9991
2 28874  56.3394 353.9353 0138173 267.7564 272.9661  2.00584302111079
1 28874U 05038A   20328.89923550 -.00000080  00000-0  00000-0 0  9990
2 28874  56.3392 353.8964 0138194 267.7775 268.5584  2.00584273111095
1 28874U 05038A   20329.90113510 -.00000077  00000-0  00000-0 0  9996
2 28874  56.3390 353.8571 0138216 267.7992 272.0281  2.00584238111100
1 28874U 05038A   20329.90113510 -.00000077  00000-0  00000-0 0  9996
2 28874  56.3390 353.8571 0138216 267.7992 272.0281  2.00584238111111
1 28874U 05038A   20330.89921756 -.00000075  00000-0  00000-0 0  9993
2 28874  56.3387 353.8179 0138237 267.8218 272.7405  2.00584196111125
1 28874U 05038A   20330.89921756 -.00000075  00000-0  00000-0 0  9993
2 28874  56.3387 353.8179 0138237 267.8218 272.7405  2.00584196111136
1 28874U 05038A   20331.89677403 -.00000072  00000-0  00000-0 0  9998
2 28874  56.3384 353.7787 0138256 267.8439 273.0733  2.00584145111157
1 28874U 05038A   20332.89302572 -.00000070  00000-0  00000-0 0  9999
2 28874  56.3382 353.7396 0138272 267.8635 272.4654  2.00584068111167
1 28874U 05038A   20332.89302572 -.00000070  00000-0  00000-0 0  9999
2 28874  56.3382 353.7396 0138272 267.8635 272.4654  2.00584068111178
1 28874U 05038A   20333.89077831 -.00000068  00000-0  00000-0 0  9994
2 28874  56.3380 353.7006 0138286 267.8840 272.9405  2.00583990111191
1 28874U 05038A   20334.88770660 -.00000066  00000-0  00000-0 0  9992
2 28874  56.3378 353.6615 0138297 267.9060 272.8189  2.00583916111219
1 28874U 05038A   20335.13351376 -.00000065  00000-0  00000-0 0  9999
2 28874  56.3377 353.6518 0138293 267.9121  90.3145  2.00583890111210
1 28874U 05038A   20335.88508425 -.00000063  00000-0  00000-0 0  9998
2 28874  56.3375 353.6224 0138306 267.9273 273.0222  2.00583829111224
1 28874U 05038A   20335.88508425 -.00000063  00000-0  00000-0 0  9998
2 28874  56.3375 353.6224 0138306 267.9273 273.0222  2.00583829111235
1 28874U 05038A   20338.38122976 -.00000055  00000-0  00000+0 0  9999
2 28874  56.3368 353.5244 0138341 267.9802 275.4805  2.00583600111279
1 28874U 05038A   20338.38122976 -.00000055  00000-0  00000-0 0  9990
2 28874  56.3368 353.5244 0138341 267.9802 275.4805  2.00583600111280
1 28874U 05038A   20338.87544402 -.00000054  00000-0  00000-0 0  9995
2 28874  56.3367 353.5050 0138346 267.9921 272.3493  2.00583554111299
1 28874U 05038A   20339.61974979 -.00000052  00000-0  00000-0 0  9992
2 28874  56.3366 353.4759 0138339 268.0082  89.8089  2.00583475111301
1 28874U 05038A   20339.87315013 -.00000051  00000-0  00000-0 0  9997
2 28874  56.3365 353.4659 0138345 268.0148 272.7870  2.00583453111317
1 28874U 05038A   20340.86349144 -.00000048  00000-0  00000-0 0  9996
2 28874  56.3362 353.4270 0138355 268.0384 267.9058  2.00583362111331
1 28874U 05038A   20341.24569319 -.00000048  00000-0  00000-0 0  9997
2 28874  56.3361 353.4120 0138357 268.0458 183.8926  2.00583327111339
1 28874U 05038A   20341.24569319 -.00000048  00000-0  00000-0 0  9997
2 28874  56.3361 353.4120 0138357 268.0458 183.8926  2.00583327111340
1 28874U 05038A   20341.86690295 -.00000047  00000-0  00000-0 0  9992
2 28874  56.3360 353.3876 0138362 268.0622 272.4623  2.00583273111355
1 28874U 05038A   20342.31315487 -.00000046  00000-0  00000-0 0  9999
2 28874  56.3359 353.3701 0138362 268.0720 234.6983  2.00583232111353
1 28874U 05038A   20342.31315487 -.00000046  00000-0  00000-0 0  9999
2 28874  56.3359 353.3701 0138362 268.0720 234.6983  2.00583232111364
1 28874U 05038A   20343.29252753 -.00000047  00000-0  00000-0 0  9994
2 28874  56.3356 353.3316 0138368 268.0938 221.8976  2.00583151111371
1 28874U 05038A   20343.29252753 -.00000047  00000-0  00000-0 0  9994
2 28874  56.3356 353.3316 0138368 268.0938 221.8976  2.00583151111382
1 28874U 05038A   20344.29368543 -.00000049  00000-0  00000-0 0  9992
2 28874  56.3355 353.2924 0138381 268.1156 224.8279  2.00583068111390
1 28874U 05038A   20344.29368543 -.00000049  00000-0  00000-0 0  9992
2 28874  56.3355 353.2924 0138381 268.1156 224.8279  2.00583068111402
1 28874U 05038A   20345.07352844 -.00000052  00000-0  00000-0 0  9990
2 28874  56.3353 353.2617 0138376 268.1328  67.9478  2.00583010111419
1 28874U 05038A   20345.84900012 -.00000056  00000-0  00000-0 0  9995
2 28874  56.3351 353.2313 0138388 268.1517 267.9090  2.00582947111435
1 28874U 05038A   20346.85227133 -.00000062  00000-0  00000+0 0  9999
2 28874  56.3348 353.1919 0138390 268.1760 272.3625  2.00582886111442
1 28874U 05038A   20346.85227133 -.00000062  00000-0  00000-0 0  9990
2 28874  56.3348 353.1919 0138390 268.1760 272.3625  2.00582886111453
1 28874U 05038A   20347.84959949 -.00000068  00000-0  00000-0 0  9993
2 28874  56.3345 353.1528 0138396 268.1984 272.5257  2.00582819111471
1 28874U 05038A   20348.84515377 -.00000075  00000-0  00000-0 0  9995
2 28874  56.3342 353.1137 0138402 268.2222 271.4068  2.00582772111496
1 28874U 05038A   20349.84377679 -.00000080  00000-0  00000-0 0  9993
2 28874  56.3339 353.0745 0138406 268.2463 272.5033  2.00582731111519
1 28874U 05038A   20350.84003272 -.00000084  00000-0  00000-0 0  9994
2 28874  56.3337 353.0353 0138407 268.2698 271.8909  2.00582692111535
1 28874U 05038A   20351.16523772 -.00000085  00000-0  00000-0 0  9993
2 28874  56.3336 353.0225 0138402 268.2741 146.7214  2.00582671111543
1 28874U 05038A   20351.84031319 -.00000086  00000-0  00000-0 0  9990
2 28874  56.3334 352.9961 0138406 268.2894 274.1875  2.00582643111558
1 28874U 05038A   20352.24404031 -.00000086  00000-0  00000-0 0  9990
2 28874  56.3333 352.9802 0138407 268.2973 205.7164  2.00582625111562
1 28874U 05038A   20352.83466593 -.00000086  00000-0  00000-0 0  9996
2 28874  56.3331 352.9571 0138407 268.3115 272.2014  2.00582608111577
1 28874U 05038A   20353.07877547 -.00000086  00000-0  00000-0 0  9998
2 28874  56.3331 352.9475 0138403 268.3166  88.4711  2.00582599111572
1 28874U 05038A   20353.83163648 -.00000085  00000-0  00000-0 0  9991
2 28874  56.3329 352.9179 0138406 268.3335 272.1057  2.00582578111595
1 28874U 05038A   20354.32965894 -.00000084  00000-0  00000-0 0  9998
2 28874  56.3327 352.8984 0138402 268.3439 271.7241  2.00582558111607
1 28874U 05038A   20354.82808731 -.00000082  00000-0  00000-0 0  9997
2 28874  56.3326 352.8788 0138405 268.3549 271.6351  2.00582542111618
1 28874U 05038A   20355.26783556 -.00000081  00000-0  00000-0 0  9992
2 28874  56.3325 352.8616 0138405 268.3641 229.1740  2.00582528111625
1 28874U 05038A   20355.82607543 -.00000080  00000-0  00000-0 0  9994
2 28874  56.3323 352.8397 0138408 268.3770 272.2738  2.00582511111634
1 28874U 05038A   20356.32647388 -.00000079  00000-0  00000-0 0  9999
2 28874  56.3322 352.8200 0138412 268.3872 273.6079  2.00582490111644
1 28874U 05038A   20356.82306455 -.00000078  00000-0  00000-0 0  9990
2 28874  56.3320 352.8006 0138414 268.3985 272.1913  2.00582469111651
1 28874U 05038A   20358.25012272 -.00000075  00000-0  00000-0 0  9997
2 28874  56.3316 352.7446 0138416 268.4305 222.6569  2.00582407111684
1 28874U 05038A   20359.81406780 -.00000073  00000-0  00000-0 0  9999
2 28874  56.3313 352.6832 0138421 268.4656 271.9665  2.00582317111712
1 28874U 05038A   20360.31438236 -.00000072  00000-0  00000-0 0  9996
2 28874  56.3311 352.6635 0138417 268.4748 273.2405  2.00582276111720
1 28874U 05038A   20360.81156747 -.00000072  00000-0  00000-0 0  9995
2 28874  56.3310 352.6440 0138422 268.4855 272.2534  2.00582239111730
1 28874U 05038A   20361.80795221 -.00000070  00000-0  00000-0 0  9999
2 28874  56.3308 352.6049 0138419 268.5080 271.7326  2.00582167111754
1 28874U 05038A   20362.25086019 -.00000069  00000-0  00000-0 0  9995
2 28874  56.3307 352.5876 0138412 268.5177 231.5520  2.00582131111762
1 28874U 05038A   20363.05633937 -.00000067  00000-0  00000-0 0  9999
2 28874  56.3305 352.5561 0138407 268.5371  93.1786  2.00582061111781
1 28874U 05038A   20363.80214514 -.00000065  00000-0  00000-0 0  9996
2 28874  56.3303 352.5268 0138408 268.5523 271.7185  2.00581998111799
1 28874U 05038A   20364.21536976 -.00000064  00000-0  00000-0 0  9990
2 28874  56.3302 352.5106 0138407 268.5601 210.1050  2.00581959111802
1 28874U 05038A   20364.79912822 -.00000062  00000-0  00000-0 0  9999
2 28874  56.3300 352.4878 0138406 268.5736 271.6302  2.00581906111818
1 28874U 05038A   20365.29914562 -.00000060  00000-0  00000-0 0  9996
2 28874  56.3299 352.4682 0138405 268.5843 272.6876  2.00581860111823
1 28874U 05038A   20365.79648141 -.00000059  00000-0  00000-0 0  9996
2 28874  56.3297 352.4487 0138400 268.5951 271.8085  2.00581806111833
1 28874U 05038A   20366.53763306 -.00000056  00000-0  00000-0 0  9997
2 28874  56.3294 352.4197 0138391 268.6115  86.9857  2.00581731111840
1 28874U 05038A   20366.79357610 -.00000056  00000-0  00000-0 0  9992
2 28874  56.3294 352.4096 0138393 268.6176 271.7988  2.00581708111851

