1 29486U 06042A   20001.93694154  .00000010  00000-0  00000+0 0  9995
2 29486  54.9181 245.0827 0096144   4.0613 172.0633  2.00553597 97245
1 29486U 06042A   20002.94198250  .00000020  00000-0  00000+0 0  9994
2 29486  54.9178 245.0424 0096156   4.1131 177.6678  2.00553536 97268
1 29486U 06042A   20004.69821516  .00000042  00000-0  00000+0 0  9990
2 29486  54.9172 244.9720 0096171   4.1544   5.6558  2.00553426 97304
1 29486U 06042A   20004.69821516  .00000042  00000-0  00000-0 0  9991
2 29486  54.9172 244.9720 0096171   4.1544   5.6558  2.00553426 97191
1 29486U 06042A   20007.42854118  .00000073  00000-0  00000+0 0  9992
2 29486  54.9162 244.8626 0096202   4.2753 176.8739  2.00553223 97357
1 29486U 06042A   20011.91487529  .00000069  00000-0  00000+0 0  9994
2 29486  54.9145 244.6828 0096258   4.4443 175.9051  2.00552831 97440
1 29486U 06042A   20014.41299475  .00000048  00000-0  00000+0 0  9990
2 29486  54.9137 244.5826 0096279   4.4848 179.5443  2.00552687 97499
1 29486U 06042A   20014.70080463  .00000046  00000-0  00000-0 0  9996
2 29486  54.9136 244.5710 0096288   4.5168  27.3145  2.00552655 97399
1 29486U 06042A   20016.40156391  .00000043  00000-0  00000-0 0  9996
2 29486  54.9131 244.5028 0096297   4.5766 175.2271  2.00552555 97426
1 29486U 06042A   20017.40049432  .00000048  00000-0  00000+0 0  9998
2 29486  54.9128 244.4628 0096307   4.6092 176.4356  2.00552493 97554
1 29486U 06042A   20020.88813282  .00000071  00000-0  00000+0 0  9992
2 29486  54.9069 244.3229 0096335   4.6380 174.5293  2.00552349 97622
1 29486U 06042A   20022.88313052  .00000066  00000-0  00000-0 0  9999
2 29486  54.9056 244.2429 0096350   4.6777 174.9028  2.00552247 97555
1 29486U 06042A   20023.88312972  .00000058  00000-0  00000+0 0  9990
2 29486  54.9017 244.2026 0096351   4.6901 176.9025  2.00552198 97683
1 29486U 06042A   20025.37466538  .00000044  00000-0  00000-0 0  9990
2 29486  54.9072 244.1431 0096340   4.8226 173.6755  2.00552138 97603
1 29486U 06042A   20027.37132750  .00000032  00000-0  00000+0 0  9994
2 29486  54.9069 244.0631 0096339   4.8902 175.2211  2.00552054 97757
1 29486U 06042A   20027.61796847  .00000031  00000-0  00000-0 0  9994
2 29486  54.9072 244.0532 0096344   4.8962 353.2927  2.00552044 97642
1 29486U 06042A   20029.86122205  .00000041  00000-0  00000-0 0  9995
2 29486  54.9099 243.9633 0096346   4.9757 172.8676  2.00551950 97692
1 29486U 06042A   20030.00174244  .00000043  00000-0  00000+0 0  9994
2 29486  54.9092 243.9577 0096345   4.9788 274.3220  2.00551944 97804
1 29486U 06042A   20030.86624160  .00000052  00000-0  00000-0 0  9996
2 29486  54.9089 243.9231 0096341   5.0069 178.4717  2.00551893 97715
1 29486U 06042A   20032.10445618  .00000067  00000-0  00000+0 0  9999
2 29486  54.9086 243.8733 0096371   5.0249 352.4582  2.00551826 97845
1 29486U 06042A   20033.10954337  .00000079  00000-0  00000-0 0  9997
2 29486  54.9083 243.8331 0096379   5.0536 358.1127  2.00551744 97761
1 29486U 06042A   20034.34768372  .00000091  00000-0  00000+0 0  9999
2 29486  54.9079 243.7834 0096381   5.0919 172.0243  2.00551649 97891
1 29486U 06042A   20035.35279279  .00000097  00000-0  00000-0 0  9991
2 29486  54.9076 243.7431 0096383   5.1236 177.6912  2.00551566 97809
1 29486U 06042A   20037.59607545  .00000096  00000-0  00000+0 0  9998
2 29486  54.9069 243.6532 0096387   5.1814 357.3047  2.00551374 97968
1 29486U 06042A   20040.07054615  .00000075  00000-0  00000+0 0  9996
2 29486  54.9061 243.5540 0096392   5.2438 343.8329  2.00551190 98002
1 29486U 06042A   20044.32585118  .00000055  00000-0  00000+0 0  9993
2 29486  54.9049 243.3834 0096357   5.3710 176.0704  2.00550888 98092
1 29486U 06042A   20048.82426181  .00000073  00000-0  00000+0 0  9996
2 29486  54.9037 243.2031 0096292   5.4943 183.8324  2.00550677 98184
1 29486U 06042A   20051.56102005  .00000051  00000-0  00000+0 0  9993
2 29486  54.9028 243.0935 0096347   5.5331 359.7515  2.00550581 98245
1 29486U 06042A   20051.56102005  .00000051  00000-0  00000-0 0  9994
2 29486  54.9028 243.0935 0096347   5.5331 359.7515  2.00550581 98133
1 29486U 06042A   20051.87252031  .00000047  00000-0  00000-0 0  9998
2 29486  54.9028 243.0811 0096341   5.5412 224.6486  2.00550566 98130
1 29486U 06042A   20052.50922962  .00000040  00000-0  00000-0 0  9999
2 29486  54.9024 243.0555 0096333   5.5543 324.3438  2.00550554 98140
1 29486U 06042A   20053.55213187  .00000030  00000-0  00000-0 0  9996
2 29486  54.9021 243.0138 0096329   5.5832 357.2966  2.00550506 98171
1 29486U 06042A   20054.01484251  .00000026  00000-0  00000+0 0  9994
2 29486  54.9020 242.9953 0096325   5.5923 331.3672  2.00550485 98285
1 29486U 06042A   20054.56272500  .00000023  00000-0  00000-0 0  9994
2 29486  54.9018 242.9734 0096324   5.6074   6.9264  2.00550455 98195
1 29486U 06042A   20054.60763205  .00000023  00000-0  00000-0 0  9996
2 29486  54.9018 242.9715 0096318   5.6060  39.3512  2.00550460 98194
1 29486U 06042A   20055.29741666  .00000022  00000-0  00000-0 0  9998
2 29486  54.9016 242.9439 0096309   5.6183 177.3670  2.00550425 98202
1 29486U 06042A   20060.02862382  .00000059  00000-0  00000+0 0  9993
2 29486  54.9001 242.7546 0096262   5.7091 353.2316  2.00550143 98401
1 29486U 06042A   20062.27735639  .00000077  00000-0  00000+0 0  9996
2 29486  54.8994 242.6645 0096274   5.7595 176.7758  2.00549974 98455
1 29486U 06042A   20063.31191538  .00000080  00000-0  00000-0 0  9991
2 29486  54.8991 242.6231 0096265   5.7799 203.7113  2.00549898 98360
1 29486U 06042A   20064.58463847  .00000077  00000-0  00000+0 0  9991
2 29486  54.8987 242.5722 0096252   5.8017  42.6006  2.00549804 98503
1 29486U 06042A   20064.58463847  .00000077  00000-0  00000-0 0  9992
2 29486  54.8987 242.5722 0096252   5.8017  42.6006  2.00549804 98390
1 29486U 06042A   20065.52017685  .00000071  00000-0  00000-0 0  9996
2 29486  54.8983 242.5347 0096243   5.8150 358.0493  2.00549731 98413
1 29486U 06042A   20066.75831042  .00000059  00000-0  00000+0 0  9998
2 29486  54.8979 242.4851 0096237   5.8308 171.9699  2.00549632 98549
1 29486U 06042A   20067.49409747  .00000051  00000-0  00000-0 0  9996
2 29486  54.8977 242.4556 0096220   5.8429 343.1988  2.00549591 98442
1 29486U 06042A   20067.76343111  .00000048  00000-0  00000-0 0  9994
2 29486  54.8976 242.4448 0096221   5.8440 177.6573  2.00549571 98454
1 29486U 06042A   20069.00158010  .00000035  00000-0  00000-0 0  9991
2 29486  54.8972 242.3953 0096214   5.8684 351.5798  2.00549479 98585
1 29486U 06042A   20070.56590580  .00000027  00000-0  00000-0 0  9997
2 29486  54.8967 242.3326 0096207   5.8944  41.0006  2.00549369 98518
1 29486U 06042A   20071.24486924  .00000027  00000-0  00000+0 0  9998
2 29486  54.8965 242.3054 0096209   5.9057 171.2025  2.00549332 98632
1 29486U 06042A   20071.24486924  .00000027  00000-0  00000-0 0  9999
2 29486  54.8965 242.3054 0096209   5.9057 171.2025  2.00549332 98520
1 29486U 06042A   20072.24008127  .00000030  00000-0  00000-0 0  9999
2 29486  54.8962 242.2656 0096204   5.9231 169.7300  2.00549274 98548
1 29486U 06042A   20073.27592639  .00000035  00000-0  00000+0 0  9993
2 29486  54.8959 242.2241 0096196   5.9394 197.5957  2.00549220 98676
1 29486U 06042A   20073.48810080  .00000036  00000-0  00000-0 0  9991
2 29486  54.8958 242.2156 0096190   5.9410 350.7845  2.00549216 98565
1 29486U 06042A   20074.49161944  .00000041  00000-0  00000-0 0  9997
2 29486  54.8955 242.1755 0096189   5.9544 355.3129  2.00549166 98595
1 29486U 06042A   20075.73130654  .00000042  00000-0  00000+0 0  9999
2 29486  54.8950 242.1259 0096181   5.9750 170.3479  2.00549108 98724
1 29486U 06042A   20076.73640228  .00000038  00000-0  00000-0 0  9999
2 29486  54.8945 242.0858 0096174   5.9916 176.0114  2.00549064 98638
1 29486U 06042A   20077.22827097  .00000034  00000-0  00000-0 0  9991
2 29486  54.8944 242.0661 0096171   5.9995 171.1330  2.00549041 98645
1 29486U 06042A   20081.46811007 -.00000012  00000-0  00000+0 0  9992
2 29486  54.8930 241.8966 0096121   6.0666 352.2311  2.00548837 98831
1 29486U 06042A   20090.44566159  .00000040  00000-0  00000+0 0  9995
2 29486  54.8891 241.5365 0095322   5.9183 355.3398  2.00578404 99025
1 29486U 06042A   20090.45495385  .00000040  00000-0  00000-0 0  9999
2 29486  54.8899 241.5372 0095213   5.8197   2.1373  2.00577953 98908
1 29486U 06042A   20090.45495385  .00000040  00000-0  00000-0 0  9999
2 29486  54.8899 241.5372 0095213   5.8197   2.1373  2.00577953 99022
1 29486U 06042A   20092.50076993  .00000034  00000-0  00000+0 0  9999
2 29486  54.8891 241.4555 0095203   5.8423  39.4075  2.00577770 99060
1 29486U 06042A   20092.80474510  .00000032  00000-0  00000-0 0  9998
2 29486  54.8888 241.4433 0095207   5.8437 258.9077  2.00577745 98948
1 29486U 06042A   20093.81564348  .00000022  00000-0  00000-0 0  9998
2 29486  54.8884 241.4029 0095209   5.8566 268.8688  2.00577669 98965
1 29486U 06042A   20094.47989730  .00000015  00000-0  00000-0 0  9999
2 29486  54.8882 241.3763 0095191   5.8587  28.5270  2.00577616 98982
1 29486U 06042A   20094.97267730  .00000010  00000-0  00000+0 0  9997
2 29486  54.8880 241.3566 0095190   5.8637  24.3604  2.00577580 99117
1 29486U 06042A   20095.42211176  .00000005  00000-0  00000-0 0  9996
2 29486  54.8879 241.3386 0095187   5.8671 348.8952  2.00577547 98997
1 29486U 06042A   20097.50003236 -.00000009  00000-0  00000+0 0  9997
2 29486  54.8871 241.2555 0095174   5.8879  49.3482  2.00577410 99162
1 29486U 06042A   20098.43714324 -.00000010  00000-0  00000-0 0  9990
2 29486  54.8867 241.2180 0095164   5.8960   6.0306  2.00577350 99068
1 29486U 06042A   20099.44694713 -.00000007  00000-0  00000-0 0  9997
2 29486  54.8864 241.1776 0095149   5.9018  15.2071  2.00577297 99086
1 29486U 06042A   20099.90952022 -.00000005  00000-0  00000+0 0  9995
2 29486  54.8862 241.1591 0095143   5.9047 349.2295  2.00577272 99200
1 29486U 06042A   20100.41074527 -.00000002  00000-0  00000-0 0  9997
2 29486  54.8860 241.1391 0095138   5.9088 351.1612  2.00577243 99095
1 29486U 06042A   20101.48698630  .00000004  00000-0  00000-0 0  9993
2 29486  54.8856 241.0960 0095124   5.9151  48.3111  2.00577189 99129
1 29486U 06042A   20102.40472834  .00000007  00000-0  00000+0 0  9994
2 29486  54.8853 241.0593 0095115   5.9213 351.0085  2.00577149 99251
1 29486U 06042A   20103.44961130  .00000005  00000-0  00000-0 0  9990
2 29486  54.8848 241.0176 0095100   5.9254  25.5165  2.00577103 99163
1 29486U 06042A   20103.65552271  .00000005  00000-0  00000-0 0  9995
2 29486  54.8848 241.0094 0095099   5.9250 174.2059  2.00577094 99168
1 29486U 06042A   20104.44254624 -.00000001  00000-0  00000-0 0  9991
2 29486  54.8844 240.9779 0095090   5.9321  22.5099  2.00577063 99303
1 29486U 06042A   20105.46711756 -.00000011  00000-0  00000-0 0  9999
2 29486  54.8840 240.9370 0095079   5.9404  42.3463  2.00577023 99205
1 29486U 06042A   20106.48695704 -.00000023  00000-0  00000+0 0  9998
2 29486  54.8836 240.8962 0095068   5.9483  58.7658  2.00576972 99345
1 29486U 06042A   20106.48695704 -.00000023  00000-0  00000-0 0  9999
2 29486  54.8836 240.8962 0095068   5.9483  58.7658  2.00576972 99222
1 29486U 06042A   20107.38932104 -.00000034  00000-0  00000-0 0  9999
2 29486  54.8832 240.8602 0095058   5.9559 350.3564  2.00576929 99232
1 29486U 06042A   20108.45661924 -.00000044  00000-0  00000-0 0  9998
2 29486  54.8828 240.8175 0095053   5.9732  41.0362  2.00576875 99263
1 29486U 06042A   20109.39605222 -.00000048  00000-0  00000+0 0  9994
2 29486  54.8824 240.7800 0095041   5.9809 359.3938  2.00576833 99409
1 29486U 06042A   20110.37036705 -.00000048  00000-0  00000-0 0  9999
2 29486  54.8821 240.7410 0095023   5.9824 342.9458  2.00576793 99297
1 29486U 06042A   20111.39029647 -.00000043  00000-0  00000-0 0  9994
2 29486  54.8817 240.7004 0095008   5.9876 359.4321  2.00576742 99321
1 29486U 06042A   20111.87549417 -.00000039  00000-0  00000+0 0  9993
2 29486  54.8815 240.6810 0095002   5.9897 349.7914  2.00576716 99444
1 29486U 06042A   20112.44861076 -.00000033  00000-0  00000-0 0  9990
2 29486  54.8813 240.6581 0094996   5.9955  43.6335  2.00576693 99343
1 29486U 06042A   20113.46937774 -.00000022  00000-0  00000-0 0  9990
2 29486  54.8809 240.6173 0094989   6.0046  60.7201  2.00576627 99361
1 29486U 06042A   20114.87184625 -.00000005  00000-0  00000+0 0  9995
2 29486  54.8804 240.5613 0094982   6.0170 353.4298  2.00576532 99504
1 29486U 06042A   20115.37706819 -.00000000  00000-0  00000-0 0  9992
2 29486  54.8802 240.5411 0094980   6.0223 358.2450  2.00576491 99401
1 29486U 06042A   20116.37640125  .00000009  00000-0  00000-0 0  9998
2 29486  54.8798 240.5012 0094976   6.0305 359.8545  2.00576415 99428
1 29486U 06042A   20117.36377208  .00000014  00000-0  00000+0 0  9992
2 29486  54.8794 240.4618 0094967   6.0345 352.8301  2.00576336 99558
1 29486U 06042A   20118.85529786  .00000015  00000-0  00000-0 0  9999
2 29486  54.8788 240.4022 0094951   6.0364 349.8574  2.00576221 99465
1 29486U 06042A   20119.46480764  .00000013  00000-0  00000+0 0  9996
2 29486  54.8786 240.3779 0094945   6.0385  69.9814  2.00576171 99604
1 29486U 06042A   20119.85990063  .00000011  00000-0  00000-0 0  9996
2 29486  54.8784 240.3621 0094945   6.0405 355.2754  2.00576138 99495
1 29486U 06042A   20120.36605990  .00000007  00000-0  00000-0 0  9991
2 29486  54.8782 240.3419 0094944   6.0423   0.7704  2.00576096 99509
1 29486U 06042A   20121.60163340 -.00000003  00000-0  00000+0 0  9993
2 29486  54.8777 240.2925 0094941   6.0420 172.9759  2.00575994 99641
1 29486U 06042A   20122.36777955 -.00000010  00000-0  00000-0 0  9999
2 29486  54.8774 240.2619 0094937   6.0496   6.2008  2.00575932 99543
1 29486U 06042A   20123.32818292 -.00000018  00000-0  00000-0 0  9994
2 29486  54.8770 240.2235 0094936   6.0555 339.6999  2.00575858 99558
1 29486U 06042A   20123.84483925 -.00000021  00000-0  00000+0 0  9995
2 29486  54.8768 240.2028 0094929   6.0533 352.7785  2.00575824 99689
1 29486U 06042A   20123.84483925 -.00000021  00000-0  00000-0 0  9996
2 29486  54.8768 240.2028 0094929   6.0533 352.7785  2.00575824 99566
1 29486U 06042A   20124.34857674 -.00000024  00000-0  00000-0 0  9991
2 29486  54.8766 240.1827 0094926   6.0548 356.5244  2.00575786 99584
1 29486U 06042A   20125.34814074 -.00000025  00000-0  00000-0 0  9990
2 29486  54.8763 240.1427 0094918   6.0596 358.3022  2.00575725 99601
1 29486U 06042A   20126.40232692 -.00000022  00000-0  00000+0 0  9994
2 29486  54.8759 240.1006 0094918   6.0723  39.5142  2.00575657 99741
1 29486U 06042A   20127.47493521 -.00000015  00000-0  00000-0 0  9995
2 29486  54.8755 240.0577 0094911   6.0770  94.0363  2.00575589 99648
1 29486U 06042A   20128.43062984 -.00000009  00000-0  00000+0 0  9999
2 29486  54.8752 240.0195 0094905   6.0825  64.1345  2.00575533 99787
1 29486U 06042A   20128.43062984 -.00000009  00000-0  00000-0 0  9990
2 29486  54.8752 240.0195 0094905   6.0825  64.1345  2.00575533 99664
1 29486U 06042A   20129.38892516 -.00000004  00000-0  00000-0 0  9992
2 29486  54.8748 239.9812 0094900   6.0863  36.1123  2.00575489 99684
1 29486U 06042A   20130.40367608 -.00000003  00000-0  00000-0 0  9995
2 29486  54.8745 239.9407 0094895   6.0926  48.8535  2.00575435 99705
1 29486U 06042A   20131.40308756 -.00000006  00000-0  00000+0 0  9997
2 29486  54.8740 239.9008 0094890   6.0964  50.5205  2.00575384 99846
1 29486U 06042A   20132.41980795 -.00000014  00000-0  00000-0 0  9998
2 29486  54.8736 239.8602 0094882   6.0975  64.6886  2.00575331 99745
1 29486U 06042A   20132.81795837 -.00000018  00000-0  00000-0 0  9997
2 29486  54.8734 239.8442 0094882   6.1001 352.1886  2.00575315 99743
1 29486U 06042A   20133.82294299 -.00000030  00000-0  00000+0 0  9998
2 29486  54.8730 239.8041 0094877   6.1057 357.8778  2.00575271 99898
1 29486U 06042A   20133.82294299 -.00000030  00000-0  00000-0 0  9999
2 29486  54.8730 239.8041 0094877   6.1057 357.8778  2.00575271 99775
1 29486U 06042A   20135.31177146 -.00000045  00000-0  00000-0 0  9992
2 29486  54.8724 239.7446 0094870   6.1209 352.9385  2.00575203 99795
1 29486U 06042A   20136.44792385 -.00000051  00000-0  00000+0 0  9991
2 29486  54.8719 239.6992 0094857   6.1264  93.3428  2.00575144 99945
1 29486U 06042A   20137.33968867 -.00000051  00000-0  00000-0 0  9991
2 29486  54.8716 239.6636 0094849   6.1298  17.2778  2.00575100 99849
1 29486U 06042A   20138.30937856 -.00000046  00000-0  00000-0 0  9997
2 29486  54.8713 239.6249 0094843   6.1352 357.4799  2.00575041 99869
1 29486U 06042A   20139.73939501 -.00000032  00000-0  00000+0 0  9998
2 29486  54.8707 239.5677 0094832   6.1359 310.0856  2.00574961100009
1 29486U 06042A   20141.42723139 -.00000010  00000-0  00000-0 0  9992
2 29486  54.8702 239.5004 0094822   6.1443  88.8529  2.00574838 99929
1 29486U 06042A   20141.79082319 -.00000005  00000-0  00000+0 0  9993
2 29486  54.8700 239.4858 0094825   6.1473 351.3971  2.00574809100042
1 29486U 06042A   20141.79082319 -.00000005  00000-0  00000-0 0  9994
2 29486  54.8700 239.4858 0094825   6.1473 351.3971  2.00574809 99926
1 29486U 06042A   20142.79586559  .00000007  00000-0  00000-0 0  9991
2 29486  54.8696 239.4457 0094823   6.1538 357.1249  2.00574728 99950
1 29486U 06042A   20143.29042956  .00000012  00000-0  00000-0 0  9991
2 29486  54.8695 239.4259 0094822   6.1564 354.2435  2.00574690 99961
1 29486U 06042A   20147.87855104  .00000018  00000-0  00000+0 0  9991
2 29486  54.8677 239.2426 0094801   6.1554  67.2912  2.00574261100172
1 29486U 06042A   20147.87855104  .00000018  00000-0  00000-0 0  9992
2 29486  54.8677 239.2426 0094801   6.1554  67.2912  2.00574261100059
1 29486U 06042A   20150.34406819 -.00000000  00000-0  00000-0 0  9995
2 29486  54.8668 239.1440 0094803   6.1574  47.6178  2.00574046100224
1 29486U 06042A   20150.76378279 -.00000003  00000-0  00000-0 0  9992
2 29486  54.8667 239.1272 0094808   6.1629 350.6844  2.00574008100104
1 29486U 06042A   20151.34261326 -.00000005  00000-0  00000-0 0  9993
2 29486  54.8665 239.1041 0094810   6.1654  48.6499  2.00573956100120
1 29486U 06042A   20152.40879196 -.00000006  00000-0  00000-0 0  9992
2 29486  54.8662 239.0614 0094815   6.1746  98.5184  2.00573875100269
1 29486U 06042A   20154.32966927  .00000003  00000-0  00000-0 0  9990
2 29486  54.8656 238.9846 0094815   6.1820  45.5578  2.00573746100187
1 29486U 06042A   20155.25029035  .00000010  00000-0  00000+0 0  9990
2 29486  54.8653 238.9478 0094818   6.1888 350.3220  2.00573684100319
1 29486U 06042A   20157.37774122  .00000021  00000-0  00000+0 0  9991
2 29486  54.8647 238.8627 0094817   6.1930  86.5274  2.00573547100364
1 29486U 06042A   20158.31466642  .00000020  00000-0  00000-0 0  9991
2 29486  54.8644 238.8253 0094818   6.1971  43.0668  2.00573500100265
1 29486U 06042A   20160.74186028  .00000000  00000-0  00000+0 0  9995
2 29486  54.8636 238.7282 0094830   6.2160 355.6968  2.00573370100431
1 29486U 06042A   20160.84771354 -.00000001  00000-0  00000-0 0  9991
2 29486  54.8635 238.7240 0094827   6.2145  72.1335  2.00573355100435
1 29486U 06042A   20162.37328564 -.00000016  00000-0  00000-0 0  9998
2 29486  54.8630 238.6630 0094828   6.2281  93.7176  2.00573281100344
1 29486U 06042A   20164.33583432 -.00000024  00000-0  00000+0 0  9991
2 29486  54.8624 238.5846 0094825   6.2428  70.8354  2.00573178100502
1 29486U 06042A   20165.36487535 -.00000019  00000-0  00000-0 0  9997
2 29486  54.8622 238.5434 0094823   6.2478  93.8877  2.00573111100520
1 29486U 06042A   20167.22236409  .00000000  00000-0  00000-0 0  9995
2 29486  54.8617 238.4691 0094826   6.2572 355.1468  2.00572998100449
1 29486U 06042A   20169.20052182  .00000028  00000-0  00000+0 0  9998
2 29486  54.8611 238.3901 0094838   6.2729 343.5322  2.00572856100592
1 29486U 06042A   20169.71479986  .00000035  00000-0  00000-0 0  9998
2 29486  54.8609 238.3695 0094844   6.2814 354.8766  2.00572809100495
1 29486U 06042A   20170.36255830  .00000042  00000-0  00000-0 0  9999
2 29486  54.8607 238.3436 0094840   6.2787 102.6165  2.00572751100501
1 29486U 06042A   20172.20543389  .00000056  00000-0  00000+0 0  9997
2 29486  54.8602 238.2699 0094855   6.2918 353.3174  2.00572581100650
1 29486U 06042A   20172.20543389  .00000056  00000-0  00000-0 0  9998
2 29486  54.8602 238.2699 0094855   6.2918 353.3174  2.00572581100650
1 29486U 06042A   20173.20702038  .00000058  00000-0  00000-0 0  9999
2 29486  54.8599 238.2298 0094860   6.3006 356.5394  2.00572487100569
1 29486U 06042A   20174.20127229  .00000057  00000-0  00000-0 0  9992
2 29486  54.8596 238.1900 0094865   6.3062 354.4681  2.00572388100580
1 29486U 06042A   20176.30119453  .00000045  00000-0  00000+0 0  9991
2 29486  54.8591 238.1060 0094880   6.3002  70.7953  2.00572184100745
1 29486U 06042A   20177.34257434  .00000038  00000-0  00000-0 0  9991
2 29486  54.8588 238.0643 0094889   6.2998 102.7593  2.00572084100643
1 29486U 06042A   20178.19557365  .00000033  00000-0  00000-0 0  9996
2 29486  54.8586 238.0302 0094901   6.3153 358.6806  2.00572008100669
1 29486U 06042A   20179.22448544  .00000031  00000-0  00000+0 0  9996
2 29486  54.8583 237.9891 0094915   6.3372  21.6188  2.00571917100809
1 29486U 06042A   20179.22448544  .00000031  00000-0  00000-0 0  9997
2 29486  54.8583 237.9891 0094915   6.3372  21.6188  2.00571917100685
1 29486U 06042A   20179.68243855  .00000031  00000-0  00000-0 0  9995
2 29486  54.8582 237.9708 0094922   6.3451 352.2912  2.00571878100681
1 29486U 06042A   20180.18521712  .00000032  00000-0  00000-0 0  9994
2 29486  54.8581 237.9507 0094927   6.3517 355.3325  2.00571838100706
1 29486U 06042A   20181.17182978  .00000037  00000-0  00000-0 0  9996
2 29486  54.8579 237.9112 0094934   6.3643 347.7361  2.00571762100715
1 29486U 06042A   20181.30955483  .00000038  00000-0  00000+0 0  9990
2 29486  54.8578 237.9057 0094932   6.3552  87.1939  2.00571745100840
1 29486U 06042A   20182.32928113  .00000046  00000-0  00000-0 0  9993
2 29486  54.8577 237.8649 0094938   6.3542 103.5213  2.00571668100741
1 29486U 06042A   20183.17413583  .00000052  00000-0  00000-0 0  9994
2 29486  54.8575 237.8311 0094947   6.3645 353.5656  2.00571611100756
1 29486U 06042A   20187.66053765  .00000040  00000-0  00000+0 0  9990
2 29486  54.8563 237.6516 0094990   6.4009 353.0774  2.00571341100960
1 29486U 06042A   20187.66053765  .00000040  00000-0  00000-0 0  9991
2 29486  54.8563 237.6516 0094990   6.4009 353.0774  2.00571341100960
1 29486U 06042A   20190.12137898  .00000015  00000-0  00000+0 0  9997
2 29486  54.8557 237.5531 0095025   6.4417 329.9626  2.00571207101018
1 29486U 06042A   20191.18828424  .00000011  00000-0  00000-0 0  9993
2 29486  54.8555 237.5105 0095022   6.4304  20.3649  2.00571143101044
1 29486U 06042A   20192.14703439  .00000012  00000-0  00000-0 0  9999
2 29486  54.8552 237.4721 0095034   6.4291 352.6604  2.00571083100934
1 29486U 06042A   20193.29723189  .00000020  00000-0  00000+0 0  9998
2 29486  54.8550 237.4261 0095040   6.4273 103.1965  2.00571014101088
1 29486U 06042A   20198.87654733  .00000084  00000-0  00000+0 0  9995
2 29486  54.8538 237.2028 0095121   6.4754 171.8544  2.00570590101192
1 29486U 06042A   20199.12688181  .00000086  00000-0  00000-0 0  9991
2 29486  54.8538 237.1928 0095123   6.4954 352.5950  2.00570551101077
1 29486U 06042A   20200.15950894  .00000089  00000-0  00000-0 0  9993
2 29486  54.8537 237.1514 0095139   6.4947  18.2335  2.00570470101103
1 29486U 06042A   20201.11996763  .00000088  00000-0  00000+0 0  9993
2 29486  54.8534 237.1130 0095143   6.5284 351.7246  2.00570343101233
1 29486U 06042A   20201.18734306  .00000088  00000-0  00000-0 0  9994
2 29486  54.8532 237.1105 0095132   6.5429  40.3600  2.00570325101125
1 29486U 06042A   20202.13937304  .00000084  00000-0  00000-0 0  9999
2 29486  54.8530 237.0723 0095145   6.5563   7.7859  2.00570233101267
1 29486U 06042A   20205.11537932  .00000063  00000-0  00000+0 0  9999
2 29486  54.8523 236.9532 0095192   6.6174 356.6300  2.00569966101321
1 29486U 06042A   20206.61142771  .00000058  00000-0  00000-0 0  9993
2 29486  54.8521 236.8933 0095230   6.6322 356.8754  2.00569819101233
1 29486U 06042A   20207.84963979  .00000060  00000-0  00000+0 0  9992
2 29486  54.8520 236.8437 0095267   6.6152 170.9743  2.00569694101371
1 29486U 06042A   20207.84963979  .00000060  00000-0  00000-0 0  9993
2 29486  54.8520 236.8437 0095267   6.6152 170.9743  2.00569694101258
1 29486U 06042A   20210.09286906  .00000074  00000-0  00000+0 0  9996
2 29486  54.8515 236.7540 0095303   6.6605 350.7085  2.00569515101417
1 29486U 06042A   20211.09789903  .00000079  00000-0  00000-0 0  9998
2 29486  54.8513 236.7138 0095320   6.6755 356.3999  2.00569447101323
1 29486U 06042A   20212.24322235  .00000081  00000-0  00000+0 0  9999
2 29486  54.8511 236.6680 0095336   6.6803 103.4034  2.00569368101461
1 29486U 06042A   20213.34114323  .00000076  00000-0  00000-0 0  9993
2 29486  54.8508 236.6240 0095354   6.6973 176.1664  2.00569303101361
1 29486U 06042A   20214.57925222  .00000063  00000-0  00000+0 0  9992
2 29486  54.8504 236.5745 0095386   6.7291 350.1402  2.00569224101507
1 29486U 06042A   20215.10673920  .00000057  00000-0  00000-0 0  9991
2 29486  54.8502 236.5534 0095382   6.7452  11.0085  2.00569195101402
1 29486U 06042A   20215.61374325  .00000050  00000-0  00000-0 0  9997
2 29486  54.8500 236.5331 0095385   6.7643  17.0834  2.00569170101412
1 29486U 06042A   20216.23365367  .00000043  00000-0  00000-0 0  9994
2 29486  54.8500 236.5084 0095394   6.7735 104.6948  2.00569137101422
1 29486U 06042A   20216.82331872  .00000036  00000-0  00000+0 0  9994
2 29486  54.8498 236.4848 0095421   6.7675 170.4816  2.00569096101552
1 29486U 06042A   20216.82331872  .00000036  00000-0  00000-0 0  9995
2 29486  54.8498 236.4848 0095421   6.7675 170.4816  2.00569096101439
1 29486U 06042A   20217.82749118  .00000028  00000-0  00000-0 0  9993
2 29486  54.8496 236.4447 0095436   6.7886 175.5461  2.00569042101457
1 29486U 06042A   20220.07072189  .00000028  00000-0  00000+0 0  9990
2 29486  54.8490 236.3550 0095481   6.8349 355.2746  2.00568913101628
1 29486U 06042A   20221.31507556  .00000039  00000-0  00000-0 0  9992
2 29486  54.8488 236.3053 0095476   6.8622 173.7603  2.00568840101524
1 29486U 06042A   20222.19037716  .00000049  00000-0  00000+0 0  9995
2 29486  54.8487 236.2703 0095493   6.8798  85.7730  2.00568779101666
1 29486U 06042A   20222.31389500  .00000051  00000-0  00000-0 0  9994
2 29486  54.8488 236.2653 0095507   6.8790 174.9621  2.00568759101667
1 29486U 06042A   20224.55718191  .00000077  00000-0  00000+0 0  9991
2 29486  54.8483 236.1755 0095569   6.9287 354.7250  2.00568577101714
1 29486U 06042A   20225.80159215  .00000087  00000-0  00000-0 0  9998
2 29486  54.8480 236.1258 0095607   6.9442 173.2609  2.00568446101611
1 29486U 06042A   20227.53562715  .00000092  00000-0  00000+0 0  9998
2 29486  54.8477 236.0565 0095636   6.9879 345.3118  2.00568271101762
1 29486U 06042A   20230.19274492  .00000079  00000-0  00000+0 0  9991
2 29486  54.8471 235.9502 0095698   7.0330 103.8905  2.00568012101828
1 29486U 06042A   20231.28676659  .00000070  00000-0  00000-0 0  9995
2 29486  54.8468 235.9065 0095704   7.0537 173.8287  2.00567902101721
1 29486U 06042A   20232.12020247  .00000064  00000-0  00000-0 0  9998
2 29486  54.8466 235.8731 0095724   7.0746  55.6057  2.00567821101746
1 29486U 06042A   20233.53000240  .00000056  00000-0  00000+0 0  9995
2 29486  54.8463 235.8167 0095768   7.1080 353.5440  2.00567689101889
1 29486U 06042A   20234.17171149  .00000055  00000-0  00000-0 0  9993
2 29486  54.8462 235.7910 0095783   7.1194  96.8901  2.00567628101787
1 29486U 06042A   20234.17171149  .00000055  00000-0  00000-0 0  9993
2 29486  54.8462 235.7910 0095783   7.1194  96.8901  2.00567628101901
1 29486U 06042A   20235.77317987  .00000058  00000-0  00000-0 0  9995
2 29486  54.8459 235.7270 0095836   7.1526 173.2251  2.00567487101815
1 29486U 06042A   20238.01648230  .00000070  00000-0  00000+0 0  9996
2 29486  54.8453 235.6373 0095910   7.2087 352.9832  2.00567308101978
1 29486U 06042A   20238.01648230  .00000070  00000-0  00000-0 0  9997
2 29486  54.8453 235.6373 0095910   7.2087 352.9832  2.00567308101978
1 29486U 06042A   20240.15697223  .00000067  00000-0  00000+0 0  9996
2 29486  54.8448 235.5518 0095968   7.2562  98.5112  2.00567153102022
1 29486U 06042A   20240.15697223  .00000067  00000-0  00000-0 0  9997
2 29486  54.8448 235.5518 0095968   7.2562  98.5112  2.00567153102022
1 29486U 06042A   20242.50287028  .00000041  00000-0  00000+0 0  9997
2 29486  54.8442 235.4580 0096055   7.3193 352.3404  2.00567008102061
1 29486U 06042A   20242.50287028  .00000041  00000-0  00000-0 0  9998
2 29486  54.8442 235.4580 0096055   7.3193 352.3404  2.00567008101947
1 29486U 06042A   20242.50287028  .00000041  00000-0  00000-0 0  9998
2 29486  54.8442 235.4580 0096055   7.3193 352.3404  2.00567008102061
1 29486U 06042A   20244.12700956  .00000019  00000-0  00000-0 0  9993
2 29486  54.8437 235.3932 0096020   7.3548  85.0395  2.00566918101989
1 29486U 06042A   20245.24354887  .00000009  00000-0  00000+0 0  9993
2 29486  54.8435 235.3486 0096033   7.3793 171.2291  2.00566871102125
1 29486U 06042A   20245.24354887  .00000009  00000-0  00000-0 0  9994
2 29486  54.8435 235.3486 0096033   7.3793 171.2291  2.00566871102002
1 29486U 06042A   20245.24354887  .00000009  00000-0  00000-0 0  9994
2 29486  54.8435 235.3486 0096033   7.3793 171.2291  2.00566871102125
1 29486U 06042A   20246.98931830  .00000006  00000-0  00000-0 0  9992
2 29486  54.8430 235.2790 0096123   7.4473 351.7188  2.00566762102032
1 29486U 06042A   20248.14290625  .00000013  00000-0  00000+0 0  9999
2 29486  54.8427 235.2329 0096105   7.4666 104.6640  2.00566689102182
1 29486U 06042A   20248.14290625  .00000013  00000-0  00000-0 0  9990
2 29486  54.8427 235.2329 0096105   7.4666 104.6640  2.00566689102182
1 29486U 06042A   20249.23660521  .00000024  00000-0  00000-0 0  9999
2 29486  54.8424 235.1891 0096181   7.4852 174.3652  2.00566597102201
1 29486U 06042A   20250.13058550  .00000034  00000-0  00000-0 0  9994
2 29486  54.8422 235.1534 0096191   7.5106  99.8504  2.00566531102101
1 29486U 06042A   20250.13058550  .00000034  00000-0  00000-0 0  9994
2 29486  54.8422 235.1534 0096191   7.5106  99.8504  2.00566531102224
1 29486U 06042A   20251.47574264  .00000049  00000-0  00000-0 0  9993
2 29486  54.8418 235.0997 0096246   7.5557 351.0936  2.00566418102127
1 29486U 06042A   20252.22076439  .00000056  00000-0  00000-0 0  9996
2 29486  54.8416 235.0699 0096262   7.5638 169.0379  2.00566351102261
1 29486U 06042A   20254.01356588  .00000064  00000-0  00000-0 0  9990
2 29486  54.8411 234.9983 0096295   7.6112  23.5056  2.00566193102185
1 29486U 06042A   20256.11430772  .00000059  00000-0  00000+0 0  9994
2 29486  54.8405 234.9144 0096353   7.6682 100.3142  2.00565972102346
1 29486U 06042A   20256.20626104  .00000059  00000-0  00000-0 0  9991
2 29486  54.8405 234.9107 0096358   7.6637 166.7143  2.00565953102346
1 29486U 06042A   20256.96705314  .00000054  00000-0  00000-0 0  9990
2 29486  54.8402 234.8803 0096377   7.6967 356.0199  2.00565872102246
1 29486U 06042A   20258.20519299  .00000043  00000-0  00000-0 0  9992
2 29486  54.8399 234.8308 0096412   7.7226 170.0068  2.00565749102387
1 29486U 06042A   20259.21028146  .00000035  00000-0  00000-0 0  9991
2 29486  54.8396 234.7907 0096453   7.7554 175.7091  2.00565649102407
1 29486U 06042A   20260.44847060  .00000027  00000-0  00000-0 0  9993
2 29486  54.8393 234.7412 0096500   7.8047 349.7071  2.00565525102309
1 29486U 06042A   20261.45350667  .00000024  00000-0  00000-0 0  9994
2 29486  54.8390 234.7010 0096512   7.8318 355.3762  2.00565429102330
1 29486U 06042A   20261.45350667  .00000024  00000-0  00000-0 0  9994
2 29486  54.8390 234.7010 0096512   7.8318 355.3762  2.00565429102453
1 29486U 06042A   20262.69167227  .00000025  00000-0  00000-0 0  9990
2 29486  54.8387 234.6515 0096544   7.8633 169.3745  2.00565326102352
1 29486U 06042A   20262.69167227  .00000025  00000-0  00000-0 0  9990
2 29486  54.8387 234.6515 0096544   7.8633 169.3745  2.00565326102475
1 29486U 06042A   20263.69664220  .00000030  00000-0  00000-0 0  9992
2 29486  54.8384 234.6114 0096584   7.8967 174.9890  2.00565243102371
1 29486U 06042A   20264.17924229  .00000032  00000-0  00000-0 0  9996
2 29486  54.8382 234.5922 0096608   7.9141 163.4372  2.00565195102382
1 29486U 06042A   20265.00027899  .00000036  00000-0  00000+0 0  9999
2 29486  54.8380 234.5594 0096632   7.9432  36.2451  2.00565135102520
1 29486U 06042A   20265.08106813  .00000036  00000-0  00000-0 0  9992
2 29486  54.8380 234.5562 0096634   7.9444  94.5783  2.00565127102403
1 29486U 06042A   20266.08273925  .00000038  00000-0  00000-0 0  9994
2 29486  54.8377 234.5162 0096662   7.9738  97.8144  2.00565060102427
1 29486U 06042A   20267.08093417  .00000035  00000-0  00000+0 0  9997
2 29486  54.8374 234.4763 0096689   8.0049  98.5384  2.00564993102569
1 29486U 06042A   20267.17803628  .00000035  00000-0  00000-0 0  9991
2 29486  54.8373 234.4724 0096696   8.0069 168.6497  2.00564984102446
1 29486U 06042A   20268.18304264  .00000027  00000-0  00000-0 0  9996
2 29486  54.8370 234.4323 0096731   8.0392 174.2905  2.00564915102460
1 29486U 06042A   20268.68243779  .00000021  00000-0  00000-0 0  9998
2 29486  54.8368 234.4123 0096748   8.0548 174.8670  2.00564880102473
1 29486U 06042A   20269.08037514  .00000016  00000-0  00000-0 0  9995
2 29486  54.8367 234.3965 0096757   8.0690 102.1866  2.00564856102602
1 29486U 06042A   20269.65489819  .00000007  00000-0  00000-0 0  9997
2 29486  54.8365 234.3735 0096777   8.0881 157.0064  2.00564822102498
1 29486U 06042A   20270.42633233 -.00000004  00000-0  00000-0 0  9993
2 29486  54.8362 234.3427 0096799   8.1209 353.9934  2.00564777102630
1 29486U 06042A   20271.06962062 -.00000013  00000-0  00000-0 0  9999
2 29486  54.8360 234.3171 0096816   8.1419  98.4635  2.00564741102648
1 29486U 06042A   20271.66444021 -.00000020  00000-0  00000-0 0  9993
2 29486  54.8358 234.2933 0096834   8.1613 167.9379  2.00564701102537
1 29486U 06042A   20272.06837583 -.00000025  00000-0  00000-0 0  9992
2 29486  54.8357 234.2772 0096843   8.1765  99.5873  2.00564682102666
1 29486U 06042A   20272.66940197 -.00000029  00000-0  00000-0 0  9998
2 29486  54.8355 234.2532 0096862   8.1958 173.5431  2.00564647102555
1 29486U 06042A   20273.15759632 -.00000031  00000-0  00000-0 0  9998
2 29486  54.8353 234.2337 0096874   8.2120 166.0309  2.00564616102682
1 29486U 06042A   20274.91272039 -.00000028  00000-0  00000-0 0  9990
2 29486  54.8348 234.1637 0096920   8.2712 353.2706  2.00564519102725
1 29486U 06042A   20276.64765865 -.00000012  00000-0  00000-0 0  9999
2 29486  54.8342 234.0945 0096963   8.3237 165.9410  2.00564408102637
1 29486U 06042A   20277.15583962 -.00000006  00000-0  00000+0 0  9994
2 29486  54.8340 234.0742 0096980   8.3412 172.8584  2.00564371102766
1 29486U 06042A   20277.15583962 -.00000006  00000-0  00000-0 0  9995
2 29486  54.8340 234.0742 0096980   8.3412 172.8584  2.00564371102766
1 29486U 06042A   20277.91551105  .00000003  00000-0  00000-0 0  9999
2 29486  54.8338 234.0439 0096994   8.3671   1.3576  2.00564311102668
1 29486U 06042A   20278.14841030  .00000006  00000-0  00000-0 0  9997
2 29486  54.8337 234.0347 0097000   8.3729 169.5180  2.00564293102665
1 29486U 06042A   20278.65277647  .00000011  00000-0  00000-0 0  9996
2 29486  54.8335 234.0145 0097017   8.3910 173.6802  2.00564250102670
1 29486U 06042A   20279.39912740  .00000018  00000-0  00000-0 0  9995
2 29486  54.8333 233.9847 0097047   8.4235 352.5542  2.00564186102801
1 29486U 06042A   20280.14285569  .00000024  00000-0  00000-0 0  9999
2 29486  54.8331 233.9550 0097065   8.4458 169.5447  2.00564122102706
1 29486U 06042A   20281.64232172  .00000028  00000-0  00000-0 0  9991
2 29486  54.8326 233.8952 0097110   8.4957 172.1913  2.00563983102735
1 29486U 06042A   20281.64232172  .00000028  00000-0  00000-0 0  9991
2 29486  54.8326 233.8952 0097110   8.4957 172.1913  2.00563983102858
1 29486U 06042A   20283.88538964  .00000021  00000-0  00000+0 0  9999
2 29486  54.8318 233.8058 0097184   8.5736 351.7296  2.00563756102894
1 29486U 06042A   20284.63660378  .00000016  00000-0  00000-0 0  9993
2 29486  54.8316 233.7758 0097205   8.5920 174.1281  2.00563678102790
1 29486U 06042A   20285.13868654  .00000012  00000-0  00000-0 0  9992
2 29486  54.8314 233.7557 0097220   8.6074 176.6433  2.00563630102809
1 29486U 06042A   20286.13174491  .00000004  00000-0  00000-0 0  9993
2 29486  54.8311 233.7161 0097252   8.6421 173.6499  2.00563541102943
1 29486U 06042A   20287.62740980 -.00000005  00000-0  00000-0 0  9992
2 29486  54.8306 233.6563 0097303   8.6975 173.5440  2.00563412102855
1 29486U 06042A   20287.91735392 -.00000006  00000-0  00000-0 0  9996
2 29486  54.8305 233.6447 0097314   8.7146  22.8818  2.00563384102862
1 29486U 06042A   20287.91735392 -.00000006  00000-0  00000-0 0  9996
2 29486  54.8305 233.6447 0097314   8.7146  22.8818  2.00563384102985
1 29486U 06042A   20288.37172455 -.00000007  00000-0  00000-0 0  9993
2 29486  54.8303 233.6266 0097333   8.7325 350.9434  2.00563343102863
1 29486U 06042A   20288.37172455 -.00000007  00000-0  00000-0 0  9993
2 29486  54.8303 233.6266 0097333   8.7325 350.9434  2.00563343102986
1 29486U 06042A   20290.12271699 -.00000004  00000-0  00000-0 0  9996
2 29486  54.8299 233.5567 0097390   8.7956 175.1885  2.00563201103022
1 29486U 06042A   20290.61492890 -.00000002  00000-0  00000-0 0  9996
2 29486  54.8297 233.5370 0097405   8.8129 170.5737  2.00563156102913
1 29486U 06042A   20290.61492890 -.00000002  00000-0  00000-0 0  9996
2 29486  54.8297 233.5370 0097405   8.8129 170.5737  2.00563156103037
1 29486U 06042A   20292.85815272  .00000009  00000-0  00000+0 0  9992
2 29486  54.8291 233.4475 0097473   8.8987 350.2112  2.00562995103071
1 29486U 06042A   20292.85815272  .00000009  00000-0  00000-0 0  9993
2 29486  54.8291 233.4475 0097473   8.8987 350.2112  2.00562995102957
1 29486U 06042A   20292.85815272  .00000009  00000-0  00000-0 0  9993
2 29486  54.8291 233.4475 0097473   8.8987 350.2112  2.00562995103071
1 29486U 06042A   20295.10129181  .00000004  00000-0  00000+0 0  9995
2 29486  54.8282 233.3580 0097534   8.9729 169.7978  2.00562848103126
1 29486U 06042A   20296.60099469 -.00000013  00000-0  00000-0 0  9998
2 29486  54.8271 233.2981 0097582   9.0322 172.5997  2.00562757103034
1 29486U 06042A   20297.34450683 -.00000024  00000-0  00000+0 0  9990
2 29486  54.8270 233.2684 0097606   9.0662 349.4191  2.00562719103160
1 29486U 06042A   20299.58457735 -.00000050  00000-0  00000+0 0  9992
2 29486  54.8261 233.1790 0097666   9.1488 166.7792  2.00562591103211
1 29486U 06042A   20300.59256958 -.00000054  00000-0  00000-0 0  9995
2 29486  54.8259 233.1388 0097690   9.1868 174.5617  2.00562541103117
1 29486U 06042A   20300.59256958 -.00000054  00000-0  00000-0 0  9995
2 29486  54.8259 233.1388 0097690   9.1868 174.5617  2.00562541103230
1 29486U 06042A   20301.83084412 -.00000051  00000-0  00000-0 0  9994
2 29486  54.8253 233.0893 0097719   9.2331 348.6106  2.00562475103134
1 29486U 06042A   20301.83084412 -.00000051  00000-0  00000-0 0  9994
2 29486  54.8253 233.0893 0097719   9.2331 348.6106  2.00562475103257
1 29486U 06042A   20304.07410340 -.00000028  00000-0  00000+0 0  9999
2 29486  54.8245 232.9999 0097770   9.3100 168.2765  2.00562344103303
1 29486U 06042A   20304.07410340 -.00000028  00000-0  00000-0 0  9990
2 29486  54.8245 232.9999 0097770   9.3100 168.2765  2.00562344103303
1 29486U 06042A   20308.57139299  .00000015  00000-0  00000-0 0  9995
2 29486  54.8231 232.8204 0097897   9.4811 175.3649  2.00562005103399
1 29486U 06042A   20309.06924441  .00000016  00000-0  00000-0 0  9992
2 29486  54.8228 232.8006 0097891   9.4980 174.8204  2.00561963103401
1 29486U 06042A   20310.86610512  .00000013  00000-0  00000-0 0  9990
2 29486  54.8222 232.7289 0097955   9.5692  32.1671  2.00561797103442
1 29486U 06042A   20315.04269663 -.00000008  00000+0  00000+0 0  9995
2 29486  54.8215 232.5622 0098089   9.7217 167.7072  2.00561430103407
1 29486U 06042A   20316.54328237 -.00000007  00000+0  00000+0 0  9993
2 29486  54.8211 232.5023 0098134   9.7804 171.1400  2.00561311103436
1 29486U 06042A   20317.29019515 -.00000004  00000-0  10000-3 0  9995
2 29486  54.8211 232.4724 0098323   9.9112 350.3159  2.00560592103574
1 29486U 06042A   20318.53807991  .00000005  00000-0  00000-0 0  9992
2 29486  54.8202 232.4226 0098184   9.8710 171.3832  2.00561167103476
1 29486U 06042A   20321.51792993  .00000016  00000-0  00000+0 0  9990
2 29486  54.8193 232.3037 0098259   9.9658 162.8735  2.00560998103657
1 29486U 06042A   20321.51792993  .00000016  00000-0  00000-0 0  9991
2 29486  54.8193 232.3037 0098259   9.9658 162.8735  2.00560998103534
1 29486U 06042A   20321.51792993  .00000016  00000-0  00000-0 0  9991
2 29486  54.8193 232.3037 0098259   9.9658 162.8735  2.00560998103657
1 29486U 06042A   20323.02443259  .00000007  00000-0  00000-0 0  9997
2 29486  54.8188 232.2436 0098327  10.0510 170.5489  2.00560899103561
1 29486U 06042A   20324.52367012 -.00000011  00000-0  00000-0 0  9991
2 29486  54.8183 232.1837 0098368  10.1160 172.9991  2.00560831103714
1 29486U 06042A   20325.51785354 -.00000024  00000-0  00000-0 0  9998
2 29486  54.8179 232.1440 0098395  10.1651 170.7936  2.00560781103735
1 29486U 06042A   20326.55075329 -.00000034  00000-0  00000-0 0  9998
2 29486  54.8176 232.1028 0098401  10.1746 196.5832  2.00560748103630
1 29486U 06042A   20327.51078161 -.00000039  00000-0  00000-0 0  9997
2 29486  54.8173 232.0644 0098423  10.2178 169.7218  2.00560705103659
1 29486U 06042A   20327.51078161 -.00000039  00000-0  00000-0 0  9997
2 29486  54.8173 232.0644 0098423  10.2178 169.7218  2.00560705103772
1 29486U 06042A   20328.74093606 -.00000037  00000-0  00000-0 0  9992
2 29486  54.8170 232.0153 0098439  10.2610 337.9030  2.00560649103679
1 29486U 06042A   20328.74093606 -.00000037  00000-0  00000-0 0  9992
2 29486  54.8170 232.0153 0098439  10.2610 337.9030  2.00560649103792
1 29486U 06042A   20331.99705913  .00000001  00000-0  00000+0 0  9993
2 29486  54.8160 231.8853 0098504  10.3836 168.8393  2.00560490103864
1 29486U 06042A   20332.49979756  .00000008  00000-0  00000-0 0  9995
2 29486  54.8158 231.8653 0098491  10.3901 171.8315  2.00560471103875
1 29486U 06042A   20333.48526583  .00000021  00000-0  00000-0 0  9996
2 29486  54.8155 231.8259 0098524  10.4356 163.3353  2.00560406103894
1 29486U 06042A   20334.50049545  .00000032  00000-0  00000-0 0  9990
2 29486  54.8152 231.7854 0098560  10.4835 176.3255  2.00560332103795
1 29486U 06042A   20334.50049545  .00000032  00000-0  00000-0 0  9990
2 29486  54.8152 231.7854 0098560  10.4835 176.3255  2.00560332103919
1 29486U 06042A   20335.49563323  .00000039  00000-0  00000-0 0  9991
2 29486  54.8149 231.7456 0098532  10.4882 174.8523  2.00560278103936
1 29486U 06042A   20336.48187998  .00000042  00000-0  00000-0 0  9995
2 29486  54.8146 231.7062 0098588  10.5489 166.9021  2.00560191103839
1 29486U 06042A   20336.48187998  .00000042  00000-0  00000-0 0  9995
2 29486  54.8146 231.7062 0098588  10.5489 166.9021  2.00560191103952
1 29486U 06042A   20337.47219090  .00000043  00000-0  00000-0 0  9995
2 29486  54.8144 231.6667 0098591  10.5582 161.9384  2.00560126103852
1 29486U 06042A   20339.47975668  .00000036  00000-0  00000+0 0  9998
2 29486  54.8140 231.5865 0098569  10.5165 171.5264  2.00560012104016
1 29486U 06042A   20339.47975668  .00000036  00000-0  00000-0 0  9999
2 29486  54.8140 231.5865 0098569  10.5165 171.5264  2.00560012103891
1 29486U 06042A   20339.47975668  .00000036  00000-0  00000-0 0  9999
2 29486  54.8140 231.5865 0098569  10.5165 171.5264  2.00560012104016
1 29486U 06042A   20345.50159542  .00000040  00000-0  00000+0 0  9999
2 29486  54.8119 231.3460 0098623  10.6372 199.4132  2.00559519104139
1 29486U 06042A   20345.50159542  .00000040  00000-0  00000-0 0  9990
2 29486  54.8119 231.3460 0098623  10.6372 199.4132  2.00559519104016
1 29486U 06042A   20346.49335216  .00000048  00000-0  00000-0 0  9991
2 29486  54.8117 231.3063 0098652  10.7273 195.4091  2.00559434104034
1 29486U 06042A   20349.94220998  .00000050  00000-0  00000+0 0  9996
2 29486  54.8113 231.1684 0098901  11.2468 165.0903  2.00559183104223
1 29486U 06042A   20349.94220998  .00000050  00000-0  00000-0 0  9997
2 29486  54.8113 231.1684 0098901  11.2468 165.0903  2.00559183104100
1 29486U 06042A   20355.43341865  .00000003  00000-0  00000-0 0  9993
2 29486  54.8098 230.9489 0099009  11.4477 169.7486  2.00558974104210
1 29486U 06042A   20355.70534233  .00000004  00000-0  00000-0 0  9997
2 29486  54.8096 230.9381 0098954  11.2426   6.2972  2.00559062104224
1 29486U 06042A   20356.49546667  .00000008  00000-0  00000-0 0  9992
2 29486  54.8098 230.9065 0098948  11.2394 216.7997  2.00559011104232
1 29486U 06042A   20358.42479941  .00000031  00000-0  00000-0 0  9993
2 29486  54.8094 230.8294 0098967  11.2923 169.7955  2.00558920104273
1 29486U 06042A   20359.41939806  .00000046  00000-0  00000-0 0  9990
2 29486  54.8088 230.7896 0098985  11.3387 167.8855  2.00558877104413
1 29486U 06042A   20359.91966767  .00000053  00000-0  00000-0 0  9999
2 29486  54.8087 230.7696 0098997  11.3649 169.0720  2.00558851104309
1 29486U 06042A   20360.67501030  .00000063  00000-0  00000-0 0  9993
2 29486  54.8085 230.7394 0099015  11.4172 354.4041  2.00558773104327
1 29486U 06042A   20363.85416667  .00000085  00000-0  00000+0 0  9990
2 29486  54.8081 230.6130 0099088  11.5633 129.7164  2.00558701104503
1 29486U 06042A   20363.85416667  .00000085  00000-0  00000-0 0  9991
2 29486  54.8081 230.6130 0099088  11.5633 129.7164  2.00558701104389
1 29486U 06042A   20364.40598927  .00000085  00000-0  00000-0 0  9993
2 29486  54.8076 230.5903 0099066  11.5528 168.1678  2.00558495104397
1 29486U 06042A   20366.39246492  .00000079  00000-0  00000-0 0  9993
2 29486  54.8072 230.5108 0099095  11.6225 162.4029  2.00558334104431

