1 37847U 11060B   20090.57090559 -.00000045  00000-0  00000+0 0  9997
2 37847  56.5812  43.4511 0006192 317.8565 223.8556  1.70475587 52551
1 37847U 11060B   20092.91217431 -.00000044  00000-0  00000+0 0  9996
2 37847  56.5832  43.3868 0006144 318.4970 220.1055  1.70475497 52599
1 37847U 11060B   20093.07790666 -.00000044  00000-0  00000-0 0  9991
2 37847  56.5825  43.3822 0006148 318.5958 321.7205  1.70475488 52474
1 37847U 11060B   20094.66966853 -.00000049  00000-0  00000-0 0  9995
2 37847  56.5835  43.3384 0006113 319.0199 218.1972  1.70475441 52506
1 37847U 11060B   20095.85101648 -.00000054  00000-0  00000+0 0  9995
2 37847  56.5842  43.3058 0006090 319.3580 222.8793  1.70475413 52640
1 37847U 11060B   20097.61994063 -.00000064  00000-0  00000-0 0  9994
2 37847  56.5854  43.2571 0006054 319.8665 228.0001  1.70475390 52555
1 37847U 11060B   20098.01379986 -.00000065  00000-0  00000+0 0  9990
2 37847  56.5857  43.2463 0006047 319.9631 109.6239  1.70475388 52682
1 37847U 11060B   20098.18160896 -.00000066  00000-0  00000-0 0  9998
2 37847  56.5858  43.2417 0006042 319.9659 212.6094  1.70475389 52569
1 37847U 11060B   20099.36786502 -.00000071  00000-0  00000-0 0  9993
2 37847  56.5865  43.2090 0006019 320.3382 220.2695  1.70475393 52586
1 37847U 11060B   20100.53816309 -.00000075  00000-0  00000+0 0  9997
2 37847  56.5873  43.1768 0005992 320.7165 218.1300  1.70475408 52720
1 37847U 11060B   20100.53816309 -.00000075  00000-0  00000-0 0  9998
2 37847  56.5873  43.1768 0005992 320.7165 218.1300  1.70475408 52607
1 37847U 11060B   20102.93492821 -.00000079  00000-0  00000+0 0  9996
2 37847  56.5888  43.1109 0005934 321.5064 248.2896  1.70475466 52760
1 37847U 11060B   20103.47853744 -.00000080  00000-0  00000-0 0  9994
2 37847  56.5891  43.0959 0005920 321.6888 221.7327  1.70475484 52659
1 37847U 11060B   20105.12851953 -.00000083  00000-0  00000+0 0  9990
2 37847  56.5901  43.0506 0005878 322.2361 153.8172  1.70475539 52805
1 37847U 11060B   20105.81955113 -.00000084  00000-0  00000-0 0  9991
2 37847  56.5905  43.0315 0005861 322.4524 217.7029  1.70475566 52690
1 37847U 11060B   20106.39811418 -.00000086  00000-0  00000-0 0  9996
2 37847  56.5908  43.0155 0005849 322.6265 212.6064  1.70475589 52705
1 37847U 11060B   20108.17218319 -.00000088  00000-0  00000-0 0  9997
2 37847  56.5918  42.9667 0005810 323.2101 220.8100  1.70475652 52855
1 37847U 11060B   20109.33770153 -.00000087  00000-0  00000-0 0  9994
2 37847  56.5926  42.9348 0005787 323.6139 215.7118  1.70475686 52756
1 37847U 11060B   20110.51583605 -.00000086  00000-0  00000+0 0  9998
2 37847  56.5934  42.9024 0005760 324.0357 218.3385  1.70475714 52896
1 37847U 11060B   20110.75836515 -.00000085  00000-0  00000-0 0  9995
2 37847  56.5935  42.8958 0005751 324.0708   7.1491  1.70475716 52773
1 37847U 11060B   20112.85946955 -.00000079  00000-0  00000+0 0  9990
2 37847  56.5947  42.8381 0005706 324.7751 215.9413  1.70475735 52933
1 37847U 11060B   20113.45532826 -.00000077  00000-0  00000-0 0  9994
2 37847  56.5950  42.8218 0005691 324.8832 221.5256  1.70475732 52823
1 37847U 11060B   20113.88293715 -.00000076  00000-0  00000-0 0  9991
2 37847  56.5952  42.8100 0005679 324.9516 123.8908  1.70475726 52833
1 37847U 11060B   20114.61730625 -.00000073  00000-0  00000-0 0  9996
2 37847  56.5956  42.7899 0005666 325.1796 214.3622  1.70475717 52840
1 37847U 11060B   20115.20308088 -.00000071  00000-0  00000+0 0  9993
2 37847  56.5959  42.7738 0005654 325.3317 213.7136  1.70475704 52976
1 37847U 11060B   20116.37500112 -.00000067  00000-0  00000-0 0  9990
2 37847  56.5969  42.7416 0005632 325.6805 212.5994  1.70475673 52874
1 37847U 11060B   20117.54660465 -.00000063  00000-0  00000+0 0  9993
2 37847  56.5976  42.7094 0005605 326.0119 211.3082  1.70475633 53015
1 37847U 11060B   20119.31819420 -.00000061  00000-0  00000-0 0  9996
2 37847  56.5986  42.6608 0005558 326.5211 218.0643  1.70475567 52923
1 37847U 11060B   20120.49083421 -.00000061  00000-0  00000+0 0  9990
2 37847  56.5992  42.6285 0005521 326.8568 217.4048  1.70475524 53060
1 37847U 11060B   20123.41961094 -.00000071  00000-0  00000+0 0  9997
2 37847  56.6010  42.5479 0005434 327.6866 214.0325  1.70475442 53115
1 37847U 11060B   20124.57899726 -.00000076  00000-0  00000-0 0  9993
2 37847  56.6017  42.5160 0005401 328.0254 205.2356  1.70475424 53014
1 37847U 11060B   20125.18103074 -.00000079  00000-0  00000-0 0  9998
2 37847  56.6020  42.4994 0005384 328.2004 214.5425  1.70475420 53024
1 37847U 11060B   20126.18237413 -.00000083  00000-0  00000+0 0  9998
2 37847  56.6026  42.4719 0005356 328.6025 108.6878  1.70475419 53169
1 37847U 11060B   20127.52456400 -.00000087  00000-0  00000-0 0  9991
2 37847  56.6034  42.4349 0005312 329.0060 212.0169  1.70475429 53066
1 37847U 11060B   20129.28343250 -.00000091  00000-0  00000+0 0  9998
2 37847  56.6044  42.3866 0005260 329.6063 210.8745  1.70475461 53210
1 37847U 11060B   20129.28343250 -.00000091  00000-0  00000-0 0  9999
2 37847  56.6044  42.3866 0005260 329.6063 210.8745  1.70475461 53096
1 37847U 11060B   20129.86816934 -.00000092  00000-0  00000-0 0  9998
2 37847  56.6048  42.3705 0005241 329.8055 209.5417  1.70475477 53104
1 37847U 11060B   20130.45038463 -.00000093  00000-0  00000-0 0  9999
2 37847  56.6051  42.3545 0005222 329.9940 206.6721  1.70475494 53119
1 37847U 11060B   20131.57840906 -.00000094  00000-0  00000+0 0  9996
2 37847  56.6058  42.3235 0005186 330.3653 178.5954  1.70475530 53259
1 37847U 11060B   20131.57840906 -.00000094  00000-0  00000-0 0  9997
2 37847  56.6058  42.3235 0005186 330.3653 178.5954  1.70475530 53136
1 37847U 11060B   20132.21168833 -.00000096  00000-0  00000-0 0  9993
2 37847  56.6062  42.3060 0005165 330.5655 207.0532  1.70475553 53144
1 37847U 11060B   20133.38490890 -.00000098  00000-0  00000-0 0  9995
2 37847  56.6068  42.2738 0005131 330.9154 206.7358  1.70475594 53161
1 37847U 11060B   20134.56478545 -.00000099  00000-0  00000+0 0  9999
2 37847  56.6075  42.2413 0005097 331.2763 210.4924  1.70475640 53309
1 37847U 11060B   20134.56478545 -.00000099  00000-0  00000-0 0  9990
2 37847  56.6075  42.2413 0005097 331.2763 210.4924  1.70475640 53185
1 37847U 11060B   20136.31923858 -.00000099  00000-0  00000-0 0  9997
2 37847  56.6085  42.1930 0005052 331.8360 206.6814  1.70475698 53211
1 37847U 11060B   20137.48385405 -.00000098  00000-0  00000-0 0  9995
2 37847  56.6092  42.1610 0005020 332.2195 201.0494  1.70475727 53351
1 37847U 11060B   20139.84589970 -.00000091  00000-0  00000+0 0  9992
2 37847  56.6104  42.0962 0004948 333.0056 209.9056  1.70475763 53392
1 37847U 11060B   20139.84589970 -.00000091  00000-0  00000-0 0  9993
2 37847  56.6104  42.0962 0004948 333.0056 209.9056  1.70475763 53279
1 37847U 11060B   20140.35423046 -.00000089  00000-0  00000-0 0  9999
2 37847  56.6109  42.0822 0004938 333.0402 161.8456  1.70475765 53286
1 37847U 11060B   20141.01929598 -.00000086  00000-0  00000-0 0  9993
2 37847  56.6113  42.0639 0004918 333.2158 209.8361  1.70475761 53290
1 37847U 11060B   20142.18950073 -.00000081  00000-0  00000+0 0  9998
2 37847  56.6119  42.0318 0004887 333.4887 207.7452  1.70475749 53436
1 37847U 11060B   20146.87654203 -.00000067  00000-0  00000-0 0  9999
2 37847  56.6147  41.9029 0004753 334.5883 203.1915  1.70475600 53513
1 37847U 11060B   20147.88019531 -.00000067  00000-0  00000-0 0  9990
2 37847  56.6152  41.8753 0004717 334.8856  98.8594  1.70475562 53413
1 37847U 11060B   20152.17595726 -.00000080  00000-0  00000-0 0  9998
2 37847  56.6178  41.7570 0004565 335.9752 214.1774  1.70475453 53608
1 37847U 11060B   20154.40685958 -.00000087  00000-0  00000+0 0  9999
2 37847  56.6192  41.6956 0004485 336.6900 142.6184  1.70475444 53649
1 37847U 11060B   20154.51088522 -.00000088  00000-0  00000-0 0  9997
2 37847  56.6193  41.6928 0004480 336.6916 206.4596  1.70475441 53521
1 37847U 11060B   20156.85445006 -.00000091  00000-0  00000+0 0  9993
2 37847  56.6208  41.6282 0004386 337.5296 203.9207  1.70475473 53680
1 37847U 11060B   20157.47256567 -.00000092  00000-0  00000-0 0  9996
2 37847  56.6211  41.6112 0004367 337.6956 223.1065  1.70475489 53570
1 37847U 11060B   20160.30913038 -.00000096  00000-0  00000-0 0  9999
2 37847  56.6229  41.5332 0004278 338.4867 163.1802  1.70475575 53740
1 37847U 11060B   20161.54151635 -.00000097  00000-0  00000-0 0  9994
2 37847  56.6236  41.4993 0004236 338.8195 199.1911  1.70475620 53642
1 37847U 11060B   20163.88506104 -.00000097  00000-0  00000+0 0  9997
2 37847  56.6251  41.4348 0004164 339.5096 196.7885  1.70475696 53805
1 37847U 11060B   20164.90784726 -.00000095  00000-0  00000-0 0  9998
2 37847  56.6257  41.4067 0004133 339.7560 104.2497  1.70475722 53705
1 37847U 11060B   20167.35646515 -.00000086  00000-0  00000+0 0  9992
2 37847  56.6274  41.3394 0004059 340.4032 166.3763  1.70475763 53863
1 37847U 11060B   20167.94885579 -.00000083  00000-0  00000-0 0  9990
2 37847  56.6277  41.3231 0004033 340.5368 169.8066  1.70475763 53753
1 37847U 11060B   20169.17587069 -.00000078  00000-0  00000-0 0  9994
2 37847  56.6285  41.2894 0003994 340.7868 202.6041  1.70475753 53778
1 37847U 11060B   20170.99950021 -.00000069  00000-0  00000+0 0  9997
2 37847  56.6297  41.2392 0003935 341.1310 241.4635  1.70475716 53922
1 37847U 11060B   20171.51937792 -.00000067  00000-0  00000-0 0  9995
2 37847  56.6300  41.2249 0003919 341.2011 200.4545  1.70475701 53816
1 37847U 11060B   20171.63213911 -.00000066  00000-0  00000-0 0  9997
2 37847  56.6301  41.2218 0003914 341.2581 269.6017  1.70475697 53815
1 37847U 11060B   20172.18445392 -.00000064  00000-0  00000-0 0  9996
2 37847  56.6304  41.2067 0003898 341.3626 248.4654  1.70475679 53825
1 37847U 11060B   20173.86292322 -.00000060  00000-0  00000+0 0  9990
2 37847  56.6315  41.1605 0003839 341.6883 198.2552  1.70475620 53978
1 37847U 11060B   20173.86292322 -.00000060  00000-0  00000-0 0  9991
2 37847  56.6315  41.1605 0003839 341.6883 198.2552  1.70475620 53855
1 37847U 11060B   20174.44092463 -.00000059  00000-0  00000-0 0  9998
2 37847  56.6319  41.1446 0003818 341.8135 192.8626  1.70475598 53868
1 37847U 11060B   20175.04427317 -.00000058  00000-0  00000-0 0  9994
2 37847  56.6323  41.1281 0003792 341.9605 203.0045  1.70475574 53879
1 37847U 11060B   20176.20651992 -.00000059  00000-0  00000+0 0  9991
2 37847  56.6330  41.0961 0003748 342.1923 196.0702  1.70475534 54012
1 37847U 11060B   20177.37966052 -.00000062  00000-0  00000-0 0  9991
2 37847  56.6338  41.0638 0003703 342.4102 195.8355  1.70475499 53913
1 37847U 11060B   20178.54987192 -.00000066  00000-0  00000+0 0  9992
2 37847  56.6346  41.0316 0003660 342.6215 193.8097  1.70475473 54053
1 37847U 11060B   20182.06843554 -.00000077  00000-0  00000+0 0  9999
2 37847  56.6369  40.9349 0003543 343.2472 192.6069  1.70475451 54113
1 37847U 11060B   20183.84067837 -.00000079  00000-0  00000-0 0  9991
2 37847  56.6381  40.8861 0003478 343.6539 199.8661  1.70475475 54023
1 37847U 11060B   20186.18419439 -.00000082  00000-0  00000+0 0  9993
2 37847  56.6396  40.8217 0003394 344.1224 197.6669  1.70475532 54183
1 37847U 11060B   20187.36097148 -.00000083  00000-0  00000-0 0  9995
2 37847  56.6404  40.7893 0003352 344.2424 199.7620  1.70475573 54083
1 37847U 11060B   20188.52777387 -.00000085  00000-0  00000+0 0  9995
2 37847  56.6412  40.7573 0003314 344.4123 195.6855  1.70475614 54220
1 37847U 11060B   20189.86331774 -.00000086  00000-0  00000-0 0  9991
2 37847  56.6419  40.7206 0003268 344.5949 295.1569  1.70475661 54124
1 37847U 11060B   20190.29034894 -.00000085  00000-0  00000-0 0  9992
2 37847  56.6422  40.7088 0003256 344.7901 197.0407  1.70475676 54131
1 37847U 11060B   20190.87120955 -.00000085  00000-0  00000+0 0  9999
2 37847  56.6426  40.6929 0003239 344.8724 193.4459  1.70475694 54264
1 37847U 11060B   20193.18768591 -.00000079  00000-0  00000+0 0  9993
2 37847  56.6441  40.6293 0003167 345.1873 174.8061  1.70475750 54304
1 37847U 11060B   20194.98285660 -.00000072  00000-0  00000-0 0  9997
2 37847  56.6452  40.5800 0003105 345.3480 196.3832  1.70475767 54210
1 37847U 11060B   20197.84688701 -.00000058  00000-0  00000+0 0  9991
2 37847  56.6471  40.5014 0003014 345.2087 154.2441  1.70475731 54387
1 37847U 11060B   20197.84688701 -.00000058  00000-0  00000-0 0  9992
2 37847  56.6471  40.5014 0003014 345.2087 154.2441  1.70475731 54264
1 37847U 11060B   20198.50558715 -.00000055  00000-0  00000-0 0  9994
2 37847  56.6476  40.4833 0002996 345.1916 198.5206  1.70475713 54276
1 37847U 11060B   20200.84912388 -.00000047  00000-0  00000+0 0  9995
2 37847  56.6491  40.4190 0002923 345.1505 196.8440  1.70475629 54438
1 37847U 11060B   20200.84912388 -.00000047  00000-0  00000-0 0  9996
2 37847  56.6491  40.4190 0002923 345.1505 196.8440  1.70475629 54315
1 37847U 11060B   20204.35904531 -.00000047  00000-0  00000+0 0  9996
2 37847  56.6514  40.3225 0002802 344.9811 191.1326  1.70475506 54496
1 37847U 11060B   20204.59413788 -.00000048  00000-0  00000-0 0  9993
2 37847  56.6516  40.3161 0002799 345.0797 335.3155  1.70475499 54377
1 37847U 11060B   20205.53611329 -.00000050  00000-0  00000-0 0  9992
2 37847  56.6523  40.2902 0002760 344.9319 193.5751  1.70475474 54394
1 37847U 11060B   20207.59950007 -.00000058  00000-0  00000+0 0  9996
2 37847  56.6537  40.2335 0002698 344.8576  19.9966  1.70475442 54555
1 37847U 11060B   20207.87964894 -.00000058  00000-0  00000-0 0  9997
2 37847  56.6539  40.2258 0002685 344.7839 192.0041  1.70475440 54430
1 37847U 11060B   20210.52503163 -.00000064  00000-0  00000+0 0  9997
2 37847  56.6557  40.1532 0002606 344.6674  15.6520  1.70475450 54605
1 37847U 11060B   20210.52503163 -.00000064  00000-0  00000-0 0  9998
2 37847  56.6557  40.1532 0002606 344.6674  15.6520  1.70475450 54481
1 37847U 11060B   20213.16361105 -.00000068  00000-0  00000+0 0  9992
2 37847  56.6574  40.0807 0002512 344.4809 195.1946  1.70475507 54645
1 37847U 11060B   20214.34164512 -.00000070  00000-0  00000-0 0  9990
2 37847  56.6582  40.0484 0002473 344.3457 198.3162  1.70475545 54545
1 37847U 11060B   20215.51393685 -.00000072  00000-0  00000-0 0  9997
2 37847  56.6591  40.0163 0002440 344.1711 197.9530  1.70475585 54564
1 37847U 11060B   20216.10257709 -.00000073  00000-0  00000-0 0  9990
2 37847  56.6594  40.0001 0002423 344.0381 199.3479  1.70475606 54574
1 37847U 11060B   20217.27039036 -.00000074  00000-0  00000+0 0  9990
2 37847  56.6603  39.9681 0002395 343.7885 196.3111  1.70475645 54718
1 37847U 11060B   20220.06807903 -.00000070  00000-0  00000+0 0  9993
2 37847  56.6620  39.8915 0002324 343.0820 114.0232  1.70475721 54761
1 37847U 11060B   20220.50281850 -.00000069  00000-0  00000-0 0  9998
2 37847  56.6623  39.8796 0002301 342.9446  20.9701  1.70475730 54652
1 37847U 11060B   20222.24771816 -.00000062  00000-0  00000+0 0  9999
2 37847  56.6634  39.8318 0002255 342.3834  12.4162  1.70475745 54795
1 37847U 11060B   20222.54447053 -.00000061  00000-0  00000-0 0  9995
2 37847  56.6636  39.8236 0002255 342.2933 194.6301  1.70475743 54689
1 37847U 11060B   20223.13899935 -.00000058  00000-0  00000-0 0  9997
2 37847  56.6640  39.8073 0002243 342.0441 199.7552  1.70475739 54692
1 37847U 11060B   20224.32269046 -.00000053  00000-0  00000+0 0  9997
2 37847  56.6647  39.7749 0002214 341.4904 206.7672  1.70475723 54834
1 37847U 11060B   20227.23309575 -.00000041  00000-0  00000-0 0  9990
2 37847  56.6663  39.6952 0002120 339.6482 194.7915  1.70475633 54761
1 37847U 11060B   20227.53335434 -.00000040  00000-0  00000+0 0  9994
2 37847  56.6666  39.6870 0002102 339.4052  19.3100  1.70475623 54884
1 37847U 11060B   20227.83524265 -.00000039  00000-0  00000-0 0  9998
2 37847  56.6669  39.6787 0002107 339.3741 204.6169  1.70475611 54772
1 37847U 11060B   20229.87689690 -.00000037  00000-0  00000-0 0  9996
2 37847  56.6683  39.6227 0002071 338.7133  18.2871  1.70475531 54809
1 37847U 11060B   20230.44427519 -.00000037  00000-0  00000-0 0  9991
2 37847  56.6689  39.6071 0002040 338.0315   7.1818  1.70475508 54816
1 37847U 11060B   20231.35465861 -.00000039  00000-0  00000-0 0  9996
2 37847  56.6693  39.5822 0002047 337.8615 206.0748  1.70475476 54839
1 37847U 11060B   20231.91147764 -.00000040  00000-0  00000+0 0  9998
2 37847  56.6696  39.5669 0002036 337.5092 188.1595  1.70475458 54969
1 37847U 11060B   20231.91147764 -.00000040  00000-0  00000-0 0  9999
2 37847  56.6696  39.5669 0002036 337.5092 188.1595  1.70475458 54846
1 37847U 11060B   20232.22410553 -.00000041  00000-0  00000-0 0  9994
2 37847  56.6698  39.5583 0002032 337.4535  20.0819  1.70475450 54845
1 37847U 11060B   20232.52220959 -.00000042  00000-0  00000-0 0  9997
2 37847  56.6700  39.5501 0002023 337.1551 203.3336  1.70475442 54856
1 37847U 11060B   20234.57538883 -.00000050  00000-0  00000+0 0  9990
2 37847  56.6713  39.4938 0001984 335.9475  24.6234  1.70475402 55015
1 37847U 11060B   20234.57538883 -.00000050  00000-0  00000-0 0  9991
2 37847  56.6713  39.4938 0001984 335.9475  24.6234  1.70475402 54890
1 37847U 11060B   20234.86576596 -.00000051  00000-0  00000-0 0  9997
2 37847  56.6715  39.4859 0001974 335.6607 203.1212  1.70475398 54891
1 37847U 11060B   20236.95028635 -.00000057  00000-0  00000+0 0  9990
2 37847  56.6737  39.4287 0001942 334.5081  43.5908  1.70475396 55054
1 37847U 11060B   20237.49948309 -.00000058  00000-0  00000-0 0  9991
2 37847  56.6740  39.4137 0001929 333.8582  21.2951  1.70475400 54938
1 37847U 11060B   20239.85469807 -.00000063  00000-0  00000+0 0  9999
2 37847  56.6755  39.3491 0001884 332.2799  28.3218  1.70475444 55101
1 37847U 11060B   20239.85469807 -.00000063  00000-0  00000-0 0  9990
2 37847  56.6755  39.3491 0001884 332.2799  28.3218  1.70475444 54986
1 37847U 11060B   20240.40591134 -.00000064  00000-0  00000-0 0  9993
2 37847  56.6758  39.3340 0001873 331.7878   7.1058  1.70475459 54985
1 37847U 11060B   20244.54168167 -.00000073  00000-0  00000+0 0  9997
2 37847  56.6784  39.2207 0001822 328.3179  28.7911  1.70475594 55174
1 37847U 11060B   20247.48448612 -.00000071  00000-0  00000+0 0  9997
2 37847  56.6803  39.1402 0001800 325.9712  37.2036  1.70475678 55237
1 37847U 11060B   20247.48448612 -.00000071  00000-0  00000-0 0  9998
2 37847  56.6803  39.1402 0001800 325.9712  37.2036  1.70475678 55114
1 37847U 11060B   20248.89857263 -.00000066  00000-0  00000-0 0  9994
2 37847  56.6811  39.1016 0001800 325.0157 186.0161  1.70475696 55132
1 37847U 11060B   20249.23660521 -.00000065  00000-0  00000-0 0  9991
2 37847  56.6813  39.0923 0001793 324.6405  33.8495  1.70475700 55137
1 37847U 11060B   20249.83223624 -.00000063  00000-0  00000+0 0  9993
2 37847  56.6816  39.0760 0001791 323.9571  40.0852  1.70475700 55275
1 37847U 11060B   20250.42310781 -.00000061  00000-0  00000-0 0  9990
2 37847  56.6821  39.0599 0001791 323.3846  43.2889  1.70475697 55168
1 37847U 11060B   20251.87408687 -.00000054  00000-0  00000+0 0  9994
2 37847  56.6830  39.0201 0001800 321.8101 215.3622  1.70475674 55304
1 37847U 11060B   20252.17601238 -.00000053  00000-0  00000-0 0  9995
2 37847  56.6832  39.0119 0001795 321.4777  40.9931  1.70475668 55197
1 37847U 11060B   20254.51952547 -.00000045  00000-0  00000+0 0  9997
2 37847  56.6845  38.9477 0001802 318.9143  41.8232  1.70475588 55356
1 37847U 11060B   20257.16445772 -.00000041  00000-0  00000+0 0  9994
2 37847  56.6859  38.8753 0001809 316.1046 227.8872  1.70475478 55394
1 37847U 11060B   20257.16445772 -.00000041  00000-0  00000-0 0  9995
2 37847  56.6859  38.8753 0001809 316.1046 227.8872  1.70475478 55271
1 37847U 11060B   20257.69173258 -.00000042  00000-0  00000-0 0  9991
2 37847  56.6862  38.8608 0001809 315.4273 192.1648  1.70475456 55280
1 37847U 11060B   20259.20635584 -.00000045  00000-0  00000+0 0  9997
2 37847  56.6870  38.8193 0001817 313.9761  43.1741  1.70475405 55421
1 37847U 11060B   20259.79939646 -.00000047  00000-0  00000-0 0  9990
2 37847  56.6873  38.8031 0001820 313.3289  47.7836  1.70475386 55320
1 37847U 11060B   20260.50723344 -.00000050  00000-0  00000-0 0  9991
2 37847  56.6877  38.7836 0001822 312.5935 122.9344  1.70475367 55337
1 37847U 11060B   20262.65808199 -.00000058  00000-0  00000+0 0  9998
2 37847  56.6890  38.7247 0001846 310.6928   4.8586  1.70475330 55487
1 37847U 11060B   20264.48591076 -.00000064  00000-0  00000-0 0  9992
2 37847  56.6902  38.6746 0001864 309.0193  48.3111  1.70475325 55391
1 37847U 11060B   20264.80196981 -.00000065  00000-0  00000+0 0  9994
2 37847  56.6903  38.6659 0001861 308.7840 242.5189  1.70475326 55526
1 37847U 11060B   20265.59892610 -.00000067  00000-0  00000-0 0  9996
2 37847  56.6908  38.6441 0001872 308.1784  12.2342  1.70475337 55416
1 37847U 11060B   20266.53875073 -.00000069  00000-0  00000-0 0  9997
2 37847  56.6914  38.6183 0001877 307.3540 229.8498  1.70475351 55438
1 37847U 11060B   20266.84058699 -.00000070  00000-0  00000-0 0  9990
2 37847  56.6915  38.6101 0001885 307.1497  55.2977  1.70475360 55441
1 37847U 11060B   20266.84058699 -.00000070  00000-0  00000-0 0  9990
2 37847  56.6915  38.6101 0001885 307.1497  55.2977  1.70475360 55564
1 37847U 11060B   20268.60304458 -.00000075  00000-0  00000-0 0  9998
2 37847  56.6926  38.5617 0001908 305.5886  58.5182  1.70475409 55475
1 37847U 11060B   20269.18409312 -.00000077  00000-0  00000-0 0  9999
2 37847  56.6929  38.5458 0001917 305.0740  55.6352  1.70475429 55609
1 37847U 11060B   20269.78241044 -.00000079  00000-0  00000-0 0  9993
2 37847  56.6933  38.5294 0001927 304.5650  63.3450  1.70475449 55491
1 37847U 11060B   20270.42816146 -.00000080  00000-0  00000-0 0  9999
2 37847  56.6936  38.5117 0001939 304.0776 100.1441  1.70475471 55502
1 37847U 11060B   20270.94006067 -.00000082  00000-0  00000-0 0  9991
2 37847  56.6939  38.4977 0001948 303.6573  54.7283  1.70475490 55507
1 37847U 11060B   20271.52765439 -.00000083  00000-0  00000-0 0  9992
2 37847  56.6942  38.4816 0001960 303.2663  55.7388  1.70475512 55639
1 37847U 11060B   20272.21611884 -.00000084  00000-0  00000-0 0  9994
2 37847  56.6946  38.4628 0001976 302.8609 118.6702  1.70475537 55531
1 37847U 11060B   20273.28938272 -.00000084  00000-0  00000-0 0  9995
2 37847  56.6953  38.4334 0001996 302.0985  58.1187  1.70475575 55553
1 37847U 11060B   20273.92239141 -.00000084  00000-0  00000-0 0  9995
2 37847  56.6956  38.4161 0002010 301.7332  86.9756  1.70475594 55567
1 37847U 11060B   20274.46815308 -.00000083  00000-0  00000+0 0  9998
2 37847  56.6959  38.4012 0002020 301.3974  62.2575  1.70475609 55691
1 37847U 11060B   20274.46815308 -.00000083  00000-0  00000-0 0  9999
2 37847  56.6959  38.4012 0002020 301.3974  62.2575  1.70475609 55578
1 37847U 11060B   20275.04841203 -.00000082  00000-0  00000-0 0  9996
2 37847  56.6962  38.3853 0002033 301.0124  58.7606  1.70475623 55573
1 37847U 11060B   20275.62410396 -.00000081  00000-0  00000-0 0  9994
2 37847  56.6965  38.3696 0002045 300.6348  52.4532  1.70475634 55589
1 37847U 11060B   20276.81511911 -.00000077  00000-0  00000-0 0  9996
2 37847  56.6972  38.3370 0002075 299.7932  64.2476  1.70475647 55612
1 37847U 11060B   20277.42149531 -.00000074  00000-0  00000-0 0  9996
2 37847  56.6975  38.3204 0002092 299.3647  76.8228  1.70475649 55626
1 37847U 11060B   20278.56632764 -.00000070  00000-0  00000-0 0  9993
2 37847  56.6981  38.2891 0002126 298.6355  60.1614  1.70475640 55637
1 37847U 11060B   20279.73062184 -.00000065  00000-0  00000+0 0  9999
2 37847  56.6988  38.2572 0002165 297.8608  55.4897  1.70475620 55778
1 37847U 11060B   20281.20352500 -.00000060  00000-0  00000-0 0  9994
2 37847  56.6996  38.2169 0002219 297.3398 239.9643  1.70475575 55687
1 37847U 11060B   20281.51137941 -.00000059  00000-0  00000-0 0  9996
2 37847  56.6997  38.2084 0002223 297.1380  69.1033  1.70475565 55694
1 37847U 11060B   20282.67688187 -.00000056  00000-0  00000+0 0  9993
2 37847  56.7003  38.1765 0002256 296.6704  64.8658  1.70475521 55831
1 37847U 11060B   20282.67688187 -.00000056  00000-0  00000-0 0  9994
2 37847  56.7003  38.1765 0002256 296.6704  64.8658  1.70475521 55718
1 37847U 11060B   20283.41244961 -.00000055  00000-0  00000-0 0  9994
2 37847  56.7007  38.1564 0002279 296.0995 156.8709  1.70475489 55723
1 37847U 11060B   20283.84925444 -.00000055  00000-0  00000-0 0  9993
2 37847  56.7010  38.1444 0002290 295.9622  65.0851  1.70475471 55733
1 37847U 11060B   20284.44992285 -.00000055  00000-0  00000-0 0  9997
2 37847  56.7013  38.1279 0002306 295.6581  74.0327  1.70475446 55742
1 37847U 11060B   20285.60431936 -.00000056  00000-0  00000+0 0  9997
2 37847  56.7020  38.0963 0002341 295.1191  63.0504  1.70475399 55876
1 37847U 11060B   20286.19223397 -.00000057  00000-0  00000-0 0  9994
2 37847  56.7024  38.0801 0002358 294.8305  64.1553  1.70475378 55763
1 37847U 11060B   20287.36503112 -.00000061  00000-0  00000-0 0  9995
2 37847  56.7029  38.0479 0002397 294.3724  64.3849  1.70475339 55781
1 37847U 11060B   20287.36503112 -.00000061  00000-0  00000-0 0  9995
2 37847  56.7029  38.0479 0002397 294.3724  64.3849  1.70475339 55905
1 37847U 11060B   20288.06834479 -.00000064  00000-0  00000-0 0  9999
2 37847  56.7032  38.0286 0002420 293.8500 136.5464  1.70475318 55809
1 37847U 11060B   20288.53572812 -.00000066  00000-0  00000-0 0  9993
2 37847  56.7034  38.0158 0002438 293.7597  63.4802  1.70475307 55805
1 37847U 11060B   20290.32654609 -.00000072  00000-0  00000+0 0  9994
2 37847  56.7045  37.9667 0002493 293.0186  83.2857  1.70475279 55963
1 37847U 11060B   20291.49260684 -.00000076  00000-0  00000-0 0  9994
2 37847  56.7052  37.9347 0002530 292.6353  79.3060  1.70475275 55866
1 37847U 11060B   20293.23355994 -.00000080  00000-0  00000-0 0  9992
2 37847  56.7062  37.8870 0002584 292.0725  68.3300  1.70475287 56019
1 37847U 11060B   20295.09340660 -.00000086  00000-0  00000-0 0  9998
2 37847  56.7072  37.8359 0002630 291.4780 130.3534  1.70475328 55922
1 37847U 11060B   20296.16499376 -.00000089  00000-0  00000+0 0  9998
2 37847  56.7078  37.8065 0002666 291.1759  68.3123  1.70475362 56051
1 37847U 11060B   20296.28946368 -.00000089  00000-0  00000-0 0  9990
2 37847  56.7078  37.8031 0002672 291.1934 144.6845  1.70475362 55942
1 37847U 11060B   20298.51346027 -.00000096  00000-0  00000+0 0  9991
2 37847  56.7090  37.7421 0002754 290.7526  70.0413  1.70475443 56103
1 37847U 11060B   20300.85690337 -.00000098  00000-0  00000+0 0  9990
2 37847  56.7103  37.6778 0002834 290.3477  68.6692  1.70475528 56131
1 37847U 11060B   20300.85690337 -.00000098  00000-0  00000-0 0  9991
2 37847  56.7103  37.6778 0002834 290.3477  68.6692  1.70475528 56018
1 37847U 11060B   20303.20042659 -.00000093  00000-0  00000+0 0  9995
2 37847  56.7116  37.6137 0002917 290.1137  67.1755  1.70475594 56178
1 37847U 11060B   20305.77196889 -.00000083  00000-0  00000+0 0  9993
2 37847  56.7127  37.5432 0003027 289.8963 205.6059  1.70475608 56220
1 37847U 11060B   20307.31470451 -.00000076  00000-0  00000-0 0  9998
2 37847  56.7135  37.5010 0003089 289.6854  72.6280  1.70475586 56139
1 37847U 11060B   20309.18972161 -.00000070  00000-0  00000-0 0  9994
2 37847  56.7146  37.4496 0003170 289.5664 143.4867  1.70475528 56287
1 37847U 11060B   20310.24859966 -.00000067  00000-0  00000-0 0  9996
2 37847  56.7151  37.4206 0003206 289.5430  73.3671  1.70475489 56182
1 37847U 11060B   20311.41925031 -.00000065  00000-0  00000+0 0  9990
2 37847  56.7157  37.3885 0003250 289.4825  71.8818  1.70475439 56323
1 37847U 11060B   20315.52145200 -.00000072  00000+0  00000+0 0  9995
2 37847  56.7183  37.2758 0003405 289.3628  69.6130  1.70475300 56264
1 37847U 11060B   20315.52145200 -.00000072  00000-0  00000+0 0  9996
2 37847  56.7183  37.2758 0003405 289.3628  69.6130  1.70475300 56387
1 37847U 11060B   20323.26596538 -.00000093  00000-0  00000+0 0  9993
2 37847  56.7227  37.0630 0003651 289.5244 142.4299  1.70475341 56529
1 37847U 11060B   20325.49904531 -.00000099  00000-0  00000+0 0  9992
2 37847  56.7238  37.0016 0003746 289.7729  72.6710  1.70475403 56569
1 37847U 11060B   20327.84254038 -.00000101  00000-0  00000+0 0  9997
2 37847  56.7251  36.9372 0003838 290.1292  70.5690  1.70475486 56600
1 37847U 11060B   20327.84254038 -.00000101  00000-0  00000-0 0  9998
2 37847  56.7251  36.9372 0003838 290.1292  70.5690  1.70475486 56486
1 37847U 11060B   20330.31949354 -.00000096  00000-0  00000+0 0  9998
2 37847  56.7262  36.8693 0003933 290.3842 150.4746  1.70475555 56647
1 37847U 11060B   20334.78688911 -.00000076  00000-0  00000+0 0  9990
2 37847  56.7288  36.7467 0004112 290.8878  11.7108  1.70475559 56710
1 37847U 11060B   20334.78688911 -.00000076  00000-0  00000-0 0  9991
2 37847  56.7288  36.7467 0004112 290.8878  11.7108  1.70475559 56596
1 37847U 11060B   20337.81995288 -.00000065  00000-0  00000+0 0  9993
2 37847  56.7305  36.6634 0004234 291.4716  72.5853  1.70475465 56772
1 37847U 11060B   20337.81995288 -.00000065  00000-0  00000-0 0  9994
2 37847  56.7305  36.6634 0004234 291.4716  72.5853  1.70475465 56659
1 37847U 11060B   20338.41048116 -.00000063  00000-0  00000-0 0  9998
2 37847  56.7308  36.6472 0004256 291.5845  74.8927  1.70475443 56664
1 37847U 11060B   20339.09364358 -.00000062  00000-0  00000-0 0  9991
2 37847  56.7313  36.6285 0004275 291.6452 134.1038  1.70475419 56675
1 37847U 11060B   20340.16349223 -.00000062  00000-0  00000-0 0  9995
2 37847  56.7319  36.5991 0004309 291.8354  70.5034  1.70475384 56697
1 37847U 11060B   20340.35576736 -.00000062  00000-0  00000+0 0  9996
2 37847  56.7319  36.5938 0004318 291.8621 188.4801  1.70475378 56813
1 37847U 11060B   20340.75674098 -.00000063  00000-0  00000-0 0  9992
2 37847  56.7322  36.5828 0004330 291.9313  74.4972  1.70475360 56700
1 37847U 11060B   20341.34024236 -.00000064  00000-0  00000-0 0  9992
2 37847  56.7325  36.5668 0004352 292.0253  72.5108  1.70475339 56711
1 37847U 11060B   20343.12598220 -.00000068  00000-0  00000+0 0  9992
2 37847  56.7335  36.5177 0004417 292.3586  88.1250  1.70475287 56860
1 37847U 11060B   20343.12598220 -.00000068  00000-0  00000-0 0  9993
2 37847  56.7335  36.5177 0004417 292.3586  88.1250  1.70475287 56747
1 37847U 11060B   20344.23948833 -.00000071  00000-0  00000-0 0  9999
2 37847  56.7342  36.4871 0004454 292.5593  51.3075  1.70475264 56759
1 37847U 11060B   20346.02132456 -.00000075  00000-0  00000+0 0  9997
2 37847  56.7351  36.4381 0004503 292.9332  64.4854  1.70475246 56902
1 37847U 11060B   20346.02132456 -.00000075  00000-0  00000-0 0  9998
2 37847  56.7351  36.4381 0004503 292.9332  64.4854  1.70475246 56788
1 37847U 11060B   20347.19384084 -.00000077  00000-0  00000-0 0  9995
2 37847  56.7358  36.4059 0004538 293.1648  63.8525  1.70475246 56809
1 37847U 11060B   20349.02864059 -.00000080  00000-0  00000+0 0  9997
2 37847  56.7369  36.3554 0004589 293.5423 109.5316  1.70475268 56968
1 37847U 11060B   20349.02864059 -.00000080  00000-0  00000-0 0  9998
2 37847  56.7369  36.3554 0004589 293.5423 109.5316  1.70475268 56845
1 37847U 11060B   20352.48452317 -.00000089  00000-0  00000+0 0  9990
2 37847  56.7389  36.2604 0004701 294.2166  69.8080  1.70475367 57027
1 37847U 11060B   20352.48452317 -.00000089  00000-0  00000-0 0  9991
2 37847  56.7389  36.2604 0004701 294.2166  69.8080  1.70475367 56903
1 37847U 11060B   20357.22440640 -.00000087  00000-0  00000+0 0  9991
2 37847  56.7417  36.1301 0004869 295.4289  97.5660  1.70475533 57102
1 37847U 11060B   20357.22440640 -.00000087  00000-0  00000-0 0  9992
2 37847  56.7417  36.1301 0004869 295.4289  97.5660  1.70475533 56987
1 37847U 11060B   20358.46153098 -.00000082  00000-0  00000-0 0  9992
2 37847  56.7425  36.0961 0004900 295.6528 136.5932  1.70475569 57000
1 37847U 11060B   20359.51474010 -.00000077  00000-0  00000+0 0  9992
2 37847  56.7433  36.0672 0004941 295.8712  62.7525  1.70475583 57138
1 37847U 11060B   20359.51474010 -.00000077  00000-0  00000-0 0  9993
2 37847  56.7433  36.0672 0004941 295.8712  62.7525  1.70475583 57015
1 37847U 11060B   20360.69007745 -.00000071  00000-0  00000-0 0  9995
2 37847  56.7440  36.0349 0004981 296.1080  63.8463  1.70475589 57031
1 37847U 11060B   20361.44937191 -.00000067  00000-0  00000-0 0  9991
2 37847  56.7444  36.0140 0005016 296.3261 169.6239  1.70475584 57050
1 37847U 11060B   20361.85818705 -.00000065  00000-0  00000+0 0  9992
2 37847  56.7446  36.0028 0005027 296.4166  60.4324  1.70475578 57173
1 37847U 11060B   20361.85818705 -.00000065  00000-0  00000-0 0  9993
2 37847  56.7446  36.0028 0005027 296.4166  60.4324  1.70475578 57050
1 37847U 11060B   20364.49309080 -.00000054  00000-0  00000+0 0  9994
2 37847  56.7462  35.9304 0005121 297.1396 236.8079  1.70475509 57220
1 37847U 11060B   20364.49309080 -.00000054  00000-0  00000-0 0  9995
2 37847  56.7462  35.9304 0005121 297.1396 236.8079  1.70475509 57107
1 37847U 11060B   20365.38445206 -.00000051  00000-0  00000-0 0  9992
2 37847  56.7467  35.9059 0005139 297.3420  63.6536  1.70475479 57120

