1 38857U 12055A   20092.15185266  .00000021  00000-0  00000+0 0  9993
2 38857  54.9638 163.9088 0004037 262.2444  97.7738  1.70473716 46491
1 38857U 12055A   20093.32501788  .00000019  00000-0  00000-0 0  9992
2 38857  54.9640 163.8764 0004068 262.4205  97.5964  1.70473692 46510
1 38857U 12055A   20094.49818792  .00000020  00000-0  00000-0 0  9999
2 38857  54.9641 163.8440 0004105 262.6501  97.3682  1.70473672 46530
1 38857U 12055A   20096.25795123  .00000025  00000-0  00000-0 0  9992
2 38857  54.9644 163.7954 0004181 263.0467  96.9790  1.70473651 46567
1 38857U 12055A   20096.25795172  .00000025  00000-0  00000-0 0  9996
2 38857  54.9644 163.7954 0004161 262.9425  97.0834  1.70473654 46561
1 38857U 12055A   20097.43112988  .00000029  00000-0  00000+0 0  9998
2 38857  54.9646 163.7631 0004202 263.1743  96.8580  1.70473650 46580
1 38857U 12055A   20097.43112988  .00000029  00000-0  00000-0 0  9999
2 38857  54.9646 163.7631 0004202 263.1743  96.8580  1.70473650 46580
1 38857U 12055A   20098.01771825  .00000031  00000-0  00000-0 0  9998
2 38857  54.9646 163.7470 0004235 263.0532  96.9818  1.70473645 46592
1 38857U 12055A   20098.60430535  .00000032  00000-0  00000-0 0  9994
2 38857  54.9649 163.7308 0004276 263.3000  96.7370  1.70473650 46602
1 38857U 12055A   20100.95064075  .00000024  00000-0  00000+0 0  9998
2 38857  54.9654 163.6662 0004356 263.7884  96.2483  1.70473675 46644
1 38857U 12055A   20103.29695707  .00000007  00000-0  00000-0 0  9992
2 38857  54.9657 163.6014 0004419 263.9846  96.0408  1.70473727 46685
1 38857U 12055A   20103.29695754  .00000007  00000-0  00000-0 0  9994
2 38857  54.9657 163.6014 0004401 263.9335  96.0921  1.70473713 46684
1 38857U 12055A   20105.05669633 -.00000000  00000-0  00000-0 0  9991
2 38857  54.9660 163.5529 0004458 264.1189  95.8993  1.70473760 46712
1 38857U 12055A   20106.81644543  .00000005  00000-0  00000+0 0  9992
2 38857  54.9664 163.5045 0004516 264.3043  95.7127  1.70473807 46748
1 38857U 12055A   20109.16279412  .00000023  00000-0  00000+0 0  9992
2 38857  54.9668 163.4399 0004585 264.5785  95.4473  1.70473865 46783
1 38857U 12055A   20109.74938276  .00000028  00000-0  00000-0 0  9992
2 38857  54.9669 163.4237 0004596 264.6236  95.4056  1.70473877 46790
1 38857U 12055A   20110.92256050  .00000038  00000-0  00000-0 0  9998
2 38857  54.9670 163.3915 0004641 264.9960  95.0394  1.70473891 46823
1 38857U 12055A   20113.26890899  .00000054  00000-0  00000+0 0  9990
2 38857  54.9675 163.3269 0004702 265.3053  94.7390  1.70473873 46851
1 38857U 12055A   20113.26890899  .00000054  00000-0  00000-0 0  9991
2 38857  54.9675 163.3269 0004702 265.3053  94.7390  1.70473873 46851
1 38857U 12055A   20114.44207733  .00000060  00000-0  00000-0 0  9998
2 38857  54.9677 163.2946 0004722 265.4453  94.5998  1.70473863 46874
1 38857U 12055A   20115.61524084  .00000064  00000-0  00000+0 0  9992
2 38857  54.9679 163.2624 0004772 265.8213  94.2214  1.70473825 46890
1 38857U 12055A   20117.37497969  .00000065  00000-0  00000-0 0  9990
2 38857  54.9681 163.2139 0004791 265.9860  94.0497  1.70473800 46922
1 38857U 12055A   20119.13471590  .00000062  00000-0  00000+0 0  9994
2 38857  54.9685 163.1655 0004827 266.3432  93.6834  1.70473757 46952
1 38857U 12055A   20120.30787615  .00000061  00000-0  00000-0 0  9993
2 38857  54.9683 163.1332 0004836 266.5732  93.4492  1.70473738 46976
1 38857U 12055A   20121.48104094  .00000060  00000-0  00000+0 0  9995
2 38857  54.9685 163.1009 0004852 266.7439  93.2771  1.70473720 46994
1 38857U 12055A   20123.82738402  .00000067  00000-0  00000+0 0  9998
2 38857  54.9691 163.0362 0004905 267.0330  92.9929  1.70473690 47038
1 38857U 12055A   20123.82738402  .00000067  00000-0  00000-0 0  9999
2 38857  54.9691 163.0362 0004905 267.0330  92.9929  1.70473690 47038
1 38857U 12055A   20124.41397096  .00000069  00000-0  00000-0 0  9997
2 38857  54.9694 163.0201 0004925 267.0520  92.9759  1.70473687 47044
1 38857U 12055A   20126.17372841  .00000073  00000-0  00000+0 0  9997
2 38857  54.9699 162.9716 0004964 267.2394  92.7924  1.70473688 47078
1 38857U 12055A   20126.17372841  .00000073  00000-0  00000-0 0  9998
2 38857  54.9699 162.9716 0004964 267.2394  92.7924  1.70473688 47078
1 38857U 12055A   20126.76031183  .00000072  00000-0  00000-0 0  9993
2 38857  54.9700 162.9555 0004971 267.3074  92.7241  1.70473692 47084
1 38857U 12055A   20127.34689360  .00000070  00000-0  00000-0 0  9992
2 38857  54.9701 162.9393 0004979 267.3763  92.6540  1.70473696 47094
1 38857U 12055A   20130.27978287  .00000048  00000-0  00000+0 0  9991
2 38857  54.9707 162.8586 0005023 267.6062  92.4064  1.70473758 47143
1 38857U 12055A   20130.27978287  .00000048  00000-0  00000-0 0  9992
2 38857  54.9707 162.8586 0005023 267.6062  92.4064  1.70473758 47143
1 38857U 12055A   20131.45293628  .00000041  00000-0  00000-0 0  9995
2 38857  54.9710 162.8262 0005040 267.6515  92.3528  1.70473789 47160
1 38857U 12055A   20131.45293663  .00000041  00000-0  00000-0 0  9994
2 38857  54.9709 162.8262 0005031 267.6440  92.3604  1.70473776 47166
1 38857U 12055A   20133.21267378  .00000038  00000-0  00000+0 0  9999
2 38857  54.9714 162.7778 0005068 267.7268  92.2694  1.70473825 47198
1 38857U 12055A   20134.38583857  .00000043  00000-0  00000-0 0  9998
2 38857  54.9717 162.7454 0005089 267.8245  92.1703  1.70473855 47217
1 38857U 12055A   20135.55900838  .00000051  00000-0  00000-0 0  9999
2 38857  54.9720 162.7132 0005110 267.9846  92.0119  1.70473885 47232
1 38857U 12055A   20135.55900845  .00000051  00000-0  00000+0 0  9996
2 38857  54.9721 162.7132 0005118 268.0438  91.9525  1.70473899 47234
1 38857U 12055A   20138.49194237  .00000074  00000-0  00000-0 0  9998
2 38857  54.9727 162.6325 0005136 268.2643  91.7423  1.70473928 47286
1 38857U 12055A   20140.83828204  .00000087  00000-0  00000+0 0  9990
2 38857  54.9733 162.5680 0005161 268.5234  91.4868  1.70473912 47321
1 38857U 12055A   20140.83828204  .00000087  00000-0  00000-0 0  9991
2 38857  54.9733 162.5680 0005161 268.5234  91.4868  1.70473912 47321
1 38857U 12055A   20142.01144563  .00000091  00000-0  00000-0 0  9997
2 38857  54.9736 162.5358 0005180 268.6775  91.3307  1.70473889 47340
1 38857U 12055A   20142.59802561  .00000092  00000-0  00000-0 0  9990
2 38857  54.9739 162.5196 0005187 268.7352  91.2708  1.70473868 47354
1 38857U 12055A   20147.29064953  .00000086  00000-0  00000-0 0  9990
2 38857  54.9750 162.3906 0005192 269.2871  90.6918  1.70473767 47435
1 38857U 12055A   20147.29064953  .00000086  00000-0  00000-0 0  9990
2 38857  54.9751 162.3906 0005196 269.3069  90.6719  1.70473761 47433
1 38857U 12055A   20147.87722952  .00000085  00000-0  00000-0 0  9993
2 38857  54.9752 162.3744 0005194 269.3591  90.6175  1.70473752 47449
1 38857U 12055A   20150.22356142  .00000086  00000-0  00000-0 0  9991
2 38857  54.9757 162.3099 0005208 269.5913  90.3835  1.70473708 47488
1 38857U 12055A   20150.22356152  .00000086  00000-0  00000+0 0  9991
2 38857  54.9757 162.3099 0005208 269.6264  90.3484  1.70473709 47489
1 38857U 12055A   20152.56990434  .00000092  00000-0  00000+0 0  9994
2 38857  54.9763 162.2453 0005219 269.7832  90.1965  1.70473691 47520
1 38857U 12055A   20152.56990434  .00000092  00000-0  00000-0 0  9995
2 38857  54.9763 162.2453 0005219 269.7832  90.1965  1.70473691 47520
1 38857U 12055A   20154.32965370  .00000089  00000-0  00000-0 0  9998
2 38857  54.9766 162.1968 0005225 270.0465  89.9320  1.70473694 47554
1 38857U 12055A   20155.50281237  .00000082  00000-0  00000+0 0  9994
2 38857  54.9768 162.1645 0005222 270.1321  89.8409  1.70473704 47578
1 38857U 12055A   20156.08938942  .00000076  00000-0  00000-0 0  9994
2 38857  54.9770 162.1484 0005218 270.0497  89.9195  1.70473720 47582
1 38857U 12055A   20157.26254104  .00000065  00000-0  00000-0 0  9994
2 38857  54.9773 162.1161 0005216 270.0327  89.9269  1.70473754 47609
1 38857U 12055A   20157.26254120  .00000065  00000-0  00000-0 0  9992
2 38857  54.9772 162.1161 0005217 270.0305  89.9292  1.70473742 47608
1 38857U 12055A   20160.19542641  .00000048  00000-0  00000+0 0  9996
2 38857  54.9779 162.0354 0005218 270.3440  89.5953  1.70473816 47659
1 38857U 12055A   20161.95517221  .00000052  00000-0  00000-0 0  9993
2 38857  54.9783 161.9870 0005225 270.5602  89.3761  1.70473857 47688
1 38857U 12055A   20163.12834243  .00000059  00000-0  00000+0 0  9996
2 38857  54.9786 161.9548 0005222 270.6626  89.2755  1.70473900 47701
1 38857U 12055A   20167.23444606  .00000082  00000-0  00000+0 0  9998
2 38857  54.9794 161.8419 0005190 270.9862  88.9635  1.70473916 47772
1 38857U 12055A   20167.23444606  .00000082  00000-0  00000-0 0  9999
2 38857  54.9794 161.8419 0005190 270.9862  88.9635  1.70473916 47772
1 38857U 12055A   20167.82102992  .00000084  00000-0  00000-0 0  9995
2 38857  54.9795 161.8258 0005187 271.0253  88.9246  1.70473909 47787
1 38857U 12055A   20170.16735496  .00000088  00000-0  00000+0 0  9990
2 38857  54.9797 161.7613 0005158 271.4053  88.5394  1.70473868 47822
1 38857U 12055A   20171.34051235  .00000087  00000-0  00000-0 0  9993
2 38857  54.9799 161.7290 0005136 271.6999  88.2388  1.70473835 47848
1 38857U 12055A   20171.92708990  .00000085  00000-0  00000-0 0  9992
2 38857  54.9800 161.7129 0005130 271.6909  88.2442  1.70473811 47853
1 38857U 12055A   20174.27340170  .00000077  00000-0  00000+0 0  9995
2 38857  54.9805 161.6484 0005111 271.7116  88.2097  1.70473753 47896
1 38857U 12055A   20174.27340170  .00000077  00000-0  00000-0 0  9996
2 38857  54.9805 161.6484 0005111 271.7116  88.2097  1.70473753 47896
1 38857U 12055A   20174.85998154  .00000075  00000-0  00000-0 0  9999
2 38857  54.9806 161.6322 0005108 271.7296  88.1893  1.70473749 47903
1 38857U 12055A   20176.03314488  .00000073  00000-0  00000-0 0  9991
2 38857  54.9809 161.5999 0005096 271.7476  88.1689  1.70473725 47920
1 38857U 12055A   20177.20631347  .00000073  00000-0  00000+0 0  9996
2 38857  54.9812 161.5677 0005084 271.8376  88.0795  1.70473703 47949
1 38857U 12055A   20177.20631347  .00000073  00000-0  00000-0 0  9997
2 38857  54.9812 161.5677 0005084 271.8376  88.0795  1.70473703 47949
1 38857U 12055A   20179.55265897  .00000076  00000-0  00000-0 0  9993
2 38857  54.9812 161.5032 0005068 271.9673  87.9563  1.70473682 47988
1 38857U 12055A   20181.89899478  .00000069  00000-0  00000+0 0  9992
2 38857  54.9816 161.4386 0005035 272.0910  87.8330  1.70473686 48024
1 38857U 12055A   20184.83188603  .00000041  00000-0  00000+0 0  9990
2 38857  54.9822 161.3579 0004955 272.2932  87.6138  1.70473722 48070
1 38857U 12055A   20187.76477898  .00000022  00000-0  00000+0 0  9991
2 38857  54.9827 161.2772 0004901 272.3686  87.5230  1.70473803 48125
1 38857U 12055A   20188.93794554  .00000023  00000-0  00000-0 0  9994
2 38857  54.9828 161.2449 0004883 272.4495  87.4417  1.70473836 48149
1 38857U 12055A   20189.52453092  .00000026  00000-0  00000-0 0  9992
2 38857  54.9829 161.2288 0004877 272.5409  87.3514  1.70473852 48156
1 38857U 12055A   20190.11111760  .00000028  00000-0  00000+0 0  9993
2 38857  54.9830 161.2127 0004863 272.5239  87.3702  1.70473861 48166
1 38857U 12055A   20191.28429336  .00000035  00000-0  00000-0 0  9992
2 38857  54.9832 161.1805 0004832 272.5991  87.3001  1.70473886 48182
1 38857U 12055A   20191.87088176  .00000038  00000-0  00000-0 0  9993
2 38857  54.9833 161.1644 0004817 272.6367  87.2655  1.70473895 48190
1 38857U 12055A   20193.04405846  .00000044  00000-0  00000+0 0  9997
2 38857  54.9831 161.1321 0004777 272.7071  87.2010  1.70473907 48210
1 38857U 12055A   20194.21723285  .00000049  00000-0  00000-0 0  9993
2 38857  54.9836 161.0999 0004754 272.7801  87.1325  1.70473908 48232
1 38857U 12055A   20196.56357082  .00000053  00000-0  00000-0 0  9996
2 38857  54.9839 161.0354 0004707 272.9849  86.9301  1.70473877 48272
1 38857U 12055A   20197.15015191  .00000053  00000-0  00000+0 0  9993
2 38857  54.9845 161.0193 0004717 272.9903  86.9235  1.70473876 48288
1 38857U 12055A   20197.15015198  .00000053  00000-0  00000-0 0  9991
2 38857  54.9845 161.0193 0004715 273.0284  86.8854  1.70473872 48282
1 38857U 12055A   20198.90989317  .00000050  00000-0  00000-0 0  9995
2 38857  54.9845 160.9710 0004672 273.2122  86.6958  1.70473831 48312
1 38857U 12055A   20199.49647260  .00000048  00000-0  00000+0 0  9994
2 38857  54.9846 160.9548 0004662 273.2476  86.6580  1.70473821 48324
1 38857U 12055A   20201.25621244  .00000041  00000-0  00000-0 0  9990
2 38857  54.9850 160.9065 0004597 273.4191  86.4798  1.70473765 48355
1 38857U 12055A   20203.60254512  .00000035  00000-0  00000+0 0  9993
2 38857  54.9853 160.8420 0004531 273.5560  86.3416  1.70473715 48396
1 38857U 12055A   20204.18913139  .00000035  00000-0  00000-0 0  9995
2 38857  54.9853 160.8258 0004524 273.5363  86.3629  1.70473712 48403
1 38857U 12055A   20204.77571910  .00000035  00000-0  00000-0 0  9997
2 38857  54.9855 160.8097 0004503 273.6405  86.2610  1.70473703 48411
1 38857U 12055A   20205.94889625  .00000036  00000-0  00000+0 0  9992
2 38857  54.9856 160.7774 0004465 273.7606  86.1469  1.70473683 48434
1 38857U 12055A   20205.94889625  .00000036  00000-0  00000-0 0  9993
2 38857  54.9856 160.7774 0004465 273.7606  86.1469  1.70473683 48434
1 38857U 12055A   20206.53548500  .00000037  00000-0  00000-0 0  9994
2 38857  54.9856 160.7613 0004457 273.7302  86.1803  1.70473683 48443
1 38857U 12055A   20207.12207323  .00000037  00000-0  00000-0 0  9995
2 38857  54.9857 160.7452 0004441 273.7865  86.1269  1.70473682 48458
1 38857U 12055A   20208.88183185  .00000033  00000-0  00000+0 0  9993
2 38857  54.9858 160.6967 0004387 273.8440  86.0738  1.70473682 48481
1 38857U 12055A   20211.22815654  .00000011  00000-0  00000+0 0  9994
2 38857  54.9861 160.6322 0004308 273.9138  85.9978  1.70473704 48522
1 38857U 12055A   20211.22815657  .00000011  00000-0  00000-0 0  9998
2 38857  54.9861 160.6321 0004304 273.8696  86.0421  1.70473707 48523
1 38857U 12055A   20213.57447307 -.00000012  00000-0  00000+0 0  9992
2 38857  54.9863 160.5676 0004230 273.8406  86.0599  1.70473757 48569
1 38857U 12055A   20213.57447307 -.00000012  00000-0  00000-0 0  9993
2 38857  54.9863 160.5676 0004230 273.8406  86.0599  1.70473757 48569
1 38857U 12055A   20214.16105446 -.00000016  00000-0  00000-0 0  9998
2 38857  54.9863 160.5515 0004206 273.7973  86.1016  1.70473769 48571
1 38857U 12055A   20218.85375048 -.00000003  00000-0  00000+0 0  9990
2 38857  54.9867 160.4225 0004069 273.9069  86.0088  1.70473890 48659
1 38857U 12055A   20220.02693184  .00000003  00000-0  00000-0 0  9996
2 38857  54.9866 160.3902 0004010 274.0546  85.8699  1.70473902 48678
1 38857U 12055A   20221.20011139  .00000008  00000-0  00000+0 0  9995
2 38857  54.9867 160.3580 0003963 274.0602  85.8719  1.70473908 48691
1 38857U 12055A   20221.20011139  .00000008  00000-0  00000-0 0  9996
2 38857  54.9867 160.3580 0003963 274.0602  85.8719  1.70473908 48691
1 38857U 12055A   20222.95987484  .00000012  00000-0  00000-0 0  9999
2 38857  54.9866 160.3096 0003887 274.2522  85.6877  1.70473893 48720
1 38857U 12055A   20223.54646036  .00000013  00000-0  00000+0 0  9990
2 38857  54.9866 160.2935 0003866 274.3113  85.6298  1.70473887 48736
1 38857U 12055A   20223.54646036  .00000013  00000-0  00000-0 0  9991
2 38857  54.9866 160.2935 0003866 274.3113  85.6298  1.70473887 48736
1 38857U 12055A   20225.89279180  .00000012  00000-0  00000+0 0  9991
2 38857  54.9870 160.2289 0003819 274.3388  85.6013  1.70473853 48777
1 38857U 12055A   20226.47937346  .00000011  00000-0  00000-0 0  9991
2 38857  54.9871 160.2128 0003799 274.3822  85.5569  1.70473841 48783
1 38857U 12055A   20227.06595458  .00000010  00000-0  00000-0 0  9990
2 38857  54.9872 160.1966 0003788 274.3597  85.5781  1.70473832 48797
1 38857U 12055A   20228.23911871  .00000006  00000-0  00000+0 0  9995
2 38857  54.9873 160.1644 0003732 274.4343  85.5017  1.70473804 48814
1 38857U 12055A   20228.23911871  .00000006  00000-0  00000-0 0  9996
2 38857  54.9873 160.1644 0003732 274.4343  85.5017  1.70473804 48814
1 38857U 12055A   20229.99887115  .00000002  00000-0  00000-0 0  9999
2 38857  54.9862 160.1160 0003646 274.6244  85.3126  1.70473775 48840
1 38857U 12055A   20231.75863309  .00000002  00000-0  00000+0 0  9994
2 38857  54.9874 160.0676 0003605 274.5026  85.4414  1.70473742 48874
1 38857U 12055A   20232.93181326  .00000004  00000-0  00000-0 0  9990
2 38857  54.9874 160.0353 0003565 274.5314  85.4205  1.70473726 48893
1 38857U 12055A   20234.10499427  .00000007  00000-0  00000+0 0  9997
2 38857  54.9876 160.0030 0003525 274.5156  85.4448  1.70473716 48918
1 38857U 12055A   20234.10499427  .00000007  00000-0  00000-0 0  9998
2 38857  54.9876 160.0030 0003525 274.5156  85.4448  1.70473716 48918
1 38857U 12055A   20235.27817270  .00000007  00000-0  00000-0 0  9997
2 38857  54.9878 159.9707 0003481 274.4672  85.5000  1.70473712 48934
1 38857U 12055A   20235.86476001  .00000005  00000-0  00000-0 0  9993
2 38857  54.9879 159.9545 0003456 274.4498  85.5197  1.70473712 48941
1 38857U 12055A   20237.03792972 -.00000001  00000-0  00000+0 0  9998
2 38857  54.9879 159.9222 0003408 274.4237  85.5473  1.70473720 48969
1 38857U 12055A   20239.97083465 -.00000029  00000-0  00000+0 0  9993
2 38857  54.9882 159.8415 0003287 274.1530  85.8100  1.70473759 49013
1 38857U 12055A   20239.97083465 -.00000029  00000-0  00000-0 0  9994
2 38857  54.9882 159.8415 0003287 274.1530  85.8100  1.70473759 49013
1 38857U 12055A   20242.31716471 -.00000041  00000-0  00000+0 0  9999
2 38857  54.9885 159.7769 0003201 273.9096  86.0508  1.70473820 49055
1 38857U 12055A   20245.83669810 -.00000024  00000-0  00000+0 0  9994
2 38857  54.9888 159.6800 0003099 273.7497  86.2308  1.70473899 49114
1 38857U 12055A   20245.83669830 -.00000024  00000-0  00000-0 0  9997
2 38857  54.9888 159.6800 0003086 273.6932  86.2875  1.70473909 49114
1 38857U 12055A   20252.87575327  .00000003  00000-0  00000+0 0  9991
2 38857  54.9894 159.4864 0002847 273.5522  86.4621  1.70473899 49239
1 38857U 12055A   20254.04891894  .00000002  00000-0  00000-0 0  9992
2 38857  54.9896 159.4541 0002789 273.6441  86.3692  1.70473872 49259
1 38857U 12055A   20255.22208342  .00000001  00000-0  00000+0 0  9991
2 38857  54.9897 159.4218 0002739 273.5977  86.4144  1.70473852 49272
1 38857U 12055A   20255.22208342  .00000001  00000-0  00000-0 0  9992
2 38857  54.9897 159.4218 0002739 273.5977  86.4144  1.70473852 49272
1 38857U 12055A   20257.56842150 -.00000001  00000-0  00000+0 0  9992
2 38857  54.9900 159.3572 0002640 273.3876  86.6271  1.70473802 49319
1 38857U 12055A   20257.56842150 -.00000001  00000-0  00000-0 0  9993
2 38857  54.9900 159.3572 0002640 273.3876  86.6271  1.70473802 49319
1 38857U 12055A   20258.15500889 -.00000000  00000-0  00000-0 0  9998
2 38857  54.9901 159.3410 0002619 273.2990  86.7180  1.70473788 49327
1 38857U 12055A   20258.74159748  .00000001  00000-0  00000-0 0  9997
2 38857  54.9901 159.3249 0002597 273.2135  86.8066  1.70473778 49337
1 38857U 12055A   20259.91477761  .00000005  00000-0  00000+0 0  9998
2 38857  54.9902 159.2925 0002554 273.0121  87.0158  1.70473754 49355
1 38857U 12055A   20265.19406312  .00000001  00000-0  00000-0 0  9996
2 38857  54.9907 159.1470 0002350 272.0799  87.9684  1.70473742 49448
1 38857U 12055A   20265.78064363 -.00000004  00000-0  00000-0 0  9991
2 38857  54.9908 159.1309 0002328 272.0244  88.0222  1.70473748 49457
1 38857U 12055A   20266.95380310 -.00000014  00000-0  00000-0 0  9995
2 38857  54.9909 159.0985 0002281 271.6914  88.3507  1.70473765 49474
1 38857U 12055A   20267.54038305 -.00000019  00000-0  00000+0 0  9999
2 38857  54.9910 159.0824 0002259 271.4767  88.5632  1.70473777 49482
1 38857U 12055A   20267.54038305 -.00000019  00000-0  00000-0 0  9990
2 38857  54.9910 159.0824 0002259 271.4767  88.5632  1.70473777 49482
1 38857U 12055A   20268.12696366 -.00000022  00000-0  00000-0 0  9996
2 38857  54.9911 159.0662 0002239 271.2898  88.7483  1.70473789 49494
1 38857U 12055A   20269.88671267 -.00000025  00000-0  00000-0 0  9996
2 38857  54.9911 159.0178 0002190 270.8165  89.2208  1.70473832 49528
1 38857U 12055A   20271.05988616 -.00000020  00000-0  00000-0 0  9992
2 38857  54.9913 158.9855 0002155 270.5418  89.4994  1.70473861 49547
1 38857U 12055A   20272.23306464 -.00000011  00000-0  00000+0 0  9997
2 38857  54.9914 158.9532 0002114 270.2565  89.7917  1.70473890 49567
1 38857U 12055A   20272.23306464 -.00000011  00000-0  00000-0 0  9998
2 38857  54.9914 158.9532 0002114 270.2565  89.7917  1.70473890 49567
1 38857U 12055A   20272.81965500 -.00000006  00000-0  00000-0 0  9998
2 38857  54.9915 158.9371 0002092 270.1139  89.9386  1.70473903 49578
1 38857U 12055A   20273.99283664  .00000003  00000-0  00000-0 0  9998
2 38857  54.9916 158.9048 0002044 269.7869  90.2746  1.70473922 49599
1 38857U 12055A   20275.16601669  .00000012  00000-0  00000+0 0  9997
2 38857  54.9918 158.8725 0002009 269.3897  90.6802  1.70473936 49615
1 38857U 12055A   20275.75260583  .00000015  00000-0  00000-0 0  9992
2 38857  54.9919 158.8563 0001991 269.2018  90.8716  1.70473940 49621
1 38857U 12055A   20277.51236760  .00000024  00000-0  00000+0 0  9997
2 38857  54.9922 158.8079 0001936 268.7840  91.2966  1.70473937 49654
1 38857U 12055A   20277.51236760  .00000024  00000-0  00000-0 0  9998
2 38857  54.9922 158.8079 0001936 268.7840  91.2966  1.70473937 49654
1 38857U 12055A   20278.09895287  .00000026  00000-0  00000-0 0  9999
2 38857  54.9924 158.7918 0001918 268.6910  91.3907  1.70473931 49665
1 38857U 12055A   20279.85870220  .00000030  00000-0  00000+0 0  9998
2 38857  54.9926 158.7434 0001862 268.4468  91.6343  1.70473910 49691
1 38857U 12055A   20281.03186498  .00000032  00000-0  00000-0 0  9991
2 38857  54.9928 158.7111 0001818 268.1122  91.9664  1.70473889 49717
1 38857U 12055A   20282.20502693  .00000032  00000-0  00000+0 0  9999
2 38857  54.9930 158.6788 0001773 267.7601  92.3155  1.70473867 49734
1 38857U 12055A   20282.20502693  .00000032  00000-0  00000-0 0  9990
2 38857  54.9930 158.6788 0001773 267.7601  92.3155  1.70473867 49734
1 38857U 12055A   20283.96477318  .00000032  00000-0  00000-0 0  9999
2 38857  54.9934 158.6303 0001708 267.0893  92.9840  1.70473835 49760
1 38857U 12055A   20286.89770423  .00000040  00000-0  00000+0 0  9995
2 38857  54.9939 158.5496 0001625 265.8261  94.2555  1.70473781 49814
1 38857U 12055A   20286.89770428  .00000040  00000-0  00000-0 0  9991
2 38857  54.9939 158.5496 0001623 265.7579  94.3238  1.70473780 49811
1 38857U 12055A   20288.07088177  .00000046  00000-0  00000-0 0  9992
2 38857  54.9941 158.5172 0001603 265.6953  94.3928  1.70473770 49835
1 38857U 12055A   20289.83064559  .00000052  00000-0  00000+0 0  9991
2 38857  54.9943 158.4687 0001553 264.7996  95.2966  1.70473755 49866
1 38857U 12055A   20292.17697732  .00000045  00000-0  00000+0 0  9999
2 38857  54.9947 158.4040 0001484 263.4068  96.6878  1.70473760 49900
1 38857U 12055A   20292.17697732  .00000045  00000-0  00000-0 0  9990
2 38857  54.9947 158.4040 0001484 263.4068  96.6878  1.70473760 49900
1 38857U 12055A   20292.76355643  .00000041  00000-0  00000-0 0  9993
2 38857  54.9948 158.3879 0001466 263.0124  97.0795  1.70473765 49918
1 38857U 12055A   20293.93671207  .00000031  00000-0  00000-0 0  9999
2 38857  54.9950 158.3555 0001435 262.1479  97.9370  1.70473779 49936
1 38857U 12055A   20294.52328967  .00000027  00000-0  00000-0 0  9992
2 38857  54.9951 158.3394 0001421 261.7473  98.3341  1.70473788 49946
1 38857U 12055A   20296.28302705  .00000019  00000-0  00000-0 0  9990
2 38857  54.9955 158.2909 0001375 260.1256  99.9475  1.70473812 49977
1 38857U 12055A   20296.86960861  .00000019  00000-0  00000+0 0  9996
2 38857  54.9956 158.2747 0001362 259.5950 100.4769  1.70473830 49982
1 38857U 12055A   20298.62936194  .00000026  00000-0  00000-0 0  9993
2 38857  54.9960 158.2263 0001337 258.4937 101.5798  1.70473863 50011
1 38857U 12055A   20299.21594908  .00000031  00000-0  00000-0 0  9998
2 38857  54.9961 158.2101 0001320 258.0443 102.0313  1.70473883 50025
1 38857U 12055A   20300.97571366  .00000046  00000-0  00000-0 0  9993
2 38857  54.9965 158.1617 0001285 256.7268 103.3575  1.70473914 50052
1 38857U 12055A   20303.90864919  .00000065  00000-0  00000+0 0  9998
2 38857  54.9972 158.0809 0001220 254.1799 105.9156  1.70473932 50101
1 38857U 12055A   20303.90864919  .00000065  00000-0  00000-0 0  9999
2 38857  54.9972 158.0809 0001220 254.1799 105.9156  1.70473932 50101
1 38857U 12055A   20306.84155987  .00000074  00000-0  00000+0 0  9992
2 38857  54.9979 158.0002 0001183 252.6245 107.4670  1.70473906 50154
1 38857U 12055A   20308.01471838  .00000075  00000-0  00000-0 0  9991
2 38857  54.9982 157.9679 0001168 251.9098 108.1764  1.70473885 50177
1 38857U 12055A   20309.18787521  .00000076  00000-0  00000+0 0  9999
2 38857  54.9985 157.9356 0001154 251.1515 108.9286  1.70473866 50191
1 38857U 12055A   20309.18787521  .00000076  00000-0  00000-0 0  9990
2 38857  54.9985 157.9356 0001154 251.1515 108.9286  1.70473866 50191
1 38857U 12055A   20309.77445406  .00000076  00000-0  00000-0 0  9998
2 38857  54.9986 157.9195 0001144 250.6657 109.4116  1.70473855 50201
1 38857U 12055A   20310.94761373  .00000076  00000-0  00000-0 0  9993
2 38857  54.9988 157.8872 0001117 249.3063 110.7665  1.70473823 50221
1 38857U 12055A   20311.53419470  .00000077  00000-0  00000-0 0  9998
2 38857  54.9990 157.8710 0001117 249.0784 110.9929  1.70473819 50233
1 38857U 12055A   20311.53419524  .00000077  00000-0  00000+0 0  9997
2 38857  54.9991 157.8711 0001102 248.6125 111.4590  1.70473808 50231
1 38857U 12055A   20315.05370393  .00000088  00000+0  00000+0 0  9999
2 38857  55.0000 157.7741 0001084 246.1507 113.9250  1.70473748 50291
1 38857U 12055A   20316.22687683  .00000092  00000+0  00000+0 0  9997
2 38857  55.0002 157.7418 0001078 245.3862 114.6928  1.70473733 50319
1 38857U 12055A   20317.98662865  .00000094  00000-0  00000-0 0  9990
2 38857  55.0005 157.6933 0001068 244.0880 115.9914  1.70473721 50347
1 38857U 12055A   20320.91951818  .00000074  00000-0  00000+0 0  9993
2 38857  55.0015 157.6125 0001050 240.5690 119.4927  1.70473738 50398
1 38857U 12055A   20320.91951822  .00000074  00000-0  00000-0 0  9999
2 38857  55.0014 157.6125 0001051 240.6828 119.3789  1.70473735 50394
1 38857U 12055A   20324.43898120  .00000055  00000-0  00000+0 0  9999
2 38857  55.0025 157.5155 0001060 238.2019 121.8357  1.70473791 50451
1 38857U 12055A   20325.02556285  .00000057  00000-0  00000-0 0  9991
2 38857  55.0027 157.4993 0001064 237.6019 122.4345  1.70473811 50467
1 38857U 12055A   20326.19873050  .00000062  00000-0  00000-0 0  9998
2 38857  55.0030 157.4670 0001068 237.0495 122.9870  1.70473837 50487
1 38857U 12055A   20327.37190247  .00000070  00000-0  00000+0 0  9997
2 38857  55.0032 157.4347 0001070 236.0354 124.0037  1.70473854 50506
1 38857U 12055A   20330.30483301  .00000088  00000-0  00000-0 0  9990
2 38857  55.0040 157.3540 0001070 233.8113 126.2354  1.70473894 50552
1 38857U 12055A   20330.89141736  .00000091  00000-0  00000-0 0  9991
2 38857  55.0042 157.3379 0001071 233.6942 126.3529  1.70473892 50567
1 38857U 12055A   20332.65116362  .00000095  00000-0  00000+0 0  9997
2 38857  55.0047 157.2895 0001083 232.9460 127.0981  1.70473877 50590
1 38857U 12055A   20334.99747889  .00000096  00000-0  00000+0 0  9991
2 38857  55.0053 157.2250 0001094 232.8620 127.1702  1.70473843 50631
1 38857U 12055A   20335.58405644  .00000096  00000-0  00000-0 0  9998
2 38857  55.0055 157.2088 0001093 232.6190 127.4094  1.70473831 50646
1 38857U 12055A   20336.17063387  .00000096  00000-0  00000-0 0  9998
2 38857  55.0057 157.1927 0001094 232.4925 127.5320  1.70473813 50658
1 38857U 12055A   20337.93036834  .00000094  00000-0  00000+0 0  9997
2 38857  55.0061 157.1443 0001093 231.3130 128.7012  1.70473765 50681
1 38857U 12055A   20337.93036834  .00000094  00000-0  00000-0 0  9998
2 38857  55.0061 157.1443 0001093 231.3130 128.7012  1.70473765 50681
1 38857U 12055A   20339.69011051  .00000093  00000-0  00000-0 0  9996
2 38857  55.0067 157.0958 0001110 230.5634 129.4451  1.70473731 50719
1 38857U 12055A   20343.79620614  .00000102  00000-0  00000+0 0  9993
2 38857  55.0082 156.9828 0001152 230.5417 129.4714  1.70473649 50782
1 38857U 12055A   20344.38279049  .00000102  00000-0  00000-0 0  9992
2 38857  55.0082 156.9666 0001156 230.4429 129.5703  1.70473648 50797
1 38857U 12055A   20348.48883950  .00000073  00000-0  00000+0 0  9995
2 38857  55.0091 156.8536 0001200 229.3615 130.6277  1.70473653 50869
1 38857U 12055A   20348.48883950  .00000073  00000-0  00000-0 0  9996
2 38857  55.0091 156.8536 0001200 229.3615 130.6277  1.70473653 50869
1 38857U 12055A   20349.66199063  .00000061  00000-0  00000-0 0  9999
2 38857  55.0095 156.8213 0001219 229.3291 130.6495  1.70473661 50888
1 38857U 12055A   20350.83514449  .00000054  00000-0  00000+0 0  9990
2 38857  55.0098 156.7890 0001254 229.4160 130.5540  1.70473694 50905
1 38857U 12055A   20350.83514449  .00000054  00000-0  00000-0 0  9991
2 38857  55.0098 156.7890 0001254 229.4160 130.5540  1.70473694 50905
1 38857U 12055A   20352.59488723  .00000052  00000-0  00000-0 0  9999
2 38857  55.0102 156.7406 0001280 229.7357 130.2285  1.70473734 50935
1 38857U 12055A   20354.94122931  .00000062  00000-0  00000-0 0  9997
2 38857  55.0108 156.6760 0001313 229.8153 130.1526  1.70473784 50971
1 38857U 12055A   20357.28757550  .00000073  00000-0  00000+0 0  9999
2 38857  55.0114 156.6114 0001349 229.9876 129.9868  1.70473808 51011
1 38857U 12055A   20357.28757550  .00000073  00000-0  00000-0 0  9990
2 38857  55.0114 156.6114 0001349 229.9876 129.9868  1.70473808 51011
1 38857U 12055A   20357.87416077  .00000074  00000-0  00000-0 0  9992
2 38857  55.0114 156.5953 0001363 230.1908 129.7843  1.70473810 51022
1 38857U 12055A   20358.46074489  .00000075  00000-0  00000-0 0  9996
2 38857  55.0115 156.5791 0001370 230.2139 129.7614  1.70473811 51036
1 38857U 12055A   20360.22049105  .00000076  00000-0  00000+0 0  9990
2 38857  55.0120 156.5307 0001410 231.3093 128.6625  1.70473795 51065
1 38857U 12055A   20360.22049105  .00000076  00000-0  00000-0 0  9991
2 38857  55.0120 156.5307 0001410 231.3093 128.6625  1.70473795 51065
1 38857U 12055A   20360.80707113  .00000075  00000-0  00000-0 0  9994
2 38857  55.0121 156.5145 0001420 231.4157 128.5539  1.70473796 51074
1 38857U 12055A   20360.80707155  .00000075  00000-0  00000-0 0  9990
2 38857  55.0121 156.5147 0001418 231.6080 128.3616  1.70473781 51078
1 38857U 12055A   20362.56680852  .00000073  00000-0  00000+0 0  9996
2 38857  55.0124 156.4663 0001445 232.4535 127.5068  1.70473742 51100
1 38857U 12055A   20362.56680852  .00000073  00000-0  00000-0 0  9997
2 38857  55.0124 156.4663 0001445 232.4535 127.5068  1.70473742 51100
1 38857U 12055A   20364.91312420  .00000068  00000-0  00000+0 0  9994
2 38857  55.0129 156.4018 0001469 232.8877 127.0600  1.70473686 51146
1 38857U 12055A   20364.91312420  .00000068  00000-0  00000-0 0  9995
2 38857  55.0129 156.4018 0001469 232.8877 127.0600  1.70473686 51146

