1 39741U 14026A   20092.92781897 -.00000009  00000-0  00000+0 0  9990
2 39741  56.1004  59.8152 0021387 295.5942  64.1794  2.00551572 43048
1 39741U 14026A   20092.92781897 -.00000009  00000-0  00000-0 0  9991
2 39741  56.1004  59.8152 0021387 295.5942  64.1794  2.00551572 43060
1 39741U 14026A   20093.92504160 -.00000010  00000-0  00000-0 0  9990
2 39741  56.1010  59.7759 0021378 295.6557  64.1169  2.00551474 43081
1 39741U 14026A   20094.92226231 -.00000015  00000-0  00000-0 0  9996
2 39741  56.1017  59.7367 0021361 295.7084  64.0617  2.00551368 43103
1 39741U 14026A   20095.91948179 -.00000021  00000-0  00000-0 0  9995
2 39741  56.1024  59.6973 0021359 295.7568  64.0095  2.00551310 43104
1 39741U 14026A   20097.41531073 -.00000032  00000-0  00000-0 0  9995
2 39741  56.1035  59.6384 0021342 295.8371  63.9229  2.00551201 43158
1 39741U 14026A   20098.91114287 -.00000043  00000-0  00000+0 0  9996
2 39741  56.1045  59.5795 0021321 295.8919  63.8634  2.00551109 43166
1 39741U 14026A   20100.90559398 -.00000051  00000-0  00000-0 0  9995
2 39741  56.1059  59.5009 0021299 296.0041  63.7497  2.00550982 43223
1 39741U 14026A   20101.40420808 -.00000051  00000-0  00000+0 0  9993
2 39741  56.1063  59.4813 0021294 296.0309  63.7235  2.00550949 43214
1 39741U 14026A   20101.90282242 -.00000051  00000-0  00000-0 0  9997
2 39741  56.1066  59.4617 0021287 296.0583  63.6970  2.00550928 43240
1 39741U 14026A   20101.90282259 -.00000051  00000-0  00000-0 0  9995
2 39741  56.1066  59.4616 0021288 296.0492  63.7060  2.00550935 43248
1 39741U 14026A   20102.40143745 -.00000051  00000-0  00000-0 0  9997
2 39741  56.1069  59.4420 0021279 296.0771  63.6792  2.00550908 43256
1 39741U 14026A   20102.90005270 -.00000051  00000-0  00000-0 0  9992
2 39741  56.1073  59.4224 0021266 296.1290  63.6285  2.00550886 43269
1 39741U 14026A   20103.39866811 -.00000050  00000-0  00000-0 0  9991
2 39741  56.1076  59.4028 0021257 296.1518  63.6069  2.00550865 43275
1 39741U 14026A   20103.89728350 -.00000050  00000-0  00000-0 0  9991
2 39741  56.1079  59.3831 0021241 296.1933  63.5666  2.00550833 43269
1 39741U 14026A   20105.39312836 -.00000050  00000-0  00000-0 0  9996
2 39741  56.1089  59.3242 0021224 296.2520  63.5102  2.00550797 43310
1 39741U 14026A   20105.89174315 -.00000051  00000-0  00000-0 0  9990
2 39741  56.1092  59.3046 0021216 296.2762  63.4864  2.00550763 43323
1 39741U 14026A   20107.38758511 -.00000054  00000-0  00000+0 0  9994
2 39741  56.1103  59.2457 0021191 296.3571  63.4053  2.00550713 43338
1 39741U 14026A   20107.88619921 -.00000056  00000-0  00000-0 0  9993
2 39741  56.1106  59.2260 0021182 296.3844  63.3775  2.00550680 43362
1 39741U 14026A   20108.38481310 -.00000058  00000-0  00000-0 0  9990
2 39741  56.1110  59.2064 0021175 296.4132  63.3482  2.00550649 43373
1 39741U 14026A   20109.38204030 -.00000061  00000-0  00000-0 0  9997
2 39741  56.1116  59.1672 0021159 296.4697  63.2904  2.00550604 43392
1 39741U 14026A   20109.88065376 -.00000063  00000-0  00000+0 0  9991
2 39741  56.1120  59.1476 0021155 296.4947  63.2647  2.00550595 43385
1 39741U 14026A   20110.37926767 -.00000064  00000-0  00000-0 0  9999
2 39741  56.1122  59.1280 0021145 296.5251  63.2337  2.00550560 43410
1 39741U 14026A   20111.87511084 -.00000065  00000-0  00000-0 0  9998
2 39741  56.1132  59.0692 0021118 296.6125  63.1454  2.00550477 43447
1 39741U 14026A   20112.87234141 -.00000063  00000-0  00000+0 0  9992
2 39741  56.1138  59.0300 0021100 296.6706  63.0877  2.00550425 43446
1 39741U 14026A   20112.87234141 -.00000063  00000-0  00000-0 0  9993
2 39741  56.1138  59.0300 0021100 296.6706  63.0877  2.00550425 43468
1 39741U 14026A   20113.37095767 -.00000061  00000-0  00000-0 0  9996
2 39741  56.1141  59.0104 0021091 296.6910  63.0677  2.00550365 43472
1 39741U 14026A   20114.36819078 -.00000056  00000-0  00000-0 0  9999
2 39741  56.1147  58.9711 0021073 296.7477  63.0129  2.00550305 43497
1 39741U 14026A   20115.36542552 -.00000051  00000-0  00000+0 0  9994
2 39741  56.1153  58.9319 0021059 296.7783  62.9849  2.00550201 43494
1 39741U 14026A   20116.36237871 -.00000045  00000-0  00000+0 0  9993
2 39741  56.1104  58.8929 0023590 294.1092  65.6258  2.00581767 43511
1 39741U 14026A   20118.85513925 -.00000033  00000-0  00000+0 0  9993
2 39741  56.1133  58.7948 0021798 295.5625  64.2018  2.00581267 43567
1 39741U 14026A   20119.35367984 -.00000032  00000-0  00000-0 0  9991
2 39741  56.1203  58.7753 0021868 295.3960  64.3685  2.00581002 43598
1 39741U 14026A   20120.35076078 -.00000032  00000-0  00000-0 0  9994
2 39741  56.1179  58.7358 0021897 295.6135  64.1525  2.00580819 43619
1 39741U 14026A   20121.84637879 -.00000035  00000-0  00000+0 0  9993
2 39741  56.1189  58.6769 0021886 295.6034  64.1620  2.00580672 43625
1 39741U 14026A   20122.84345797 -.00000041  00000-0  00000-0 0  9997
2 39741  56.1196  58.6376 0021803 295.7132  64.0512  2.00580542 43665
1 39741U 14026A   20123.34199652 -.00000044  00000-0  00000-0 0  9993
2 39741  56.1200  58.6180 0021798 295.7262  64.0370  2.00580507 43675
1 39741U 14026A   20123.34199676 -.00000044  00000-0  00000-0 0  9999
2 39741  56.1201  58.6180 0021776 295.7580  64.0055  2.00580456 43678
1 39741U 14026A   20124.33907334 -.00000051  00000-0  00000+0 0  9994
2 39741  56.1208  58.5787 0021750 295.7826  63.9782  2.00580363 43674
1 39741U 14026A   20125.33615052 -.00000059  00000-0  00000-0 0  9997
2 39741  56.1215  58.5394 0021742 295.8122  63.9461  2.00580309 43716
1 39741U 14026A   20125.83468977 -.00000062  00000-0  00000-0 0  9998
2 39741  56.1219  58.5197 0021727 295.8108  63.9468  2.00580290 43725
1 39741U 14026A   20126.33322933 -.00000065  00000-0  00000-0 0  9998
2 39741  56.1223  58.5001 0021705 295.8401  63.9171  2.00580229 43730
1 39741U 14026A   20127.33031108 -.00000070  00000-0  00000+0 0  9995
2 39741  56.1229  58.4608 0021694 295.8739  63.8835  2.00580175 43735
1 39741U 14026A   20127.82885232 -.00000071  00000-0  00000-0 0  9996
2 39741  56.1232  58.4411 0021685 295.8757  63.8822  2.00580175 43760
1 39741U 14026A   20128.32739451 -.00000072  00000-0  00000-0 0  9994
2 39741  56.1236  58.4215 0021672 295.9000  63.8590  2.00580135 43773
1 39741U 14026A   20129.82302432 -.00000073  00000-0  00000+0 0  9995
2 39741  56.1245  58.3626 0021631 295.9496  63.8141  2.00580054 43785
1 39741U 14026A   20130.32156851 -.00000073  00000-0  00000-0 0  9995
2 39741  56.1248  58.3430 0021617 295.9647  63.8008  2.00580017 43818
1 39741U 14026A   20131.31865581 -.00000072  00000-0  00000-0 0  9991
2 39741  56.1254  58.3037 0021590 295.9942  63.7748  2.00579982 43837
1 39741U 14026A   20132.31574297 -.00000072  00000-0  00000+0 0  9992
2 39741  56.1260  58.2644 0021561 296.0249  63.7471  2.00579938 43831
1 39741U 14026A   20132.31574297 -.00000072  00000-0  00000-0 0  9993
2 39741  56.1260  58.2644 0021561 296.0249  63.7471  2.00579938 43853
1 39741U 14026A   20133.31282873 -.00000073  00000-0  00000-0 0  9991
2 39741  56.1267  58.2251 0021532 296.0517  63.7225  2.00579912 43871
1 39741U 14026A   20134.30991366 -.00000076  00000-0  00000-0 0  9998
2 39741  56.1272  58.1858 0021507 296.0786  63.6967  2.00579877 43893
1 39741U 14026A   20136.30408274 -.00000083  00000-0  00000-0 0  9999
2 39741  56.1285  58.1073 0021460 296.1374  63.6382  2.00579764 43939
1 39741U 14026A   20136.80262449 -.00000084  00000-0  00000+0 0  9996
2 39741  56.1288  58.0876 0021458 296.1536  63.6219  2.00579751 43923
1 39741U 14026A   20137.79970869 -.00000086  00000-0  00000-0 0  9990
2 39741  56.1295  58.0483 0021441 296.1882  63.5873  2.00579707 43961
1 39741U 14026A   20138.79679407 -.00000087  00000-0  00000-0 0  9996
2 39741  56.1301  58.0091 0021409 296.2150  63.5611  2.00579651 43987
1 39741U 14026A   20143.28369741 -.00000067  00000-0  00000+0 0  9990
2 39741  56.1328  57.8325 0021305 296.3145  63.4740  2.00579306 44051
1 39741U 14026A   20147.77061471 -.00000049  00000-0  00000+0 0  9997
2 39741  56.1355  57.6558 0021188 296.4131  63.3927  2.00578879 44142
1 39741U 14026A   20153.25459865 -.00000076  00000-0  00000-0 0  9996
2 39741  56.1390  57.4396 0021044 296.4587  63.3423  2.00578416 44277
1 39741U 14026A   20153.25459890 -.00000076  00000-0  00000-0 0  9994
2 39741  56.1390  57.4396 0021052 296.4550  63.3459  2.00578417 44276
1 39741U 14026A   20154.25168955 -.00000081  00000-0  00000-0 0  9990
2 39741  56.1397  57.4003 0021029 296.4582  63.3429  2.00578357 44299
1 39741U 14026A   20154.25169011 -.00000081  00000-0  00000-0 0  9994
2 39741  56.1397  57.4004 0021013 296.4656  63.3357  2.00578329 44294
1 39741U 14026A   20155.24878291 -.00000084  00000-0  00000-0 0  9994
2 39741  56.1403  57.3610 0020987 296.4711  63.3318  2.00578284 44315
1 39741U 14026A   20155.24878337 -.00000084  00000-0  00000-0 0  9995
2 39741  56.1403  57.3611 0020997 296.4607  63.3422  2.00578285 44318
1 39741U 14026A   20155.74733066 -.00000084  00000-0  00000+0 0  9998
2 39741  56.1406  57.3414 0020975 296.4776  63.3268  2.00578247 44300
1 39741U 14026A   20156.24587845 -.00000084  00000-0  00000-0 0  9997
2 39741  56.1409  57.3218 0020962 296.4820  63.3240  2.00578227 44332
1 39741U 14026A   20157.24297531 -.00000084  00000-0  00000-0 0  9998
2 39741  56.1416  57.2825 0020930 296.4858  63.3240  2.00578175 44353
1 39741U 14026A   20157.24297535 -.00000084  00000-0  00000-0 0  9992
2 39741  56.1416  57.2825 0020941 296.4735  63.3361  2.00578184 44353
1 39741U 14026A   20158.24007241 -.00000083  00000-0  00000-0 0  9995
2 39741  56.1422  57.2432 0020914 296.4871  63.3265  2.00578145 44355
1 39741U 14026A   20158.73862141 -.00000083  00000-0  00000-0 0  9997
2 39741  56.1426  57.2236 0020896 296.4922  63.3232  2.00578108 44383
1 39741U 14026A   20160.23426554 -.00000083  00000-0  00000-0 0  9999
2 39741  56.1435  57.1647 0020851 296.4926  63.3271  2.00578059 44415
1 39741U 14026A   20161.23136057 -.00000084  00000-0  00000-0 0  9997
2 39741  56.1441  57.1254 0020823 296.4915  63.3298  2.00578020 44432
1 39741U 14026A   20161.72990780 -.00000086  00000-0  00000-0 0  9994
2 39741  56.1445  57.1058 0020814 296.4948  63.3270  2.00577994 44422
1 39741U 14026A   20161.72990780 -.00000086  00000-0  00000-0 0  9994
2 39741  56.1445  57.1058 0020816 296.5044  63.3174  2.00578001 44447
1 39741U 14026A   20162.22845441 -.00000087  00000-0  00000-0 0  9994
2 39741  56.1448  57.0861 0020798 296.4976  63.3245  2.00577983 44451
1 39741U 14026A   20164.22264168 -.00000093  00000-0  00000+0 0  9993
2 39741  56.1461  57.0076 0020748 296.5053  63.3171  2.00577898 44471
1 39741U 14026A   20164.72118921 -.00000094  00000-0  00000-0 0  9995
2 39741  56.1464  56.9879 0020737 296.5102  63.3121  2.00577848 44487
1 39741U 14026A   20165.71828372 -.00000094  00000-0  00000-0 0  9993
2 39741  56.1470  56.9487 0020715 296.5070  63.3157  2.00577798 44527
1 39741U 14026A   20167.21392832 -.00000091  00000-0  00000+0 0  9993
2 39741  56.1480  56.8898 0020674 296.5104  63.3142  2.00577699 44530
1 39741U 14026A   20168.21102666 -.00000087  00000-0  00000-0 0  9994
2 39741  56.1487  56.8506 0020649 296.5084  63.3185  2.00577621 44578
1 39741U 14026A   20169.20812587 -.00000081  00000-0  00000-0 0  9998
2 39741  56.1493  56.8113 0020628 296.5051  63.3249  2.00577554 44598
1 39741U 14026A   20169.20812600 -.00000081  00000-0  00000-0 0  9994
2 39741  56.1493  56.8113 0020628 296.4985  63.3315  2.00577556 44599
1 39741U 14026A   20170.20522979 -.00000074  00000-0  00000-0 0  9995
2 39741  56.1499  56.7721 0020605 296.4813  63.3526  2.00577382 44595
1 39741U 14026A   20170.20522979 -.00000074  00000-0  00000-0 0  9995
2 39741  56.1499  56.7721 0020605 296.4813  63.3526  2.00577382 44618
1 39741U 14026A   20172.19943171 -.00000060  00000-0  00000-0 0  9991
2 39741  56.1512  56.6935 0020571 296.4761  63.3664  2.00577273 44650
1 39741U 14026A   20173.19653409 -.00000055  00000-0  00000+0 0  9997
2 39741  56.1519  56.6543 0020575 296.4628  63.3834  2.00577158 44659
1 39741U 14026A   20173.69508536 -.00000053  00000-0  00000-0 0  9991
2 39741  56.1522  56.6346 0020554 296.4767  63.3713  2.00577128 44681
1 39741U 14026A   20174.19363549 -.00000051  00000-0  00000-0 0  9998
2 39741  56.1525  56.6150 0020541 296.4561  63.3933  2.00577068 44693
1 39741U 14026A   20175.19073463 -.00000050  00000-0  00000-0 0  9991
2 39741  56.1532  56.5757 0020507 296.4500  63.4012  2.00577000 44716
1 39741U 14026A   20175.68928429 -.00000050  00000-0  00000+0 0  9995
2 39741  56.1535  56.5561 0020504 296.4192  63.4323  2.00576946 44708
1 39741U 14026A   20176.18783339 -.00000051  00000-0  00000-0 0  9992
2 39741  56.1538  56.5364 0020492 296.4108  63.4406  2.00576891 44739
1 39741U 14026A   20177.18493033 -.00000054  00000-0  00000-0 0  9995
2 39741  56.1545  56.4972 0020469 296.3890  63.4614  2.00576797 44750
1 39741U 14026A   20179.17912230 -.00000064  00000-0  00000+0 0  9991
2 39741  56.1558  56.4185 0020419 296.3328  63.5132  2.00576619 44772
1 39741U 14026A   20180.17621906 -.00000070  00000-0  00000-0 0  9998
2 39741  56.1565  56.3792 0020397 296.3095  63.5346  2.00576550 44815
1 39741U 14026A   20181.17331769 -.00000074  00000-0  00000-0 0  9998
2 39741  56.1572  56.3400 0020377 296.2850  63.5581  2.00576486 44836
1 39741U 14026A   20183.16752274 -.00000078  00000-0  00000+0 0  9990
2 39741  56.1586  56.2614 0020342 296.2549  63.5905  2.00576325 44858
1 39741U 14026A   20183.16752274 -.00000078  00000-0  00000-0 0  9991
2 39741  56.1586  56.2614 0020342 296.2549  63.5905  2.00576325 44858
1 39741U 14026A   20183.66607438 -.00000078  00000-0  00000-0 0  9997
2 39741  56.1590  56.2418 0020327 296.2462  63.6006  2.00576319 44881
1 39741U 14026A   20184.66317935 -.00000077  00000-0  00000-0 0  9997
2 39741  56.1596  56.2025 0020306 296.2269  63.6228  2.00576282 44901
1 39741U 14026A   20185.16173177 -.00000076  00000-0  00000-0 0  9990
2 39741  56.1600  56.1829 0020307 296.2309  63.6202  2.00576260 44913
1 39741U 14026A   20186.15883719 -.00000075  00000-0  00000+0 0  9998
2 39741  56.1607  56.1436 0020292 296.2181  63.6356  2.00576211 44911
1 39741U 14026A   20186.15883719 -.00000075  00000-0  00000-0 0  9999
2 39741  56.1607  56.1436 0020292 296.2181  63.6356  2.00576211 44911
1 39741U 14026A   20189.15014824 -.00000078  00000-0  00000+0 0  9997
2 39741  56.1628  56.0259 0020237 296.1488  63.7079  2.00576076 44972
1 39741U 14026A   20190.14725001 -.00000081  00000-0  00000-0 0  9999
2 39741  56.1634  55.9866 0020214 296.1232  63.7328  2.00576039 45015
1 39741U 14026A   20190.64580255 -.00000082  00000-0  00000-0 0  9995
2 39741  56.1639  55.9671 0020150 296.0669  63.7891  2.00576015 45026
1 39741U 14026A   20191.14435369 -.00000083  00000-0  00000-0 0  9997
2 39741  56.1642  55.9475 0020140 296.0411  63.8143  2.00575974 45019
1 39741U 14026A   20192.14145578 -.00000085  00000-0  00000-0 0  9990
2 39741  56.1648  55.9081 0020116 296.0255  63.8291  2.00575927 45053
1 39741U 14026A   20193.13855966 -.00000084  00000-0  00000-0 0  9998
2 39741  56.1656  55.8690 0020097 296.0036  63.8504  2.00575848 45073
1 39741U 14026A   20193.63711132 -.00000084  00000-0  00000-0 0  9999
2 39741  56.1659  55.8493 0020086 295.9935  63.8605  2.00575834 45067
1 39741U 14026A   20196.12987662 -.00000072  00000-0  00000+0 0  9995
2 39741  56.1676  55.7512 0020031 295.8894  63.9675  2.00575666 45117
1 39741U 14026A   20197.12698659 -.00000065  00000-0  00000-0 0  9994
2 39741  56.1681  55.7119 0020031 296.0092  63.8503  2.00575564 45159
1 39741U 14026A   20198.12409574 -.00000057  00000-0  00000-0 0  9992
2 39741  56.1688  55.6726 0020027 295.9995  63.8630  2.00575499 45174
1 39741U 14026A   20200.11831604 -.00000044  00000-0  00000+0 0  9993
2 39741  56.1702  55.5941 0020019 295.9671  63.9013  2.00575318 45199
1 39741U 14026A   20200.11831690 -.00000044  00000-0  00000-0 0  9999
2 39741  56.1702  55.5942 0019974 295.9048  63.9639  2.00575289 45210
1 39741U 14026A   20200.61687153 -.00000041  00000-0  00000-0 0  9994
2 39741  56.1705  55.5745 0019971 295.8551  64.0146  2.00575287 45223
1 39741U 14026A   20201.11542591 -.00000039  00000-0  00000-0 0  9993
2 39741  56.1709  55.5549 0019967 295.8084  64.0623  2.00575224 45237
1 39741U 14026A   20201.61398038 -.00000037  00000-0  00000-0 0  9991
2 39741  56.1712  55.5353 0019952 295.7482  64.1231  2.00575192 45228
1 39741U 14026A   20201.61398038 -.00000037  00000-0  00000-0 0  9991
2 39741  56.1712  55.5353 0019952 295.7482  64.1231  2.00575192 45240
1 39741U 14026A   20202.61108829 -.00000035  00000-0  00000-0 0  9997
2 39741  56.1719  55.4960 0019935 295.6998  64.1718  2.00575091 45262
1 39741U 14026A   20203.60819443 -.00000036  00000-0  00000-0 0  9999
2 39741  56.1726  55.4567 0019918 295.6370  64.2334  2.00574987 45288
1 39741U 14026A   20204.10674735 -.00000037  00000-0  00000+0 0  9998
2 39741  56.1729  55.4371 0019917 295.6108  64.2584  2.00574908 45271
1 39741U 14026A   20205.60240369 -.00000043  00000-0  00000-0 0  9994
2 39741  56.1738  55.3781 0019889 295.5472  64.3173  2.00574792 45328
1 39741U 14026A   20207.09806020 -.00000050  00000-0  00000+0 0  9998
2 39741  56.1748  55.3192 0019875 295.4557  64.4035  2.00574637 45330
1 39741U 14026A   20209.09227391 -.00000058  00000-0  00000-0 0  9997
2 39741  56.1763  55.2408 0019840 295.3427  64.5125  2.00574484 45390
1 39741U 14026A   20211.58505331 -.00000059  00000-0  00000+0 0  9997
2 39741  56.1781  55.1427 0019810 295.2305  64.6265  2.00574345 45427
1 39741U 14026A   20211.58505331 -.00000059  00000-0  00000-0 0  9998
2 39741  56.1781  55.1427 0019810 295.2305  64.6265  2.00574345 45449
1 39741U 14026A   20213.57927967 -.00000057  00000-0  00000-0 0  9990
2 39741  56.1796  55.0642 0019772 295.1137  64.7461  2.00574245 45484
1 39741U 14026A   20213.57927980 -.00000057  00000-0  00000-0 0  9995
2 39741  56.1796  55.0642 0019779 295.1461  64.7137  2.00574264 45482
1 39741U 14026A   20214.07783627 -.00000057  00000-0  00000+0 0  9998
2 39741  56.1800  55.0446 0019780 295.1252  64.7348  2.00574223 45478
1 39741U 14026A   20215.57350390 -.00000058  00000-0  00000-0 0  9993
2 39741  56.1810  54.9858 0019758 295.0539  64.8056  2.00574163 45522
1 39741U 14026A   20215.57350407 -.00000058  00000-0  00000-0 0  9992
2 39741  56.1811  54.9858 0019761 295.0362  64.8232  2.00574145 45527
1 39741U 14026A   20218.06627871 -.00000065  00000-0  00000+0 0  9998
2 39741  56.1830  54.8878 0019738 294.9136  64.9407  2.00574040 45552
1 39741U 14026A   20220.06050004 -.00000068  00000-0  00000-0 0  9993
2 39741  56.1844  54.8095 0019729 294.8344  65.0155  2.00573930 45614
1 39741U 14026A   20221.55616857 -.00000065  00000-0  00000+0 0  9998
2 39741  56.1855  54.7506 0019715 294.7972  65.0509  2.00573856 45624
1 39741U 14026A   20221.55616857 -.00000065  00000-0  00000-0 0  9999
2 39741  56.1855  54.7506 0019715 294.7972  65.0509  2.00573856 45646
1 39741U 14026A   20221.55616865 -.00000065  00000-0  00000-0 0  9998
2 39741  56.1855  54.7507 0019718 294.7634  65.0845  2.00573838 45626
1 39741U 14026A   20225.04607456 -.00000043  00000-0  00000+0 0  9997
2 39741  56.1881  54.6135 0019715 294.5683  65.2820  2.00573566 45690
1 39741U 14026A   20226.54175269 -.00000032  00000-0  00000-0 0  9994
2 39741  56.1892  54.5548 0019707 294.5202  65.3331  2.00573443 45745
1 39741U 14026A   20228.03743015 -.00000024  00000-0  00000+0 0  9990
2 39741  56.1904  54.4960 0019714 294.4057  65.4494  2.00573274 45755
1 39741U 14026A   20229.03454816 -.00000020  00000-0  00000-0 0  9996
2 39741  56.1912  54.4568 0019703 294.3723  65.4832  2.00573182 45793
1 39741U 14026A   20229.53310615 -.00000019  00000-0  00000-0 0  9997
2 39741  56.1915  54.4372 0019710 294.3136  65.5413  2.00573106 45809
1 39741U 14026A   20230.53022104 -.00000019  00000-0  00000+0 0  9991
2 39741  56.1922  54.3980 0019709 294.2575  65.5956  2.00573015 45806
1 39741U 14026A   20230.53022127 -.00000019  00000-0  00000-0 0  9997
2 39741  56.1922  54.3980 0019701 294.2822  65.5711  2.00573039 45820
1 39741U 14026A   20231.02877805 -.00000020  00000-0  00000-0 0  9995
2 39741  56.1926  54.3784 0019701 294.2201  65.6316  2.00572946 45836
1 39741U 14026A   20232.02589139 -.00000022  00000-0  00000-0 0  9998
2 39741  56.1934  54.3392 0019700 294.1412  65.7067  2.00572838 45858
1 39741U 14026A   20233.02300407 -.00000027  00000-0  00000+0 0  9992
2 39741  56.1941  54.3000 0019701 294.1212  65.7223  2.00572796 45858
1 39741U 14026A   20233.52156031 -.00000029  00000-0  00000-0 0  9992
2 39741  56.1945  54.2804 0019702 294.0775  65.7637  2.00572748 45886
1 39741U 14026A   20234.02011637 -.00000032  00000-0  00000-0 0  9994
2 39741  56.1948  54.2608 0019705 294.0177  65.8211  2.00572673 45897
1 39741U 14026A   20235.01723091 -.00000037  00000-0  00000-0 0  9993
2 39741  56.1955  54.2216 0019715 293.9706  65.8642  2.00572596 45899
1 39741U 14026A   20236.01434703 -.00000041  00000-0  00000-0 0  9998
2 39741  56.1962  54.1824 0019711 293.8923  65.9396  2.00572494 45936
1 39741U 14026A   20237.51002526 -.00000044  00000-0  00000+0 0  9990
2 39741  56.1973  54.1235 0019712 293.8425  65.9877  2.00572435 45942
1 39741U 14026A   20237.51002526 -.00000044  00000-0  00000-0 0  9991
2 39741  56.1973  54.1235 0019712 293.8425  65.9877  2.00572435 45964
1 39741U 14026A   20238.50714614 -.00000044  00000-0  00000-0 0  9999
2 39741  56.1981  54.0844 0019722 293.7676  66.0626  2.00572360 45989
1 39741U 14026A   20238.50714626 -.00000044  00000-0  00000-0 0  9992
2 39741  56.1981  54.0844 0019716 293.7841  66.0462  2.00572375 45980
1 39741U 14026A   20239.50426864 -.00000043  00000-0  00000-0 0  9996
2 39741  56.1988  54.0452 0019722 293.7117  66.1190  2.00572291 46005
1 39741U 14026A   20239.50426880 -.00000043  00000-0  00000-0 0  9994
2 39741  56.1988  54.0452 0019716 293.7280  66.1028  2.00572303 45989
1 39741U 14026A   20240.00282954 -.00000043  00000-0  00000-0 0  9993
2 39741  56.1991  54.0256 0019723 293.6806  66.1504  2.00572271 46014
1 39741U 14026A   20240.50139063 -.00000043  00000-0  00000-0 0  9990
2 39741  56.1995  54.0060 0019718 293.6698  66.1613  2.00572261 46025
1 39741U 14026A   20241.49851194 -.00000043  00000-0  00000-0 0  9995
2 39741  56.2002  53.9668 0019722 293.6059  66.2250  2.00572217 46044
1 39741U 14026A   20242.49563218 -.00000045  00000-0  00000-0 0  9995
2 39741  56.2009  53.9277 0019727 293.5508  66.2788  2.00572183 46060
1 39741U 14026A   20243.49275228 -.00000048  00000-0  00000-0 0  9990
2 39741  56.2016  53.8885 0019737 293.5641  66.2633  2.00572125 46077
1 39741U 14026A   20243.99131170 -.00000049  00000-0  00000-0 0  9993
2 39741  56.2020  53.8689 0019748 293.5254  66.3005  2.00572092 46095
1 39741U 14026A   20244.48987123 -.00000051  00000-0  00000-0 0  9998
2 39741  56.2024  53.8493 0019747 293.5307  66.2939  2.00572078 46101
1 39741U 14026A   20244.98843043 -.00000053  00000-0  00000-0 0  9997
2 39741  56.2027  53.8298 0019756 293.4673  66.3555  2.00572039 46115
1 39741U 14026A   20246.48410958 -.00000057  00000-0  00000+0 0  9992
2 39741  56.2037  53.7711 0019762 293.3402  66.4780  2.00571975 46132
1 39741U 14026A   20246.48410958 -.00000057  00000-0  00000-0 0  9993
2 39741  56.2037  53.7711 0019762 293.3402  66.4780  2.00571975 46132
1 39741U 14026A   20247.48122950 -.00000058  00000-0  00000-0 0  9997
2 39741  56.2042  53.7320 0019771 293.2778  66.5377  2.00571929 46164
1 39741U 14026A   20247.48122972 -.00000058  00000-0  00000-0 0  9991
2 39741  56.2041  53.7320 0019780 293.2686  66.5468  2.00571903 46164
1 39741U 14026A   20248.47835117 -.00000057  00000-0  00000-0 0  9992
2 39741  56.2048  53.6928 0019782 293.2455  66.5680  2.00571872 46172
1 39741U 14026A   20248.47835117 -.00000057  00000-0  00000-0 0  9992
2 39741  56.2048  53.6928 0019788 293.2123  66.6012  2.00571855 46182
1 39741U 14026A   20248.97691265 -.00000056  00000-0  00000-0 0  9990
2 39741  56.2051  53.6733 0019793 293.1899  66.6229  2.00571806 46181
1 39741U 14026A   20251.46972496 -.00000043  00000-0  00000+0 0  9991
2 39741  56.2068  53.5754 0019818 293.0621  66.7508  2.00571656 46231
1 39741U 14026A   20251.96828920 -.00000039  00000-0  00000-0 0  9994
2 39741  56.2072  53.5558 0019837 293.0124  66.8009  2.00571555 46243
1 39741U 14026A   20252.96541682 -.00000032  00000-0  00000-0 0  9995
2 39741  56.2078  53.5167 0019856 292.9523  66.8623  2.00571484 46262
1 39741U 14026A   20252.96541682 -.00000032  00000-0  00000-0 0  9995
2 39741  56.2078  53.5167 0019856 292.9523  66.8623  2.00571484 46273
1 39741U 14026A   20255.45823753 -.00000018  00000-0  00000+0 0  9997
2 39741  56.2095  53.4188 0019887 292.8567  66.9608  2.00571255 46310
1 39741U 14026A   20256.45536612 -.00000016  00000-0  00000-0 0  9992
2 39741  56.2102  53.3796 0019895 292.8578  66.9595  2.00571109 46340
1 39741U 14026A   20257.45248963 -.00000015  00000-0  00000-0 0  9991
2 39741  56.2109  53.3404 0019936 292.6923  67.1231  2.00571028 46363
1 39741U 14026A   20257.95105209 -.00000015  00000-0  00000-0 0  9991
2 39741  56.2112  53.3208 0019945 292.6661  67.1480  2.00570966 46364
1 39741U 14026A   20259.44673754 -.00000020  00000-0  00000-0 0  9998
2 39741  56.2123  53.2621 0019960 292.5698  67.2388  2.00570833 46394
1 39741U 14026A   20260.44386012 -.00000024  00000-0  00000-0 0  9992
2 39741  56.2130  53.2229 0019977 292.5137  67.2904  2.00570744 46421
1 39741U 14026A   20261.44098328 -.00000030  00000-0  00000-0 0  9990
2 39741  56.2137  53.1837 0019997 292.4655  67.3340  2.00570660 46431
1 39741U 14026A   20262.43810796 -.00000035  00000-0  00000-0 0  9996
2 39741  56.2143  53.1445 0020018 292.4008  67.3949  2.00570568 46455
1 39741U 14026A   20264.43236361 -.00000042  00000-0  00000-0 0  9996
2 39741  56.2157  53.0662 0020059 292.3002  67.4915  2.00570411 46505
1 39741U 14026A   20265.42949408 -.00000043  00000-0  00000+0 0  9999
2 39741  56.2164  53.0270 0020081 292.2567  67.5349  2.00570352 46515
1 39741U 14026A   20265.92805987 -.00000044  00000-0  00000-0 0  9999
2 39741  56.2168  53.0074 0020097 292.2224  67.5693  2.00570297 46530
1 39741U 14026A   20266.42662622 -.00000044  00000-0  00000-0 0  9992
2 39741  56.2171  52.9878 0020107 292.2187  67.5733  2.00570273 46544
1 39741U 14026A   20267.92232508 -.00000045  00000-0  00000+0 0  9994
2 39741  56.2181  52.9291 0020138 292.1202  67.6725  2.00570182 46568
1 39741U 14026A   20267.92232508 -.00000045  00000-0  00000-0 0  9995
2 39741  56.2181  52.9291 0020138 292.1202  67.6725  2.00570182 46579
1 39741U 14026A   20269.41802298 -.00000047  00000-0  00000-0 0  9992
2 39741  56.2191  52.8703 0020160 292.0719  67.7202  2.00570129 46598
1 39741U 14026A   20271.41228284 -.00000055  00000-0  00000-0 0  9991
2 39741  56.2204  52.7920 0020205 292.0012  67.7868  2.00570048 46632
1 39741U 14026A   20272.40941260 -.00000059  00000-0  00000-0 0  9991
2 39741  56.2210  52.7529 0020236 291.9321  67.8530  2.00569994 46656
1 39741U 14026A   20273.40654242 -.00000063  00000-0  00000-0 0  9998
2 39741  56.2217  52.7138 0020262 291.8876  67.8947  2.00569946 46673
1 39741U 14026A   20274.40367290 -.00000065  00000-0  00000-0 0  9995
2 39741  56.2223  52.6747 0020288 291.8581  67.9218  2.00569908 46700
1 39741U 14026A   20275.40080551 -.00000065  00000-0  00000-0 0  9998
2 39741  56.2230  52.6356 0020315 291.8325  67.9458  2.00569841 46714
1 39741U 14026A   20275.89937179 -.00000065  00000-0  00000-0 0  9998
2 39741  56.2233  52.6160 0020342 291.7852  67.9924  2.00569791 46727
1 39741U 14026A   20275.89937179 -.00000065  00000-0  00000-0 0  9998
2 39741  56.2233  52.6160 0020342 291.7852  67.9924  2.00569791 46738
1 39741U 14026A   20277.89364265 -.00000057  00000-0  00000-0 0  9991
2 39741  56.2245  52.5378 0020402 291.7060  68.0719  2.00569641 46771
1 39741U 14026A   20279.38934896 -.00000048  00000-0  00000-0 0  9990
2 39741  56.2255  52.4791 0020438 291.6495  68.1308  2.00569561 46798
1 39741U 14026A   20280.38648832 -.00000042  00000-0  00000-0 0  9998
2 39741  56.2261  52.4400 0020469 291.6209  68.1615  2.00569465 46827
1 39741U 14026A   20280.88505796 -.00000039  00000-0  00000-0 0  9990
2 39741  56.2264  52.4204 0020505 291.5769  68.2064  2.00569392 46832
1 39741U 14026A   20281.38362848 -.00000036  00000-0  00000-0 0  9992
2 39741  56.2268  52.4009 0020516 291.5753  68.2091  2.00569299 46841
1 39741U 14026A   20282.38076790 -.00000032  00000-0  00000-0 0  9997
2 39741  56.2274  52.3618 0020533 291.5611  68.2251  2.00569250 46862
1 39741U 14026A   20283.37790632 -.00000029  00000-0  00000-0 0  9991
2 39741  56.2280  52.3226 0020568 291.5132  68.2738  2.00569147 46876
1 39741U 14026A   20284.37504348 -.00000027  00000-0  00000-0 0  9997
2 39741  56.2287  52.2835 0020597 291.4800  68.3069  2.00569053 46909
1 39741U 14026A   20285.37218004 -.00000028  00000-0  00000-0 0  9990
2 39741  56.2293  52.2443 0020647 291.4321  68.3530  2.00568910 46921
1 39741U 14026A   20285.87074785 -.00000030  00000-0  00000-0 0  9994
2 39741  56.2296  52.2247 0020665 291.4201  68.3638  2.00568843 46927
1 39741U 14026A   20286.36931529 -.00000031  00000-0  00000-0 0  9998
2 39741  56.2299  52.2051 0020677 291.3828  68.3996  2.00568773 46930
1 39741U 14026A   20288.36358436 -.00000041  00000-0  00000-0 0  9991
2 39741  56.2312  52.1267 0020733 291.3200  68.4556  2.00568637 46977
1 39741U 14026A   20289.36071993 -.00000047  00000-0  00000-0 0  9998
2 39741  56.2319  52.0875 0020775 291.2749  68.4974  2.00568540 46990
1 39741U 14026A   20290.35785732 -.00000051  00000-0  00000-0 0  9997
2 39741  56.2325  52.0484 0020818 291.2404  68.5298  2.00568447 47019
1 39741U 14026A   20290.85642671 -.00000053  00000-0  00000-0 0  9998
2 39741  56.2329  52.0288 0020826 291.2342  68.5355  2.00568436 47039
1 39741U 14026A   20291.35499700 -.00000055  00000-0  00000-0 0  9999
2 39741  56.2332  52.0092 0020851 291.2019  68.5675  2.00568375 47032
1 39741U 14026A   20292.35213882 -.00000057  00000-0  00000-0 0  9997
2 39741  56.2338  51.9700 0020878 291.1887  68.5812  2.00568319 47056
1 39741U 14026A   20293.34928206 -.00000058  00000-0  00000-0 0  9991
2 39741  56.2345  51.9309 0020929 291.1497  68.6214  2.00568219 47071
1 39741U 14026A   20294.34642565 -.00000059  00000-0  00000-0 0  9994
2 39741  56.2351  51.8917 0020964 291.1348  68.6379  2.00568197 47095
1 39741U 14026A   20294.34642589 -.00000059  00000-0  00000-0 0  9990
2 39741  56.2351  51.8917 0020949 291.1412  68.6317  2.00568212 47090
1 39741U 14026A   20296.34071359 -.00000063  00000-0  00000-0 0  9998
2 39741  56.2363  51.8133 0021020 291.0922  68.6825  2.00568098 47141
1 39741U 14026A   20296.83928529 -.00000064  00000-0  00000-0 0  9993
2 39741  56.2366  51.7937 0021038 291.0820  68.6926  2.00568064 47157
1 39741U 14026A   20297.33785599 -.00000066  00000-0  00000-0 0  9999
2 39741  56.2369  51.7742 0021067 291.0583  68.7159  2.00568038 47163
1 39741U 14026A   20299.33213925 -.00000075  00000-0  00000+0 0  9999
2 39741  56.2382  51.6958 0021138 291.0334  68.7380  2.00567946 47195
1 39741U 14026A   20299.83070942 -.00000077  00000-0  00000-0 0  9997
2 39741  56.2385  51.6763 0021177 291.0188  68.7515  2.00567911 47217
1 39741U 14026A   20301.32642263 -.00000083  00000-0  00000-0 0  9993
2 39741  56.2394  51.6176 0021217 291.0218  68.7465  2.00567865 47238
1 39741U 14026A   20302.32356599 -.00000084  00000-0  00000-0 0  9999
2 39741  56.2400  51.5784 0021248 291.0266  68.7409  2.00567821 47259
1 39741U 14026A   20303.32071062 -.00000083  00000-0  00000-0 0  9998
2 39741  56.2406  51.5393 0021287 291.0206  68.7471  2.00567776 47278
1 39741U 14026A   20303.32071062 -.00000083  00000-0  00000-0 0  9998
2 39741  56.2406  51.5393 0021287 291.0206  68.7471  2.00567776 47289
1 39741U 14026A   20304.31785695 -.00000081  00000-0  00000-0 0  9990
2 39741  56.2412  51.5002 0021329 291.0049  68.7637  2.00567717 47295
1 39741U 14026A   20305.31500591 -.00000076  00000-0  00000-0 0  9995
2 39741  56.2417  51.4610 0021358 291.0124  68.7583  2.00567632 47319
1 39741U 14026A   20305.81358045 -.00000073  00000-0  00000-0 0  9992
2 39741  56.2420  51.4415 0021377 291.0060  68.7660  2.00567598 47335
1 39741U 14026A   20306.31215558 -.00000070  00000-0  00000-0 0  9996
2 39741  56.2423  51.4219 0021400 290.9993  68.7741  2.00567550 47338
1 39741U 14026A   20307.30930582 -.00000064  00000-0  00000-0 0  9990
2 39741  56.2430  51.3828 0021455 290.9812  68.7952  2.00567471 47359
1 39741U 14026A   20307.30930582 -.00000064  00000-0  00000-0 0  9990
2 39741  56.2430  51.3828 0021455 290.9812  68.7952  2.00567471 47360
1 39741U 14026A   20309.30360787 -.00000053  00000-0  00000-0 0  9994
2 39741  56.2442  51.3045 0021540 290.9771  68.8055  2.00567288 47397
1 39741U 14026A   20310.30075858 -.00000049  00000-0  00000-0 0  9993
2 39741  56.2448  51.2654 0021570 290.9812  68.8039  2.00567187 47410
1 39741U 14026A   20310.30075858 -.00000049  00000-0  00000-0 0  9993
2 39741  56.2448  51.2654 0021570 290.9812  68.8039  2.00567187 47421
1 39741U 14026A   20311.79648273 -.00000046  00000-0  00000-0 0  9991
2 39741  56.2456  51.2066 0021647 290.9721  68.8143  2.00566965 47442
1 39741U 14026A   20313.29220417 -.00000048  00000+0  00000+0 0  9994
2 39741  56.2467  51.1479 0021679 290.9865  68.7989  2.00566865 47485
1 39741U 14026A   20317.77936633 -.00000068  00000-0  00000+0 0  9998
2 39741  56.2495  50.9715 0021899 290.9588  68.8178  2.00566398 47563
1 39741U 14026A   20317.77936633 -.00000068  00000-0  00000-0 0  9999
2 39741  56.2495  50.9715 0021899 290.9588  68.8178  2.00566398 47563
1 39741U 14026A   20317.77936633 -.00000068  00000-0  00000-0 0  9999
2 39741  56.2495  50.9715 0021899 290.9588  68.8178  2.00566398 47574
1 39741U 14026A   20322.76513590 -.00000076  00000-0  00000+0 0  9995
2 39741  56.2525  50.7756 0022150 290.9804  68.8045  2.00566107 47664
1 39741U 14026A   20323.26371350 -.00000077  00000-0  00000-0 0  9999
2 39741  56.2528  50.7560 0022101 291.0334  68.7530  2.00566084 47680
1 39741U 14026A   20324.26086729 -.00000080  00000-0  00000-0 0  9997
2 39741  56.2533  50.7168 0022150 291.0367  68.7503  2.00566056 47690
1 39741U 14026A   20324.26086773 -.00000080  00000-0  00000-0 0  9996
2 39741  56.2533  50.7168 0022152 291.0551  68.7319  2.00566020 47693
1 39741U 14026A   20324.75944417 -.00000081  00000-0  00000-0 0  9999
2 39741  56.2536  50.6972 0022171 291.0608  68.7263  2.00566004 47704
1 39741U 14026A   20328.24947851 -.00000096  00000-0  00000+0 0  9997
2 39741  56.2556  50.5600 0022349 291.1209  68.6628  2.00565853 47770
1 39741U 14026A   20328.24947851 -.00000096  00000-0  00000-0 0  9998
2 39741  56.2556  50.5600 0022349 291.1209  68.6628  2.00565853 47770
1 39741U 14026A   20329.24663139 -.00000098  00000-0  00000-0 0  9995
2 39741  56.2563  50.5208 0022391 291.1403  68.6430  2.00565842 47796
1 39741U 14026A   20332.23810254 -.00000090  00000-0  00000+0 0  9991
2 39741  56.2580  50.4034 0022544 291.2247  68.5626  2.00565628 47853
1 39741U 14026A   20332.23810254 -.00000090  00000-0  00000-0 0  9992
2 39741  56.2580  50.4034 0022544 291.2247  68.5626  2.00565628 47853
1 39741U 14026A   20334.23242267 -.00000077  00000-0  00000-0 0  9992
2 39741  56.2592  50.3250 0022649 291.2812  68.5124  2.00565528 47895
1 39741U 14026A   20334.23242267 -.00000077  00000-0  00000-0 0  9992
2 39741  56.2592  50.3250 0022649 291.2812  68.5124  2.00565528 47907
1 39741U 14026A   20336.72532712 -.00000062  00000-0  00000+0 0  9998
2 39741  56.2607  50.2271 0022902 291.3968  68.4041  2.00565198 47945
1 39741U 14026A   20336.72532712 -.00000062  00000-0  00000-0 0  9999
2 39741  56.2607  50.2271 0022902 291.3968  68.4041  2.00565198 47956
1 39741U 14026A   20338.22106869 -.00000056  00000-0  00000-0 0  9999
2 39741  56.2617  50.1683 0022831 291.3920  68.4136  2.00565110 47973
1 39741U 14026A   20338.22106869 -.00000056  00000-0  00000-0 0  9999
2 39741  56.2617  50.1683 0022831 291.3920  68.4136  2.00565110 47984
1 39741U 14026A   20340.21538462 -.00000055  00000-0  00000-0 0  9998
2 39741  56.2629  50.0900 0022883 291.4203  68.3860  2.00564920 48016
1 39741U 14026A   20340.21538462 -.00000055  00000-0  00000-0 0  9998
2 39741  56.2629  50.0900 0022883 291.4203  68.3860  2.00564920 48027
1 39741U 14026A   20340.21538506 -.00000055  00000-0  00000-0 0  9997
2 39741  56.2629  50.0900 0022881 291.4334  68.3729  2.00564927 48021
1 39741U 14026A   20341.21254110 -.00000057  00000-0  00000-0 0  9996
2 39741  56.2635  50.0508 0022923 291.4452  68.3596  2.00564827 48032
1 39741U 14026A   20341.21254110 -.00000057  00000-0  00000-0 0  9996
2 39741  56.2635  50.0508 0022923 291.4452  68.3596  2.00564827 48043
1 39741U 14026A   20342.20969755 -.00000060  00000-0  00000-0 0  9998
2 39741  56.2642  50.0115 0022958 291.4842  68.3186  2.00564746 48052
1 39741U 14026A   20342.20969755 -.00000060  00000-0  00000-0 0  9998
2 39741  56.2642  50.0115 0022958 291.4842  68.3186  2.00564746 48063
1 39741U 14026A   20343.20685400 -.00000064  00000-0  00000-0 0  9995
2 39741  56.2648  49.9723 0023014 291.5016  68.2988  2.00564632 48073
1 39741U 14026A   20343.20685400 -.00000064  00000-0  00000-0 0  9995
2 39741  56.2648  49.9723 0023014 291.5016  68.2988  2.00564632 48084
1 39741U 14026A   20344.20401162 -.00000068  00000-0  00000-0 0  9991
2 39741  56.2654  49.9331 0023054 291.5350  68.2638  2.00564553 48096
1 39741U 14026A   20344.20401162 -.00000068  00000-0  00000-0 0  9991
2 39741  56.2654  49.9331 0023054 291.5350  68.2638  2.00564553 48108
1 39741U 14026A   20345.20117188 -.00000071  00000-0  00000-0 0  9998
2 39741  56.2661  49.8939 0023079 291.5809  68.2175  2.00564469 48129
1 39741U 14026A   20347.19549641 -.00000074  00000-0  00000+0 0  9993
2 39741  56.2674  49.8154 0023139 291.6509  68.1500  2.00564346 48155
1 39741U 14026A   20347.19549641 -.00000074  00000-0  00000-0 0  9994
2 39741  56.2674  49.8154 0023139 291.6509  68.1500  2.00564346 48166
1 39741U 14026A   20348.19266196 -.00000075  00000-0  00000-0 0  9997
2 39741  56.2680  49.7762 0023228 291.7103  68.0923  2.00564195 48189
1 39741U 14026A   20349.18982664 -.00000075  00000-0  00000-0 0  9992
2 39741  56.2687  49.7370 0023256 291.7335  68.0713  2.00564173 48205
1 39741U 14026A   20350.68557152 -.00000077  00000-0  00000-0 0  9991
2 39741  56.2694  49.6782 0023324 291.8024  68.0045  2.00564124 48238
1 39741U 14026A   20351.68273452 -.00000079  00000-0  00000-0 0  9992
2 39741  56.2700  49.6390 0023355 291.8368  67.9703  2.00564106 48257
1 39741U 14026A   20352.18131495 -.00000081  00000-0  00000-0 0  9991
2 39741  56.2706  49.6194 0023378 291.8558  67.9510  2.00564099 48269
1 39741U 14026A   20354.17563720 -.00000089  00000-0  00000-0 0  9990
2 39741  56.2716  49.5410 0023430 291.9346  67.8699  2.00564048 48301
1 39741U 14026A   20355.17279990 -.00000092  00000-0  00000-0 0  9998
2 39741  56.2724  49.5018 0023502 292.0058  67.7970  2.00563961 48322
1 39741U 14026A   20356.16996286 -.00000094  00000-0  00000-0 0  9994
2 39741  56.2731  49.4626 0023540 292.0641  67.7377  2.00563909 48349
1 39741U 14026A   20357.16712683 -.00000094  00000-0  00000-0 0  9992
2 39741  56.2737  49.4234 0023581 292.1177  67.6837  2.00563859 48366
1 39741U 14026A   20358.16429259 -.00000091  00000-0  00000-0 0  9994
2 39741  56.2744  49.3842 0023613 292.1806  67.6215  2.00563809 48380
1 39741U 14026A   20359.16145891 -.00000087  00000-0  00000-0 0  9997
2 39741  56.2750  49.3450 0023657 292.2331  67.5704  2.00563763 48396
1 39741U 14026A   20359.66004323 -.00000084  00000-0  00000-0 0  9993
2 39741  56.2753  49.3253 0023695 292.2778  67.5265  2.00563693 48414
1 39741U 14026A   20360.15862762 -.00000081  00000-0  00000-0 0  9995
2 39741  56.2756  49.3057 0023719 292.3015  67.5040  2.00563654 48420
1 39741U 14026A   20361.15579667 -.00000074  00000-0  00000-0 0  9997
2 39741  56.2763  49.2666 0023739 292.3236  67.4847  2.00563620 48449
1 39741U 14026A   20362.15296703 -.00000067  00000-0  00000-0 0  9997
2 39741  56.2768  49.2274 0023800 292.3781  67.4331  2.00563510 48461
1 39741U 14026A   20362.15296705 -.00000067  00000-0  00000-0 0  9999
2 39741  56.2768  49.2274 0023786 292.3701  67.4412  2.00563526 48463
1 39741U 14026A   20364.14730731 -.00000054  00000-0  00000-0 0  9998
2 39741  56.2781  49.1490 0023870 292.4968  67.3197  2.00563358 48504
1 39741U 14026A   20364.64589196 -.00000051  00000-0  00000-0 0  9997
2 39741  56.2782  49.1294 0023908 292.5495  67.2677  2.00563259 48518
1 39741U 14026A   20366.14164399 -.00000046  00000-0  00000-0 0  9992
2 39741  56.2791  49.0707 0023943 292.6058  67.2125  2.00563184 48549

