1 32711U 08012A   20091.60798405  .00000038  00000-0  00000-0 0  9997
2 32711  54.6343 240.6129 0136965 222.6302 136.2743  2.00562431 88276
1 32711U 08012A   20093.10372304  .00000028  00000-0  00000-0 0  9999
2 32711  54.6338 240.5527 0137039 222.6533 136.2492  2.00562444 88309
1 32711U 08012A   20094.10087758  .00000018  00000-0  00000-0 0  9995
2 32711  54.6331 240.5125 0137132 222.6674 136.2310  2.00562471 88327
1 32711U 08012A   20094.10087787  .00000018  00000-0  00000+0 0  9996
2 32711  54.6334 240.5125 0137117 222.6676 136.2309  2.00562462 88301
1 32711U 08012A   20095.59660730  .00000003  00000-0  00000-0 0  9990
2 32711  54.6325 240.4523 0137221 222.6825 136.2078  2.00562503 88358
1 32711U 08012A   20096.09518363 -.00000002  00000-0  00000-0 0  9990
2 32711  54.6320 240.4323 0137238 222.6865 136.2012  2.00562521 88362
1 32711U 08012A   20097.09233712 -.00000008  00000-0  00000+0 0  9998
2 32711  54.6317 240.3922 0137308 222.6914 136.1915  2.00562556 88364
1 32711U 08012A   20097.09233712 -.00000008  00000-0  00000-0 0  9999
2 32711  54.6317 240.3922 0137308 222.6914 136.1915  2.00562556 88386
1 32711U 08012A   20098.58807274 -.00000010  00000-0  00000-0 0  9997
2 32711  54.6310 240.3320 0137324 222.7265 136.1529  2.00562603 88417
1 32711U 08012A   20100.08381486 -.00000004  00000-0  00000+0 0  9990
2 32711  54.6313 240.2719 0137403 222.7452 136.1359  2.00562664 88426
1 32711U 08012A   20100.58239665 -.00000001  00000-0  00000-0 0  9994
2 32711  54.6311 240.2519 0137453 222.7506 136.1319  2.00562701 88458
1 32711U 08012A   20100.58239702 -.00000001  00000-0  00000-0 0  9996
2 32711  54.6311 240.2518 0137435 222.7506 136.1321  2.00562687 88453
1 32711U 08012A   20101.57956195  .00000004  00000-0  00000-0 0  9990
2 32711  54.6307 240.2118 0137498 222.7652 136.1212  2.00562730 88475
1 32711U 08012A   20102.07814426  .00000006  00000-0  00000-0 0  9998
2 32711  54.6305 240.1917 0137526 222.7749 136.1134  2.00562746 88489
1 32711U 08012A   20102.57672631  .00000006  00000-0  00000-0 0  9993
2 32711  54.6303 240.1717 0137572 222.7829 136.1072  2.00562783 88498
1 32711U 08012A   20102.57672641  .00000006  00000-0  00000+0 0  9993
2 32711  54.6303 240.1717 0137562 222.7833 136.1068  2.00562772 88473
1 32711U 08012A   20103.57388944  .00000004  00000-0  00000-0 0  9993
2 32711  54.6298 240.1316 0137651 222.7968 136.0961  2.00562847 88518
1 32711U 08012A   20103.57388958  .00000004  00000-0  00000-0 0  9998
2 32711  54.6299 240.1316 0137628 222.7991 136.0939  2.00562823 88518
1 32711U 08012A   20105.06962960 -.00000008  00000-0  00000+0 0  9999
2 32711  54.6292 240.0715 0137745 222.8156 136.0787  2.00562930 88528
1 32711U 08012A   20106.56536480 -.00000025  00000-0  00000-0 0  9999
2 32711  54.6286 240.0113 0137814 222.8382 136.0540  2.00562981 88579
1 32711U 08012A   20107.56251936 -.00000037  00000-0  00000+0 0  9992
2 32711  54.6282 239.9713 0137899 222.8476 136.0418  2.00563053 88570
1 32711U 08012A   20108.55967349 -.00000045  00000-0  00000-0 0  9994
2 32711  54.6279 239.9312 0137944 222.8645 136.0220  2.00563079 88614
1 32711U 08012A   20111.05256222 -.00000046  00000-0  00000+0 0  9994
2 32711  54.6270 239.8311 0138078 222.8916 135.9911  2.00563207 88644
1 32711U 08012A   20112.54830089 -.00000032  00000-0  00000-0 0  9994
2 32711  54.6264 239.7710 0138183 222.9118 135.9727  2.00563274 88695
1 32711U 08012A   20113.54546222 -.00000021  00000-0  00000+0 0  9995
2 32711  54.6260 239.7309 0138228 222.9268 135.9608  2.00563301 88690
1 32711U 08012A   20115.53978963  .00000002  00000-0  00000-0 0  9996
2 32711  54.6253 239.6509 0138346 222.9547 135.9426  2.00563351 88754
1 32711U 08012A   20116.03837179  .00000006  00000-0  00000-0 0  9999
2 32711  54.6251 239.6309 0138398 222.9607 135.9393  2.00563367 88743
1 32711U 08012A   20117.53411728  .00000014  00000-0  00000-0 0  9992
2 32711  54.6246 239.5707 0138466 222.9817 135.9259  2.00563388 88796
1 32711U 08012A   20118.03269753  .00000015  00000-0  00000-0 0  9998
2 32711  54.6244 239.5507 0138525 222.9924 135.9168  2.00563400 88803
1 32711U 08012A   20118.03269768  .00000015  00000-0  00000-0 0  9994
2 32711  54.6244 239.5507 0138498 222.9932 135.9162  2.00563396 88809
1 32711U 08012A   20119.52843636  .00000012  00000-0  00000+0 0  9997
2 32711  54.6239 239.4906 0138601 223.0189 135.8934  2.00563417 88818
1 32711U 08012A   20120.02701446  .00000009  00000-0  00000-0 0  9993
2 32711  54.6237 239.4706 0138631 223.0275 135.8848  2.00563422 88846
1 32711U 08012A   20120.52559168  .00000006  00000-0  00000-0 0  9997
2 32711  54.6235 239.4506 0138664 223.0364 135.8753  2.00563429 88850
1 32711U 08012A   20122.02131912 -.00000007  00000-0  00000+0 0  9998
2 32711  54.6229 239.3905 0138770 223.0605 135.8466  2.00563467 88865
1 32711U 08012A   20123.51704450 -.00000019  00000-0  00000-0 0  9990
2 32711  54.6221 239.3303 0138820 223.0840 135.8173  2.00563497 88910
1 32711U 08012A   20124.51419566 -.00000024  00000-0  00000+0 0  9997
2 32711  54.6218 239.2902 0138858 223.0948 135.8035  2.00563528 88912
1 32711U 08012A   20125.51134916 -.00000024  00000-0  00000-0 0  9992
2 32711  54.6216 239.2502 0138912 223.1099 135.7871  2.00563562 88954
1 32711U 08012A   20126.50850574 -.00000021  00000-0  00000-0 0  9994
2 32711  54.6217 239.2101 0138965 223.1263 135.7717  2.00563591 88974
1 32711U 08012A   20127.00708452 -.00000018  00000-0  00000+0 0  9992
2 32711  54.6215 239.1900 0139025 223.1340 135.7652  2.00563632 88965
1 32711U 08012A   20128.50282591 -.00000008  00000-0  00000-0 0  9999
2 32711  54.6212 239.1299 0139117 223.1583 135.7474  2.00563696 89013
1 32711U 08012A   20128.50282611 -.00000008  00000-0  00000-0 0  9992
2 32711  54.6211 239.1299 0139093 223.1591 135.7467  2.00563676 89014
1 32711U 08012A   20129.49998762 -.00000003  00000-0  00000+0 0  9996
2 32711  54.6206 239.0898 0139177 223.1744 135.7363  2.00563746 89018
1 32711U 08012A   20130.49714844 -.00000003  00000-0  00000-0 0  9996
2 32711  54.6202 239.0497 0139215 223.1913 135.7240  2.00563774 89059
1 32711U 08012A   20131.49430685 -.00000007  00000-0  00000-0 0  9999
2 32711  54.6199 239.0097 0139274 223.2077 135.7104  2.00563823 89073
1 32711U 08012A   20131.99288516 -.00000011  00000-0  00000+0 0  9992
2 32711  54.6197 238.9896 0139301 223.2153 135.7037  2.00563846 89061
1 32711U 08012A   20132.49146270 -.00000015  00000-0  00000-0 0  9993
2 32711  54.6194 238.9696 0139329 223.2224 135.6970  2.00563873 89093
1 32711U 08012A   20132.99003948 -.00000020  00000-0  00000-0 0  9998
2 32711  54.6192 238.9496 0139376 223.2276 135.6916  2.00563926 89109
1 32711U 08012A   20133.98719190 -.00000032  00000-0  00000-0 0  9994
2 32711  54.6187 238.9095 0139395 223.2363 135.6822  2.00563959 89120
1 32711U 08012A   20135.48291794 -.00000046  00000-0  00000-0 0  9991
2 32711  54.6181 238.8494 0139484 223.2567 135.6587  2.00564044 89158
1 32711U 08012A   20135.98149295 -.00000049  00000-0  00000+0 0  9996
2 32711  54.6179 238.8294 0139527 223.2635 135.6508  2.00564080 89149
1 32711U 08012A   20137.47721982 -.00000050  00000-0  00000-0 0  9994
2 32711  54.6174 238.7693 0139619 223.2859 135.6264  2.00564152 89190
1 32711U 08012A   20141.96442402 -.00000002  00000-0  00000+0 0  9996
2 32711  54.6159 238.5890 0139879 223.3577 135.5670  2.00564298 89265
1 32711U 08012A   20141.96442402 -.00000002  00000-0  00000-0 0  9997
2 32711  54.6159 238.5890 0139879 223.3577 135.5670  2.00564298 89287
1 32711U 08012A   20142.96158426  .00000010  00000-0  00000-0 0  9996
2 32711  54.6155 238.5489 0139914 223.3727 135.5579  2.00564307 89306
1 32711U 08012A   20143.46016434  .00000014  00000-0  00000-0 0  9998
2 32711  54.6154 238.5289 0139942 223.3851 135.5483  2.00564318 89319
1 32711U 08012A   20147.44878931  .00000021  00000-0  00000-0 0  9996
2 32711  54.6141 238.3686 0140166 223.4537 135.4922  2.00564350 89375
1 32711U 08012A   20147.94736411  .00000018  00000-0  00000-0 0  9993
2 32711  54.6139 238.3486 0140209 223.4633 135.4817  2.00564358 89400
1 32711U 08012A   20149.44308493  .00000007  00000-0  00000-0 0  9993
2 32711  54.6134 238.2884 0140270 223.4894 135.4512  2.00564375 89437
1 32711U 08012A   20154.42882966  .00000005  00000-0  00000+0 0  9996
2 32711  54.6119 238.0878 0140514 223.5701 135.3627  2.00564484 89516
1 32711U 08012A   20155.42598567  .00000013  00000-0  00000-0 0  9998
2 32711  54.6117 238.0477 0140594 223.5920 135.3443  2.00564518 89558
1 32711U 08012A   20156.42314263  .00000019  00000-0  00000-0 0  9994
2 32711  54.6114 238.0076 0140647 223.6086 135.3323  2.00564556 89574
1 32711U 08012A   20156.92172086  .00000021  00000-0  00000-0 0  9997
2 32711  54.6112 237.9876 0140705 223.6219 135.3209  2.00564588 89580
1 32711U 08012A   20156.92172097  .00000021  00000-0  00000+0 0  9998
2 32711  54.6112 237.9875 0140688 223.6225 135.3204  2.00564567 89566
1 32711U 08012A   20157.91887641  .00000022  00000-0  00000-0 0  9998
2 32711  54.6109 237.9474 0140751 223.6361 135.3106  2.00564636 89602
1 32711U 08012A   20159.41460501  .00000014  00000-0  00000-0 0  9998
2 32711  54.6104 237.8873 0140827 223.6658 135.2831  2.00564686 89634
1 32711U 08012A   20159.41460507  .00000014  00000-0  00000+0 0  9993
2 32711  54.6104 237.8873 0140832 223.6646 135.2844  2.00564694 89618
1 32711U 08012A   20160.41175405  .00000004  00000-0  00000-0 0  9995
2 32711  54.6101 237.8472 0140873 223.6813 135.2670  2.00564733 89656
1 32711U 08012A   20161.40890094 -.00000007  00000-0  00000-0 0  9997
2 32711  54.6098 237.8070 0140923 223.6951 135.2511  2.00564786 89656
1 32711U 08012A   20161.40890094 -.00000007  00000-0  00000-0 0  9997
2 32711  54.6098 237.8070 0140923 223.6951 135.2511  2.00564786 89678
1 32711U 08012A   20162.40604636 -.00000016  00000-0  00000-0 0  9993
2 32711  54.6095 237.7669 0140973 223.7105 135.2328  2.00564835 89698
1 32711U 08012A   20163.40319148 -.00000022  00000-0  00000-0 0  9992
2 32711  54.6092 237.7268 0141027 223.7255 135.2148  2.00564886 89716
1 32711U 08012A   20163.90176462 -.00000023  00000-0  00000+0 0  9997
2 32711  54.6090 237.7068 0141063 223.7297 135.2094  2.00564920 89706
1 32711U 08012A   20164.40033790 -.00000022  00000-0  00000-0 0  9999
2 32711  54.6089 237.6867 0141069 223.7370 135.2012  2.00564923 89734
1 32711U 08012A   20165.39748539 -.00000018  00000-0  00000-0 0  9997
2 32711  54.6087 237.6466 0141130 223.7554 135.1815  2.00564959 89739
1 32711U 08012A   20165.89606001 -.00000014  00000-0  00000-0 0  9995
2 32711  54.6086 237.6265 0141147 223.7611 135.1759  2.00564978 89768
1 32711U 08012A   20167.39178631  .00000004  00000-0  00000-0 0  9993
2 32711  54.6082 237.5664 0141243 223.7989 135.1398  2.00565031 89794
1 32711U 08012A   20168.38893958  .00000018  00000-0  00000+0 0  9993
2 32711  54.6079 237.5263 0141289 223.8182 135.1237  2.00565058 89792
1 32711U 08012A   20168.88751765  .00000025  00000-0  00000-0 0  9996
2 32711  54.6077 237.5063 0141290 223.8187 135.1255  2.00565074 89827
1 32711U 08012A   20170.38324987  .00000044  00000-0  00000-0 0  9997
2 32711  54.6073 237.4461 0141338 223.8386 135.1127  2.00565092 89859
1 32711U 08012A   20172.37755740  .00000058  00000-0  00000-0 0  9998
2 32711  54.6068 237.3659 0141449 223.8768 135.0823  2.00565105 89899
1 32711U 08012A   20173.37470859  .00000059  00000-0  00000+0 0  9994
2 32711  54.6066 237.3258 0141472 223.8868 135.0744  2.00565111 89898
1 32711U 08012A   20173.37470860  .00000059  00000-0  00000-0 0  9997
2 32711  54.6066 237.3259 0141491 223.8758 135.0855  2.00565109 89911
1 32711U 08012A   20174.87042913  .00000055  00000-0  00000-0 0  9993
2 32711  54.6062 237.2656 0141560 223.9000 135.0602  2.00565115 89945
1 32711U 08012A   20174.87042935  .00000055  00000-0  00000-0 0  9997
2 32711  54.6062 237.2656 0141544 223.8999 135.0605  2.00565111 89942
1 32711U 08012A   20176.36614323  .00000045  00000-0  00000+0 0  9997
2 32711  54.6059 237.2053 0141645 223.9464 135.0075  2.00565107 89956
1 32711U 08012A   20179.35756578  .00000032  00000-0  00000+0 0  9994
2 32711  54.6052 237.0848 0141765 223.9975 134.9415  2.00565141 90012
1 32711U 08012A   20181.35185798  .00000040  00000-0  00000-0 0  9997
2 32711  54.6048 237.0046 0141824 224.0213 134.9156  2.00565183 90074
1 32711U 08012A   20183.34615904  .00000055  00000-0  00000+0 0  9990
2 32711  54.6043 236.9244 0141914 224.0484 134.8934  2.00565267 90095
1 32711U 08012A   20184.34331012  .00000059  00000-0  00000-0 0  9991
2 32711  54.6042 236.8843 0142004 224.0936 134.8501  2.00565270 90130
1 32711U 08012A   20185.34045968  .00000059  00000-0  00000-0 0  9994
2 32711  54.6040 236.8441 0142046 224.1097 134.8359  2.00565307 90151
1 32711U 08012A   20186.33760675  .00000054  00000-0  00000+0 0  9997
2 32711  54.6038 236.8040 0142094 224.1269 134.8187  2.00565351 90155
1 32711U 08012A   20187.83332244  .00000039  00000-0  00000-0 0  9994
2 32711  54.6035 236.7439 0142139 224.1384 134.8042  2.00565445 90188
1 32711U 08012A   20189.32903302  .00000022  00000-0  00000-0 0  9991
2 32711  54.6031 236.6837 0142225 224.1732 134.7625  2.00565496 90236
1 32711U 08012A   20190.32617280  .00000014  00000-0  00000+0 0  9990
2 32711  54.6029 236.6436 0142260 224.1829 134.7482  2.00565528 90231
1 32711U 08012A   20191.32331278  .00000011  00000-0  00000-0 0  9999
2 32711  54.6026 236.6034 0142303 224.1975 134.7294  2.00565577 90259
1 32711U 08012A   20192.32045389  .00000014  00000-0  00000-0 0  9998
2 32711  54.6024 236.5633 0142354 224.2160 134.7074  2.00565624 90297
1 32711U 08012A   20192.32045447  .00000014  00000-0  00000-0 0  9993
2 32711  54.6024 236.5633 0142352 224.2099 134.7136  2.00565634 90296
1 32711U 08012A   20193.31759751  .00000021  00000-0  00000-0 0  9991
2 32711  54.6022 236.5232 0142381 224.2254 134.6964  2.00565659 90312
1 32711U 08012A   20193.81617019  .00000027  00000-0  00000-0 0  9992
2 32711  54.6021 236.5031 0142393 224.2295 134.6921  2.00565668 90308
1 32711U 08012A   20193.81617019  .00000027  00000-0  00000-0 0  9992
2 32711  54.6021 236.5031 0142393 224.2295 134.6921  2.00565668 90320
1 32711U 08012A   20194.31474320  .00000033  00000-0  00000-0 0  9991
2 32711  54.6019 236.4831 0142412 224.2349 134.6868  2.00565688 90339
1 32711U 08012A   20196.30903935  .00000060  00000-0  00000+0 0  9990
2 32711  54.6015 236.4029 0142476 224.2670 134.6583  2.00565744 90350
1 32711U 08012A   20197.30618898  .00000072  00000-0  00000-0 0  9996
2 32711  54.6013 236.3627 0142494 224.2704 134.6581  2.00565759 90397
1 32711U 08012A   20198.30333881  .00000081  00000-0  00000-0 0  9993
2 32711  54.6011 236.3226 0142542 224.2953 134.6359  2.00565740 90416
1 32711U 08012A   20199.30048692  .00000087  00000-0  00000+0 0  9992
2 32711  54.6009 236.2825 0142581 224.3085 134.6250  2.00565751 90419
1 32711U 08012A   20200.29763302  .00000089  00000-0  00000-0 0  9998
2 32711  54.6006 236.2424 0142623 224.3289 134.6053  2.00565749 90456
1 32711U 08012A   20200.79620598  .00000089  00000-0  00000-0 0  9992
2 32711  54.6006 236.2224 0142632 224.3352 134.5988  2.00565742 90465
1 32711U 08012A   20202.29191795  .00000083  00000-0  00000-0 0  9995
2 32711  54.6003 236.1622 0142670 224.3610 134.5692  2.00565743 90476
1 32711U 08012A   20203.28905568  .00000076  00000-0  00000-0 0  9998
2 32711  54.6001 236.1220 0142701 224.3730 134.5521  2.00565746 90515
1 32711U 08012A   20204.28619135  .00000069  00000-0  00000-0 0  9993
2 32711  54.5999 236.0819 0142729 224.3884 134.5301  2.00565751 90537
1 32711U 08012A   20205.28332643  .00000063  00000-0  00000-0 0  9994
2 32711  54.5997 236.0417 0142758 224.4000 134.5117  2.00565759 90535
1 32711U 08012A   20206.28046252  .00000059  00000-0  00000-0 0  9998
2 32711  54.5995 236.0016 0142800 224.4237 134.4814  2.00565759 90575
1 32711U 08012A   20209.27188608  .00000069  00000-0  00000+0 0  9992
2 32711  54.5990 235.8811 0142920 224.4707 134.4270  2.00565812 90616
1 32711U 08012A   20209.27188610  .00000069  00000-0  00000-0 0  9996
2 32711  54.5990 235.8811 0142922 224.4709 134.4268  2.00565813 90630
1 32711U 08012A   20211.76475099  .00000081  00000-0  00000+0 0  9996
2 32711  54.5984 235.7807 0142993 224.5084 134.3928  2.00565892 90664
1 32711U 08012A   20212.26332348  .00000081  00000-0  00000-0 0  9992
2 32711  54.5984 235.7606 0143017 224.5174 134.3841  2.00565913 90690
1 32711U 08012A   20213.75903710  .00000072  00000-0  00000-0 0  9994
2 32711  54.5980 235.7005 0143063 224.5428 134.3569  2.00565973 90729
1 32711U 08012A   20216.25188071  .00000042  00000-0  00000+0 0  9993
2 32711  54.5976 235.6002 0143115 224.5732 134.3155  2.00566071 90750
1 32711U 08012A   20218.24615122  .00000025  00000-0  00000-0 0  9998
2 32711  54.5972 235.5200 0143168 224.5976 134.2794  2.00566172 90810
1 32711U 08012A   20219.74185810  .00000026  00000-0  00000-0 0  9991
2 32711  54.5971 235.4600 0143192 224.6252 134.2452  2.00566226 90841
1 32711U 08012A   20221.23756770  .00000038  00000-0  00000-0 0  9990
2 32711  54.5967 235.3998 0143245 224.6358 134.2315  2.00566278 90879
1 32711U 08012A   20222.23471023  .00000050  00000-0  00000-0 0  9990
2 32711  54.5965 235.3597 0143264 224.6504 134.2168  2.00566309 90877
1 32711U 08012A   20223.23185439  .00000063  00000-0  00000-0 0  9998
2 32711  54.5963 235.3196 0143288 224.6627 134.2058  2.00566330 90919
1 32711U 08012A   20223.73042694  .00000069  00000-0  00000-0 0  9994
2 32711  54.5962 235.2995 0143299 224.6701 134.1992  2.00566343 90920
1 32711U 08012A   20225.22614506  .00000083  00000-0  00000+0 0  9992
2 32711  54.5959 235.2393 0143329 224.6888 134.1840  2.00566362 90932
1 32711U 08012A   20227.22043428  .00000091  00000-0  00000-0 0  9993
2 32711  54.5956 235.1591 0143353 224.7114 134.1642  2.00566351 90992
1 32711U 08012A   20228.21757491  .00000090  00000-0  00000+0 0  9993
2 32711  54.5953 235.1190 0143396 224.7241 134.1504  2.00566344 90991
1 32711U 08012A   20229.21471253  .00000085  00000-0  00000-0 0  9998
2 32711  54.5950 235.0788 0143420 224.7391 134.1325  2.00566346 91033
1 32711U 08012A   20229.21471266  .00000085  00000-0  00000-0 0  9992
2 32711  54.5950 235.0788 0143420 224.7373 134.1342  2.00566345 91031
1 32711U 08012A   20230.21184757  .00000078  00000-0  00000-0 0  9992
2 32711  54.5948 235.0387 0143451 224.7506 134.1160  2.00566342 91052
1 32711U 08012A   20231.20898048  .00000070  00000-0  00000+0 0  9998
2 32711  54.5946 234.9986 0143473 224.7626 134.0974  2.00566342 91052
1 32711U 08012A   20232.20611239  .00000062  00000-0  00000-0 0  9996
2 32711  54.5944 234.9585 0143488 224.7810 134.0717  2.00566340 91093
1 32711U 08012A   20232.70467847  .00000059  00000-0  00000-0 0  9991
2 32711  54.5942 234.9385 0143496 224.7906 134.0585  2.00566339 91107
1 32711U 08012A   20234.20037931  .00000054  00000-0  00000+0 0  9999
2 32711  54.5938 234.8783 0143519 224.8062 134.0343  2.00566349 91117
1 32711U 08012A   20235.19751656  .00000056  00000-0  00000-0 0  9998
2 32711  54.5936 234.8383 0143532 224.8199 134.0172  2.00566361 91133
1 32711U 08012A   20236.19465665  .00000060  00000-0  00000-0 0  9996
2 32711  54.5934 234.7982 0143550 224.8321 134.0039  2.00566385 91174
1 32711U 08012A   20237.19179963  .00000066  00000-0  00000-0 0  9996
2 32711  54.5932 234.7582 0143554 224.8489 133.9879  2.00566406 91171
1 32711U 08012A   20237.19179963  .00000066  00000-0  00000-0 0  9996
2 32711  54.5932 234.7582 0143554 224.8489 133.9879  2.00566406 91193
1 32711U 08012A   20238.18894307  .00000070  00000-0  00000-0 0  9997
2 32711  54.5929 234.7181 0143573 224.8611 133.9774  2.00566449 91216
1 32711U 08012A   20239.18608589  .00000071  00000-0  00000-0 0  9994
2 32711  54.5927 234.6780 0143599 224.8730 133.9667  2.00566472 91215
1 32711U 08012A   20240.18322695  .00000066  00000-0  00000-0 0  9991
2 32711  54.5924 234.6379 0143628 224.8814 133.9584  2.00566516 91231
1 32711U 08012A   20241.18036577  .00000057  00000-0  00000-0 0  9993
2 32711  54.5922 234.5977 0143643 224.8925 133.9456  2.00566540 91259
1 32711U 08012A   20242.17750168  .00000044  00000-0  00000-0 0  9998
2 32711  54.5920 234.5576 0143659 224.9042 133.9303  2.00566582 91279
1 32711U 08012A   20242.17750168  .00000044  00000-0  00000-0 0  9998
2 32711  54.5920 234.5576 0143659 224.9042 133.9303  2.00566582 91291
1 32711U 08012A   20244.17176816  .00000017  00000-0  00000-0 0  9992
2 32711  54.5915 234.4774 0143687 224.9233 133.9007  2.00566664 91334
1 32711U 08012A   20245.16890078  .00000008  00000-0  00000+0 0  9994
2 32711  54.5913 234.4374 0143752 224.9205 133.8979  2.00566714 91333
1 32711U 08012A   20246.16603459  .00000004  00000-0  00000-0 0  9997
2 32711  54.5911 234.3973 0143782 224.9311 133.8824  2.00566763 91351
1 32711U 08012A   20247.16316968  .00000006  00000-0  00000-0 0  9996
2 32711  54.5908 234.3573 0143818 224.9407 133.8694  2.00566804 91394
1 32711U 08012A   20248.16030795  .00000012  00000-0  00000-0 0  9995
2 32711  54.5905 234.3172 0143811 224.9588 133.8497  2.00566839 91398
1 32711U 08012A   20248.65887846  .00000017  00000-0  00000-0 0  9991
2 32711  54.5904 234.2971 0143768 224.9708 133.8379  2.00566835 91427
1 32711U 08012A   20249.15744887  .00000022  00000-0  00000-0 0  9990
2 32711  54.5903 234.2771 0143786 224.9726 133.8363  2.00566861 91415
1 32711U 08012A   20250.15459114  .00000034  00000-0  00000-0 0  9991
2 32711  54.5900 234.2372 0143784 224.9901 133.8204  2.00566885 91434
1 32711U 08012A   20251.15173499  .00000045  00000-0  00000-0 0  9993
2 32711  54.5898 234.1972 0143753 225.0061 133.8073  2.00566894 91478
1 32711U 08012A   20252.14887871  .00000055  00000-0  00000-0 0  9990
2 32711  54.5895 234.1571 0143798 225.0055 133.8110  2.00566915 91478
1 32711U 08012A   20253.14602235  .00000061  00000-0  00000-0 0  9997
2 32711  54.5892 234.1170 0143797 225.0168 133.8027  2.00566917 91518
1 32711U 08012A   20253.14602253  .00000061  00000-0  00000-0 0  9997
2 32711  54.5892 234.1170 0143800 225.0144 133.8051  2.00566919 91493
1 32711U 08012A   20255.14030505  .00000062  00000-0  00000-0 0  9995
2 32711  54.5887 234.0369 0143827 225.0356 133.7867  2.00566922 91555
1 32711U 08012A   20256.13744221  .00000058  00000-0  00000+0 0  9996
2 32711  54.5884 233.9968 0143851 225.0498 133.7712  2.00566924 91550
1 32711U 08012A   20256.13744221  .00000058  00000-0  00000-0 0  9997
2 32711  54.5884 233.9968 0143851 225.0498 133.7712  2.00566924 91550
1 32711U 08012A   20256.13744267  .00000058  00000-0  00000-0 0  9997
2 32711  54.5884 233.9968 0143839 225.0472 133.7739  2.00566920 91575
1 32711U 08012A   20257.63314366  .00000047  00000-0  00000-0 0  9994
2 32711  54.5880 233.9367 0143855 225.0660 133.7497  2.00566919 91581
1 32711U 08012A   20257.63314366  .00000047  00000-0  00000-0 0  9994
2 32711  54.5880 233.9367 0143855 225.0660 133.7497  2.00566919 91604
1 32711U 08012A   20259.12884043  .00000034  00000-0  00000-0 0  9990
2 32711  54.5876 233.8765 0143864 225.0812 133.7261  2.00566921 91612
1 32711U 08012A   20259.62740638  .00000031  00000-0  00000-0 0  9993
2 32711  54.5875 233.8565 0143846 225.0872 133.7173  2.00566913 91641
1 32711U 08012A   20261.12310414  .00000023  00000-0  00000-0 0  9997
2 32711  54.5870 233.7964 0143863 225.1030 133.6939  2.00566928 91650
1 32711U 08012A   20262.12023910  .00000023  00000-0  00000-0 0  9990
2 32711  54.5868 233.7563 0143893 225.1110 133.6831  2.00566939 91679
1 32711U 08012A   20263.11737778  .00000026  00000-0  00000-0 0  9997
2 32711  54.5864 233.7163 0143893 225.1192 133.6746  2.00566949 91699
1 32711U 08012A   20263.61594785  .00000029  00000-0  00000-0 0  9994
2 32711  54.5863 233.6962 0143902 225.1244 133.6699  2.00566957 91723
1 32711U 08012A   20264.11451920  .00000031  00000-0  00000-0 0  9996
2 32711  54.5861 233.6762 0143881 225.1299 133.6657  2.00566967 91731
1 32711U 08012A   20264.61309043  .00000034  00000-0  00000-0 0  9992
2 32711  54.5859 233.6562 0143883 225.1355 133.6615  2.00566981 91742
1 32711U 08012A   20265.11166199  .00000036  00000-0  00000-0 0  9993
2 32711  54.5858 233.6362 0143884 225.1411 133.6574  2.00566989 91756
1 32711U 08012A   20265.61023334  .00000037  00000-0  00000-0 0  9992
2 32711  54.5856 233.6162 0143888 225.1460 133.6542  2.00567006 91767
1 32711U 08012A   20266.10880439  .00000037  00000-0  00000+0 0  9993
2 32711  54.5855 233.5961 0143896 225.1526 133.6490  2.00567017 91757
1 32711U 08012A   20266.10880455  .00000037  00000-0  00000-0 0  9992
2 32711  54.5855 233.5961 0143898 225.1499 133.6517  2.00567022 91776
1 32711U 08012A   20266.60737526  .00000036  00000-0  00000-0 0  9996
2 32711  54.5853 233.5760 0143904 225.1576 133.6452  2.00567037 91780
1 32711U 08012A   20267.10594562  .00000034  00000-0  00000-0 0  9991
2 32711  54.5852 233.5560 0143918 225.1591 133.6445  2.00567056 91793
1 32711U 08012A   20268.10308434  .00000026  00000-0  00000-0 0  9994
2 32711  54.5850 233.5160 0143932 225.1660 133.6382  2.00567095 91816
1 32711U 08012A   20268.60165256  .00000020  00000-0  00000+0 0  9995
2 32711  54.5848 233.4960 0143941 225.1695 133.6342  2.00567114 91805
1 32711U 08012A   20269.10022104  .00000014  00000-0  00000-0 0  9999
2 32711  54.5846 233.4760 0143910 225.1714 133.6317  2.00567135 91815
1 32711U 08012A   20270.09735480 -.00000001  00000-0  00000-0 0  9994
2 32711  54.5842 233.4360 0143912 225.1790 133.6212  2.00567174 91832
1 32711U 08012A   20271.09448700 -.00000015  00000-0  00000-0 0  9996
2 32711  54.5839 233.3959 0143916 225.1843 133.6120  2.00567221 91857
1 32711U 08012A   20272.09161924 -.00000026  00000-0  00000-0 0  9999
2 32711  54.5837 233.3558 0143928 225.1885 133.6038  2.00567252 91873
1 32711U 08012A   20272.59018550 -.00000030  00000-0  00000-0 0  9995
2 32711  54.5835 233.3358 0143933 225.1906 133.6000  2.00567279 91901
1 32711U 08012A   20273.08875203 -.00000032  00000-0  00000-0 0  9998
2 32711  54.5834 233.3158 0143934 225.1960 133.5931  2.00567291 91893
1 32711U 08012A   20273.08875220 -.00000032  00000-0  00000-0 0  9997
2 32711  54.5834 233.3158 0143937 225.1935 133.5956  2.00567297 91914
1 32711U 08012A   20274.08588670 -.00000033  00000-0  00000-0 0  9999
2 32711  54.5831 233.2758 0143948 225.2017 133.5854  2.00567337 91934
1 32711U 08012A   20275.08302316 -.00000028  00000-0  00000-0 0  9995
2 32711  54.5828 233.2358 0143958 225.2114 133.5753  2.00567373 91933
1 32711U 08012A   20275.58159212 -.00000024  00000-0  00000-0 0  9991
2 32711  54.5827 233.2158 0143963 225.2173 133.5698  2.00567387 91967
1 32711U 08012A   20276.08016219 -.00000018  00000-0  00000-0 0  9999
2 32711  54.5825 233.1958 0143965 225.2165 133.5717  2.00567415 91970
1 32711U 08012A   20277.07730316 -.00000007  00000-0  00000-0 0  9998
2 32711  54.5822 233.1558 0143983 225.2261 133.5650  2.00567441 91975
1 32711U 08012A   20277.57587459 -.00000001  00000-0  00000-0 0  9995
2 32711  54.5820 233.1358 0143975 225.2309 133.5622  2.00567450 92009
1 32711U 08012A   20278.07444606  .00000005  00000-0  00000-0 0  9990
2 32711  54.5819 233.1158 0143975 225.2343 133.5611  2.00567460 92013
1 32711U 08012A   20278.57301786  .00000010  00000-0  00000-0 0  9992
2 32711  54.5818 233.0958 0143973 225.2375 133.5605  2.00567469 92025
1 32711U 08012A   20279.07158962  .00000015  00000-0  00000-0 0  9999
2 32711  54.5816 233.0758 0143973 225.2403 133.5602  2.00567478 92019
1 32711U 08012A   20279.57016120  .00000019  00000-0  00000-0 0  9997
2 32711  54.5814 233.0557 0143984 225.2463 133.5566  2.00567484 92041
1 32711U 08012A   20280.06873295  .00000023  00000-0  00000-0 0  9992
2 32711  54.5813 233.0357 0143978 225.2500 133.5555  2.00567488 92056
1 32711U 08012A   20280.56730449  .00000025  00000-0  00000-0 0  9992
2 32711  54.5812 233.0157 0143979 225.2535 133.5543  2.00567491 92064
1 32711U 08012A   20281.06587551  .00000027  00000-0  00000-0 0  9994
2 32711  54.5810 232.9957 0143981 225.2573 133.5525  2.00567495 92078
1 32711U 08012A   20281.56444629  .00000027  00000-0  00000-0 0  9997
2 32711  54.5808 232.9757 0143982 225.2593 133.5524  2.00567499 92080
1 32711U 08012A   20282.06301620  .00000027  00000-0  00000-0 0  9996
2 32711  54.5807 232.9557 0143990 225.2642 133.5488  2.00567501 92095
1 32711U 08012A   20282.56158565  .00000026  00000-0  00000-0 0  9998
2 32711  54.5805 232.9357 0143990 225.2678 133.5462  2.00567503 92106
1 32711U 08012A   20283.06015436  .00000024  00000-0  00000-0 0  9991
2 32711  54.5803 232.9157 0143995 225.2725 133.5419  2.00567503 92090
1 32711U 08012A   20284.05728938  .00000019  00000-0  00000-0 0  9993
2 32711  54.5800 232.8757 0144007 225.2828 133.5310  2.00567507 92130
1 32711U 08012A   20284.55585642  .00000015  00000-0  00000-0 0  9997
2 32711  54.5798 232.8557 0143993 225.2840 133.5290  2.00567508 92140
1 32711U 08012A   20285.05442261  .00000012  00000-0  00000-0 0  9999
2 32711  54.5797 232.8357 0143989 225.2890 133.5227  2.00567508 92158
1 32711U 08012A   20285.55298833  .00000008  00000-0  00000-0 0  9993
2 32711  54.5795 232.8156 0143985 225.2884 133.5217  2.00567512 92167
1 32711U 08012A   20286.05155367  .00000004  00000-0  00000+0 0  9998
2 32711  54.5794 232.7956 0143983 225.2968 133.5114  2.00567510 92157
1 32711U 08012A   20286.05155367  .00000004  00000-0  00000-0 0  9999
2 32711  54.5794 232.7956 0143983 225.2968 133.5114  2.00567510 92157
1 32711U 08012A   20286.55011892  .00000000  00000-0  00000-0 0  9994
2 32711  54.5792 232.7756 0143975 225.2975 133.5089  2.00567518 92184
1 32711U 08012A   20287.04868410 -.00000003  00000-0  00000-0 0  9999
2 32711  54.5791 232.7555 0143975 225.3019 133.5026  2.00567521 92174
1 32711U 08012A   20287.54724953 -.00000005  00000-0  00000-0 0  9999
2 32711  54.5789 232.7355 0143975 225.3062 133.4966  2.00567525 92184
1 32711U 08012A   20287.54724953 -.00000005  00000-0  00000-0 0  9999
2 32711  54.5789 232.7355 0143975 225.3062 133.4966  2.00567525 92207
1 32711U 08012A   20288.54438194 -.00000008  00000-0  00000-0 0  9992
2 32711  54.5786 232.6954 0143982 225.3134 133.4869  2.00567533 92229
1 32711U 08012A   20289.04294897 -.00000008  00000-0  00000-0 0  9998
2 32711  54.5785 232.6754 0143984 225.3168 133.4830  2.00567541 92211
1 32711U 08012A   20289.54151695 -.00000007  00000-0  00000-0 0  9990
2 32711  54.5783 232.6554 0143982 225.3167 133.4833  2.00567552 92242
1 32711U 08012A   20290.04008559 -.00000005  00000-0  00000-0 0  9995
2 32711  54.5782 232.6353 0143987 225.3226 133.4779  2.00567555 92230
1 32711U 08012A   20291.03722494  .00000000  00000-0  00000-0 0  9990
2 32711  54.5779 232.5953 0143995 225.3293 133.4741  2.00567574 92278
1 32711U 08012A   20291.53579596  .00000003  00000-0  00000-0 0  9991
2 32711  54.5777 232.5752 0143981 225.3267 133.4790  2.00567589 92280
1 32711U 08012A   20292.03436694  .00000006  00000-0  00000-0 0  9991
2 32711  54.5775 232.5552 0143985 225.3311 133.4769  2.00567599 92276
1 32711U 08012A   20292.53293807  .00000008  00000-0  00000-0 0  9995
2 32711  54.5774 232.5352 0143989 225.3331 133.4774  2.00567617 92300
1 32711U 08012A   20293.03150924  .00000010  00000-0  00000-0 0  9996
2 32711  54.5772 232.5152 0143986 225.3389 133.4742  2.00567620 92316
1 32711U 08012A   20293.53008028  .00000010  00000-0  00000-0 0  9998
2 32711  54.5770 232.4952 0143984 225.3386 133.4769  2.00567645 92323
1 32711U 08012A   20294.52722038  .00000007  00000-0  00000-0 0  9998
2 32711  54.5767 232.4551 0143990 225.3483 133.4708  2.00567669 92340
1 32711U 08012A   20295.02578975  .00000004  00000-0  00000-0 0  9990
2 32711  54.5765 232.4351 0143985 225.3482 133.4723  2.00567697 92358
1 32711U 08012A   20296.02292591 -.00000007  00000-0  00000-0 0  9992
2 32711  54.5762 232.3951 0143985 225.3526 133.4689  2.00567739 92379
1 32711U 08012A   20297.02005963 -.00000020  00000-0  00000+0 0  9992
2 32711  54.5758 232.3551 0143983 225.3550 133.4658  2.00567786 92373
1 32711U 08012A   20297.51862567 -.00000027  00000-0  00000-0 0  9995
2 32711  54.5756 232.3351 0143990 225.3587 133.4612  2.00567805 92403
1 32711U 08012A   20298.01719130 -.00000034  00000-0  00000-0 0  9996
2 32711  54.5755 232.3150 0143990 225.3619 133.4569  2.00567824 92418
1 32711U 08012A   20298.51575706 -.00000040  00000-0  00000-0 0  9997
2 32711  54.5753 232.2950 0143987 225.3610 133.4567  2.00567848 92425
1 32711U 08012A   20299.01432270 -.00000046  00000-0  00000-0 0  9997
2 32711  54.5751 232.2750 0143982 225.3619 133.4546  2.00567868 92435
1 32711U 08012A   20299.51288817 -.00000050  00000-0  00000+0 0  9992
2 32711  54.5750 232.2550 0143985 225.3670 133.4484  2.00567881 92427
1 32711U 08012A   20300.01145411 -.00000053  00000-0  00000-0 0  9996
2 32711  54.5748 232.2350 0143983 225.3664 133.4482  2.00567906 92452
1 32711U 08012A   20300.51002041 -.00000054  00000-0  00000-0 0  9993
2 32711  54.5747 232.2150 0143989 225.3660 133.4480  2.00567937 92464
1 32711U 08012A   20301.00858705 -.00000054  00000-0  00000-0 0  9994
2 32711  54.5745 232.1950 0143993 225.3682 133.4455  2.00567958 92452
1 32711U 08012A   20301.50715412 -.00000053  00000-0  00000-0 0  9995
2 32711  54.5744 232.1750 0143996 225.3711 133.4428  2.00567977 92467
1 32711U 08012A   20301.50715412 -.00000053  00000-0  00000-0 0  9995
2 32711  54.5744 232.1750 0143996 225.3711 133.4428  2.00567977 92489
1 32711U 08012A   20303.00285862 -.00000041  00000-0  00000-0 0  9990
2 32711  54.5739 232.1149 0144008 225.3825 133.4342  2.00568031 92494
1 32711U 08012A   20303.00285862 -.00000041  00000-0  00000-0 0  9990
2 32711  54.5739 232.1149 0144008 225.3825 133.4342  2.00568031 92517
1 32711U 08012A   20303.99999803 -.00000029  00000-0  00000-0 0  9991
2 32711  54.5736 232.0750 0144012 225.3847 133.4362  2.00568070 92537
1 32711U 08012A   20304.49856842 -.00000022  00000-0  00000-0 0  9995
2 32711  54.5734 232.0550 0144010 225.3857 133.4378  2.00568088 92549
1 32711U 08012A   20304.99713905 -.00000015  00000-0  00000-0 0  9994
2 32711  54.5732 232.0350 0144012 225.3886 133.4378  2.00568099 92530
1 32711U 08012A   20305.49570989 -.00000009  00000-0  00000-0 0  9996
2 32711  54.5731 232.0150 0144012 225.3909 133.4386  2.00568112 92561
1 32711U 08012A   20305.99428090 -.00000003  00000-0  00000-0 0  9990
2 32711  54.5729 231.9950 0144011 225.3927 133.4400  2.00568123 92551
1 32711U 08012A   20306.49285211  .00000002  00000-0  00000-0 0  9990
2 32711  54.5728 231.9750 0144007 225.3941 133.4419  2.00568130 92580
1 32711U 08012A   20306.99142337  .00000007  00000-0  00000-0 0  9991
2 32711  54.5727 231.9549 0144002 225.3950 133.4443  2.00568131 92599
1 32711U 08012A   20307.48999409  .00000010  00000-0  00000-0 0  9990
2 32711  54.5725 231.9349 0144003 225.3976 133.4448  2.00568138 92608
1 32711U 08012A   20307.98856447  .00000013  00000-0  00000-0 0  9992
2 32711  54.5724 231.9149 0144004 225.4024 133.4428  2.00568142 92615
1 32711U 08012A   20308.48713467  .00000015  00000-0  00000-0 0  9994
2 32711  54.5722 231.8949 0144007 225.4034 133.4444  2.00568147 92606
1 32711U 08012A   20308.98570442  .00000016  00000-0  00000-0 0  9994
2 32711  54.5721 231.8750 0144010 225.4056 133.4445  2.00568148 92616
1 32711U 08012A   20309.48427353  .00000016  00000-0  00000-0 0  9992
2 32711  54.5719 231.8549 0144016 225.4086 133.4433  2.00568145 92645
1 32711U 08012A   20309.98284185  .00000016  00000-0  00000-0 0  9991
2 32711  54.5717 231.8349 0144019 225.4118 133.4415  2.00568148 92654
1 32711U 08012A   20310.48140940  .00000014  00000-0  00000-0 0  9996
2 32711  54.5716 231.8149 0144024 225.4165 133.4376  2.00568149 92667
1 32711U 08012A   20310.97997632  .00000013  00000-0  00000-0 0  9997
2 32711  54.5714 231.7949 0144024 225.4179 133.4367  2.00568152 92650
1 32711U 08012A   20311.47854253  .00000010  00000-0  00000-0 0  9991
2 32711  54.5712 231.7749 0144025 225.4208 133.4337  2.00568154 92682
1 32711U 08012A   20311.97710800  .00000007  00000-0  00000-0 0  9991
2 32711  54.5711 231.7549 0144025 225.4242 133.4298  2.00568159 92677
1 32711U 08012A   20312.47567303  .00000004  00000-0  00000-0 0  9992
2 32711  54.5709 231.7349 0144025 225.4263 133.4268  2.00568162 92700
1 32711U 08012A   20315.46705984 -.00000008  00000+0  00000+0 0  9996
2 32711  54.5700 231.6147 0144018 225.4398 133.4061  2.00568190 92765
1 32711U 08012A   20316.46419139 -.00000006  00000+0  00000+0 0  9999
2 32711  54.5697 231.5746 0144018 225.4437 133.4019  2.00568208 92783
1 32711U 08012A   20316.96275832 -.00000004  00000+0  00000+0 0  9992
2 32711  54.5696 231.5546 0144020 225.4432 133.4031  2.00568219 92795
1 32711U 08012A   20317.95989427  .00000002  00000-0  00000-0 0  9993
2 32711  54.5693 231.5145 0144026 225.4470 133.4022  2.00568241 92813
1 32711U 08012A   20318.95703255  .00000009  00000-0  00000-0 0  9994
2 32711  54.5690 231.4745 0144034 225.4524 133.4015  2.00568266 92835
1 32711U 08012A   20319.45560215  .00000012  00000-0  00000-0 0  9991
2 32711  54.5689 231.4544 0144039 225.4521 133.4046  2.00568286 92849
1 32711U 08012A   20319.95417186  .00000015  00000-0  00000-0 0  9997
2 32711  54.5687 231.4344 0144039 225.4554 133.4041  2.00568300 92854
1 32711U 08012A   20320.45274144  .00000017  00000-0  00000-0 0  9991
2 32711  54.5686 231.4144 0144044 225.4608 133.4013  2.00568306 92863
1 32711U 08012A   20320.95131074  .00000018  00000-0  00000-0 0  9991
2 32711  54.5684 231.3944 0144042 225.4589 133.4059  2.00568333 92875
1 32711U 08012A   20321.44987943  .00000017  00000-0  00000-0 0  9999
2 32711  54.5683 231.3743 0144043 225.4608 133.4061  2.00568354 92869
1 32711U 08012A   20321.94844749  .00000015  00000-0  00000-0 0  9998
2 32711  54.5681 231.3543 0144046 225.4620 133.4067  2.00568376 92895
1 32711U 08012A   20322.44701476  .00000012  00000-0  00000-0 0  9990
2 32711  54.5679 231.3343 0144049 225.4633 133.4067  2.00568400 92907
1 32711U 08012A   20322.94558125  .00000008  00000-0  00000-0 0  9991
2 32711  54.5678 231.3143 0144053 225.4659 133.4048  2.00568422 92911
1 32711U 08012A   20323.44414711  .00000002  00000-0  00000-0 0  9993
2 32711  54.5676 231.2942 0144053 225.4694 133.4014  2.00568439 92926
1 32711U 08012A   20323.94271215 -.00000004  00000-0  00000-0 0  9991
2 32711  54.5675 231.2742 0144057 225.4732 133.3974  2.00568457 92935
1 32711U 08012A   20324.44127678 -.00000010  00000-0  00000-0 0  9997
2 32711  54.5673 231.2542 0144055 225.4681 133.4021  2.00568496 92940
1 32711U 08012A   20324.93984085 -.00000017  00000-0  00000-0 0  9991
2 32711  54.5671 231.2341 0144055 225.4706 133.3986  2.00568514 92932
1 32711U 08012A   20325.93696810 -.00000028  00000-0  00000-0 0  9990
2 32711  54.5668 231.1941 0144063 225.4773 133.3895  2.00568548 92976
1 32711U 08012A   20326.43553164 -.00000033  00000-0  00000-0 0  9996
2 32711  54.5667 231.1740 0144059 225.4706 133.3953  2.00568596 92982
1 32711U 08012A   20326.93409537 -.00000036  00000-0  00000-0 0  9998
2 32711  54.5665 231.1540 0144062 225.4717 133.3931  2.00568618 92996
1 32711U 08012A   20327.43265931 -.00000038  00000-0  00000-0 0  9994
2 32711  54.5664 231.1340 0144067 225.4722 133.3918  2.00568647 93004
1 32711U 08012A   20327.93122362 -.00000038  00000-0  00000-0 0  9999
2 32711  54.5663 231.1140 0144071 225.4758 133.3876  2.00568663 92993
1 32711U 08012A   20328.42978835 -.00000037  00000-0  00000-0 0  9997
2 32711  54.5661 231.0940 0144076 225.4757 133.3875  2.00568693 93029
1 32711U 08012A   20328.42978840 -.00000037  00000-0  00000-0 0  9993
2 32711  54.5661 231.0940 0144075 225.4770 133.3863  2.00568688 93024
1 32711U 08012A   20329.42691948 -.00000031  00000-0  00000-0 0  9999
2 32711  54.5659 231.0539 0144090 225.4789 133.3853  2.00568746 93048
1 32711U 08012A   20329.92548579 -.00000026  00000-0  00000-0 0  9999
2 32711  54.5657 231.0339 0144094 225.4807 133.3845  2.00568767 93032
1 32711U 08012A   20330.42405287 -.00000020  00000-0  00000-0 0  9998
2 32711  54.5656 231.0139 0144096 225.4813 133.3855  2.00568793 93061
1 32711U 08012A   20330.92262014 -.00000013  00000-0  00000-0 0  9994
2 32711  54.5655 230.9939 0144102 225.4844 133.3843  2.00568811 93055
1 32711U 08012A   20331.42118798 -.00000006  00000-0  00000-0 0  9991
2 32711  54.5653 230.9738 0144102 225.4849 133.3860  2.00568830 93088
1 32711U 08012A   20331.91975621  .00000002  00000-0  00000-0 0  9996
2 32711  54.5652 230.9538 0144103 225.4859 133.3876  2.00568849 93095
1 32711U 08012A   20332.41832463  .00000009  00000-0  00000-0 0  9995
2 32711  54.5650 230.9338 0144101 225.4867 133.3896  2.00568866 93101
1 32711U 08012A   20332.91689326  .00000016  00000-0  00000-0 0  9996
2 32711  54.5649 230.9137 0144099 225.4867 133.3927  2.00568883 93094
1 32711U 08012A   20333.91403069  .00000028  00000-0  00000-0 0  9998
2 32711  54.5646 230.8737 0144100 225.4889 133.3965  2.00568906 93136
1 32711U 08012A   20334.41259933  .00000032  00000-0  00000-0 0  9998
2 32711  54.5645 230.8537 0144099 225.4886 133.3999  2.00568917 93147
1 32711U 08012A   20335.40973533  .00000040  00000-0  00000-0 0  9996
2 32711  54.5642 230.8136 0144104 225.4936 133.4001  2.00568932 93144
1 32711U 08012A   20335.40973533  .00000040  00000-0  00000-0 0  9996
2 32711  54.5642 230.8136 0144104 225.4936 133.4001  2.00568932 93166
1 32711U 08012A   20335.90830272  .00000042  00000-0  00000-0 0  9995
2 32711  54.5641 230.7936 0144107 225.4932 133.4028  2.00568941 93159
1 32711U 08012A   20336.40686955  .00000043  00000-0  00000-0 0  9999
2 32711  54.5640 230.7736 0144112 225.4953 133.4025  2.00568946 93180
1 32711U 08012A   20337.40400110  .00000043  00000-0  00000-0 0  9997
2 32711  54.5637 230.7335 0144121 225.5000 133.4001  2.00568958 93205
1 32711U 08012A   20337.90256567  .00000043  00000-0  00000-0 0  9997
2 32711  54.5636 230.7134 0144127 225.5020 133.3984  2.00568964 93216
1 32711U 08012A   20338.40112968  .00000041  00000-0  00000-0 0  9997
2 32711  54.5635 230.6934 0144132 225.5078 133.3924  2.00568966 93206
1 32711U 08012A   20338.40112968  .00000041  00000-0  00000-0 0  9997
2 32711  54.5635 230.6934 0144132 225.5078 133.3924  2.00568966 93228
1 32711U 08012A   20339.89681792  .00000035  00000-0  00000-0 0  9990
2 32711  54.5631 230.6333 0144137 225.5104 133.3870  2.00568982 93253
1 32711U 08012A   20340.39537971  .00000033  00000-0  00000-0 0  9994
2 32711  54.5629 230.6133 0144132 225.5115 133.3843  2.00568989 93263
1 32711U 08012A   20340.89394114  .00000030  00000-0  00000-0 0  9996
2 32711  54.5628 230.5932 0144132 225.5110 133.3830  2.00568998 93258
1 32711U 08012A   20340.89394120  .00000030  00000-0  00000-0 0  9993
2 32711  54.5628 230.5932 0144132 225.5124 133.3816  2.00568996 93277
1 32711U 08012A   20341.89106377  .00000028  00000-0  00000-0 0  9996
2 32711  54.5626 230.5531 0144148 225.5206 133.3695  2.00569009 93291
1 32711U 08012A   20341.89106385  .00000028  00000-0  00000-0 0  9995
2 32711  54.5626 230.5531 0144141 225.5152 133.3751  2.00569014 93271
1 32711U 08012A   20341.89106385  .00000028  00000-0  00000-0 0  9995
2 32711  54.5626 230.5531 0144141 225.5152 133.3751  2.00569014 93293
1 32711U 08012A   20342.88818777  .00000027  00000-0  00000-0 0  9999
2 32711  54.5623 230.5131 0144149 225.5213 133.3662  2.00569030 93314
1 32711U 08012A   20343.38675043  .00000028  00000-0  00000-0 0  9993
2 32711  54.5622 230.4930 0144146 225.5179 133.3690  2.00569046 93326
1 32711U 08012A   20343.88531393  .00000030  00000-0  00000-0 0  9990
2 32711  54.5621 230.4730 0144149 225.5218 133.3647  2.00569053 93319
1 32711U 08012A   20344.38387781  .00000033  00000-0  00000-0 0  9999
2 32711  54.5620 230.4529 0144153 225.5178 133.3691  2.00569075 93340
1 32711U 08012A   20344.88244257  .00000037  00000-0  00000-0 0  9998
2 32711  54.5619 230.4329 0144161 225.5251 133.3624  2.00569081 93351
1 32711U 08012A   20345.38100789  .00000041  00000-0  00000-0 0  9990
2 32711  54.5617 230.4129 0144169 225.5278 133.3609  2.00569094 93362
1 32711U 08012A   20345.38100790  .00000041  00000-0  00000-0 0  9992
2 32711  54.5617 230.4129 0144166 225.5230 133.3658  2.00569101 93360
1 32711U 08012A   20345.87957381  .00000045  00000-0  00000-0 0  9996
2 32711  54.5616 230.3928 0144172 225.5249 133.3656  2.00569116 93377
1 32711U 08012A   20346.37814003  .00000049  00000-0  00000+0 0  9998
2 32711  54.5615 230.3728 0144181 225.5260 133.3664  2.00569135 93366
1 32711U 08012A   20346.37814003  .00000049  00000-0  00000-0 0  9999
2 32711  54.5615 230.3728 0144181 225.5260 133.3664  2.00569135 93388
1 32711U 08012A   20346.37814004  .00000049  00000-0  00000-0 0  9990
2 32711  54.5615 230.3728 0144181 225.5307 133.3616  2.00569126 93387
1 32711U 08012A   20346.87670652  .00000052  00000-0  00000-0 0  9998
2 32711  54.5614 230.3527 0144187 225.5309 133.3636  2.00569147 93397
1 32711U 08012A   20347.37527273  .00000055  00000-0  00000-0 0  9997
2 32711  54.5613 230.3327 0144198 225.5298 133.3668  2.00569176 93402
1 32711U 08012A   20347.87383898  .00000057  00000-0  00000-0 0  9997
2 32711  54.5612 230.3127 0144203 225.5317 133.3668  2.00569194 93419
1 32711U 08012A   20348.87096976  .00000057  00000-0  00000-0 0  9996
2 32711  54.5609 230.2726 0144221 225.5415 133.3599  2.00569224 93437
1 32711U 08012A   20348.87096981  .00000057  00000-0  00000-0 0  9992
2 32711  54.5609 230.2726 0144220 225.5357 133.3659  2.00569240 93436
1 32711U 08012A   20348.87096986  .00000057  00000-0  00000+0 0  9996
2 32711  54.5609 230.2726 0144219 225.5381 133.3634  2.00569234 93415
1 32711U 08012A   20350.36666112  .00000047  00000-0  00000-0 0  9997
2 32711  54.5605 230.2125 0144233 225.5412 133.3613  2.00569303 93464
1 32711U 08012A   20350.86522338  .00000042  00000-0  00000-0 0  9998
2 32711  54.5604 230.1925 0144239 225.5412 133.3606  2.00569329 93477
1 32711U 08012A   20351.36378491  .00000036  00000-0  00000-0 0  9996
2 32711  54.5603 230.1724 0144244 225.5388 133.3620  2.00569363 93486
1 32711U 08012A   20351.86234590  .00000029  00000-0  00000-0 0  9994
2 32711  54.5601 230.1524 0144247 225.5431 133.3560  2.00569378 93494
1 32711U 08012A   20352.36090643  .00000023  00000-0  00000-0 0  9993
2 32711  54.5600 230.1324 0144253 225.5419 133.3554  2.00569406 93501
1 32711U 08012A   20353.35802662  .00000012  00000-0  00000-0 0  9993
2 32711  54.5598 230.0923 0144269 225.5431 133.3501  2.00569462 93528
1 32711U 08012A   20354.35514634  .00000005  00000-0  00000-0 0  9995
2 32711  54.5596 230.0522 0144286 225.5425 133.3467  2.00569531 93543
1 32711U 08012A   20354.35514665  .00000005  00000-0  00000-0 0  9999
2 32711  54.5596 230.0523 0144278 225.5476 133.3416  2.00569510 93542
1 32711U 08012A   20354.85370665  .00000004  00000-0  00000-0 0  9993
2 32711  54.5595 230.0322 0144293 225.5430 133.3446  2.00569560 93554
1 32711U 08012A   20355.85082858  .00000005  00000-0  00000-0 0  9999
2 32711  54.5593 229.9921 0144313 225.5456 133.3397  2.00569619 93577
1 32711U 08012A   20355.85082870  .00000005  00000-0  00000-0 0  9993
2 32711  54.5592 229.9921 0144310 225.5524 133.3329  2.00569594 93576
1 32711U 08012A   20356.34939043  .00000009  00000-0  00000-0 0  9995
2 32711  54.5592 229.9720 0144320 225.5461 133.3388  2.00569645 93587
1 32711U 08012A   20356.84795288  .00000013  00000-0  00000-0 0  9996
2 32711  54.5591 229.9520 0144327 225.5470 133.3378  2.00569670 93599
1 32711U 08012A   20357.84507916  .00000025  00000-0  00000-0 0  9999
2 32711  54.5589 229.9120 0144343 225.5515 133.3343  2.00569721 93612
1 32711U 08012A   20359.34077179  .00000046  00000-0  00000-0 0  9992
2 32711  54.5585 229.8519 0144374 225.5573 133.3327  2.00569789 93646
1 32711U 08012A   20360.33790168  .00000060  00000-0  00000-0 0  9999
2 32711  54.5583 229.8118 0144383 225.5623 133.3315  2.00569814 93663
1 32711U 08012A   20360.33790169  .00000060  00000-0  00000-0 0  9990
2 32711  54.5583 229.8118 0144386 225.5598 133.3340  2.00569821 93663
1 32711U 08012A   20361.33503158  .00000072  00000-0  00000-0 0  9994
2 32711  54.5581 229.7717 0144399 225.5613 133.3367  2.00569846 93685
1 32711U 08012A   20361.33503160  .00000072  00000-0  00000-0 0  9997
2 32711  54.5581 229.7717 0144399 225.5627 133.3353  2.00569844 93683
1 32711U 08012A   20361.83359632  .00000076  00000-0  00000-0 0  9999
2 32711  54.5580 229.7517 0144407 225.5629 133.3369  2.00569855 93692
1 32711U 08012A   20362.33216067  .00000080  00000-0  00000-0 0  9994
2 32711  54.5579 229.7316 0144411 225.5626 133.3390  2.00569865 93706
1 32711U 08012A   20363.32928785  .00000084  00000-0  00000-0 0  9995
2 32711  54.5577 229.6915 0144431 225.5683 133.3357  2.00569879 93723
1 32711U 08012A   20364.32641272  .00000086  00000-0  00000-0 0  9991
2 32711  54.5576 229.6515 0144452 225.5731 133.3316  2.00569890 93745
1 32711U 08012A   20364.32641274  .00000086  00000-0  00000-0 0  9993
2 32711  54.5575 229.6515 0144448 225.5761 133.3286  2.00569887 93744
1 32711U 08012A   20365.32353474  .00000084  00000-0  00000-0 0  9994
2 32711  54.5574 229.6114 0144478 225.5787 133.3248  2.00569899 93762
1 32711U 08012A   20365.32353478  .00000084  00000-0  00000-0 0  9998
2 32711  54.5574 229.6114 0144478 225.5798 133.3237  2.00569898 93761
1 32711U 08012A   20365.82209473  .00000082  00000-0  00000-0 0  9996
2 32711  54.5573 229.5913 0144487 225.5818 133.3204  2.00569903 93771
1 32711U 08012A   20366.81921261  .00000078  00000-0  00000-0 0  9997
2 32711  54.5571 229.5512 0144506 225.5917 133.3064  2.00569910 93790
1 32711U 08012A   20366.81921269  .00000078  00000-0  00000-0 0  9995
2 32711  54.5571 229.5512 0144506 225.5863 133.3118  2.00569912 93792

