1 38858U 12055B   20092.08619477  .00000021  00000-0  00000+0 0  9992
2 38858  54.9648 163.9100 0002890 267.9075  92.1236  1.70473640 46448
1 38858U 12055B   20092.08619477  .00000021  00000-0  00000-0 0  9993
2 38858  54.9648 163.9100 0002890 267.9075  92.1236  1.70473640 46493
1 38858U 12055B   20094.43253041  .00000019  00000-0  00000+0 0  9991
2 38858  54.9651 163.8453 0002961 268.3247  91.7062  1.70473602 46481
1 38858U 12055B   20096.19229413  .00000024  00000-0  00000-0 0  9999
2 38858  54.9653 163.7968 0003044 268.7224  91.3157  1.70473580 46560
1 38858U 12055B   20096.19229463  .00000024  00000-0  00000-0 0  9994
2 38858  54.9653 163.7968 0003027 268.6074  91.4308  1.70473582 46564
1 38858U 12055B   20097.95206205  .00000031  00000-0  00000+0 0  9995
2 38858  54.9655 163.7483 0003094 268.9723  91.0751  1.70473577 46546
1 38858U 12055B   20098.53864942  .00000032  00000-0  00000-0 0  9990
2 38858  54.9656 163.7321 0003133 269.2046  90.8449  1.70473581 46607
1 38858U 12055B   20100.88498682  .00000024  00000-0  00000+0 0  9996
2 38858  54.9658 163.6673 0003190 269.1766  90.8734  1.70473591 46595
1 38858U 12055B   20102.05814663  .00000016  00000-0  00000-0 0  9990
2 38858  54.9659 163.6349 0003220 269.3844  90.6608  1.70473618 46665
1 38858U 12055B   20104.99104303 -.00000000  00000-0  00000+0 0  9991
2 38858  54.9664 163.5542 0003305 269.6957  90.3356  1.70473698 46662
1 38858U 12055B   20106.75079234  .00000004  00000-0  00000-0 0  9995
2 38858  54.9668 163.5057 0003364 269.8182  90.2118  1.70473745 46741
1 38858U 12055B   20107.33737812  .00000008  00000-0  00000+0 0  9996
2 38858  54.9669 163.4895 0003385 269.9053  90.1258  1.70473761 46700
1 38858U 12055B   20107.33737812  .00000008  00000-0  00000-0 0  9997
2 38858  54.9669 163.4895 0003385 269.9053  90.1258  1.70473761 46755
1 38858U 12055B   20109.09714140  .00000023  00000-0  00000-0 0  9998
2 38858  54.9671 163.4411 0003434 270.1036  89.9349  1.70473804 46780
1 38858U 12055B   20110.27031946  .00000033  00000-0  00000+0 0  9996
2 38858  54.9673 163.4087 0003462 270.2579  89.7871  1.70473822 46750
1 38858U 12055B   20110.85690847  .00000038  00000-0  00000-0 0  9997
2 38858  54.9674 163.3926 0003485 270.3879  89.6602  1.70473831 46819
1 38858U 12055B   20113.20325797  .00000054  00000-0  00000-0 0  9996
2 38858  54.9678 163.3281 0003550 270.8243  89.2329  1.70473817 46850
1 38858U 12055B   20113.20325812  .00000054  00000-0  00000+0 0  9993
2 38858  54.9678 163.3281 0003538 270.7318  89.3255  1.70473822 46808
1 38858U 12055B   20114.37642684  .00000060  00000-0  00000-0 0  9999
2 38858  54.9680 163.2957 0003571 270.9894  89.0687  1.70473810 46878
1 38858U 12055B   20114.96300930  .00000062  00000-0  00000-0 0  9991
2 38858  54.9682 163.2796 0003607 271.2665  88.7908  1.70473788 46888
1 38858U 12055B   20117.30933049  .00000065  00000-0  00000+0 0  9997
2 38858  54.9686 163.2150 0003654 271.7470  88.3019  1.70473748 46871
1 38858U 12055B   20119.06906725  .00000062  00000-0  00000-0 0  9991
2 38858  54.9693 163.1666 0003676 271.9598  88.0803  1.70473712 46955
1 38858U 12055B   20119.65564707  .00000061  00000-0  00000+0 0  9994
2 38858  54.9694 163.1505 0003685 272.0611  87.9764  1.70473699 46910
1 38858U 12055B   20120.24222747  .00000061  00000-0  00000-0 0  9997
2 38858  54.9696 163.1343 0003693 272.1009  87.9347  1.70473691 46978
1 38858U 12055B   20123.76173523  .00000067  00000-0  00000-0 0  9990
2 38858  54.9703 163.0374 0003793 272.6919  87.3465  1.70473635 47037
1 38858U 12055B   20123.76173551  .00000067  00000-0  00000-0 0  9991
2 38858  54.9703 163.0374 0003786 272.6000  87.4385  1.70473636 47033
1 38858U 12055B   20123.76173556  .00000067  00000-0  00000+0 0  9995
2 38858  54.9704 163.0374 0003768 272.5182  87.5205  1.70473643 46987
1 38858U 12055B   20126.10808125  .00000073  00000-0  00000+0 0  9990
2 38858  54.9703 162.9728 0003841 272.9873  87.0573  1.70473634 47029
1 38858U 12055B   20127.28124715  .00000070  00000-0  00000-0 0  9994
2 38858  54.9706 162.9405 0003860 273.1272  86.9162  1.70473641 47098
1 38858U 12055B   20127.86782735  .00000067  00000-0  00000-0 0  9996
2 38858  54.9726 162.9244 0003896 273.2678  86.7732  1.70473648 47101
1 38858U 12055B   20130.21413802  .00000049  00000-0  00000+0 0  9994
2 38858  54.9728 162.8597 0003932 273.4518  86.5739  1.70473693 47092
1 38858U 12055B   20130.21413802  .00000049  00000-0  00000-0 0  9995
2 38858  54.9728 162.8597 0003932 273.4518  86.5739  1.70473693 47148
1 38858U 12055B   20130.80071462  .00000044  00000-0  00000-0 0  9997
2 38858  54.9726 162.8435 0003938 273.4673  86.5540  1.70473709 47154
1 38858U 12055B   20133.14702942  .00000038  00000-0  00000+0 0  9993
2 38858  54.9718 162.7789 0003940 273.4551  86.5542  1.70473768 47140
1 38858U 12055B   20134.32019427  .00000043  00000-0  00000-0 0  9990
2 38858  54.9722 162.7466 0003965 273.5837  86.4240  1.70473803 47214
1 38858U 12055B   20136.07995056  .00000055  00000-0  00000+0 0  9997
2 38858  54.9731 162.6982 0003987 273.6845  86.3265  1.70473851 47196
1 38858U 12055B   20137.25312467  .00000065  00000-0  00000-0 0  9999
2 38858  54.9734 162.6659 0003997 273.7580  86.2572  1.70473870 47267
1 38858U 12055B   20138.42629889  .00000074  00000-0  00000-0 0  9998
2 38858  54.9737 162.6336 0004002 273.8589  86.1605  1.70473879 47232
1 38858U 12055B   20140.18605572  .00000084  00000-0  00000-0 0  9998
2 38858  54.9741 162.5852 0004028 274.2181  85.8050  1.70473868 47317
1 38858U 12055B   20140.18605583  .00000084  00000-0  00000-0 0  9990
2 38858  54.9742 162.5853 0004030 274.2275  85.7957  1.70473866 47319
1 38858U 12055B   20140.77263932  .00000087  00000-0  00000+0 0  9995
2 38858  54.9743 162.5692 0004041 274.3307  85.6924  1.70473859 47270
1 38858U 12055B   20142.53238381  .00000092  00000-0  00000-0 0  9998
2 38858  54.9747 162.5208 0004068 274.6635  85.3558  1.70473821 47351
1 38858U 12055B   20147.81158896  .00000085  00000-0  00000+0 0  9997
2 38858  54.9757 162.3755 0004087 275.5460  84.4437  1.70473705 47395
1 38858U 12055B   20150.15792101  .00000086  00000-0  00000-0 0  9993
2 38858  54.9764 162.3110 0004103 275.8499  84.1378  1.70473662 47430
1 38858U 12055B   20150.15792101  .00000086  00000-0  00000-0 0  9993
2 38858  54.9764 162.3110 0004103 275.8499  84.1378  1.70473662 47485
1 38858U 12055B   20150.74450662  .00000088  00000-0  00000-0 0  9993
2 38858  54.9766 162.2948 0004107 275.9265  84.0622  1.70473656 47496
1 38858U 12055B   20152.50426456  .00000092  00000-0  00000+0 0  9997
2 38858  54.9770 162.2464 0004117 276.1218  83.8707  1.70473644 47472
1 38858U 12055B   20152.50426456  .00000092  00000-0  00000-0 0  9998
2 38858  54.9770 162.2464 0004117 276.1218  83.8707  1.70473644 47528
1 38858U 12055B   20154.26401476  .00000089  00000-0  00000-0 0  9994
2 38858  54.9774 162.1980 0004118 276.3396  83.6520  1.70473651 47556
1 38858U 12055B   20154.85059510  .00000086  00000-0  00000+0 0  9993
2 38858  54.9775 162.1819 0004117 276.4622  83.5273  1.70473658 47517
1 38858U 12055B   20157.19690406  .00000066  00000-0  00000-0 0  9997
2 38858  54.9780 162.1173 0004107 276.6043  83.3689  1.70473699 47552
1 38858U 12055B   20157.19690423  .00000066  00000-0  00000+0 0  9995
2 38858  54.9780 162.1173 0004107 276.5936  83.3797  1.70473688 47550
1 38858U 12055B   20160.12978968  .00000048  00000-0  00000+0 0  9995
2 38858  54.9787 162.0366 0004106 276.6707  83.2819  1.70473764 47601
1 38858U 12055B   20161.30295225  .00000049  00000-0  00000-0 0  9996
2 38858  54.9790 162.0044 0004113 276.7844  83.1651  1.70473793 47671
1 38858U 12055B   20161.88953556  .00000051  00000-0  00000-0 0  9990
2 38858  54.9791 161.9883 0004113 276.7314  83.2179  1.70473805 47684
1 38858U 12055B   20162.47612006  .00000055  00000-0  00000+0 0  9991
2 38858  54.9794 161.9721 0004115 276.7977  83.1521  1.70473828 47646
1 38858U 12055B   20163.64929197  .00000062  00000-0  00000-0 0  9992
2 38858  54.9796 161.9399 0004113 276.9245  83.0281  1.70473852 47714
1 38858U 12055B   20164.23587882  .00000066  00000-0  00000-0 0  9993
2 38858  54.9797 161.9238 0004108 276.9838  82.9707  1.70473862 47722
1 38858U 12055B   20165.40905272  .00000073  00000-0  00000+0 0  9997
2 38858  54.9799 161.8915 0004096 277.0420  82.9166  1.70473874 47698
1 38858U 12055B   20165.40905272  .00000073  00000-0  00000-0 0  9998
2 38858  54.9799 161.8915 0004096 277.0420  82.9166  1.70473874 47744
1 38858U 12055B   20167.16881035  .00000082  00000-0  00000-0 0  9993
2 38858  54.9803 161.8431 0004085 277.2631  82.6995  1.70473873 47776
1 38858U 12055B   20168.34197741  .00000085  00000-0  00000+0 0  9990
2 38858  54.9805 161.8108 0004083 277.2889  82.6737  1.70473864 47743
1 38858U 12055B   20168.92855958  .00000087  00000-0  00000-0 0  9998
2 38858  54.9805 161.7947 0004077 277.5978  82.3640  1.70473848 47807
1 38858U 12055B   20170.10172044  .00000088  00000-0  00000-0 0  9990
2 38858  54.9809 161.7625 0004067 277.7745  82.1834  1.70473824 47826
1 38858U 12055B   20170.68829956  .00000087  00000-0  00000+0 0  9992
2 38858  54.9810 161.7464 0004063 277.8961  82.0590  1.70473809 47782
1 38858U 12055B   20171.27487815  .00000087  00000-0  00000-0 0  9993
2 38858  54.9811 161.7303 0004064 278.0222  81.9296  1.70473791 47847
1 38858U 12055B   20171.86145614  .00000085  00000-0  00000-0 0  9994
2 38858  54.9813 161.7141 0004056 278.1287  81.8196  1.70473776 47854
1 38858U 12055B   20172.44803399  .00000084  00000-0  00000-0 0  9999
2 38858  54.9814 161.6980 0004044 278.2434  81.7013  1.70473760 47868
1 38858U 12055B   20174.79434921  .00000076  00000-0  00000+0 0  9990
2 38858  54.9818 161.6335 0004002 278.5979  81.3345  1.70473700 47854
1 38858U 12055B   20177.14068136  .00000073  00000-0  00000-0 0  9991
2 38858  54.9823 161.5690 0003971 278.8462  81.0841  1.70473656 47945
1 38858U 12055B   20177.14068143  .00000073  00000-0  00000+0 0  9998
2 38858  54.9823 161.5690 0003970 278.8480  81.0824  1.70473657 47890
1 38858U 12055B   20179.48702741  .00000076  00000-0  00000+0 0  9999
2 38858  54.9829 161.5045 0003948 279.1591  80.7777  1.70473637 47938
1 38858U 12055B   20181.83336448  .00000070  00000-0  00000+0 0  9992
2 38858  54.9832 161.4399 0003909 279.4266  80.5111  1.70473641 47971
1 38858U 12055B   20183.00652415  .00000060  00000-0  00000-0 0  9998
2 38858  54.9834 161.4076 0003887 279.5392  80.3936  1.70473654 48047
1 38858U 12055B   20184.76625610  .00000041  00000-0  00000+0 0  9997
2 38858  54.9834 161.3592 0003856 279.6733  80.2474  1.70473678 48025
1 38858U 12055B   20187.11256868  .00000023  00000-0  00000+0 0  9994
2 38858  54.9840 161.2947 0003794 279.9718  79.9350  1.70473745 48069
1 38858U 12055B   20188.28573195  .00000022  00000-0  00000-0 0  9998
2 38858  54.9838 161.2625 0003793 279.9531  79.9511  1.70473772 48138
1 38858U 12055B   20188.28573206  .00000022  00000-0  00000-0 0  9991
2 38858  54.9838 161.2625 0003784 280.0117  79.8925  1.70473778 48135
1 38858U 12055B   20188.87231555  .00000023  00000-0  00000-0 0  9995
2 38858  54.9836 161.2463 0003790 279.8820  80.0222  1.70473804 48142
1 38858U 12055B   20189.45890080  .00000025  00000-0  00000+0 0  9995
2 38858  54.9837 161.2302 0003784 279.9577  79.9475  1.70473812 48100
1 38858U 12055B   20189.45890080  .00000025  00000-0  00000-0 0  9996
2 38858  54.9837 161.2302 0003784 279.9577  79.9475  1.70473812 48155
1 38858U 12055B   20190.04548722  .00000028  00000-0  00000-0 0  9999
2 38858  54.9837 161.2141 0003780 279.9470  79.9598  1.70473827 48167
1 38858U 12055B   20194.15160204  .00000048  00000-0  00000+0 0  9991
2 38858  54.9830 161.1012 0003717 280.3863  79.5386  1.70473877 48186
1 38858U 12055B   20194.15160204  .00000048  00000-0  00000-0 0  9992
2 38858  54.9830 161.1012 0003717 280.3863  79.5386  1.70473877 48232
1 38858U 12055B   20196.49794014  .00000053  00000-0  00000+0 0  9998
2 38858  54.9834 161.0367 0003693 280.6098  79.3175  1.70473853 48221
1 38858U 12055B   20198.25768314  .00000051  00000-0  00000-0 0  9997
2 38858  54.9835 160.9883 0003683 280.8671  79.0556  1.70473820 48304
1 38858U 12055B   20198.84426544  .00000050  00000-0  00000+0 0  9996
2 38858  54.9849 160.9722 0003604 281.0773  78.8440  1.70473795 48265
1 38858U 12055B   20201.77716651  .00000039  00000-0  00000+0 0  9991
2 38858  54.9836 160.8916 0003520 281.7536  78.1570  1.70473722 48319
1 38858U 12055B   20202.95033270  .00000036  00000-0  00000-0 0  9999
2 38858  54.9837 160.8593 0003491 281.8776  78.0321  1.70473696 48385
1 38858U 12055B   20204.12350419  .00000035  00000-0  00000+0 0  9995
2 38858  54.9842 160.8270 0003453 282.0283  77.8837  1.70473673 48358
1 38858U 12055B   20206.46985904  .00000037  00000-0  00000+0 0  9999
2 38858  54.9871 160.7625 0003354 282.4556  77.4680  1.70473642 48392
1 38858U 12055B   20207.64303489  .00000037  00000-0  00000-0 0  9993
2 38858  54.9862 160.7302 0003338 282.5686  77.3600  1.70473638 48465
1 38858U 12055B   20208.81620655  .00000033  00000-0  00000+0 0  9995
2 38858  54.9863 160.6979 0003299 282.6920  77.2391  1.70473641 48430
1 38858U 12055B   20211.16253228  .00000012  00000-0  00000-0 0  9993
2 38858  54.9868 160.6333 0003216 282.9936  76.9317  1.70473668 48521
1 38858U 12055B   20211.16253235  .00000012  00000-0  00000+0 0  9990
2 38858  54.9868 160.6333 0003218 283.0465  76.8787  1.70473663 48471
1 38858U 12055B   20212.33568894 -.00000001  00000-0  00000-0 0  9990
2 38858  54.9871 160.6010 0003197 283.0748  76.8442  1.70473702 48547
1 38858U 12055B   20215.26859519 -.00000018  00000-0  00000-0 0  9990
2 38858  54.9871 160.5204 0003110 283.2149  76.6964  1.70473775 48540
1 38858U 12055B   20217.02835536 -.00000014  00000-0  00000-0 0  9995
2 38858  54.9873 160.4720 0003067 283.4758  76.4410  1.70473823 48620
1 38858U 12055B   20218.20153443 -.00000007  00000-0  00000+0 0  9997
2 38858  54.9874 160.4397 0003030 283.6371  76.2870  1.70473850 48598
1 38858U 12055B   20218.20153443 -.00000007  00000-0  00000-0 0  9998
2 38858  54.9874 160.4397 0003030 283.6371  76.2870  1.70473850 48644
1 38858U 12055B   20218.78812525 -.00000004  00000-0  00000-0 0  9991
2 38858  54.9875 160.4236 0003004 283.7439  76.1845  1.70473860 48657
1 38858U 12055B   20219.96130652  .00000003  00000-0  00000-0 0  9994
2 38858  54.9875 160.3914 0002958 283.8887  76.0483  1.70473871 48675
1 38858U 12055B   20221.13448659  .00000008  00000-0  00000+0 0  9999
2 38858  54.9876 160.3592 0002910 284.2066  75.7381  1.70473878 48647
1 38858U 12055B   20222.30766275  .00000011  00000-0  00000-0 0  9991
2 38858  54.9877 160.3269 0002877 284.2946  75.6558  1.70473878 48711
1 38858U 12055B   20223.48083516  .00000013  00000-0  00000+0 0  9992
2 38858  54.9877 160.2947 0002845 284.5106  75.4431  1.70473865 48689
1 38858U 12055B   20224.06741988  .00000014  00000-0  00000-0 0  9993
2 38858  54.9878 160.2785 0002828 284.6409  75.3135  1.70473856 48745
1 38858U 12055B   20225.82716899  .00000013  00000-0  00000+0 0  9999
2 38858  54.9880 160.2301 0002763 285.0192  74.9342  1.70473823 48721
1 38858U 12055B   20228.17349644  .00000007  00000-0  00000+0 0  9993
2 38858  54.9882 160.1656 0002666 285.5826  74.3667  1.70473776 48761
1 38858U 12055B   20229.93324830  .00000002  00000-0  00000-0 0  9994
2 38858  54.9884 160.1172 0002596 285.8772  74.0726  1.70473738 48841
1 38858U 12055B   20231.10642218  .00000001  00000-0  00000+0 0  9997
2 38858  54.9884 160.0849 0002553 286.0421  73.9117  1.70473716 48813
1 38858U 12055B   20231.10642242  .00000001  00000-0  00000-0 0  9995
2 38858  54.9885 160.0849 0002546 286.1581  73.7958  1.70473712 48866
1 38858U 12055B   20232.86619127  .00000004  00000-0  00000-0 0  9998
2 38858  54.9886 160.0364 0002494 286.3536  73.6111  1.70473690 48891
1 38858U 12055B   20233.45278192  .00000005  00000-0  00000+0 0  9997
2 38858  54.9886 160.0203 0002477 286.4306  73.5384  1.70473685 48851
1 38858U 12055B   20234.03937259  .00000007  00000-0  00000-0 0  9991
2 38858  54.9887 160.0041 0002454 286.5744  73.3988  1.70473680 48914
1 38858U 12055B   20235.79913891  .00000006  00000-0  00000-0 0  9990
2 38858  54.9888 159.9556 0002388 286.8624  73.1201  1.70473680 48892
1 38858U 12055B   20236.97230940 -.00000001  00000-0  00000-0 0  9994
2 38858  54.9888 159.9233 0002342 287.0621  72.9222  1.70473683 48965
1 38858U 12055B   20238.14547364 -.00000011  00000-0  00000+0 0  9996
2 38858  54.9889 159.8911 0002297 287.1296  72.8529  1.70473699 48939
1 38858U 12055B   20238.14547364 -.00000011  00000-0  00000-0 0  9997
2 38858  54.9889 159.8911 0002297 287.1296  72.8529  1.70473699 48984
1 38858U 12055B   20239.90521480 -.00000029  00000-0  00000-0 0  9992
2 38858  54.9890 159.8426 0002231 287.3219  72.6546  1.70473724 49013
1 38858U 12055B   20245.77107862 -.00000024  00000-0  00000+0 0  9992
2 38858  54.9895 159.6812 0002030 287.9815  72.0118  1.70473866 49061
1 38858U 12055B   20246.94426184 -.00000016  00000-0  00000-0 0  9995
2 38858  54.9896 159.6489 0001983 288.2228  71.7805  1.70473887 49130
1 38858U 12055B   20251.05038463  .00000001  00000-0  00000+0 0  9994
2 38858  54.9899 159.5360 0001833 289.1762  70.8506  1.70473886 49156
1 38858U 12055B   20252.81013663  .00000003  00000-0  00000-0 0  9997
2 38858  54.9901 159.4875 0001770 289.8519  70.1760  1.70473867 49230
1 38858U 12055B   20255.15646713  .00000001  00000-0  00000+0 0  9992
2 38858  54.9903 159.4231 0001663 290.9129  69.1127  1.70473818 49229
1 38858U 12055B   20258.08939248 -.00000000  00000-0  00000+0 0  9995
2 38858  54.9906 159.3424 0001538 291.7831  68.2472  1.70473759 49277
1 38858U 12055B   20259.84916043  .00000005  00000-0  00000-0 0  9993
2 38858  54.9908 159.2939 0001487 292.1725  67.8684  1.70473734 49351
1 38858U 12055B   20261.02234215  .00000009  00000-0  00000+0 0  9993
2 38858  54.9910 159.2615 0001445 292.5696  67.4801  1.70473719 49327
1 38858U 12055B   20262.78211038  .00000012  00000-0  00000-0 0  9990
2 38858  54.9912 159.2130 0001379 293.0643  66.9960  1.70473711 49406
1 38858U 12055B   20263.95528211  .00000009  00000-0  00000+0 0  9999
2 38858  54.9913 159.1805 0001328 293.5394  66.5238  1.70473714 49370
1 38858U 12055B   20265.12844730  .00000002  00000-0  00000-0 0  9991
2 38858  54.9914 159.1482 0001277 293.8151  66.2470  1.70473728 49447
1 38858U 12055B   20265.71502829 -.00000003  00000-0  00000-0 0  9998
2 38858  54.9913 159.1321 0001252 293.9354  66.1249  1.70473726 49459
1 38858U 12055B   20267.47476807 -.00000018  00000-0  00000+0 0  9994
2 38858  54.9914 159.0836 0001179 294.1547  65.8990  1.70473756 49435
1 38858U 12055B   20269.82109693 -.00000025  00000-0  00000+0 0  9999
2 38858  54.9908 159.0190 0001120 293.4830  66.5675  1.70473810 49477
1 38858U 12055B   20270.99427073 -.00000020  00000-0  00000-0 0  9990
2 38858  54.9915 158.9867 0001078 294.0405  66.0139  1.70473835 49546
1 38858U 12055B   20272.16744971 -.00000012  00000-0  00000-0 0  9991
2 38858  54.9923 158.9543 0001025 294.9762  65.0852  1.70473860 49564
1 38858U 12055B   20273.92722139  .00000003  00000-0  00000-0 0  9997
2 38858  54.9924 158.9059 0000966 295.4434  64.6311  1.70473889 49591
1 38858U 12055B   20274.51381224  .00000007  00000-0  00000-0 0  9993
2 38858  54.9925 158.8897 0000937 295.6735  64.4054  1.70473899 49600
1 38858U 12055B   20275.10040194  .00000011  00000-0  00000-0 0  9992
2 38858  54.9927 158.8736 0000918 294.5454  65.5376  1.70473903 49615
1 38858U 12055B   20275.68699122  .00000015  00000-0  00000-0 0  9990
2 38858  54.9927 158.8575 0000899 294.5790  65.5075  1.70473907 49628
1 38858U 12055B   20278.03333882  .00000026  00000-0  00000+0 0  9991
2 38858  54.9930 158.7929 0000827 295.7358  64.3593  1.70473904 49616
1 38858U 12055B   20279.79308938  .00000030  00000-0  00000-0 0  9995
2 38858  54.9933 158.7446 0000771 297.9379  62.1569  1.70473878 49695
1 38858U 12055B   20282.13941344  .00000032  00000-0  00000+0 0  9992
2 38858  54.9938 158.6800 0000710 299.0208  61.0682  1.70473843 49685
1 38858U 12055B   20282.13941344  .00000032  00000-0  00000-0 0  9993
2 38858  54.9938 158.6800 0000710 299.0208  61.0682  1.70473843 49731
1 38858U 12055B   20285.07232875  .00000034  00000-0  00000+0 0  9992
2 38858  54.9944 158.5992 0000608 301.1480  58.9397  1.70473786 49736
1 38858U 12055B   20286.83209200  .00000040  00000-0  00000-0 0  9991
2 38858  54.9948 158.5507 0000532 304.1889  55.9060  1.70473751 49819
1 38858U 12055B   20288.00527023  .00000046  00000-0  00000+0 0  9993
2 38858  54.9950 158.5184 0000494 304.5182  55.5833  1.70473728 49784
1 38858U 12055B   20289.17844745  .00000050  00000-0  00000-0 0  9991
2 38858  54.9952 158.4860 0000457 305.3665  54.7410  1.70473716 49857
1 38858U 12055B   20292.11136785  .00000046  00000-0  00000+0 0  9991
2 38858  54.9957 158.4052 0000355 309.3896  50.7190  1.70473718 49855
1 38858U 12055B   20292.11136785  .00000046  00000-0  00000-0 0  9992
2 38858  54.9957 158.4052 0000355 309.3896  50.7190  1.70473718 49855
1 38858U 12055B   20296.21741886  .00000019  00000-0  00000+0 0  9990
2 38858  54.9965 158.2920 0000199 315.2283  44.8590  1.70473768 49929
1 38858U 12055B   20296.21741886  .00000019  00000-0  00000-0 0  9991
2 38858  54.9965 158.2920 0000199 315.2283  44.8590  1.70473768 49974
1 38858U 12055B   20296.80399905  .00000019  00000-0  00000-0 0  9997
2 38858  54.9967 158.2759 0000227 316.1044  43.9812  1.70473794 49935
1 38858U 12055B   20297.39058214  .00000020  00000-0  00000-0 0  9999
2 38858  54.9968 158.2597 0000214 316.4444  43.6407  1.70473807 49997
1 38858U 12055B   20297.97716660  .00000022  00000-0  00000-0 0  9991
2 38858  54.9970 158.2436 0000202 317.1291  42.9565  1.70473820 50003
1 38858U 12055B   20299.15033938  .00000030  00000-0  00000-0 0  9992
2 38858  54.9972 158.2113 0000176 320.0030  40.0859  1.70473848 49970
1 38858U 12055B   20299.15033938  .00000030  00000-0  00000-0 0  9992
2 38858  54.9972 158.2113 0000176 320.0030  40.0859  1.70473848 50028
1 38858U 12055B   20300.32351560  .00000040  00000-0  00000-0 0  9999
2 38858  54.9974 158.1789 0000147 325.6374  34.4570  1.70473873 50045
1 38858U 12055B   20300.91010422  .00000045  00000-0  00000-0 0  9998
2 38858  54.9975 158.1628 0000133 329.2388  30.8587  1.70473883 50003
1 38858U 12055B   20300.91010422  .00000045  00000-0  00000-0 0  9998
2 38858  54.9975 158.1628 0000133 329.2388  30.8587  1.70473883 50058
1 38858U 12055B   20302.08328005  .00000054  00000-0  00000-0 0  9997
2 38858  54.9978 158.1304 0000107 329.7393  30.3638  1.70473901 50079
1 38858U 12055B   20303.84303992  .00000064  00000-0  00000+0 0  9990
2 38858  54.9981 158.0820 0000076 352.9811   7.1277  1.70473904 50055
1 38858U 12055B   20303.84304019  .00000064  00000-0  00000-0 0  9992
2 38858  54.9982 158.0820 0000075 356.2534   3.8554  1.70473902 50109
1 38858U 12055B   20305.01620819  .00000069  00000-0  00000-0 0  9997
2 38858  54.9985 158.0498 0000066  11.3075 348.8018  1.70473895 50122
1 38858U 12055B   20306.18937182  .00000072  00000-0  00000+0 0  9993
2 38858  54.9989 158.0175 0000065  26.0068 334.1003  1.70473883 50097
1 38858U 12055B   20306.18937182  .00000072  00000-0  00000-0 0  9994
2 38858  54.9989 158.0175 0000065  26.0068 334.1003  1.70473883 50143
1 38858U 12055B   20306.77595241  .00000074  00000-0  00000-0 0  9997
2 38858  54.9990 158.0014 0000068  35.0507 325.0545  1.70473873 50158
1 38858U 12055B   20309.12226885  .00000076  00000-0  00000+0 0  9995
2 38858  54.9996 157.9368 0000097  65.0006 295.0935  1.70473830 50144
1 38858U 12055B   20309.70884790  .00000076  00000-0  00000-0 0  9995
2 38858  54.9998 157.9207 0000108  76.0789 284.0124  1.70473815 50209
1 38858U 12055B   20310.88200910  .00000076  00000-0  00000-0 0  9992
2 38858  54.9985 157.8884 0000170  85.2902 274.7969  1.70473787 50226
1 38858U 12055B   20311.46858986  .00000077  00000-0  00000+0 0  9999
2 38858  54.9993 157.8722 0000167  87.0542 273.0311  1.70473775 50187
1 38858U 12055B   20312.05517209  .00000077  00000-0  00000-0 0  9996
2 38858  54.9995 157.8561 0000176  89.4590 270.6255  1.70473762 50242
1 38858U 12055B   20314.98809900  .00000087  00000+0  00000+0 0  9991
2 38858  55.0008 157.7754 0000205  98.0572 262.0320  1.70473703 50299
1 38858U 12055B   20316.16127223  .00000092  00000+0  00000+0 0  9990
2 38858  55.0012 157.7431 0000214  99.5897 260.5029  1.70473690 50319
1 38858U 12055B   20317.92102495  .00000094  00000-0  00000-0 0  9993
2 38858  55.0017 157.6945 0000243 104.7522 255.3410  1.70473677 50343
1 38858U 12055B   20318.50760618  .00000092  00000-0  00000-0 0  9993
2 38858  55.0018 157.6783 0000260 105.8475 254.2441  1.70473674 50352
1 38858U 12055B   20320.26734042  .00000080  00000-0  00000-0 0  9998
2 38858  55.0023 157.6298 0000285 108.9950 251.0859  1.70473678 50383
1 38858U 12055B   20320.85391616  .00000074  00000-0  00000-0 0  9992
2 38858  55.0025 157.6137 0000307 111.7560 248.3200  1.70473690 50395
1 38858U 12055B   20321.44049174  .00000069  00000-0  00000+0 0  9990
2 38858  55.0026 157.5975 0000315 113.0815 246.9894  1.70473694 50355
1 38858U 12055B   20322.02706738  .00000064  00000-0  00000-0 0  9997
2 38858  55.0027 157.5813 0000324 114.1469 245.9189  1.70473702 50417
1 38858U 12055B   20323.78679964  .00000055  00000-0  00000+0 0  9990
2 38858  55.0033 157.5328 0000345 117.8651 242.1889  1.70473732 50397
1 38858U 12055B   20326.13312940  .00000062  00000-0  00000+0 0  9998
2 38858  55.0040 157.4682 0000372 122.1165 237.9338  1.70473783 50438
1 38858U 12055B   20327.30630113  .00000070  00000-0  00000-0 0  9993
2 38858  55.0041 157.4359 0000373 122.2426 237.8102  1.70473805 50503
1 38858U 12055B   20327.89288808  .00000074  00000-0  00000-0 0  9991
2 38858  55.0039 157.4198 0000379 121.9235 238.1311  1.70473820 50515
1 38858U 12055B   20328.47947501  .00000078  00000-0  00000+0 0  9991
2 38858  55.0042 157.4036 0000385 122.4474 237.6090  1.70473828 50479
1 38858U 12055B   20330.23923293  .00000088  00000-0  00000-0 0  9992
2 38858  55.0048 157.3552 0000402 124.1868 235.8736  1.70473841 50554
1 38858U 12055B   20331.99898323  .00000094  00000-0  00000+0 0  9997
2 38858  55.0053 157.3068 0000411 125.8897 234.1699  1.70473834 50532
1 38858U 12055B   20332.58556480  .00000095  00000-0  00000-0 0  9990
2 38858  55.0053 157.2907 0000421 126.2075 233.8508  1.70473830 50594
1 38858U 12055B   20334.93188126  .00000096  00000-0  00000+0 0  9999
2 38858  55.0060 157.2262 0000424 127.9345 232.1119  1.70473782 50582
1 38858U 12055B   20336.10503645  .00000096  00000-0  00000-0 0  9998
2 38858  55.0063 157.1939 0000426 128.1113 231.9274  1.70473763 50659
1 38858U 12055B   20337.27819264  .00000094  00000-0  00000+0 0  9991
2 38858  55.0065 157.1616 0000448 128.6050 231.4265  1.70473727 50624
1 38858U 12055B   20337.27819264  .00000094  00000-0  00000-0 0  9992
2 38858  55.0065 157.1616 0000448 128.6050 231.4265  1.70473727 50679
1 38858U 12055B   20337.86477137  .00000094  00000-0  00000-0 0  9996
2 38858  55.0066 157.1455 0000443 128.8145 231.2137  1.70473721 50684
1 38858U 12055B   20338.45135111  .00000093  00000-0  00000-0 0  9994
2 38858  55.0068 157.1294 0000448 129.3379 230.6877  1.70473706 50695
1 38858U 12055B   20340.79768139  .00000095  00000-0  00000+0 0  9997
2 38858  55.0074 157.0648 0000457 131.2778 228.7442  1.70473651 50683
1 38858U 12055B   20340.79768139  .00000095  00000-0  00000-0 0  9998
2 38858  55.0074 157.0648 0000457 131.2778 228.7442  1.70473651 50683
1 38858U 12055B   20340.79768139  .00000095  00000-0  00000-0 0  9998
2 38858  55.0074 157.0648 0000457 131.2778 228.7442  1.70473651 50739
1 38858U 12055B   20344.31719517  .00000103  00000-0  00000+0 0  9995
2 38858  55.0085 156.9679 0000454 135.9634 224.0637  1.70473594 50744
1 38858U 12055B   20344.31719517  .00000103  00000-0  00000-0 0  9996
2 38858  55.0085 156.9679 0000454 135.9634 224.0637  1.70473594 50799
1 38858U 12055B   20346.66351836  .00000092  00000-0  00000+0 0  9998
2 38858  55.0090 156.9033 0000467 138.9719 221.0467  1.70473584 50786
1 38858U 12055B   20346.66351836  .00000092  00000-0  00000-0 0  9999
2 38858  55.0090 156.9033 0000467 138.9719 221.0467  1.70473584 50832
1 38858U 12055B   20347.25009541  .00000086  00000-0  00000-0 0  9991
2 38858  55.0091 156.8871 0000473 139.9704 220.0438  1.70473586 50844
1 38858U 12055B   20347.83667117  .00000080  00000-0  00000-0 0  9998
2 38858  55.0093 156.8709 0000481 142.1887 217.8203  1.70473594 50857
1 38858U 12055B   20347.83667126  .00000080  00000-0  00000-0 0  9998
2 38858  55.0093 156.8710 0000482 141.8689 218.1401  1.70473591 50857
1 38858U 12055B   20349.59639784  .00000062  00000-0  00000+0 0  9991
2 38858  55.0098 156.8225 0000493 145.8046 214.1883  1.70473607 50832
1 38858U 12055B   20349.59639784  .00000062  00000-0  00000-0 0  9992
2 38858  55.0098 156.8225 0000493 145.8046 214.1883  1.70473607 50887
1 38858U 12055B   20350.76955228  .00000054  00000-0  00000-0 0  9998
2 38858  55.0100 156.7902 0000495 148.1828 211.8015  1.70473626 50903
1 38858U 12055B   20352.52929509  .00000052  00000-0  00000+0 0  9994
2 38858  55.0105 156.7418 0000490 151.7270 208.2511  1.70473658 50889
1 38858U 12055B   20352.52929509  .00000052  00000-0  00000-0 0  9995
2 38858  55.0105 156.7418 0000490 151.7270 208.2511  1.70473658 50935
1 38858U 12055B   20353.11587915  .00000053  00000-0  00000-0 0  9993
2 38858  55.0106 156.7256 0000489 153.0063 206.9717  1.70473676 50943
1 38858U 12055B   20357.22198504  .00000073  00000-0  00000+0 0  9992
2 38858  55.0118 156.6127 0000499 159.4280 200.5601  1.70473745 50965
1 38858U 12055B   20357.22198504  .00000073  00000-0  00000-0 0  9993
2 38858  55.0118 156.6127 0000499 159.4280 200.5601  1.70473745 51012
1 38858U 12055B   20358.39515525  .00000075  00000-0  00000-0 0  9990
2 38858  55.0120 156.5804 0000502 161.2859 198.7033  1.70473747 51035
1 38858U 12055B   20360.15490244  .00000076  00000-0  00000+0 0  9997
2 38858  55.0123 156.5320 0000490 168.0784 191.9074  1.70473727 51015
1 38858U 12055B   20360.15490244  .00000076  00000-0  00000-0 0  9998
2 38858  55.0123 156.5320 0000490 168.0784 191.9074  1.70473727 51060
1 38858U 12055B   20360.74148407  .00000075  00000-0  00000-0 0  9993
2 38858  55.0126 156.5159 0000494 166.0098 193.9741  1.70473717 51076
1 38858U 12055B   20362.50122181  .00000073  00000-0  00000+0 0  9997
2 38858  55.0131 156.4675 0000485 171.1182 188.8565  1.70473672 51050
1 38858U 12055B   20362.50122181  .00000073  00000-0  00000-0 0  9998
2 38858  55.0131 156.4675 0000485 171.1182 188.8565  1.70473672 51106
1 38858U 12055B   20364.26095853  .00000069  00000-0  00000-0 0  9993
2 38858  55.0135 156.4191 0000485 172.8941 187.0708  1.70473646 51138
1 38858U 12055B   20364.84753821  .00000068  00000-0  00000+0 0  9991
2 38858  55.0136 156.4030 0000489 174.4501 185.5118  1.70473618 51097
1 38858U 12055B   20364.84753821  .00000068  00000-0  00000-0 0  9992
2 38858  55.0136 156.4030 0000489 174.4501 185.5118  1.70473618 51143
1 38858U 12055B   20365.43411877  .00000067  00000-0  00000-0 0  9999
2 38858  55.0136 156.3869 0000490 176.8343 183.1252  1.70473608 51157

