1 39166U 13023A   20005.39213174 -.00000058  00000-0  00000+0 0  9994
2 39166  56.0665   3.2744 0075002  26.8183 333.5941  2.00565931 48648
1 39166U 13023A   20006.38928572 -.00000055  00000-0  00000-0 0  9997
2 39166  56.0664   3.2350 0075066  26.8264 333.5859  2.00565903 48670
1 39166U 13023A   20006.88786236 -.00000054  00000-0  00000+0 0  9999
2 39166  56.0663   3.2153 0075100  26.8307 333.5812  2.00565886 48676
1 39166U 13023A   20007.88501465 -.00000053  00000-0  00000+0 0  9998
2 39166  56.0663   3.1759 0075147  26.8413 333.5690  2.00565856 48699
1 39166U 13023A   20007.88501465 -.00000053  00000-0  00000-0 0  9999
2 39166  56.0663   3.1759 0075147  26.8413 333.5690  2.00565856 48701
1 39166U 13023A   20008.38359027 -.00000053  00000-0  00000+0 0  9999
2 39166  56.0662   3.1561 0075194  26.8399 333.5693  2.00565826 48706
1 39166U 13023A   20008.38359027 -.00000053  00000-0  00000-0 0  9990
2 39166  56.0662   3.1561 0075194  26.8399 333.5693  2.00565826 48717
1 39166U 13023A   20009.38074112 -.00000053  00000-0  00000-0 0  9990
2 39166  56.0661   3.1167 0075252  26.8465 333.5600  2.00565793 48730
1 39166U 13023A   20009.87931647 -.00000053  00000-0  00000+0 0  9998
2 39166  56.0661   3.0970 0075284  26.8510 333.5542  2.00565774 48731
1 39166U 13023A   20011.37504321 -.00000055  00000-0  00000-0 0  9994
2 39166  56.0660   3.0379 0075362  26.8701 333.5310  2.00565733 48774
1 39166U 13023A   20012.37219506 -.00000056  00000-0  00000+0 0  9993
2 39166  56.0660   2.9984 0075467  26.8688 333.5303  2.00565694 48783
1 39166U 13023A   20012.37219506 -.00000056  00000-0  00000-0 0  9994
2 39166  56.0660   2.9984 0075467  26.8688 333.5303  2.00565694 48794
1 39166U 13023A   20012.37219516 -.00000056  00000-0  00000+0 0  9994
2 39166  56.0659   2.9985 0075430  26.8757 333.5233  2.00565706 48785
1 39166U 13023A   20018.85370223 -.00000074  00000-0  00000+0 0  9996
2 39166  56.0653   2.7422 0075879  26.9588 333.4403  2.00565681 48918
1 39166U 13023A   20020.84800670 -.00000086  00000-0  00000-0 0  9996
2 39166  56.0650   2.6634 0076011  26.9868 333.4085  2.00565735 48960
1 39166U 13023A   20022.34373416 -.00000093  00000-0  00000+0 0  9993
2 39166  56.0648   2.6043 0076126  27.0099 333.3819  2.00565778 48989
1 39166U 13023A   20022.84231020 -.00000094  00000-0  00000-0 0  9994
2 39166  56.0647   2.5846 0076160  27.0173 333.3734  2.00565791 49004
1 39166U 13023A   20024.33803925 -.00000096  00000-0  00000-0 0  9991
2 39166  56.0646   2.5255 0076225  27.0445 333.3440  2.00565820 49031
1 39166U 13023A   20025.33519405 -.00000095  00000-0  00000+0 0  9997
2 39166  56.0645   2.4861 0076319  27.0573 333.3310  2.00565854 49042
1 39166U 13023A   20027.82808568 -.00000086  00000-0  00000+0 0  9994
2 39166  56.0642   2.3877 0076457  27.1013 333.2904  2.00565882 49092
1 39166U 13023A   20029.32382332 -.00000079  00000-0  00000-0 0  9990
2 39166  56.0638   2.3286 0076548  27.1273 333.2682  2.00565879 49134
1 39166U 13023A   20031.31813953 -.00000071  00000-0  00000-0 0  9992
2 39166  56.0638   2.2497 0076654  27.1562 333.2442  2.00565850 49173
1 39166U 13023A   20031.31813962 -.00000071  00000-0  00000+0 0  9991
2 39166  56.0637   2.2497 0076656  27.1564 333.2441  2.00565851 49165
1 39166U 13023A   20032.31529700 -.00000068  00000-0  00000-0 0  9993
2 39166  56.0636   2.2103 0076724  27.1725 333.2298  2.00565818 49199
1 39166U 13023A   20032.31529737 -.00000068  00000-0  00000-0 0  9993
2 39166  56.0636   2.2103 0076747  27.1718 333.2306  2.00565809 49196
1 39166U 13023A   20034.30960872 -.00000064  00000-0  00000-0 0  9999
2 39166  56.0634   2.1315 0076841  27.2125 333.1909  2.00565754 49238
1 39166U 13023A   20036.80249261 -.00000062  00000-0  00000+0 0  9995
2 39166  56.0631   2.0330 0077002  27.2656 333.1349  2.00565653 49270
1 39166U 13023A   20038.29822204 -.00000063  00000-0  00000-0 0  9996
2 39166  56.0629   1.9738 0077093  27.3004 333.0976  2.00565603 49310
1 39166U 13023A   20038.79679918 -.00000064  00000-0  00000-0 0  9994
2 39166  56.0628   1.9541 0077144  27.3168 333.0808  2.00565577 49324
1 39166U 13023A   20041.28968799 -.00000066  00000-0  00000+0 0  9991
2 39166  56.0625   1.8556 0077295  27.3751 333.0224  2.00565529 49364
1 39166U 13023A   20042.28684569 -.00000068  00000-0  00000-0 0  9995
2 39166  56.0623   1.8162 0077359  27.4016 332.9975  2.00565518 49393
1 39166U 13023A   20042.78542539 -.00000069  00000-0  00000-0 0  9991
2 39166  56.0623   1.7965 0077394  27.4200 332.9801  2.00565513 49402
1 39166U 13023A   20045.27832002 -.00000079  00000-0  00000+0 0  9995
2 39166  56.0618   1.6979 0077577  27.4923 332.9119  2.00565519 49447
1 39166U 13023A   20045.77689816 -.00000081  00000-0  00000-0 0  9997
2 39166  56.0617   1.6782 0077607  27.5060 332.8983  2.00565526 49463
1 39166U 13023A   20046.77405345 -.00000087  00000-0  00000-0 0  9997
2 39166  56.0615   1.6388 0077669  27.5342 332.8700  2.00565543 49482
1 39166U 13023A   20046.77405364 -.00000087  00000-0  00000-0 0  9998
2 39166  56.0616   1.6388 0077652  27.5327 332.8714  2.00565537 49486
1 39166U 13023A   20050.26409259 -.00000104  00000-0  00000+0 0  9993
2 39166  56.0610   1.5009 0077888  27.6278 332.7723  2.00565634 49540
1 39166U 13023A   20050.26409259 -.00000104  00000-0  00000-0 0  9994
2 39166  56.0610   1.5009 0077888  27.6278 332.7723  2.00565634 49551
1 39166U 13023A   20051.26124772 -.00000106  00000-0  00000-0 0  9991
2 39166  56.0608   1.4614 0077950  27.6556 332.7441  2.00565663 49579
1 39166U 13023A   20053.75414038 -.00000102  00000-0  00000+0 0  9999
2 39166  56.0604   1.3631 0078068  27.7103 332.6925  2.00565728 49616
1 39166U 13023A   20054.25272000 -.00000100  00000-0  00000-0 0  9995
2 39166  56.0603   1.3434 0078105  27.7247 332.6795  2.00565743 49631
1 39166U 13023A   20054.75129992 -.00000098  00000-0  00000-0 0  9997
2 39166  56.0602   1.3237 0078134  27.7404 332.6655  2.00565751 49643
1 39166U 13023A   20055.74846024 -.00000093  00000-0  00000-0 0  9994
2 39166  56.0600   1.2844 0078191  27.7691 332.6403  2.00565758 49665
1 39166U 13023A   20056.24704095 -.00000091  00000-0  00000+0 0  9998
2 39166  56.0599   1.2647 0078236  27.7814 332.6300  2.00565755 49663
1 39166U 13023A   20058.24136173 -.00000083  00000-0  00000-0 0  9998
2 39166  56.0596   1.1859 0078330  27.8338 332.5850  2.00565736 49715
1 39166U 13023A   20060.23568010 -.00000077  00000-0  00000+0 0  9991
2 39166  56.0592   1.1073 0078442  27.8930 332.5313  2.00565695 49742
1 39166U 13023A   20062.22999448 -.00000073  00000-0  00000-0 0  9992
2 39166  56.0588   1.0285 0078554  27.9556 332.4710  2.00565622 49795
1 39166U 13023A   20062.72857230 -.00000073  00000-0  00000-0 0  9999
2 39166  56.0587   1.0088 0078583  27.9700 332.4566  2.00565604 49797
1 39166U 13023A   20065.22146321 -.00000072  00000-0  00000+0 0  9997
2 39166  56.0582   0.9103 0078794  28.0883 332.3381  2.00565488 49846
1 39166U 13023A   20065.22146321 -.00000072  00000-0  00000-0 0  9998
2 39166  56.0582   0.9103 0078794  28.0883 332.3381  2.00565488 49857
1 39166U 13023A   20066.71719481 -.00000072  00000-0  00000-0 0  9996
2 39166  56.0581   0.8510 0078824  28.1049 332.3209  2.00565458 49885
1 39166U 13023A   20067.21577363 -.00000072  00000-0  00000-0 0  9993
2 39166  56.0580   0.8314 0078862  28.1230 332.3032  2.00565438 49893
1 39166U 13023A   20068.71151138 -.00000073  00000-0  00000+0 0  9997
2 39166  56.0577   0.7723 0078922  28.1708 332.2579  2.00565417 49914
1 39166U 13023A   20068.71151138 -.00000073  00000-0  00000-0 0  9998
2 39166  56.0577   0.7723 0078922  28.1708 332.2579  2.00565417 49914
1 39166U 13023A   20069.70867102 -.00000075  00000-0  00000-0 0  9995
2 39166  56.0575   0.7329 0078975  28.2022 332.2290  2.00565405 49942
1 39166U 13023A   20070.70583112 -.00000077  00000-0  00000-0 0  9995
2 39166  56.0574   0.6934 0079028  28.2354 332.1986  2.00565397 49963
1 39166U 13023A   20076.19019507 -.00000105  00000-0  00000+0 0  9997
2 39166  56.0562   0.4766 0079319  28.4057 332.0326  2.00565498 50068
1 39166U 13023A   20078.18450640 -.00000111  00000-0  00000-0 0  9993
2 39166  56.0559   0.3977 0079421  28.4740 331.9638  2.00565564 50114
1 39166U 13023A   20078.68308496 -.00000111  00000-0  00000+0 0  9998
2 39166  56.0558   0.3779 0079446  28.4922 331.9460  2.00565577 50119
1 39166U 13023A   20079.18166427 -.00000111  00000-0  00000-0 0  9991
2 39166  56.0558   0.3582 0079471  28.5195 331.9194  2.00565576 50137
1 39166U 13023A   20079.18166428 -.00000111  00000-0  00000-0 0  9992
2 39166  56.0558   0.3582 0079476  28.5217 331.9173  2.00565580 50139
1 39166U 13023A   20081.67456327 -.00000104  00000-0  00000+0 0  9990
2 39166  56.0553   0.2597 0079584  28.5998 331.8457  2.00565637 50176
1 39166U 13023A   20081.67456327 -.00000104  00000-0  00000-0 0  9991
2 39166  56.0553   0.2597 0079584  28.5998 331.8457  2.00565637 50187
1 39166U 13023A   20082.17314410 -.00000102  00000-0  00000-0 0  9991
2 39166  56.0552   0.2400 0079615  28.6214 331.8262  2.00565650 50196
1 39166U 13023A   20084.66604893 -.00000090  00000-0  00000+0 0  9999
2 39166  56.0548   0.1415 0079736  28.7081 331.7503  2.00565655 50230
1 39166U 13023A   20085.66321039 -.00000086  00000-0  00000-0 0  9994
2 39166  56.0546   0.1021 0079776  28.7417 331.7207  2.00565641 50267
1 39166U 13023A   20088.15611018 -.00000079  00000-0  00000+0 0  9991
2 39166  56.0541   0.0036 0079881  28.8211 331.6483  2.00565576 50304
1 39166U 13023A   20091.64615973 -.00000074  00000-0  00000+0 0  9998
2 39166  56.0534 359.8657 0080015  28.9206 331.5501  2.00565425 50376
1 39166U 13023A   20092.14473699 -.00000073  00000-0  00000-0 0  9991
2 39166  56.0534 359.8458 0080052  28.9575 331.5134  2.00565425 50399
1 39166U 13023A   20094.13905010 -.00000072  00000-0  00000+0 0  9997
2 39166  56.0531 359.7669 0080127  29.0115 331.4597  2.00565362 50420
1 39166U 13023A   20095.63478849 -.00000072  00000-0  00000-0 0  9999
2 39166  56.0528 359.7078 0080181  29.0658 331.4077  2.00565326 50469
1 39166U 13023A   20096.13336838 -.00000073  00000-0  00000-0 0  9997
2 39166  56.0527 359.6880 0080215  29.0841 331.3907  2.00565310 50475
1 39166U 13023A   20096.13336848 -.00000073  00000-0  00000-0 0  9998
2 39166  56.0527 359.6880 0080214  29.0846 331.3901  2.00565310 50473
1 39166U 13023A   20097.13052899 -.00000074  00000-0  00000+0 0  9990
2 39166  56.0525 359.6486 0080258  29.1223 331.3553  2.00565295 50487
1 39166U 13023A   20097.13052899 -.00000074  00000-0  00000-0 0  9991
2 39166  56.0525 359.6486 0080258  29.1223 331.3553  2.00565295 50498
1 39166U 13023A   20098.12768946 -.00000076  00000-0  00000-0 0  9990
2 39166  56.0524 359.6091 0080298  29.1551 331.3252  2.00565288 50518
1 39166U 13023A   20099.12484972 -.00000079  00000-0  00000-0 0  9998
2 39166  56.0522 359.5696 0080340  29.1933 331.2895  2.00565287 50531
1 39166U 13023A   20100.62058766 -.00000087  00000-0  00000+0 0  9992
2 39166  56.0519 359.5105 0080397  29.2433 331.2414  2.00565297 50550
1 39166U 13023A   20101.11916702 -.00000090  00000-0  00000-0 0  9995
2 39166  56.0518 359.4907 0080424  29.2773 331.2079  2.00565298 50576
1 39166U 13023A   20101.61774529 -.00000092  00000-0  00000-0 0  9991
2 39166  56.0517 359.4710 0080443  29.2947 331.1904  2.00565305 50587
1 39166U 13023A   20102.11632329 -.00000095  00000-0  00000-0 0  9991
2 39166  56.0516 359.4513 0080463  29.3120 331.1729  2.00565316 50591
1 39166U 13023A   20103.11347855 -.00000101  00000-0  00000+0 0  9996
2 39166  56.0514 359.4118 0080496  29.3395 331.1443  2.00565341 50603
1 39166U 13023A   20104.11063436 -.00000105  00000-0  00000-0 0  9992
2 39166  56.0512 359.3723 0080538  29.3822 331.1008  2.00565364 50639
1 39166U 13023A   20105.10779039 -.00000107  00000-0  00000-0 0  9997
2 39166  56.0510 359.3328 0080575  29.4157 331.0668  2.00565392 50655
1 39166U 13023A   20106.10494762 -.00000108  00000-0  00000+0 0  9995
2 39166  56.0509 359.2934 0080607  29.4510 331.0318  2.00565417 50665
1 39166U 13023A   20107.10210614 -.00000107  00000-0  00000-0 0  9998
2 39166  56.0507 359.2539 0080641  29.4851 330.9989  2.00565445 50696
1 39166U 13023A   20108.09926620 -.00000104  00000-0  00000-0 0  9995
2 39166  56.0505 359.2145 0080675  29.5243 330.9620  2.00565471 50714
1 39166U 13023A   20109.09642724 -.00000100  00000-0  00000+0 0  9991
2 39166  56.0503 359.1751 0080709  29.5583 330.9312  2.00565492 50721
1 39166U 13023A   20109.59500806 -.00000098  00000-0  00000-0 0  9997
2 39166  56.0502 359.1554 0080725  29.5741 330.9172  2.00565500 50741
1 39166U 13023A   20110.09358904 -.00000095  00000-0  00000-0 0  9991
2 39166  56.0501 359.1357 0080739  29.5923 330.9009  2.00565505 50753
1 39166U 13023A   20110.59217005 -.00000093  00000-0  00000-0 0  9990
2 39166  56.0500 359.1160 0080754  29.6101 330.8850  2.00565510 50760
1 39166U 13023A   20111.09075140 -.00000091  00000-0  00000-0 0  9996
2 39166  56.0500 359.0963 0080780  29.6302 330.8670  2.00565511 50774
1 39166U 13023A   20112.08791300 -.00000086  00000-0  00000+0 0  9992
2 39166  56.0498 359.0569 0080799  29.6609 330.8399  2.00565509 50788
1 39166U 13023A   20114.08223469 -.00000079  00000-0  00000-0 0  9993
2 39166  56.0494 358.9780 0080856  29.7226 330.7843  2.00565478 50831
1 39166U 13023A   20115.07939419 -.00000076  00000-0  00000+0 0  9998
2 39166  56.0492 358.9386 0080889  29.7578 330.7510  2.00565450 50849
1 39166U 13023A   20116.07655245 -.00000074  00000-0  00000-0 0  9990
2 39166  56.0491 358.8992 0080918  29.7921 330.7177  2.00565417 50870
1 39166U 13023A   20116.57513134 -.00000072  00000-0  00000-0 0  9993
2 39166  56.0490 358.8795 0080937  29.8154 330.6947  2.00565398 50883
1 39166U 13023A   20118.07086637 -.00000070  00000-0  00000-0 0  9991
2 39166  56.0487 358.8204 0080988  29.8726 330.6371  2.00565341 50907
1 39166U 13023A   20119.56660042 -.00000068  00000-0  00000-0 0  9991
2 39166  56.0484 358.7612 0081035  29.9282 330.5803  2.00565283 50946
1 39166U 13023A   20122.05949314 -.00000065  00000-0  00000+0 0  9997
2 39166  56.0480 358.6626 0081107  30.0134 330.4949  2.00565200 50988
1 39166U 13023A   20122.55807245 -.00000065  00000-0  00000-0 0  9999
2 39166  56.0480 358.6429 0081115  30.0258 330.4829  2.00565193 51007
1 39166U 13023A   20123.05665210 -.00000065  00000-0  00000-0 0  9999
2 39166  56.0479 358.6231 0081133  30.0433 330.4662  2.00565178 51010
1 39166U 13023A   20123.55523170 -.00000065  00000-0  00000-0 0  9992
2 39166  56.0479 358.6034 0081163  30.0515 330.4588  2.00565162 51026
1 39166U 13023A   20124.05381192 -.00000066  00000-0  00000-0 0  9995
2 39166  56.0478 358.5837 0081179  30.0691 330.4422  2.00565151 51033
1 39166U 13023A   20125.05097224 -.00000067  00000-0  00000+0 0  9996
2 39166  56.0476 358.5442 0081196  30.1013 330.4120  2.00565145 51040
1 39166U 13023A   20125.54955234 -.00000069  00000-0  00000-0 0  9997
2 39166  56.0476 358.5246 0081217  30.1176 330.3966  2.00565138 51067
1 39166U 13023A   20126.04813234 -.00000070  00000-0  00000-0 0  9998
2 39166  56.0475 358.5048 0081224  30.1402 330.3749  2.00565135 51073
1 39166U 13023A   20126.04813239 -.00000070  00000-0  00000-0 0  9993
2 39166  56.0475 358.5048 0081223  30.1368 330.3782  2.00565135 51070
1 39166U 13023A   20127.04529132 -.00000074  00000-0  00000-0 0  9994
2 39166  56.0473 358.4653 0081250  30.1728 330.3433  2.00565134 51093
1 39166U 13023A   20127.04529136 -.00000074  00000-0  00000-0 0  9998
2 39166  56.0473 358.4653 0081247  30.1756 330.3405  2.00565134 51099
1 39166U 13023A   20128.04244872 -.00000080  00000-0  00000+0 0  9996
2 39166  56.0471 358.4258 0081275  30.2028 330.3132  2.00565141 51109
1 39166U 13023A   20128.04244872 -.00000080  00000-0  00000-0 0  9997
2 39166  56.0471 358.4258 0081275  30.2028 330.3132  2.00565141 51110
1 39166U 13023A   20128.54102692 -.00000083  00000-0  00000-0 0  9998
2 39166  56.0470 358.4061 0081287  30.2184 330.2972  2.00565146 51124
1 39166U 13023A   20129.03960482 -.00000086  00000-0  00000-0 0  9995
2 39166  56.0469 358.3864 0081301  30.2319 330.2830  2.00565153 51131
1 39166U 13023A   20130.03675982 -.00000091  00000-0  00000-0 0  9991
2 39166  56.0468 358.3468 0081323  30.2640 330.2492  2.00565173 51159
1 39166U 13023A   20133.02822575 -.00000101  00000-0  00000+0 0  9996
2 39166  56.0463 358.2284 0081393  30.3563 330.1521  2.00565251 51206
1 39166U 13023A   20133.52680568 -.00000101  00000-0  00000-0 0  9996
2 39166  56.0462 358.2087 0081387  30.4090 330.0997  2.00565241 51222
1 39166U 13023A   20135.02254383 -.00000098  00000-0  00000-0 0  9990
2 39166  56.0460 358.1495 0081419  30.4667 330.0432  2.00565290 51259
1 39166U 13023A   20136.01970396 -.00000094  00000-0  00000-0 0  9995
2 39166  56.0458 358.1101 0081452  30.4792 330.0325  2.00565317 51279
1 39166U 13023A   20136.01970473 -.00000094  00000-0  00000+0 0  9990
2 39166  56.0458 358.1102 0081437  30.5055 330.0064  2.00565304 51261
1 39166U 13023A   20137.01686505 -.00000090  00000-0  00000-0 0  9998
2 39166  56.0456 358.0708 0081470  30.5076 330.0066  2.00565333 51297
1 39166U 13023A   20137.51544559 -.00000088  00000-0  00000-0 0  9992
2 39166  56.0455 358.0511 0081472  30.5234 329.9921  2.00565337 51309
1 39166U 13023A   20139.01118769 -.00000082  00000-0  00000+0 0  9992
2 39166  56.0453 357.9920 0081494  30.5671 329.9527  2.00565346 51322
1 39166U 13023A   20140.00834867 -.00000078  00000-0  00000-0 0  9993
2 39166  56.0451 357.9526 0081510  30.5929 329.9293  2.00565339 51352
1 39166U 13023A   20142.00266799 -.00000071  00000-0  00000+0 0  9990
2 39166  56.0449 357.8737 0081547  30.6486 329.8767  2.00565302 51389
1 39166U 13023A   20142.00266799 -.00000071  00000-0  00000-0 0  9991
2 39166  56.0449 357.8737 0081547  30.6486 329.8767  2.00565302 51390
1 39166U 13023A   20147.48702780 -.00000061  00000-0  00000+0 0  9991
2 39166  56.0446 357.6571 0081641  30.7938 329.7256  2.00565109 51497
1 39166U 13023A   20149.48134241 -.00000059  00000-0  00000-0 0  9992
2 39166  56.0455 357.5783 0081660  30.8588 329.6592  2.00565036 51541
1 39166U 13023A   20149.97992181 -.00000059  00000-0  00000-0 0  9991
2 39166  56.0437 357.5586 0081695  30.8650 329.6532  2.00565023 51551
1 39166U 13023A   20149.97992205 -.00000059  00000-0  00000+0 0  9997
2 39166  56.0454 357.5586 0081656  30.8821 329.6360  2.00565026 51548
1 39166U 13023A   20150.97708121 -.00000059  00000-0  00000-0 0  9992
2 39166  56.0434 357.5192 0081717  30.8890 329.6299  2.00564999 51575
1 39166U 13023A   20151.97424115 -.00000060  00000-0  00000-0 0  9993
2 39166  56.0430 357.4799 0081731  30.9207 329.5994  2.00564983 51587
1 39166U 13023A   20151.97424115 -.00000060  00000-0  00000-0 0  9993
2 39166  56.0430 357.4799 0081731  30.9207 329.5994  2.00564983 51598
1 39166U 13023A   20153.46998079 -.00000064  00000-0  00000-0 0  9998
2 39166  56.0427 357.4208 0081727  30.9751 329.5463  2.00564966 51624
1 39166U 13023A   20155.46429591 -.00000075  00000-0  00000+0 0  9999
2 39166  56.0423 357.3419 0081756  31.0272 329.4929  2.00564967 51655
1 39166U 13023A   20155.96287385 -.00000078  00000-0  00000-0 0  9991
2 39166  56.0423 357.3222 0081762  31.0397 329.4794  2.00564971 51679
1 39166U 13023A   20156.46145155 -.00000081  00000-0  00000-0 0  9999
2 39166  56.0422 357.3024 0081770  31.0526 329.4653  2.00564975 51679
1 39166U 13023A   20156.46145155 -.00000081  00000-0  00000-0 0  9999
2 39166  56.0422 357.3024 0081770  31.0526 329.4653  2.00564975 51680
1 39166U 13023A   20158.95433865 -.00000094  00000-0  00000-0 0  9997
2 39166  56.0417 357.2039 0081790  31.1302 329.3808  2.00565013 51724
1 39166U 13023A   20159.95149369 -.00000096  00000-0  00000-0 0  9993
2 39166  56.0415 357.1645 0081808  31.1416 329.3670  2.00565054 51755
1 39166U 13023A   20160.94865050 -.00000097  00000-0  00000-0 0  9997
2 39166  56.0413 357.1250 0081813  31.1681 329.3394  2.00565074 51761
1 39166U 13023A   20161.94580879 -.00000095  00000-0  00000-0 0  9999
2 39166  56.0411 357.0856 0081828  31.1856 329.3216  2.00565099 51782
1 39166U 13023A   20162.94296834 -.00000092  00000-0  00000-0 0  9992
2 39166  56.0409 357.0462 0081835  31.2081 329.3000  2.00565118 51818
1 39166U 13023A   20163.44154881 -.00000091  00000-0  00000-0 0  9992
2 39166  56.0408 357.0266 0081848  31.2112 329.2975  2.00565130 51823
1 39166U 13023A   20164.43870978 -.00000087  00000-0  00000+0 0  9998
2 39166  56.0406 356.9872 0081858  31.2310 329.2796  2.00565143 51839
1 39166U 13023A   20164.93729056 -.00000085  00000-0  00000-0 0  9992
2 39166  56.0405 356.9675 0081859  31.2420 329.2696  2.00565152 51842
1 39166U 13023A   20165.43587126 -.00000083  00000-0  00000-0 0  9996
2 39166  56.0404 356.9478 0081855  31.2536 329.2591  2.00565155 51865
1 39166U 13023A   20165.93445202 -.00000081  00000-0  00000-0 0  9997
2 39166  56.0406 356.9282 0081858  31.2612 329.2525  2.00565158 51879
1 39166U 13023A   20166.93161336 -.00000077  00000-0  00000-0 0  9996
2 39166  56.0404 356.8888 0081849  31.2902 329.2254  2.00565150 51893
1 39166U 13023A   20167.43019378 -.00000076  00000-0  00000+0 0  9998
2 39166  56.0403 356.8691 0081853  31.3014 329.2150  2.00565143 51891
1 39166U 13023A   20168.92593344 -.00000072  00000-0  00000-0 0  9990
2 39166  56.0400 356.8100 0081863  31.3362 329.1817  2.00565122 51931
1 39166U 13023A   20169.92309188 -.00000069  00000-0  00000+0 0  9997
2 39166  56.0399 356.7707 0081868  31.3561 329.1616  2.00565096 51944
1 39166U 13023A   20170.92024926 -.00000067  00000-0  00000-0 0  9992
2 39166  56.0397 356.7313 0081869  31.3756 329.1411  2.00565063 51972
1 39166U 13023A   20171.91740601 -.00000065  00000-0  00000-0 0  9995
2 39166  56.0395 356.6919 0081880  31.3969 329.1183  2.00565015 51995
1 39166U 13023A   20173.41313982 -.00000063  00000-0  00000-0 0  9998
2 39166  56.0392 356.6329 0081886  31.4279 329.0841  2.00564979 52021
1 39166U 13023A   20173.91171772 -.00000062  00000-0  00000-0 0  9991
2 39166  56.0392 356.6132 0081888  31.4359 329.0750  2.00564952 52035
1 39166U 13023A   20174.41029587 -.00000061  00000-0  00000+0 0  9991
2 39166  56.0391 356.5935 0081885  31.4476 329.0623  2.00564931 52037
1 39166U 13023A   20176.40461057 -.00000059  00000-0  00000-0 0  9992
2 39166  56.0387 356.5148 0081880  31.4953 329.0120  2.00564868 52089
1 39166U 13023A   20176.40461061 -.00000059  00000-0  00000-0 0  9997
2 39166  56.0387 356.5148 0081888  31.4947 329.0127  2.00564852 52080
1 39166U 13023A   20177.90034980 -.00000058  00000-0  00000+0 0  9997
2 39166  56.0384 356.4557 0081905  31.5197 328.9877  2.00564815 52100
1 39166U 13023A   20177.90034998 -.00000058  00000-0  00000-0 0  9997
2 39166  56.0383 356.4557 0081918  31.5177 328.9898  2.00564806 52115
1 39166U 13023A   20178.89751040 -.00000059  00000-0  00000-0 0  9991
2 39166  56.0381 356.4164 0081924  31.5368 328.9714  2.00564791 52138
1 39166U 13023A   20181.39041047 -.00000067  00000-0  00000+0 0  9997
2 39166  56.0375 356.3179 0081939  31.5853 328.9239  2.00564764 52177
1 39166U 13023A   20182.38756836 -.00000073  00000-0  00000-0 0  9994
2 39166  56.0373 356.2786 0081942  31.6026 328.9055  2.00564765 52206
1 39166U 13023A   20183.38472477 -.00000080  00000-0  00000-0 0  9999
2 39166  56.0371 356.2392 0081949  31.6159 328.8900  2.00564772 52229
1 39166U 13023A   20185.37903544 -.00000092  00000-0  00000+0 0  9996
2 39166  56.0368 356.1604 0081958  31.6471 328.8526  2.00564804 52250
1 39166U 13023A   20186.87476916 -.00000098  00000-0  00000-0 0  9997
2 39166  56.0364 356.1013 0081964  31.6724 328.8232  2.00564827 52291
1 39166U 13023A   20187.87192631 -.00000099  00000-0  00000-0 0  9998
2 39166  56.0367 356.0619 0081968  31.6853 328.8086  2.00564858 52305
1 39166U 13023A   20188.86908500 -.00000099  00000-0  00000-0 0  9998
2 39166  56.0366 356.0226 0081966  31.6982 328.7951  2.00564882 52339
1 39166U 13023A   20189.36766489 -.00000098  00000-0  00000-0 0  9991
2 39166  56.0359 356.0028 0081969  31.7006 328.7927  2.00564897 52342
1 39166U 13023A   20190.36482570 -.00000095  00000-0  00000+0 0  9995
2 39166  56.0357 355.9635 0081961  31.7188 328.7755  2.00564911 52352
1 39166U 13023A   20191.36198758 -.00000092  00000-0  00000-0 0  9996
2 39166  56.0355 355.9241 0081952  31.7323 328.7637  2.00564928 52373
1 39166U 13023A   20192.35914997 -.00000089  00000-0  00000-0 0  9993
2 39166  56.0352 355.8847 0081955  31.7429 328.7552  2.00564942 52407
1 39166U 13023A   20192.35915002 -.00000089  00000-0  00000-0 0  9991
2 39166  56.0352 355.8847 0081941  31.7411 328.7569  2.00564941 52400
1 39166U 13023A   20193.35631243 -.00000085  00000-0  00000-0 0  9990
2 39166  56.0350 355.8454 0081945  31.7521 328.7482  2.00564946 52429
1 39166U 13023A   20193.35631250 -.00000085  00000-0  00000-0 0  9998
2 39166  56.0349 355.8454 0081940  31.7488 328.7514  2.00564945 52429
1 39166U 13023A   20193.85489396 -.00000084  00000-0  00000+0 0  9993
2 39166  56.0347 355.8257 0081956  31.7481 328.7531  2.00564941 52423
1 39166U 13023A   20194.35347502 -.00000082  00000-0  00000-0 0  9990
2 39166  56.0346 355.8061 0081960  31.7529 328.7492  2.00564936 52445
1 39166U 13023A   20194.85205587 -.00000081  00000-0  00000-0 0  9990
2 39166  56.0344 355.7864 0081964  31.7575 328.7454  2.00564930 52451
1 39166U 13023A   20196.34779711 -.00000077  00000-0  00000+0 0  9995
2 39166  56.0340 355.7273 0081969  31.7801 328.7242  2.00564909 52471
1 39166U 13023A   20196.84637697 -.00000076  00000-0  00000-0 0  9996
2 39166  56.0339 355.7077 0081964  31.7823 328.7220  2.00564892 52499
1 39166U 13023A   20197.84353611 -.00000074  00000-0  00000-0 0  9996
2 39166  56.0336 355.6684 0081970  31.7886 328.7152  2.00564856 52512
1 39166U 13023A   20200.33643070 -.00000070  00000-0  00000+0 0  9991
2 39166  56.0330 355.5699 0081973  31.8242 328.6760  2.00564778 52552
1 39166U 13023A   20201.33358807 -.00000068  00000-0  00000-0 0  9991
2 39166  56.0327 355.5306 0081973  31.8274 328.6709  2.00564723 52573
1 39166U 13023A   20202.33074631 -.00000066  00000-0  00000-0 0  9990
2 39166  56.0325 355.4913 0081988  31.8390 328.6581  2.00564695 52609
1 39166U 13023A   20203.32790530 -.00000065  00000-0  00000-0 0  9992
2 39166  56.0322 355.4519 0081994  31.8461 328.6501  2.00564654 52623
1 39166U 13023A   20203.32790547 -.00000065  00000-0  00000-0 0  9990
2 39166  56.0322 355.4519 0081991  31.8507 328.6456  2.00564666 52623
1 39166U 13023A   20204.82364638 -.00000064  00000-0  00000+0 0  9992
2 39166  56.0318 355.3928 0081994  31.8665 328.6303  2.00564624 52646
1 39166U 13023A   20204.82364638 -.00000064  00000-0  00000-0 0  9993
2 39166  56.0318 355.3928 0081994  31.8665 328.6303  2.00564624 52657
1 39166U 13023A   20205.32222718 -.00000064  00000-0  00000-0 0  9991
2 39166  56.0317 355.3731 0081984  31.8710 328.6262  2.00564609 52666
1 39166U 13023A   20206.81797016 -.00000066  00000-0  00000-0 0  9996
2 39166  56.0313 355.3141 0081990  31.8782 328.6208  2.00564572 52695
1 39166U 13023A   20207.31655118 -.00000067  00000-0  00000+0 0  9998
2 39166  56.0311 355.2944 0081993  31.8828 328.6168  2.00564562 52691
1 39166U 13023A   20207.31655118 -.00000067  00000-0  00000-0 0  9999
2 39166  56.0311 355.2944 0081993  31.8828 328.6168  2.00564562 52703
1 39166U 13023A   20209.31087281 -.00000077  00000-0  00000-0 0  9992
2 39166  56.0306 355.2157 0081997  31.9032 328.5969  2.00564555 52749
1 39166U 13023A   20210.30803116 -.00000083  00000-0  00000+0 0  9992
2 39166  56.0303 355.1763 0082002  31.9025 328.5961  2.00564559 52755
1 39166U 13023A   20211.30518862 -.00000090  00000-0  00000-0 0  9993
2 39166  56.0299 355.1370 0082006  31.9058 328.5906  2.00564570 52788
1 39166U 13023A   20211.30518863 -.00000090  00000-0  00000-0 0  9994
2 39166  56.0299 355.1369 0082005  31.9072 328.5892  2.00564569 52783
1 39166U 13023A   20213.29950239 -.00000101  00000-0  00000-0 0  9994
2 39166  56.0294 355.0582 0082005  31.9133 328.5777  2.00564605 52820
1 39166U 13023A   20213.29950248 -.00000101  00000-0  00000+0 0  9993
2 39166  56.0293 355.0582 0082007  31.9187 328.5724  2.00564599 52813
1 39166U 13023A   20213.79808131 -.00000103  00000-0  00000-0 0  9994
2 39166  56.0293 355.0385 0082012  31.9169 328.5731  2.00564614 52838
1 39166U 13023A   20214.29666045 -.00000105  00000-0  00000-0 0  9998
2 39166  56.0291 355.0188 0082016  31.9200 328.5691  2.00564625 52845
1 39166U 13023A   20215.29381972 -.00000106  00000-0  00000-0 0  9993
2 39166  56.0289 354.9794 0082004  31.9285 328.5597  2.00564640 52867
1 39166U 13023A   20215.79239994 -.00000106  00000-0  00000+0 0  9993
2 39166  56.0288 354.9597 0082001  31.9242 328.5639  2.00564653 52868
1 39166U 13023A   20216.29098055 -.00000105  00000-0  00000-0 0  9990
2 39166  56.0286 354.9400 0082003  31.9278 328.5605  2.00564663 52886
1 39166U 13023A   20218.78388831 -.00000099  00000-0  00000+0 0  9991
2 39166  56.0279 354.8416 0081991  31.9244 328.5684  2.00564718 52925
1 39166U 13023A   20218.78388831 -.00000099  00000-0  00000-0 0  9992
2 39166  56.0279 354.8416 0081991  31.9244 328.5684  2.00564718 52936
1 39166U 13023A   20220.27963487 -.00000094  00000-0  00000-0 0  9990
2 39166  56.0275 354.7826 0081985  31.9283 328.5688  2.00564727 52969
1 39166U 13023A   20221.27679913 -.00000091  00000-0  00000+0 0  9995
2 39166  56.0272 354.7432 0081988  31.9206 328.5791  2.00564726 52972
1 39166U 13023A   20222.27396267 -.00000089  00000-0  00000-0 0  9992
2 39166  56.0269 354.7039 0081988  31.9304 328.5717  2.00564722 52996
1 39166U 13023A   20222.27396280 -.00000089  00000-0  00000-0 0  9997
2 39166  56.0269 354.7039 0081986  31.9214 328.5805  2.00564714 53006
1 39166U 13023A   20223.27112554 -.00000087  00000-0  00000-0 0  9996
2 39166  56.0266 354.6645 0081988  31.9321 328.5716  2.00564705 53029
1 39166U 13023A   20225.26544801 -.00000083  00000-0  00000+0 0  9996
2 39166  56.0260 354.5858 0081984  31.9271 328.5774  2.00564648 53051
1 39166U 13023A   20226.76118775 -.00000080  00000-0  00000-0 0  9997
2 39166  56.0255 354.5267 0081983  31.9187 328.5847  2.00564586 53090
1 39166U 13023A   20227.75834731 -.00000077  00000-0  00000-0 0  9990
2 39166  56.0252 354.4873 0081985  31.9206 328.5819  2.00564547 53112
1 39166U 13023A   20227.75834744 -.00000077  00000-0  00000+0 0  9993
2 39166  56.0252 354.4873 0081987  31.9310 328.5716  2.00564567 53107
1 39166U 13023A   20229.25408703 -.00000074  00000-0  00000-0 0  9990
2 39166  56.0247 354.4282 0081983  31.9193 328.5819  2.00564498 53141
1 39166U 13023A   20230.25124785 -.00000072  00000-0  00000+0 0  9994
2 39166  56.0244 354.3889 0081988  31.9177 328.5833  2.00564463 53156
1 39166U 13023A   20231.24840980 -.00000071  00000-0  00000-0 0  9996
2 39166  56.0241 354.3495 0081994  31.9131 328.5886  2.00564423 53180
1 39166U 13023A   20232.74415527 -.00000070  00000-0  00000-0 0  9996
2 39166  56.0237 354.2904 0082001  31.9234 328.5808  2.00564395 53219
1 39166U 13023A   20233.24273738 -.00000070  00000-0  00000-0 0  9998
2 39166  56.0235 354.2707 0082010  31.9238 328.5814  2.00564382 53226
1 39166U 13023A   20233.74131924 -.00000071  00000-0  00000-0 0  9994
2 39166  56.0233 354.2510 0082017  31.9137 328.5925  2.00564361 53232
1 39166U 13023A   20234.23990141 -.00000072  00000-0  00000-0 0  9994
2 39166  56.0232 354.2313 0082023  31.9150 328.5923  2.00564354 53234
1 39166U 13023A   20235.73564656 -.00000077  00000-0  00000-0 0  9993
2 39166  56.0226 354.1722 0082030  31.9088 328.6006  2.00564335 53274
1 39166U 13023A   20237.23138877 -.00000086  00000-0  00000-0 0  9992
2 39166  56.0222 354.1130 0082042  31.9075 328.6019  2.00564335 53298
1 39166U 13023A   20237.23138877 -.00000086  00000-0  00000-0 0  9992
2 39166  56.0222 354.1130 0082042  31.9075 328.6019  2.00564335 53300
1 39166U 13023A   20237.23138919 -.00000086  00000-0  00000+0 0  9998
2 39166  56.0222 354.1131 0082040  31.9187 328.5909  2.00564333 53296
1 39166U 13023A   20239.22570732 -.00000099  00000-0  00000-0 0  9997
2 39166  56.0215 354.0342 0082056  31.9037 328.6026  2.00564353 53341
1 39166U 13023A   20239.72428650 -.00000102  00000-0  00000+0 0  9997
2 39166  56.0214 354.0145 0082060  31.8960 328.6091  2.00564367 53347
1 39166U 13023A   20240.22286588 -.00000104  00000-0  00000-0 0  9999
2 39166  56.0212 353.9948 0082064  31.8936 328.6105  2.00564377 53360
1 39166U 13023A   20241.22002548 -.00000108  00000-0  00000-0 0  9996
2 39166  56.0209 353.9554 0082069  31.9016 328.6012  2.00564388 53374
1 39166U 13023A   20245.20867668 -.00000106  00000-0  00000+0 0  9997
2 39166  56.0196 353.7978 0082097  31.8817 328.6251  2.00564494 53458
1 39166U 13023A   20246.20584261 -.00000103  00000-0  00000-0 0  9991
2 39166  56.0193 353.7584 0082102  31.8768 328.6332  2.00564509 53479
1 39166U 13023A   20247.20300875 -.00000099  00000-0  00000-0 0  9993
2 39166  56.0190 353.7190 0082112  31.8723 328.6412  2.00564524 53501
1 39166U 13023A   20248.20017464 -.00000096  00000-0  00000-0 0  9990
2 39166  56.0187 353.6796 0082115  31.8594 328.6574  2.00564532 53516
1 39166U 13023A   20248.20017471 -.00000096  00000-0  00000-0 0  9998
2 39166  56.0187 353.6796 0082118  31.8468 328.6698  2.00564532 53516
1 39166U 13023A   20248.20017471 -.00000096  00000-0  00000-0 0  9998
2 39166  56.0187 353.6796 0082118  31.8468 328.6698  2.00564532 53527
1 39166U 13023A   20250.19450516 -.00000091  00000-0  00000-0 0  9995
2 39166  56.0181 353.6009 0082143  31.8522 328.6701  2.00564519 53561
1 39166U 13023A   20250.19450519 -.00000091  00000-0  00000-0 0  9998
2 39166  56.0181 353.6009 0082143  31.8360 328.6861  2.00564509 53567
1 39166U 13023A   20251.19166893 -.00000089  00000-0  00000-0 0  9995
2 39166  56.0178 353.5615 0082146  31.8374 328.6865  2.00564494 53582
1 39166U 13023A   20252.18883159 -.00000087  00000-0  00000-0 0  9994
2 39166  56.0174 353.5221 0082160  31.8362 328.6887  2.00564474 53597
1 39166U 13023A   20256.17747742 -.00000077  00000-0  00000+0 0  9992
2 39166  56.0161 353.3643 0082217  31.8249 328.6994  2.00564334 53679
1 39166U 13023A   20256.17747742 -.00000077  00000-0  00000-0 0  9993
2 39166  56.0161 353.3643 0082217  31.8249 328.6994  2.00564334 53679
1 39166U 13023A   20256.67605838 -.00000075  00000-0  00000-0 0  9995
2 39166  56.0159 353.3446 0082223  31.8214 328.7029  2.00564319 53680
1 39166U 13023A   20256.67605838 -.00000075  00000-0  00000-0 0  9995
2 39166  56.0159 353.3446 0082223  31.8214 328.7029  2.00564319 53691
1 39166U 13023A   20257.67322114 -.00000073  00000-0  00000-0 0  9997
2 39166  56.0156 353.3052 0082242  31.8202 328.7049  2.00564283 53703
1 39166U 13023A   20257.67322114 -.00000073  00000-0  00000-0 0  9997
2 39166  56.0156 353.3052 0082242  31.8202 328.7049  2.00564283 53714
1 39166U 13023A   20261.66188073 -.00000071  00000-0  00000-0 0  9993
2 39166  56.0143 353.1474 0082292  31.7683 328.7646  2.00564148 53783
1 39166U 13023A   20263.15762825 -.00000076  00000-0  00000-0 0  9997
2 39166  56.0138 353.0882 0082312  31.7706 328.7649  2.00564132 53818
1 39166U 13023A   20267.14627187 -.00000099  00000-0  00000+0 0  9995
2 39166  56.0125 352.9304 0082347  31.6909 328.8399  2.00564140 53893
1 39166U 13023A   20267.14627187 -.00000099  00000-0  00000-0 0  9996
2 39166  56.0125 352.9304 0082347  31.6909 328.8399  2.00564140 53893
1 39166U 13023A   20270.63633747 -.00000106  00000-0  00000+0 0  9991
2 39166  56.0114 352.7922 0082412  31.6362 328.8923  2.00564232 53964
1 39166U 13023A   20270.63633747 -.00000106  00000-0  00000-0 0  9992
2 39166  56.0114 352.7922 0082412  31.6362 328.8923  2.00564232 53964
1 39166U 13023A   20272.13208557 -.00000103  00000-0  00000-0 0  9993
2 39166  56.0110 352.7331 0082443  31.6451 328.8868  2.00564266 53995
1 39166U 13023A   20273.12925186 -.00000100  00000-0  00000-0 0  9994
2 39166  56.0107 352.6937 0082455  31.6199 328.9148  2.00564287 54013
1 39166U 13023A   20274.12641884 -.00000096  00000-0  00000-0 0  9999
2 39166  56.0104 352.6542 0082468  31.6066 328.9315  2.00564304 54048
1 39166U 13023A   20275.12358560 -.00000093  00000-0  00000-0 0  9993
2 39166  56.0100 352.6148 0082484  31.5914 328.9500  2.00564319 54058
1 39166U 13023A   20276.12075195 -.00000090  00000-0  00000-0 0  9991
2 39166  56.0097 352.5753 0082502  31.5789 328.9655  2.00564326 54087
1 39166U 13023A   20276.61933484 -.00000089  00000-0  00000-0 0  9997
2 39166  56.0096 352.5556 0082511  31.5715 328.9742  2.00564326 54094
1 39166U 13023A   20276.61933485 -.00000089  00000-0  00000-0 0  9998
2 39166  56.0096 352.5556 0082519  31.5527 328.9928  2.00564322 54084
1 39166U 13023A   20278.11508205 -.00000086  00000-0  00000-0 0  9990
2 39166  56.0092 352.4964 0082543  31.5544 328.9940  2.00564316 54120
1 39166U 13023A   20278.61366396 -.00000084  00000-0  00000-0 0  9996
2 39166  56.0090 352.4767 0082553  31.5505 328.9986  2.00564310 54121
1 39166U 13023A   20278.61366396 -.00000084  00000-0  00000-0 0  9996
2 39166  56.0090 352.4767 0082553  31.5505 328.9986  2.00564310 54132
1 39166U 13023A   20280.10940808 -.00000081  00000-0  00000-0 0  9996
2 39166  56.0085 352.4176 0082587  31.5345 329.0151  2.00564276 54169
1 39166U 13023A   20281.10657002 -.00000078  00000-0  00000+0 0  9993
2 39166  56.0082 352.3782 0082609  31.5245 329.0247  2.00564245 54175
1 39166U 13023A   20281.10657002 -.00000078  00000-0  00000-0 0  9994
2 39166  56.0082 352.3782 0082609  31.5245 329.0247  2.00564245 54175
1 39166U 13023A   20281.60515069 -.00000076  00000-0  00000-0 0  9993
2 39166  56.0080 352.3584 0082628  31.5037 329.0451  2.00564214 54187
1 39166U 13023A   20281.60515069 -.00000076  00000-0  00000-0 0  9993
2 39166  56.0080 352.3584 0082628  31.5037 329.0451  2.00564214 54198
1 39166U 13023A   20288.08671427 -.00000060  00000-0  00000-0 0  9996
2 39166  56.0060 352.1017 0082791  31.4370 329.1159  2.00564002 54310
1 39166U 13023A   20288.08671451 -.00000060  00000-0  00000+0 0  9992
2 39166  56.0060 352.1017 0082788  31.4425 329.1105  2.00564005 54311
1 39166U 13023A   20289.08387996 -.00000062  00000-0  00000-0 0  9994
2 39166  56.0057 352.0622 0082815  31.4306 329.1243  2.00563985 54338
1 39166U 13023A   20289.58246254 -.00000063  00000-0  00000-0 0  9991
2 39166  56.0056 352.0424 0082834  31.4344 329.1213  2.00563978 54351
1 39166U 13023A   20290.57962661 -.00000067  00000-0  00000-0 0  9993
2 39166  56.0052 352.0030 0082862  31.4189 329.1375  2.00563965 54364
1 39166U 13023A   20291.07820792 -.00000069  00000-0  00000-0 0  9999
2 39166  56.0051 351.9832 0082878  31.4129 329.1435  2.00563963 54378
1 39166U 13023A   20291.07820792 -.00000069  00000-0  00000-0 0  9999
2 39166  56.0051 351.9832 0082878  31.4129 329.1435  2.00563963 54389
1 39166U 13023A   20292.07536953 -.00000075  00000-0  00000-0 0  9990
2 39166  56.0048 351.9437 0082907  31.4042 329.1511  2.00563962 54398
1 39166U 13023A   20294.06968931 -.00000087  00000-0  00000-0 0  9999
2 39166  56.0041 351.8646 0082966  31.3831 329.1677  2.00563977 54436
1 39166U 13023A   20296.56258966 -.00000096  00000-0  00000+0 0  9995
2 39166  56.0033 351.7658 0083046  31.3661 329.1796  2.00564037 54485
1 39166U 13023A   20296.56258966 -.00000096  00000-0  00000-0 0  9996
2 39166  56.0033 351.7658 0083046  31.3661 329.1796  2.00564037 54485
1 39166U 13023A   20296.56258966 -.00000096  00000-0  00000-0 0  9996
2 39166  56.0033 351.7658 0083046  31.3661 329.1796  2.00564037 54496
1 39166U 13023A   20298.05833393 -.00000095  00000-0  00000-0 0  9994
2 39166  56.0029 351.7065 0083096  31.3504 329.1952  2.00564080 54519
1 39166U 13023A   20298.05833393 -.00000095  00000-0  00000-0 0  9994
2 39166  56.0029 351.7065 0083096  31.3504 329.1952  2.00564080 54520
1 39166U 13023A   20300.55124759 -.00000089  00000-0  00000+0 0  9994
2 39166  56.0022 351.6078 0083188  31.2970 329.2529  2.00564161 54569
1 39166U 13023A   20300.55124759 -.00000089  00000-0  00000-0 0  9995
2 39166  56.0022 351.6078 0083188  31.2970 329.2529  2.00564161 54569
1 39166U 13023A   20301.54841407 -.00000085  00000-0  00000-0 0  9997
2 39166  56.0019 351.5683 0083218  31.3021 329.2507  2.00564187 54584
1 39166U 13023A   20303.54274605 -.00000080  00000-0  00000-0 0  9994
2 39166  56.0013 351.4894 0083267  31.2937 329.2637  2.00564204 54629
1 39166U 13023A   20303.54274605 -.00000080  00000-0  00000-0 0  9994
2 39166  56.0013 351.4894 0083267  31.2937 329.2637  2.00564204 54630
1 39166U 13023A   20305.03849295 -.00000077  00000-0  00000-0 0  9999
2 39166  56.0009 351.4302 0083334  31.2770 329.2823  2.00564200 54654
1 39166U 13023A   20305.03849295 -.00000077  00000-0  00000-0 0  9999
2 39166  56.0009 351.4302 0083334  31.2770 329.2823  2.00564200 54665
1 39166U 13023A   20309.02714086 -.00000066  00000-0  00000-0 0  9999
2 39166  55.9997 351.2724 0083461  31.2586 329.2982  2.00564119 54734
1 39166U 13023A   20310.02430195 -.00000063  00000-0  00000-0 0  9994
2 39166  55.9995 351.2329 0083500  31.2423 329.3129  2.00564083 54764
1 39166U 13023A   20310.52288263 -.00000061  00000-0  00000-0 0  9994
2 39166  55.9994 351.2132 0083512  31.2441 329.3105  2.00564068 54765
1 39166U 13023A   20310.52288263 -.00000061  00000-0  00000-0 0  9994
2 39166  55.9994 351.2132 0083512  31.2441 329.3105  2.00564068 54776
1 39166U 13023A   20315.50870177 -.00000049  00000+0  00000+0 0  9992
2 39166  55.9982 351.0157 0083735  31.1248 329.4302  2.00563881 54872
1 39166U 13023A   20316.50586664 -.00000051  00000+0  00000+0 0  9991
2 39166  55.9978 350.9761 0083775  31.1274 329.4287  2.00563865 54895
1 39166U 13023A   20319.99593342 -.00000068  00000-0  00000-0 0  9998
2 39166  55.9967 350.8379 0083938  31.1008 329.4509  2.00563833 54963
1 39166U 13023A   20320.99309204 -.00000074  00000-0  00000+0 0  9998
2 39166  55.9963 350.7983 0084002  31.0694 329.4788  2.00563836 54975
1 39166U 13023A   20320.99309204 -.00000074  00000-0  00000-0 0  9999
2 39166  55.9963 350.7983 0084002  31.0694 329.4788  2.00563836 54975
1 39166U 13023A   20320.99309204 -.00000074  00000-0  00000-0 0  9999
2 39166  55.9963 350.7983 0084002  31.0694 329.4788  2.00563836 54986
1 39166U 13023A   20322.98740994 -.00000084  00000-0  00000-0 0  9996
2 39166  55.9954 350.7192 0084138  31.0243 329.5168  2.00563866 55019
1 39166U 13023A   20322.98740994 -.00000084  00000-0  00000-0 0  9996
2 39166  55.9954 350.7192 0084138  31.0243 329.5168  2.00563866 55020
1 39166U 13023A   20325.48031428 -.00000085  00000-0  00000+0 0  9999
2 39166  55.9946 350.6204 0084223  31.0280 329.5097  2.00563936 55063
1 39166U 13023A   20326.47747868 -.00000084  00000-0  00000-0 0  9991
2 39166  55.9944 350.5809 0084250  31.0293 329.5090  2.00563971 55089
1 39166U 13023A   20326.47747868 -.00000084  00000-0  00000-0 0  9991
2 39166  55.9944 350.5809 0084250  31.0293 329.5090  2.00563971 55090
1 39166U 13023A   20327.97322734 -.00000080  00000-0  00000-0 0  9994
2 39166  55.9939 350.5216 0084313  31.0208 329.5196  2.00564005 55111
1 39166U 13023A   20328.97039312 -.00000077  00000-0  00000-0 0  9998
2 39166  55.9936 350.4821 0084358  31.0081 329.5341  2.00564029 55137
1 39166U 13023A   20328.97039312 -.00000077  00000-0  00000-0 0  9998
2 39166  55.9936 350.4821 0084358  31.0081 329.5341  2.00564029 55148
1 39166U 13023A   20329.96755867 -.00000075  00000-0  00000-0 0  9996
2 39166  55.9933 350.4426 0084414  30.9925 329.5512  2.00564050 55159
1 39166U 13023A   20330.96472369 -.00000073  00000-0  00000-0 0  9999
2 39166  55.9930 350.4031 0084463  30.9844 329.5603  2.00564059 55174
1 39166U 13023A   20330.96472382 -.00000073  00000-0  00000-0 0  9994
2 39166  55.9930 350.4031 0084479  30.9738 329.5708  2.00564061 55172
1 39166U 13023A   20330.96472382 -.00000073  00000-0  00000-0 0  9994
2 39166  55.9930 350.4031 0084479  30.9738 329.5708  2.00564061 55183
1 39166U 13023A   20333.45763206 -.00000069  00000-0  00000+0 0  9993
2 39166  55.9923 350.3045 0084586  30.9689 329.5755  2.00564051 55229
1 39166U 13023A   20333.45763206 -.00000069  00000-0  00000-0 0  9994
2 39166  55.9923 350.3045 0084586  30.9689 329.5755  2.00564051 55229
1 39166U 13023A   20335.45195473 -.00000064  00000-0  00000-0 0  9996
2 39166  55.9917 350.2256 0084682  30.9690 329.5723  2.00564008 55265
1 39166U 13023A   20335.45195473 -.00000064  00000-0  00000-0 0  9996
2 39166  55.9917 350.2256 0084682  30.9690 329.5723  2.00564008 55276
1 39166U 13023A   20337.94485704 -.00000056  00000-0  00000-0 0  9992
2 39166  55.9909 350.1269 0084813  30.9616 329.5747  2.00563929 55316
1 39166U 13023A   20337.94485704 -.00000056  00000-0  00000-0 0  9992
2 39166  55.9909 350.1269 0084813  30.9616 329.5747  2.00563929 55327
1 39166U 13023A   20337.94485727 -.00000056  00000-0  00000+0 0  9996
2 39166  55.9909 350.1269 0084813  30.9605 329.5758  2.00563936 55314
1 39166U 13023A   20337.94485727 -.00000056  00000-0  00000-0 0  9997
2 39166  55.9909 350.1269 0084813  30.9605 329.5758  2.00563936 55325
1 39166U 13023A   20339.93918195 -.00000049  00000-0  00000-0 0  9990
2 39166  55.9903 350.0479 0084940  30.9483 329.5860  2.00563855 55353
1 39166U 13023A   20339.93918195 -.00000049  00000-0  00000-0 0  9990
2 39166  55.9903 350.0479 0084940  30.9483 329.5860  2.00563855 55364
1 39166U 13023A   20342.93067666 -.00000045  00000-0  00000+0 0  9997
2 39166  55.9894 349.9294 0085127  30.9443 329.5916  2.00563750 55411
1 39166U 13023A   20342.93067666 -.00000045  00000-0  00000-0 0  9998
2 39166  55.9894 349.9294 0085127  30.9443 329.5916  2.00563750 55411
1 39166U 13023A   20342.93067666 -.00000045  00000-0  00000-0 0  9998
2 39166  55.9894 349.9294 0085127  30.9443 329.5916  2.00563750 55422
1 39166U 13023A   20345.42358652 -.00000053  00000-0  00000+0 0  9991
2 39166  55.9886 349.8307 0085268  30.9461 329.5894  2.00563711 55469
1 39166U 13023A   20345.42358652 -.00000053  00000-0  00000-0 0  9992
2 39166  55.9886 349.8307 0085268  30.9461 329.5894  2.00563711 55470
1 39166U 13023A   20346.91932809 -.00000063  00000-0  00000-0 0  9990
2 39166  55.9882 349.7714 0085329  30.9528 329.5790  2.00563705 55501
1 39166U 13023A   20348.41506661 -.00000073  00000-0  00000+0 0  9990
2 39166  55.9877 349.7121 0085415  30.9546 329.5717  2.00563711 55521
1 39166U 13023A   20348.41506661 -.00000073  00000-0  00000-0 0  9991
2 39166  55.9877 349.7121 0085415  30.9546 329.5717  2.00563711 55532
1 39166U 13023A   20349.41222591 -.00000078  00000-0  00000-0 0  9994
2 39166  55.9874 349.6726 0085441  30.9742 329.5482  2.00563722 55559
1 39166U 13023A   20349.91080548 -.00000081  00000-0  00000-0 0  9997
2 39166  55.9872 349.6529 0085472  30.9797 329.5410  2.00563733 55566
1 39166U 13023A   20351.40654618 -.00000085  00000-0  00000-0 0  9993
2 39166  55.9867 349.5936 0085606  30.9587 329.5580  2.00563768 55596
1 39166U 13023A   20351.40654628 -.00000085  00000-0  00000-0 0  9994
2 39166  55.9867 349.5936 0085601  30.9583 329.5584  2.00563766 55599
1 39166U 13023A   20352.40370894 -.00000085  00000-0  00000-0 0  9995
2 39166  55.9864 349.5541 0085665  30.9576 329.5580  2.00563793 55619
1 39166U 13023A   20353.40087342 -.00000084  00000-0  00000-0 0  9998
2 39166  55.9861 349.5146 0085729  30.9581 329.5576  2.00563819 55630
1 39166U 13023A   20354.39803932 -.00000082  00000-0  00000-0 0  9996
2 39166  55.9857 349.4751 0085795  30.9583 329.5585  2.00563844 55651
1 39166U 13023A   20355.39520588 -.00000080  00000-0  00000-0 0  9998
2 39166  55.9854 349.4356 0085859  30.9583 329.5601  2.00563868 55677
1 39166U 13023A   20355.39520602 -.00000080  00000-0  00000-0 0  9995
2 39166  55.9854 349.4356 0085876  30.9496 329.5688  2.00563874 55671
1 39166U 13023A   20356.39237260 -.00000078  00000-0  00000-0 0  9998
2 39166  55.9850 349.3962 0085919  30.9588 329.5614  2.00563887 55694
1 39166U 13023A   20357.88812179 -.00000076  00000-0  00000-0 0  9999
2 39166  55.9846 349.3370 0086009  30.9614 329.5609  2.00563910 55728
1 39166U 13023A   20359.38386938 -.00000075  00000-0  00000-0 0  9994
2 39166  55.9841 349.2778 0086126  30.9640 329.5592  2.00563918 55755
1 39166U 13023A   20360.38103270 -.00000074  00000-0  00000-0 0  9991
2 39166  55.9837 349.2383 0086162  30.9762 329.5466  2.00563917 55778
1 39166U 13023A   20361.37819537 -.00000072  00000-0  00000-0 0  9999
2 39166  55.9834 349.1989 0086217  30.9815 329.5403  2.00563907 55798
1 39166U 13023A   20362.37535757 -.00000070  00000-0  00000-0 0  9997
2 39166  55.9831 349.1594 0086285  30.9854 329.5350  2.00563884 55813
1 39166U 13023A   20362.37535765 -.00000070  00000-0  00000-0 0  9996
2 39166  55.9831 349.1594 0086274  30.9886 329.5317  2.00563889 55814
1 39166U 13023A   20363.37251950 -.00000067  00000-0  00000-0 0  9994
2 39166  55.9828 349.1200 0086349  30.9930 329.5257  2.00563858 55838
1 39166U 13023A   20364.36968165 -.00000064  00000-0  00000-0 0  9994
2 39166  55.9824 349.0806 0086411  31.0015 329.5156  2.00563829 55859
1 39166U 13023A   20366.36400773 -.00000057  00000-0  00000-0 0  9994
2 39166  55.9817 349.0017 0086528  31.0173 329.4977  2.00563761 55898
1 39166U 13023A   20366.86258980 -.00000056  00000-0  00000+0 0  9998
2 39166  55.9815 348.9819 0086566  31.0196 329.4953  2.00563739 55890

