1 32384U 07062A   20091.84722222 -.00000074  00000-0  00000+0 0  9997
2 32384  56.4801   3.8511 0010527 110.7056 134.0804  2.00571884 90070
1 32384U 07062A   20093.16491350 -.00000074  00000-0  00000-0 0  9990
2 32384  56.4801   3.7997 0010540 110.7963   5.4594  2.00571934 90083
1 32384U 07062A   20095.78972013 -.00000075  00000-0  00000+0 0  9990
2 32384  56.4798   3.6971 0010717 110.7195 100.8444  2.00571977 90151
1 32384U 07062A   20096.28255312 -.00000075  00000-0  00000-0 0  9993
2 32384  56.4798   3.6778 0010693 110.7718  96.6554  2.00572019 90141
1 32384U 07062A   20097.80819812 -.00000077  00000-0  00000+0 0  9994
2 32384  56.4796   3.6180 0010720 110.8800 118.1799  2.00572101 90198
1 32384U 07062A   20097.80819812 -.00000077  00000-0  00000-0 0  9995
2 32384  56.4796   3.6180 0010720 110.8800 118.1799  2.00572101 90176
1 32384U 07062A   20100.19565765 -.00000086  00000-0  00000+0 0  9996
2 32384  56.4793   3.5246 0010828 110.9012  42.0872  2.00572242 90241
1 32384U 07062A   20100.73192201 -.00000088  00000-0  00000-0 0  9990
2 32384  56.4792   3.5036 0010848 110.9253  69.2870  2.00572268 90232
1 32384U 07062A   20101.21015566 -.00000091  00000-0  00000-0 0  9996
2 32384  56.4791   3.4849 0010868 110.9329  54.6007  2.00572296 90240
1 32384U 07062A   20102.22666455 -.00000096  00000-0  00000-0 0  9992
2 32384  56.4791   3.4451 0010946 110.8974  68.6335  2.00572364 90268
1 32384U 07062A   20102.27884052 -.00000097  00000-0  00000+0 0  9992
2 32384  56.4791   3.4431 0010952 110.9032 106.3031  2.00572379 90280
1 32384U 07062A   20105.21842767 -.00000109  00000-0  00000+0 0  9990
2 32384  56.4787   3.3281 0011110 110.9231  68.8929  2.00572624 90343
1 32384U 07062A   20108.14111685 -.00000107  00000-0  00000-0 0  9992
2 32384  56.4785   3.2138 0011116 111.1454  19.0821  2.00572897 90405
1 32384U 07062A   20109.70497836 -.00000101  00000-0  00000-0 0  9994
2 32384  56.4783   3.1526 0011251 111.2962  68.1626  2.00573028 90414
1 32384U 07062A   20110.19251302 -.00000098  00000-0  00000-0 0  9990
2 32384  56.4783   3.1336 0011264 111.3342  60.1630  2.00573052 90425
1 32384U 07062A   20110.19251302 -.00000098  00000-0  00000-0 0  9990
2 32384  56.4783   3.1336 0011264 111.3342  60.1630  2.00573052 90447
1 32384U 07062A   20111.19891837 -.00000093  00000-0  00000-0 0  9999
2 32384  56.4782   3.0943 0011305 111.3982  66.8030  2.00573107 90443
1 32384U 07062A   20112.18703547 -.00000089  00000-0  00000-0 0  9994
2 32384  56.4781   3.0557 0011293 111.4454  60.2555  2.00573182 90469
1 32384U 07062A   20113.22303088 -.00000084  00000-0  00000+0 0  9990
2 32384  56.4780   3.0152 0011330 111.5146  88.2577  2.00573244 90508
1 32384U 07062A   20114.19149708 -.00000080  00000-0  00000-0 0  9991
2 32384  56.4779   2.9774 0011375 111.5421  67.5404  2.00573301 90502
1 32384U 07062A   20116.22396767 -.00000075  00000-0  00000+0 0  9999
2 32384  56.4777   2.8980 0011444 111.7112  94.9791  2.00573399 90560
1 32384U 07062A   20118.67803598 -.00000070  00000-0  00000+0 0  9990
2 32384  56.4776   2.8020 0011547 111.9329  66.7919  2.00573430 90611
1 32384U 07062A   20120.19457359 -.00000069  00000-0  00000-0 0  9999
2 32384  56.4774   2.7427 0011597 112.0386  81.7487  2.00573447 90625
1 32384U 07062A   20122.14917050 -.00000068  00000-0  00000+0 0  9993
2 32384  56.4773   2.6663 0011694 112.1374  53.0271  2.00573496 90684
1 32384U 07062A   20123.14848523 -.00000068  00000-0  00000-0 0  9993
2 32384  56.4772   2.6272 0011736 112.1895  54.5617  2.00573534 90687
1 32384U 07062A   20124.19496205 -.00000069  00000-0  00000-0 0  9996
2 32384  56.4771   2.5863 0011795 112.2243  90.1689  2.00573591 90727
1 32384U 07062A   20125.16866124 -.00000071  00000-0  00000-0 0  9998
2 32384  56.4770   2.5482 0011853 112.2244  73.2590  2.00573639 90725
1 32384U 07062A   20126.14693784 -.00000073  00000-0  00000-0 0  9999
2 32384  56.4769   2.5100 0011896 112.2864  59.5929  2.00573692 90749
1 32384U 07062A   20127.15535453 -.00000077  00000-0  00000+0 0  9992
2 32384  56.4767   2.4706 0011940 112.3639  67.6754  2.00573763 90788
1 32384U 07062A   20127.15535453 -.00000077  00000-0  00000-0 0  9993
2 32384  56.4767   2.4706 0011940 112.3639  67.6754  2.00573763 90766
1 32384U 07062A   20127.65105610 -.00000079  00000-0  00000-0 0  9998
2 32384  56.4767   2.4512 0011961 112.4030  65.5736  2.00573794 90772
1 32384U 07062A   20128.65834885 -.00000085  00000-0  00000-0 0  9999
2 32384  56.4766   2.4118 0012003 112.4875  72.8373  2.00573850 90791
1 32384U 07062A   20131.85280997 -.00000100  00000-0  00000+0 0  9991
2 32384  56.4761   2.2868 0012125 112.8003 219.1907  2.00574116 90872
1 32384U 07062A   20132.13753780 -.00000101  00000-0  00000-0 0  9990
2 32384  56.4761   2.2757 0012145 112.7836  64.8047  2.00574150 90861
1 32384U 07062A   20133.14263870 -.00000103  00000-0  00000-0 0  9990
2 32384  56.4760   2.2364 0012189 112.8624  70.4930  2.00574248 90882
1 32384U 07062A   20134.38035428 -.00000102  00000-0  00000+0 0  9991
2 32384  56.4761   2.1880 0012223 112.9614 244.1281  2.00574346 90927
1 32384U 07062A   20136.11889676 -.00000097  00000-0  00000-0 0  9990
2 32384  56.4760   2.1200 0012300 113.1312  59.3322  2.00574496 90946
1 32384U 07062A   20136.62390696 -.00000095  00000-0  00000+0 0  9992
2 32384  56.4759   2.1003 0012323 113.1867  63.9368  2.00574546 90975
1 32384U 07062A   20137.12122918 -.00000093  00000-0  00000-0 0  9997
2 32384  56.4758   2.0809 0012341 113.2435  62.9888  2.00574584 90966
1 32384U 07062A   20137.62896293 -.00000091  00000-0  00000-0 0  9994
2 32384  56.4755   2.0611 0012364 113.2985  69.5607  2.00574629 90972
1 32384U 07062A   20139.10942821 -.00000084  00000-0  00000+0 0  9999
2 32384  56.4754   2.0032 0012414 113.4628  58.4180  2.00574730 91023
1 32384U 07062A   20141.11040473 -.00000076  00000-0  00000+0 0  9996
2 32384  56.4752   1.9251 0012481 113.6785  63.0779  2.00574830 91063
1 32384U 07062A   20142.11542705 -.00000072  00000-0  00000-0 0  9999
2 32384  56.4751   1.8858 0012516 113.7829  68.6857  2.00574878 91063
1 32384U 07062A   20147.10188163 -.00000063  00000-0  00000+0 0  9996
2 32384  56.4748   1.6911 0012693 114.3453  68.7731  2.00575020 91188
1 32384U 07062A   20151.08843109 -.00000061  00000-0  00000+0 0  9994
2 32384  56.4747   1.5352 0012810 114.7031  67.0507  2.00575155 91263
1 32384U 07062A   20151.59992917 -.00000062  00000-0  00000-0 0  9994
2 32384  56.4749   1.5151 0012826 114.7548  76.3449  2.00575158 91252
1 32384U 07062A   20153.06307801 -.00000064  00000-0  00000-0 0  9992
2 32384  56.4750   1.4579 0012895 114.9660  52.6548  2.00575219 91288
1 32384U 07062A   20154.74059097 -.00000071  00000-0  00000+0 0  9996
2 32384  56.4742   1.3924 0012961 115.1914 183.7413  2.00575329 91336
1 32384U 07062A   20155.57495279 -.00000075  00000-0  00000-0 0  9999
2 32384  56.4742   1.3598 0012989 115.2635  66.1520  2.00575395 91330
1 32384U 07062A   20158.56571080 -.00000092  00000-0  00000+0 0  9994
2 32384  56.4739   1.2428 0013079 115.6159  65.3912  2.00575619 91417
1 32384U 07062A   20158.56571080 -.00000092  00000-0  00000-0 0  9995
2 32384  56.4739   1.2428 0013079 115.6159  65.3912  2.00575619 91394
1 32384U 07062A   20159.56160670 -.00000096  00000-0  00000-0 0  9999
2 32384  56.4738   1.2039 0013104 115.7160  64.4167  2.00575709 91418
1 32384U 07062A   20160.06138791 -.00000097  00000-0  00000-0 0  9996
2 32384  56.4738   1.1844 0013120 115.7791  65.2402  2.00575757 91424
1 32384U 07062A   20160.06138791 -.00000097  00000-0  00000-0 0  9996
2 32384  56.4738   1.1844 0013120 115.7791  65.2402  2.00575757 91446
1 32384U 07062A   20164.54792226 -.00000088  00000-0  00000+0 0  9991
2 32384  56.4734   1.0092 0013262 116.4288  64.2700  2.00576114 91530
1 32384U 07062A   20164.54792226 -.00000088  00000-0  00000-0 0  9992
2 32384  56.4734   1.0092 0013262 116.4288  64.2700  2.00576114 91530
1 32384U 07062A   20166.55246105 -.00000079  00000-0  00000+0 0  9994
2 32384  56.4731   0.9310 0013295 116.6349  71.5222  2.00576259 91578
1 32384U 07062A   20167.02263582 -.00000078  00000-0  00000-0 0  9995
2 32384  56.4731   0.9126 0013317 116.7488  50.9170  2.00576281 91560
1 32384U 07062A   20167.79187791 -.00000075  00000-0  00000-0 0  9993
2 32384  56.4730   0.8825 0013326 116.8572 246.2714  2.00576328 91587
1 32384U 07062A   20167.96821764 -.00000074  00000-0  00000-0 0  9996
2 32384  56.4730   0.8757 0013342 116.8793  13.5828  2.00576348 91587
1 32384U 07062A   20169.05291043 -.00000071  00000-0  00000+0 0  9995
2 32384  56.4729   0.8333 0013369 117.0357  76.6734  2.00576403 91626
1 32384U 07062A   20169.05291043 -.00000071  00000-0  00000-0 0  9996
2 32384  56.4729   0.8333 0013369 117.0357  76.6734  2.00576403 91626
1 32384U 07062A   20173.03451434 -.00000062  00000-0  00000+0 0  9990
2 32384  56.4725   0.6781 0013471 117.5831  71.2077  2.00576510 91702
1 32384U 07062A   20173.52088737 -.00000062  00000-0  00000-0 0  9997
2 32384  56.4724   0.6592 0013483 117.6408  62.3559  2.00576517 91696
1 32384U 07062A   20174.73936709 -.00000060  00000-0  00000-0 0  9990
2 32384  56.4721   0.6116 0013517 117.8995 221.9518  2.00576552 91716
1 32384U 07062A   20175.76405691 -.00000059  00000-0  00000+0 0  9992
2 32384  56.4720   0.5716 0013543 118.0575 241.7141  2.00576571 91764
1 32384U 07062A   20177.01533963 -.00000059  00000-0  00000-0 0  9997
2 32384  56.4717   0.5227 0013580 118.2326  65.0807  2.00576615 91769
1 32384U 07062A   20178.00721513 -.00000059  00000-0  00000+0 0  9996
2 32384  56.4715   0.4840 0013608 118.3865  61.1527  2.00576650 91807
1 32384U 07062A   20181.04471791 -.00000065  00000-0  00000+0 0  9991
2 32384  56.4713   0.3655 0013666 118.6469  94.2514  2.00576786 91864
1 32384U 07062A   20182.49368277 -.00000072  00000-0  00000-0 0  9994
2 32384  56.4711   0.3089 0013698 118.8526  60.3337  2.00576878 91874
1 32384U 07062A   20184.73695079 -.00000086  00000-0  00000+0 0  9990
2 32384  56.4708   0.2213 0013739 119.1995 239.8364  2.00577035 91934
1 32384U 07062A   20186.98022931 -.00000096  00000-0  00000+0 0  9991
2 32384  56.4704   0.1337 0013784 119.4935  59.4008  2.00577218 91982
1 32384U 07062A   20186.98022931 -.00000096  00000-0  00000-0 0  9992
2 32384  56.4704   0.1337 0013784 119.4935  59.4008  2.00577218 91982
1 32384U 07062A   20188.73114154 -.00000098  00000-0  00000-0 0  9998
2 32384  56.4702   0.0654 0013807 119.7290 243.4894  2.00577360 92004
1 32384U 07062A   20191.00245333 -.00000093  00000-0  00000+0 0  9990
2 32384  56.4699 359.9768 0013852 120.0722  83.2490  2.00577537 92060
1 32384U 07062A   20191.00245333 -.00000093  00000-0  00000-0 0  9991
2 32384  56.4699 359.9768 0013852 120.0722  83.2490  2.00577537 92060
1 32384U 07062A   20191.46667008 -.00000092  00000-0  00000-0 0  9997
2 32384  56.4698 359.9587 0013859 120.1476  58.3825  2.00577578 92051
1 32384U 07062A   20192.62953494 -.00000087  00000-0  00000-0 0  9997
2 32384  56.4697 359.9133 0013869 120.3432 177.8864  2.00577660 92076
1 32384U 07062A   20200.19351653 -.00000068  00000-0  00000+0 0  9996
2 32384  56.4691 359.6184 0014048 124.4680 234.8729  2.00552043 92255
1 32384U 07062A   20201.44448524 -.00000066  00000-0  00000-0 0  9998
2 32384  56.4694 359.5697 0014151 124.8910  57.6545  2.00552037 92251
1 32384U 07062A   20201.63196550 -.00000066  00000-0  00000-0 0  9998
2 32384  56.4695 359.5624 0014154 124.9061 193.0008  2.00552021 92255
1 32384U 07062A   20202.19146692 -.00000065  00000-0  00000-0 0  9991
2 32384  56.4695 359.5406 0014152 124.7851 237.0842  2.00552098 92299
1 32384U 07062A   20203.18035757 -.00000064  00000-0  00000-0 0  9999
2 32384  56.4687 359.5021 0014283 125.6566 230.1953  2.00552157 92283
1 32384U 07062A   20203.68768836 -.00000063  00000-0  00000-0 0  9994
2 32384  56.4681 359.4827 0014178 125.7993 236.3479  2.00552172 92309
1 32384U 07062A   20204.14014259 -.00000063  00000-0  00000-0 0  9999
2 32384  56.4680 359.4649 0014207 125.8076 203.0129  2.00552172 92309
1 32384U 07062A   20204.62995740 -.00000063  00000-0  00000+0 0  9994
2 32384  56.4679 359.4458 0014226 125.7850 196.6838  2.00552183 92334
1 32384U 07062A   20208.17407007 -.00000069  00000-0  00000+0 0  9998
2 32384  56.4673 359.3074 0014272 126.8253 234.5094  2.00552291 92416
1 32384U 07062A   20208.60436133 -.00000071  00000-0  00000-0 0  9992
2 32384  56.4671 359.2906 0014300 126.1079 185.8997  2.00552323 92391
1 32384U 07062A   20209.89766457 -.00000078  00000-0  00000-0 0  9996
2 32384  56.4669 359.2401 0014315 126.1507  39.6292  2.00552402 92426
1 32384U 07062A   20210.41732799 -.00000081  00000-0  00000-0 0  9992
2 32384  56.4668 359.2198 0014305 126.2912  54.6880  2.00552412 92452
1 32384U 07062A   20212.58051874 -.00000095  00000-0  00000+0 0  9994
2 32384  56.4664 359.1354 0014315 126.6958 176.1203  2.00552590 92496
1 32384U 07062A   20214.90374372 -.00000104  00000-0  00000-0 0  9995
2 32384  56.4659 359.0447 0014335 127.0024  53.1966  2.00552778 92547
1 32384U 07062A   20218.61364604 -.00000099  00000-0  00000+0 0  9996
2 32384  56.4652 358.9000 0014349 127.6231 211.1513  2.00553112 92619
1 32384U 07062A   20218.61364604 -.00000099  00000-0  00000-0 0  9997
2 32384  56.4652 358.9000 0014349 127.6231 211.1513  2.00553112 92596
1 32384U 07062A   20219.39012192 -.00000097  00000-0  00000-0 0  9993
2 32384  56.4650 358.8697 0014356 127.7000  51.6957  2.00553167 92610
1 32384U 07062A   20219.55430346 -.00000096  00000-0  00000-0 0  9995
2 32384  56.4651 358.8632 0014351 127.7378 170.1982  2.00553178 92610
1 32384U 07062A   20221.57741573 -.00000089  00000-0  00000+0 0  9998
2 32384  56.4647 358.7843 0014352 128.0447 190.5938  2.00553299 92677
1 32384U 07062A   20221.90096390 -.00000088  00000-0  00000-0 0  9995
2 32384  56.4648 358.7716 0014359 128.0524  64.1906  2.00553320 92665
1 32384U 07062A   20221.90096390 -.00000088  00000-0  00000-0 0  9995
2 32384  56.4648 358.7716 0014359 128.0524  64.1906  2.00553320 92687
1 32384U 07062A   20223.58694444 -.00000084  00000-0  00000-0 0  9991
2 32384  56.4644 358.7058 0014351 128.2983 201.2366  2.00553404 92693
1 32384U 07062A   20223.63226473 -.00000084  00000-0  00000-0 0  9990
2 32384  56.4644 358.7041 0014350 128.2968 233.9599  2.00553408 92703
1 32384U 07062A   20224.09776413 -.00000083  00000-0  00000+0 0  9993
2 32384  56.4643 358.6859 0014351 128.3664 209.9846  2.00553421 92728
1 32384U 07062A   20224.63423600 -.00000082  00000-0  00000-0 0  9990
2 32384  56.4642 358.6650 0014353 128.4357 237.2528  2.00553449 92729
1 32384U 07062A   20226.11967900 -.00000079  00000-0  00000+0 0  9996
2 32384  56.4638 358.6071 0014360 128.6496 229.5417  2.00553495 92761
1 32384U 07062A   20227.12468416 -.00000077  00000-0  00000-0 0  9995
2 32384  56.4636 358.5679 0014363 128.7935 235.0206  2.00553527 92779
1 32384U 07062A   20228.06668772 -.00000075  00000-0  00000-0 0  9994
2 32384  56.4634 358.5311 0014367 128.9314 195.0177  2.00553546 92781
1 32384U 07062A   20228.55511365 -.00000074  00000-0  00000+0 0  9991
2 32384  56.4633 358.5120 0014368 128.9997 187.5975  2.00553562 92810
1 32384U 07062A   20229.36799226 -.00000073  00000-0  00000-0 0  9995
2 32384  56.4631 358.4803 0014370 129.1106  54.3923  2.00553575 92811
1 32384U 07062A   20229.60674368 -.00000072  00000-0  00000-0 0  9990
2 32384  56.4631 358.4710 0014368 129.1493 226.7345  2.00553582 92815
1 32384U 07062A   20230.21275241 -.00000072  00000-0  00000-0 0  9996
2 32384  56.4629 358.4474 0014369 129.2329 304.1947  2.00553588 92836
1 32384U 07062A   20230.60609344 -.00000071  00000-0  00000+0 0  9992
2 32384  56.4628 358.4320 0014370 129.2883 228.1351  2.00553596 92857
1 32384U 07062A   20231.06275253 -.00000071  00000-0  00000-0 0  9992
2 32384  56.4627 358.4142 0014372 129.3450 197.7906  2.00553606 92849
1 32384U 07062A   20231.61110471 -.00000070  00000-0  00000-0 0  9992
2 32384  56.4626 358.3928 0014372 129.4131 233.6383  2.00553629 92862
1 32384U 07062A   20232.11060266 -.00000070  00000-0  00000-0 0  9994
2 32384  56.4625 358.3733 0014373 129.4831 234.2108  2.00553646 92875
1 32384U 07062A   20232.84932925 -.00000070  00000-0  00000+0 0  9993
2 32384  56.4623 358.3444 0014377 129.5416  47.5202  2.00553677 92904
1 32384U 07062A   20232.84932925 -.00000070  00000-0  00000-0 0  9994
2 32384  56.4623 358.3444 0014377 129.5416  47.5202  2.00553677 92881
1 32384U 07062A   20233.83685605 -.00000071  00000-0  00000-0 0  9995
2 32384  56.4621 358.3059 0014378 129.6830  40.3831  2.00553717 92900
1 32384U 07062A   20235.09248153 -.00000074  00000-0  00000+0 0  9990
2 32384  56.4618 358.2569 0014380 129.8621 226.7783  2.00553764 92946
1 32384U 07062A   20235.09248153 -.00000074  00000-0  00000-0 0  9991
2 32384  56.4618 358.2569 0014380 129.8621 226.7783  2.00553764 92946
1 32384U 07062A   20236.09751095 -.00000078  00000-0  00000-0 0  9990
2 32384  56.4616 358.2176 0014379 129.9931 232.2890  2.00553815 92950
1 32384U 07062A   20237.33575554 -.00000085  00000-0  00000+0 0  9999
2 32384  56.4612 358.1693 0014378 130.1379  46.1698  2.00553881 92993
1 32384U 07062A   20238.34072435 -.00000091  00000-0  00000-0 0  9999
2 32384  56.4610 358.1300 0014376 130.2723  51.6337  2.00553943 93012
1 32384U 07062A   20239.59834022 -.00000099  00000-0  00000-0 0  9993
2 32384  56.4607 358.0809 0014365 130.4753 239.4437  2.00554049 93020
1 32384U 07062A   20240.08787160 -.00000102  00000-0  00000-0 0  9994
2 32384  56.4606 358.0618 0014363 130.5457 232.8207  2.00554096 93032
1 32384U 07062A   20240.08787160 -.00000102  00000-0  00000-0 0  9994
2 32384  56.4606 358.0618 0014363 130.5457 232.8207  2.00554096 93054
1 32384U 07062A   20241.04128264 -.00000107  00000-0  00000-0 0  9990
2 32384  56.4603 358.0245 0014358 130.6766 201.0633  2.00554165 93064
1 32384U 07062A   20241.57144140 -.00000108  00000-0  00000-0 0  9990
2 32384  56.4602 358.0038 0014354 130.7424 223.7782  2.00554205 93051
1 32384U 07062A   20242.58051139 -.00000110  00000-0  00000-0 0  9990
2 32384  56.4599 357.9644 0014348 130.8696 232.2114  2.00554287 93089
1 32384U 07062A   20242.58051139 -.00000110  00000-0  00000-0 0  9990
2 32384  56.4599 357.9644 0014348 130.8696 232.2114  2.00554287 93102
1 32384U 07062A   20244.08674837 -.00000110  00000-0  00000-0 0  9993
2 32384  56.4596 357.9056 0014336 131.0963 239.5060  2.00554423 93116
1 32384U 07062A   20245.07031824 -.00000108  00000-0  00000+0 0  9992
2 32384  56.4594 357.8672 0014331 131.2288 229.5231  2.00554505 93158
1 32384U 07062A   20245.57590963 -.00000106  00000-0  00000-0 0  9990
2 32384  56.4592 357.8475 0014327 131.3050 234.4905  2.00554555 93147
1 32384U 07062A   20245.57590963 -.00000106  00000-0  00000-0 0  9990
2 32384  56.4592 357.8475 0014327 131.3050 234.4905  2.00554555 93169
1 32384U 07062A   20246.57710161 -.00000103  00000-0  00000-0 0  9992
2 32384  56.4590 357.8084 0014318 131.4601 237.2086  2.00554632 93163
1 32384U 07062A   20246.57710161 -.00000103  00000-0  00000-0 0  9992
2 32384  56.4590 357.8084 0014318 131.4601 237.2086  2.00554632 93185
1 32384U 07062A   20249.96267244 -.00000092  00000-0  00000+0 0  9993
2 32384  56.4582 357.6763 0014278 132.0063 161.0890  2.00554836 93242
1 32384U 07062A   20249.96267244 -.00000092  00000-0  00000-0 0  9994
2 32384  56.4582 357.6763 0014278 132.0063 161.0890  2.00554836 93242
1 32384U 07062A   20253.65277778 -.00000083  00000-0  00000+0 0  9997
2 32384  56.4575 357.5323 0014243 132.5109 304.8898  2.00554840 93322
1 32384U 07062A   20254.50286712 -.00000081  00000-0  00000-0 0  9999
2 32384  56.4571 357.4990 0014231 132.6414 198.5377  2.00554992 93311
1 32384U 07062A   20254.50286712 -.00000081  00000-0  00000-0 0  9999
2 32384  56.4571 357.4990 0014231 132.6414 198.5377  2.00554992 93333
1 32384U 07062A   20256.56686133 -.00000077  00000-0  00000+0 0  9992
2 32384  56.4566 357.4183 0014163 133.1585 248.2533  2.00555017 93381
1 32384U 07062A   20258.55295302 -.00000073  00000-0  00000-0 0  9994
2 32384  56.4562 357.3407 0014139 133.4228 241.9765  2.00555068 93401
1 32384U 07062A   20258.55295302 -.00000073  00000-0  00000-0 0  9994
2 32384  56.4562 357.3407 0014139 133.4228 241.9765  2.00555068 93423
1 32384U 07062A   20262.91666667 -.00000076  00000-0  00000+0 0  9997
2 32384  56.4553 357.1703 0014163 133.5738 152.4910  2.00555039 93509
1 32384U 07062A   20262.91666667 -.00000076  00000-0  00000-0 0  9998
2 32384  56.4553 357.1703 0014163 133.5738 152.4910  2.00555039 93509
1 32384U 07062A   20263.80382517 -.00000080  00000-0  00000-0 0  9991
2 32384  56.4548 357.1354 0014211 133.3285  73.2837  2.00555322 93507
1 32384U 07062A   20263.98092383 -.00000081  00000-0  00000-0 0  9990
2 32384  56.4547 357.1285 0014203 133.3540 201.1260  2.00555326 93500
1 32384U 07062A   20264.65303057 -.00000085  00000-0  00000-0 0  9992
2 32384  56.4546 357.1022 0014199 133.3904 326.3615  2.00555363 93523
1 32384U 07062A   20264.65303057 -.00000085  00000-0  00000-0 0  9992
2 32384  56.4546 357.1022 0014199 133.3904 326.3615  2.00555363 93545
1 32384U 07062A   20268.83333333 -.00000107  00000-0  00000+0 0  9990
2 32384  56.4537 356.9389 0014073 134.2122 103.7814  2.00555563 93620
1 32384U 07062A   20268.83333333 -.00000107  00000-0  00000-0 0  9991
2 32384  56.4537 356.9389 0014073 134.2122 103.7814  2.00555563 93620
1 32384U 07062A   20270.46738216 -.00000109  00000-0  00000-0 0  9994
2 32384  56.4532 356.8748 0014121 133.8970 203.9136  2.00555794 93630
1 32384U 07062A   20270.46738216 -.00000109  00000-0  00000-0 0  9994
2 32384  56.4532 356.8748 0014121 133.8970 203.9136  2.00555794 93652
1 32384U 07062A   20274.52426719 -.00000098  00000-0  00000+0 0  9993
2 32384  56.4523 356.7163 0014069 134.2582 252.6958  2.00556143 93749
1 32384U 07062A   20274.52426719 -.00000098  00000-0  00000-0 0  9994
2 32384  56.4523 356.7163 0014069 134.2582 252.6958  2.00556143 93727
1 32384U 07062A   20274.52426719 -.00000098  00000-0  00000-0 0  9994
2 32384  56.4523 356.7163 0014069 134.2582 252.6958  2.00556143 93749
1 32384U 07062A   20277.55350019 -.00000089  00000-0  00000+0 0  9998
2 32384  56.4516 356.5980 0013974 134.6105 279.5044  2.00556277 93804
1 32384U 07062A   20277.55350019 -.00000089  00000-0  00000-0 0  9999
2 32384  56.4516 356.5980 0013974 134.6105 279.5044  2.00556277 93747
1 32384U 07062A   20278.48222052 -.00000086  00000-0  00000-0 0  9994
2 32384  56.4514 356.5618 0013967 134.7669 229.9015  2.00556312 93760
1 32384U 07062A   20279.47490118 -.00000084  00000-0  00000-0 0  9992
2 32384  56.4512 356.5231 0013956 134.8540 226.5490  2.00556363 93841
1 32384U 07062A   20281.96638067 -.00000077  00000-0  00000+0 0  9997
2 32384  56.4506 356.4257 0013922 135.0669 225.2325  2.00556432 93894
1 32384U 07062A   20282.47519336 -.00000076  00000-0  00000-0 0  9991
2 32384  56.4504 356.4058 0013913 135.1129 232.5591  2.00556441 93844
1 32384U 07062A   20282.47519336 -.00000076  00000-0  00000-0 0  9991
2 32384  56.4504 356.4058 0013913 135.1129 232.5591  2.00556441 93901
1 32384U 07062A   20287.46901995 -.00000064  00000-0  00000-0 0  9998
2 32384  56.4496 356.2104 0013835 135.4581 237.8554  2.00556517 94002
1 32384U 07062A   20288.57132819 -.00000065  00000-0  00000-0 0  9993
2 32384  56.4492 356.1673 0013886 135.3622 313.8411  2.00556574 94021
1 32384U 07062A   20289.51709844 -.00000066  00000-0  00000-0 0  9997
2 32384  56.4490 356.1303 0013863 135.4450 276.6239  2.00556614 94045
1 32384U 07062A   20290.51388383 -.00000069  00000-0  00000-0 0  9993
2 32384  56.4488 356.0913 0013848 135.5045 276.2643  2.00556668 94068
1 32384U 07062A   20291.06661366 -.00000072  00000-0  00000-0 0  9993
2 32384  56.4487 356.0696 0013806 135.6016 315.2492  2.00556684 94017
1 32384U 07062A   20291.52172302 -.00000074  00000-0  00000-0 0  9993
2 32384  56.4485 356.0518 0013798 135.6419 283.8075  2.00556706 94084
1 32384U 07062A   20292.50833903 -.00000080  00000-0  00000-0 0  9990
2 32384  56.4483 356.0132 0013780 135.7061 276.1008  2.00556760 94046
1 32384U 07062A   20293.51522928 -.00000086  00000-0  00000-0 0  9990
2 32384  56.4480 355.9737 0013758 135.7690 283.0341  2.00556825 94123
1 32384U 07062A   20294.43834418 -.00000091  00000-0  00000-0 0  9998
2 32384  56.4478 355.9376 0013743 135.8266 229.4852  2.00556885 94142
1 32384U 07062A   20296.41723229 -.00000099  00000-0  00000-0 0  9993
2 32384  56.4473 355.8601 0013688 135.9415 218.1698  2.00557013 94116
1 32384U 07062A   20297.41810296 -.00000100  00000-0  00000+0 0  9997
2 32384  56.4471 355.8209 0013670 135.9871 220.7752  2.00557106 94196
1 32384U 07062A   20298.41831535 -.00000099  00000-0  00000-0 0  9995
2 32384  56.4469 355.7817 0013648 136.0400 222.8979  2.00557196 94151
1 32384U 07062A   20299.41850126 -.00000097  00000-0  00000+0 0  9990
2 32384  56.4467 355.7426 0013501 136.2284 224.8648  2.00557240 94240
1 32384U 07062A   20299.91171112 -.00000095  00000-0  00000-0 0  9995
2 32384  56.4465 355.7233 0013477 136.2797 220.9219  2.00557273 94185
1 32384U 07062A   20300.41760654 -.00000094  00000-0  00000-0 0  9997
2 32384  56.4464 355.7035 0013477 136.2949 226.1750  2.00557330 94208
1 32384U 07062A   20300.41760654 -.00000094  00000-0  00000-0 0  9997
2 32384  56.4464 355.7035 0013477 136.2949 226.1750  2.00557330 94264
1 32384U 07062A   20300.91674723 -.00000092  00000-0  00000-0 0  9991
2 32384  56.4463 355.6840 0013489 136.2947 226.5663  2.00557373 94272
1 32384U 07062A   20304.48414365 -.00000081  00000-0  00000-0 0  9999
2 32384  56.4455 355.5445 0013361 136.5256 282.0782  2.00557612 94341
1 32384U 07062A   20305.40305947 -.00000078  00000-0  00000-0 0  9993
2 32384  56.4454 355.5086 0013391 136.4931 225.5899  2.00557662 94361
1 32384U 07062A   20309.88941314 -.00000066  00000-0  00000+0 0  9999
2 32384  56.4444 355.3332 0013380 136.5533 224.7863  2.00557826 94453
1 32384U 07062A   20309.88941314 -.00000066  00000-0  00000-0 0  9990
2 32384  56.4444 355.3332 0013380 136.5533 224.7863  2.00557826 94396
1 32384U 07062A   20310.38915906 -.00000064  00000-0  00000-0 0  9993
2 32384  56.4443 355.3136 0013326 136.6094 225.5583  2.00557819 94402
1 32384U 07062A   20310.70126845 -.00000063  00000-0  00000-0 0  9994
2 32384  56.4442 355.3014 0013398 136.5537  90.9655  2.00557835 94408
1 32384U 07062A   20310.87063286 -.00000063  00000-0  00000-0 0  9991
2 32384  56.4441 355.2948 0013394 136.5515 213.2527  2.00557830 94463
1 32384U 07062A   20312.39133431 -.00000058  00000-0  00000-0 0  9994
2 32384  56.4438 355.2352 0013367 136.5719 231.2166  2.00557869 94500
1 32384U 07062A   20314.37569417 -.00000054  00000+0  00000+0 0  9995
2 32384  56.4433 355.1576 0013340 136.5768 223.9691  2.00557917 94489
1 32384U 07062A   20318.35218837 -.00000060  00000-0  00000-0 0  9993
2 32384  56.4424 355.0019 0013222 136.5712 215.1040  2.00558029 94552
1 32384U 07062A   20318.86201660 -.00000063  00000-0  00000-0 0  9998
2 32384  56.4422 354.9819 0013265 136.5841 223.2004  2.00558058 94569
1 32384U 07062A   20320.08926109 -.00000070  00000-0  00000-0 0  9995
2 32384  56.4419 354.9338 0013244 136.5584  29.3282  2.00558113 94590
1 32384U 07062A   20321.35330507 -.00000078  00000-0  00000-0 0  9995
2 32384  56.4416 354.8843 0013221 136.5831 221.9764  2.00558193 94613
1 32384U 07062A   20321.35330507 -.00000078  00000-0  00000-0 0  9995
2 32384  56.4416 354.8843 0013221 136.5831 221.9764  2.00558193 94680
1 32384U 07062A   20323.45025891 -.00000087  00000-0  00000+0 0  9994
2 32384  56.4409 354.8022 0013170 136.5304 296.0857  2.00558358 94723
1 32384U 07062A   20324.51609108 -.00000089  00000-0  00000-0 0  9994
2 32384  56.4408 354.7604 0013159 136.5157 345.6597  2.00558437 94742
1 32384U 07062A   20326.09277647 -.00000088  00000-0  00000-0 0  9997
2 32384  56.4405 354.6987 0013127 136.4925  44.0924  2.00558565 94712
1 32384U 07062A   20327.83468913 -.00000083  00000-0  00000-0 0  9993
2 32384  56.4401 354.6305 0013092 136.5020 221.7916  2.00558713 94743
1 32384U 07062A   20327.83468913 -.00000083  00000-0  00000-0 0  9993
2 32384  56.4401 354.6305 0013092 136.5020 221.7916  2.00558713 94811
1 32384U 07062A   20328.83966846 -.00000080  00000-0  00000-0 0  9999
2 32384  56.4399 354.5912 0013074 136.4949 227.4216  2.00558793 94778
1 32384U 07062A   20328.83966846 -.00000080  00000-0  00000-0 0  9999
2 32384  56.4399 354.5912 0013074 136.4949 227.4216  2.00558793 94835
1 32384U 07062A   20330.07996406 -.00000077  00000-0  00000-0 0  9999
2 32384  56.4396 354.5426 0013056 136.4742  42.9705  2.00558883 94858
1 32384U 07062A   20332.31993720 -.00000072  00000-0  00000-0 0  9999
2 32384  56.4391 354.4550 0012990 136.4009 220.3681  2.00559029 94894
1 32384U 07062A   20333.32606720 -.00000070  00000-0  00000-0 0  9990
2 32384  56.4389 354.4156 0012978 136.3724 226.8511  2.00559068 94922
1 32384U 07062A   20334.56193764 -.00000067  00000-0  00000-0 0  9992
2 32384  56.4387 354.3673 0012974 136.3582  39.1995  2.00559120 94886
1 32384U 07062A   20334.56193764 -.00000067  00000-0  00000-0 0  9992
2 32384  56.4387 354.3673 0012974 136.3582  39.1995  2.00559120 94943
1 32384U 07062A   20335.56925799 -.00000064  00000-0  00000-0 0  9991
2 32384  56.4385 354.3279 0012962 136.3225  46.5500  2.00559164 94968
1 32384U 07062A   20336.80727435 -.00000061  00000-0  00000-0 0  9993
2 32384  56.4382 354.2795 0012943 136.2720 220.4842  2.00559184 94925
1 32384U 07062A   20337.81227611 -.00000057  00000-0  00000-0 0  9991
2 32384  56.4380 354.2402 0012931 136.2287 226.1679  2.00559191 94955
1 32384U 07062A   20338.31931640 -.00000056  00000-0  00000-0 0  9990
2 32384  56.4379 354.2204 0012924 136.2037 232.2907  2.00559193 94963
1 32384U 07062A   20339.41028756 -.00000052  00000-0  00000-0 0  9993
2 32384  56.4377 354.1778 0012910 136.1375 300.0705  2.00559217 94984
1 32384U 07062A   20340.05540676 -.00000050  00000-0  00000-0 0  9993
2 32384  56.4375 354.1525 0012888 136.0938  45.9090  2.00559215 94991
1 32384U 07062A   20340.55200456 -.00000049  00000-0  00000-0 0  9995
2 32384  56.4374 354.1331 0012887 136.0689  44.4925  2.00559227 95004
1 32384U 07062A   20340.55200456 -.00000049  00000-0  00000-0 0  9995
2 32384  56.4374 354.1331 0012887 136.0689  44.4925  2.00559227 95060
1 32384U 07062A   20341.30572411 -.00000048  00000-0  00000-0 0  9991
2 32384  56.4372 354.1036 0012875 136.0313 228.7382  2.00559251 95028
1 32384U 07062A   20341.30572411 -.00000048  00000-0  00000-0 0  9991
2 32384  56.4372 354.1036 0012875 136.0313 228.7382  2.00559251 95084
1 32384U 07062A   20342.40004693 -.00000047  00000-0  00000-0 0  9994
2 32384  56.4370 354.0607 0012859 135.9455 298.9580  2.00559281 95040
1 32384U 07062A   20342.40004693 -.00000047  00000-0  00000-0 0  9994
2 32384  56.4370 354.0607 0012859 135.9455 298.9580  2.00559281 95107
1 32384U 07062A   20343.46510936 -.00000047  00000-0  00000-0 0  9993
2 32384  56.4368 354.0191 0012847 135.8646 348.0461  2.00559312 95065
1 32384U 07062A   20343.46510936 -.00000047  00000-0  00000-0 0  9993
2 32384  56.4368 354.0191 0012847 135.8646 348.0461  2.00559312 95122
1 32384U 07062A   20344.41408544 -.00000049  00000-0  00000-0 0  9992
2 32384  56.4366 353.9819 0012835 135.8065 313.2934  2.00559335 95086
1 32384U 07062A   20345.28613584 -.00000053  00000-0  00000-0 0  9995
2 32384  56.4364 353.9478 0012827 135.7552 222.9917  2.00559368 95090
1 32384U 07062A   20346.51641958 -.00000059  00000-0  00000+0 0  9993
2 32384  56.4361 353.8996 0012821 135.6760  31.3734  2.00559429 95182
1 32384U 07062A   20346.51641958 -.00000059  00000-0  00000-0 0  9994
2 32384  56.4361 353.8996 0012821 135.6760  31.3734  2.00559429 95126
1 32384U 07062A   20349.02801219 -.00000075  00000-0  00000+0 0  9998
2 32384  56.4355 353.8013 0012792 135.5022  44.9947  2.00559569 95239
1 32384U 07062A   20349.47637117 -.00000078  00000-0  00000-0 0  9995
2 32384  56.4354 353.7838 0012784 135.4690   8.7571  2.00559601 95185
1 32384U 07062A   20351.41999994 -.00000085  00000-0  00000-0 0  9994
2 32384  56.4349 353.7077 0012761 135.3392 332.2484  2.00559756 95221
1 32384U 07062A   20351.51501042 -.00000085  00000-0  00000-0 0  9998
2 32384  56.4349 353.7040 0012750 135.2483  40.9397  2.00559754 95223
1 32384U 07062A   20352.52644875 -.00000086  00000-0  00000-0 0  9993
2 32384  56.4347 353.6644 0012750 135.2027  51.2762  2.00559848 95241
1 32384U 07062A   20353.51434528 -.00000085  00000-0  00000-0 0  9994
2 32384  56.4345 353.6257 0012722 135.0755  44.6965  2.00559933 95262
1 32384U 07062A   20354.47322385 -.00000083  00000-0  00000-0 0  9995
2 32384  56.4343 353.5882 0012724 135.0638  17.0491  2.00560004 95286
1 32384U 07062A   20355.43150470 -.00000081  00000-0  00000-0 0  9994
2 32384  56.4341 353.5507 0012719 135.0179 349.0046  2.00560072 95304
1 32384U 07062A   20355.75730788 -.00000080  00000-0  00000-0 0  9994
2 32384  56.4340 353.5379 0012714 135.0278 224.2353  2.00560099 95309
1 32384U 07062A   20356.38204858 -.00000079  00000-0  00000-0 0  9996
2 32384  56.4338 353.5135 0012711 134.9658 315.3806  2.00560148 95325
1 32384U 07062A   20357.39179653 -.00000077  00000-0  00000-0 0  9990
2 32384  56.4336 353.4740 0012690 134.8458 324.5715  2.00560210 95340
1 32384U 07062A   20358.47162350 -.00000075  00000-0  00000-0 0  9994
2 32384  56.4333 353.4318 0012692 134.7924  24.2960  2.00560296 95369
1 32384U 07062A   20359.47203892 -.00000073  00000-0  00000-0 0  9990
2 32384  56.4330 353.3927 0012682 134.7042  26.7174  2.00560349 95443
1 32384U 07062A   20360.42529271 -.00000072  00000-0  00000-0 0  9998
2 32384  56.4328 353.3553 0012674 134.6314 355.0711  2.00560390 95404
1 32384U 07062A   20361.49114503 -.00000070  00000-0  00000-0 0  9992
2 32384  56.4326 353.3137 0012672 134.5348  44.7491  2.00560441 95420
1 32384U 07062A   20362.48681848 -.00000068  00000-0  00000-0 0  9990
2 32384  56.4323 353.2748 0012674 134.4793  43.7145  2.00560479 95447
1 32384U 07062A   20363.46572601 -.00000066  00000-0  00000-0 0  9993
2 32384  56.4321 353.2365 0012672 134.3889  30.6095  2.00560512 95462
1 32384U 07062A   20364.49901035 -.00000063  00000-0  00000-0 0  9991
2 32384  56.4319 353.1962 0012670 134.2946  56.7705  2.00560545 95487
1 32384U 07062A   20364.72988223 -.00000062  00000-0  00000-0 0  9990
2 32384  56.4318 353.1871 0012667 134.2658 223.4965  2.00560545 95482
1 32384U 07062A   20365.73488993 -.00000059  00000-0  00000-0 0  9997
2 32384  56.4316 353.1478 0012667 134.1601 229.2522  2.00560564 95518
1 32384U 07062A   20366.50510944 -.00000056  00000-0  00000-0 0  9992
2 32384  56.4314 353.1177 0012667 134.0714  65.4661  2.00560585 95524
1 32384U 07062A   20366.97303869 -.00000055  00000-0  00000+0 0  9997
2 32384  56.4312 353.0994 0012667 134.0202  43.3783  2.00560592 95595
1 32384U 07062A   20366.97303869 -.00000055  00000-0  00000-0 0  9998
2 32384  56.4312 353.0994 0012667 134.0202  43.3783  2.00560592 95539

