1 41550U 16030B   20002.60752513 -.00000035  00000-0  00000-0 0  9997
2 41550  56.4259 286.5305 0003250 295.5421  64.4589  1.70474324 22478
1 41550U 16030B   20003.19410747 -.00000034  00000-0  00000+0 0  9990
2 41550  56.4254 286.5144 0003225 295.8675  64.1332  1.70474407 22464
1 41550U 16030B   20005.54045251 -.00000026  00000-0  00000+0 0  9996
2 41550  56.4233 286.4501 0003164 296.8326  63.1687  1.70474341 22507
1 41550U 16030B   20005.54045251 -.00000026  00000-0  00000-0 0  9997
2 41550  56.4233 286.4501 0003164 296.8326  63.1687  1.70474341 22529
1 41550U 16030B   20006.71362894 -.00000021  00000-0  00000-0 0  9997
2 41550  56.4223 286.4180 0003134 297.4606  62.5437  1.70474320 22541
1 41550U 16030B   20006.71362920 -.00000021  00000-0  00000-0 0  9997
2 41550  56.4223 286.4179 0003137 297.3693  62.6349  1.70474308 22546
1 41550U 16030B   20008.47339913 -.00000013  00000-0  00000+0 0  9998
2 41550  56.4208 286.3698 0003090 298.4570  61.5558  1.70474310 22552
1 41550U 16030B   20010.23317448 -.00000005  00000-0  00000-0 0  9996
2 41550  56.4192 286.3216 0003041 299.4892  60.5347  1.70474280 22601
1 41550U 16030B   20013.16612280 -.00000005  00000-0  00000+0 0  9992
2 41550  56.4167 286.2411 0002967 301.1659  58.8693  1.70474208 22634
1 41550U 16030B   20014.92587464 -.00000015  00000-0  00000-0 0  9994
2 41550  56.4151 286.1929 0002934 302.2061  57.8261  1.70474216 22687
1 41550U 16030B   20015.51245678 -.00000019  00000-0  00000+0 0  9991
2 41550  56.4146 286.1767 0002922 302.5943  57.4358  1.70474216 22672
1 41550U 16030B   20017.85878522 -.00000031  00000-0  00000+0 0  9994
2 41550  56.4126 286.1123 0002871 304.2201  55.8012  1.70474247 22713
1 41550U 16030B   20020.20512973 -.00000029  00000-0  00000+0 0  9999
2 41550  56.4107 286.0479 0002814 305.7474  54.2753  1.70474313 22753
1 41550U 16030B   20020.20512973 -.00000029  00000-0  00000-0 0  9990
2 41550  56.4107 286.0479 0002814 305.7474  54.2753  1.70474313 22775
1 41550U 16030B   20021.96490044 -.00000022  00000-0  00000-0 0  9991
2 41550  56.4092 285.9997 0002781 306.6910  53.3401  1.70474356 22800
1 41550U 16030B   20025.48444231 -.00000015  00000-0  00000+0 0  9990
2 41550  56.4057 285.9031 0002685 308.8113  51.2378  1.70474473 22846
1 41550U 16030B   20026.07102921 -.00000015  00000-0  00000-0 0  9994
2 41550  56.4060 285.8870 0002691 308.7478  51.3024  1.70474479 22878
1 41550U 16030B   20027.83078611 -.00000014  00000-0  00000-0 0  9996
2 41550  56.4046 285.8388 0002630 310.0460  50.0053  1.70474543 22900
1 41550U 16030B   20027.83078639 -.00000014  00000-0  00000+0 0  9995
2 41550  56.4046 285.8388 0002634 309.9531  50.0981  1.70474526 22888
1 41550U 16030B   20030.17712175 -.00000010  00000-0  00000+0 0  9992
2 41550  56.4026 285.7745 0002557 311.2138  48.8340  1.70474534 22923
1 41550U 16030B   20034.86980320  .00000010  00000-0  00000-0 0  9991
2 41550  56.3988 285.6456 0002445 313.5193  46.5296  1.70474516 23026
1 41550U 16030B   20034.86980442  .00000010  00000-0  00000+0 0  9995
2 41550  56.3988 285.6457 0002441 313.6009  46.4481  1.70474489 23002
1 41550U 16030B   20037.80275157  .00000024  00000-0  00000+0 0  9997
2 41550  56.3964 285.5650 0002366 315.4951  44.5676  1.70474429 23056
1 41550U 16030B   20041.90884723  .00000015  00000-0  00000+0 0  9998
2 41550  56.3930 285.4522 0002294 317.3607  42.7028  1.70474417 23121
1 41550U 16030B   20042.49542667  .00000011  00000-0  00000-0 0  9998
2 41550  56.3925 285.4361 0002286 317.5930  42.4674  1.70474431 23151
1 41550U 16030B   20046.01490920 -.00000005  00000-0  00000+0 0  9997
2 41550  56.3898 285.3392 0002225 319.5916  40.4511  1.70474425 23197
1 41550U 16030B   20047.18807434 -.00000003  00000-0  00000-0 0  9997
2 41550  56.3889 285.3069 0002201 320.2537  39.7884  1.70474552 23230
1 41550U 16030B   20051.88077485  .00000009  00000-0  00000+0 0  9998
2 41550  56.3851 285.1779 0002098 321.8516  38.2052  1.70474734 23292
1 41550U 16030B   20052.46736251  .00000009  00000-0  00000-0 0  9997
2 41550  56.3847 285.1618 0002083 322.2084  37.8495  1.70474716 23328
1 41550U 16030B   20054.81370027  .00000007  00000-0  00000+0 0  9990
2 41550  56.3831 285.0973 0002017 323.6529  36.4038  1.70474723 23348
1 41550U 16030B   20054.81370027  .00000007  00000-0  00000-0 0  9991
2 41550  56.3831 285.0973 0002017 323.6529  36.4038  1.70474723 23360
1 41550U 16030B   20055.40028092  .00000007  00000-0  00000-0 0  9999
2 41550  56.3825 285.0813 0002001 323.6087  36.4464  1.70474758 23370
1 41550U 16030B   20055.98686230  .00000008  00000-0  00000-0 0  9997
2 41550  56.3820 285.0652 0001994 323.5356  36.5174  1.70474750 23386
1 41550U 16030B   20057.16002510  .00000009  00000-0  00000+0 0  9992
2 41550  56.3810 285.0330 0001936 323.9713  36.0775  1.70474736 23381
1 41550U 16030B   20059.50634803  .00000016  00000-0  00000+0 0  9996
2 41550  56.3793 284.9686 0001884 324.5054  35.5356  1.70474770 23422
1 41550U 16030B   20060.09293055  .00000018  00000-0  00000-0 0  9995
2 41550  56.3788 284.9525 0001869 324.6373  35.4026  1.70474762 23453
1 41550U 16030B   20060.67951251  .00000020  00000-0  00000-0 0  9991
2 41550  56.3785 284.9364 0001867 324.4963  35.5428  1.70474782 23462
1 41550U 16030B   20061.26609435  .00000023  00000-0  00000-0 0  9994
2 41550  56.3781 284.9202 0001844 324.9072  35.1320  1.70474842 23475
1 41550U 16030B   20061.85268393  .00000025  00000-0  00000+0 0  9994
2 41550  56.3776 284.9041 0001836 325.0738  34.9658  1.70474698 23461
1 41550U 16030B   20062.43926944  .00000028  00000-0  00000-0 0  9996
2 41550  56.3772 284.8879 0001829 325.1896  34.8509  1.70474696 23498
1 41550U 16030B   20064.19902932  .00000036  00000-0  00000+0 0  9990
2 41550  56.3759 284.8396 0001781 325.8789  34.1668  1.70474695 23502
1 41550U 16030B   20066.54537357  .00000040  00000-0  00000+0 0  9991
2 41550  56.3741 284.7750 0001736 326.4494  33.6013  1.70474681 23543
1 41550U 16030B   20066.54537357  .00000040  00000-0  00000-0 0  9992
2 41550  56.3741 284.7750 0001736 326.4494  33.6013  1.70474681 23565
1 41550U 16030B   20070.65143132  .00000017  00000-0  00000+0 0  9996
2 41550  56.3709 284.6620 0001676 326.9955  33.0361  1.70474662 23619
1 41550U 16030B   20070.65143162  .00000017  00000-0  00000-0 0  9990
2 41550  56.3710 284.6620 0001682 326.9688  33.0627  1.70474648 23632
1 41550U 16030B   20071.23800635  .00000013  00000-0  00000-0 0  9996
2 41550  56.3705 284.6458 0001678 327.2633  32.7636  1.70474708 23648
1 41550U 16030B   20071.23800784  .00000013  00000-0  00000-0 0  9991
2 41550  56.3704 284.6458 0001676 327.2310  32.7960  1.70474667 23641
1 41550U 16030B   20071.82458540  .00000009  00000-0  00000-0 0  9990
2 41550  56.3701 284.6297 0001671 327.2516  32.7711  1.70474657 23656
1 41550U 16030B   20073.58432214  .00000004  00000-0  00000+0 0  9999
2 41550  56.3689 284.5812 0001641 327.6812  32.3324  1.70474713 23663
1 41550U 16030B   20073.58432214  .00000004  00000-0  00000-0 0  9990
2 41550  56.3689 284.5812 0001641 327.6812  32.3324  1.70474713 23685
1 41550U 16030B   20074.17090421  .00000004  00000-0  00000-0 0  9996
2 41550  56.3684 284.5651 0001632 327.7344  32.2779  1.70474719 23692
1 41550U 16030B   20076.51724323  .00000009  00000-0  00000-0 0  9996
2 41550  56.3667 284.5006 0001584 327.7423  32.2720  1.70474796 23737
1 41550U 16030B   20076.51724365  .00000009  00000-0  00000+0 0  9991
2 41550  56.3667 284.5006 0001594 327.7306  32.2836  1.70474774 23710
1 41550U 16030B   20082.96966158  .00000005  00000-0  00000+0 0  9991
2 41550  56.3623 284.3235 0001455 327.1221  32.8903  1.70474950 23829
1 41550U 16030B   20082.96966158  .00000005  00000-0  00000-0 0  9992
2 41550  56.3623 284.3235 0001455 327.1221  32.8903  1.70474950 23841
1 41550U 16030B   20084.72939913  .00000005  00000-0  00000-0 0  9997
2 41550  56.3610 284.2753 0001400 326.6134  33.3905  1.70474956 23875
1 41550U 16030B   20088.83546369  .00000016  00000-0  00000-0 0  9994
2 41550  56.3579 284.1628 0001295 324.7250  35.2676  1.70474969 23947
1 41550U 16030B   20088.83546489  .00000016  00000-0  00000+0 0  9996
2 41550  56.3580 284.1628 0001306 324.7759  35.2166  1.70474936 23922
1 41550U 16030B   20091.76838913  .00000027  00000-0  00000+0 0  9990
2 41550  56.3558 284.0823 0001247 324.0900  35.9083  1.70474944 23977
1 41550U 16030B   20091.76838998  .00000027  00000-0  00000-0 0  9994
2 41550  56.3557 284.0823 0001234 323.9814  36.0170  1.70474918 23996
1 41550U 16030B   20094.11472705  .00000029  00000-0  00000+0 0  9997
2 41550  56.3533 284.0179 0001197 322.7358  37.2657  1.70474930 24013
1 41550U 16030B   20094.11472705  .00000029  00000-0  00000-0 0  9998
2 41550  56.3533 284.0179 0001197 322.7358  37.2657  1.70474930 24035
1 41550U 16030B   20095.87447094  .00000020  00000-0  00000-0 0  9996
2 41550  56.3520 283.9696 0001174 321.1666  38.8295  1.70474835 24065
1 41550U 16030B   20096.46104683  .00000015  00000-0  00000+0 0  9999
2 41550  56.3522 283.9536 0001190 321.3150  38.6775  1.70474890 24059
1 41550U 16030B   20096.46104683  .00000015  00000-0  00000-0 0  9990
2 41550  56.3522 283.9536 0001190 321.3150  38.6775  1.70474890 24071
1 41550U 16030B   20099.98050692 -.00000010  00000-0  00000+0 0  9995
2 41550  56.3495 283.8569 0001167 319.4629  40.5042  1.70474861 24110
1 41550U 16030B   20100.56708349 -.00000012  00000-0  00000-0 0  9994
2 41550  56.3489 283.8408 0001145 318.3517  41.6127  1.70474941 24143
1 41550U 16030B   20100.56708552 -.00000012  00000-0  00000-0 0  9990
2 41550  56.3488 283.8408 0001151 319.0023  40.9622  1.70474881 24144
1 41550U 16030B   20102.91341291 -.00000011  00000-0  00000+0 0  9992
2 41550  56.3472 283.7764 0001122 316.7427  43.2196  1.70474997 24163
1 41550U 16030B   20102.91341406 -.00000011  00000-0  00000-0 0  9991
2 41550  56.3472 283.7764 0001118 316.2209  43.7414  1.70474978 24180
1 41550U 16030B   20104.67317219 -.00000009  00000-0  00000-0 0  9998
2 41550  56.3458 283.7281 0001086 313.1906  46.7761  1.70475000 24211
1 41550U 16030B   20108.19267493 -.00000015  00000-0  00000+0 0  9993
2 41550  56.3430 283.6317 0001052 308.7558  51.2147  1.70475139 24252
1 41550U 16030B   20108.19267493 -.00000015  00000-0  00000-0 0  9994
2 41550  56.3430 283.6317 0001052 308.7558  51.2147  1.70475139 24274
1 41550U 16030B   20109.95241660 -.00000019  00000-0  00000-0 0  9991
2 41550  56.3417 283.5836 0001027 306.3412  53.6247  1.70475150 24303
1 41550U 16030B   20111.12557274 -.00000020  00000-0  00000+0 0  9995
2 41550  56.3409 283.5514 0001011 304.0581  55.9031  1.70475211 24306
1 41550U 16030B   20111.12557274 -.00000020  00000-0  00000-0 0  9996
2 41550  56.3409 283.5514 0001011 304.0581  55.9031  1.70475211 24328
1 41550U 16030B   20113.47188903 -.00000017  00000-0  00000+0 0  9990
2 41550  56.3392 283.4873 0000991 300.2093  59.7430  1.70475231 24347
1 41550U 16030B   20113.47188903 -.00000017  00000-0  00000-0 0  9991
2 41550  56.3392 283.4873 0000991 300.2093  59.7430  1.70475231 24369
1 41550U 16030B   20115.23163371 -.00000013  00000-0  00000-0 0  9995
2 41550  56.3378 283.4393 0000990 295.6906  64.2587  1.70475179 24397
1 41550U 16030B   20116.40479852 -.00000009  00000-0  00000+0 0  9993
2 41550  56.3369 283.4072 0000991 295.1954  64.7549  1.70475228 24398
1 41550U 16030B   20116.40480069 -.00000009  00000-0  00000-0 0  9996
2 41550  56.3370 283.4072 0000993 295.2860  64.6643  1.70475161 24412
1 41550U 16030B   20118.16455475 -.00000002  00000-0  00000-0 0  9997
2 41550  56.3356 283.3590 0000994 293.0551  66.9003  1.70475190 24444
1 41550U 16030B   20118.75114037  .00000000  00000-0  00000-0 0  9995
2 41550  56.3351 283.3429 0000994 293.0565  66.9012  1.70475208 24456
1 41550U 16030B   20119.33772884  .00000002  00000-0  00000+0 0  9991
2 41550  56.3347 283.3269 0000995 291.0825  68.8774  1.70475131 24441
1 41550U 16030B   20119.92431617  .00000003  00000-0  00000-0 0  9994
2 41550  56.3342 283.3109 0001003 289.6770  70.2848  1.70475065 24470
1 41550U 16030B   20124.61696121 -.00000017  00000-0  00000+0 0  9994
2 41550  56.3304 283.1824 0001066 283.4833  76.4705  1.70475109 24537
1 41550U 16030B   20125.20353754 -.00000022  00000-0  00000-0 0  9999
2 41550  56.3299 283.1663 0001080 282.0865  77.8634  1.70475099 24564
1 41550U 16030B   20126.37668917 -.00000031  00000-0  00000-0 0  9998
2 41550  56.3289 283.1342 0001093 281.2257  78.7168  1.70475151 24580
1 41550U 16030B   20126.96326948 -.00000034  00000-0  00000-0 0  9991
2 41550  56.3284 283.1181 0001114 279.6912  80.2481  1.70475068 24593
1 41550U 16030B   20126.96326998 -.00000034  00000-0  00000+0 0  9995
2 41550  56.3284 283.1181 0001106 280.1752  79.7642  1.70475060 24575
1 41550U 16030B   20126.96326998 -.00000034  00000-0  00000-0 0  9996
2 41550  56.3284 283.1181 0001106 280.1752  79.7642  1.70475060 24597
1 41550U 16030B   20127.54984839 -.00000037  00000-0  00000-0 0  9998
2 41550  56.3279 283.1020 0001117 279.3165  80.6205  1.70475076 24608
1 41550U 16030B   20128.72300618 -.00000039  00000-0  00000-0 0  9998
2 41550  56.3270 283.0699 0001144 277.4826  82.4523  1.70475219 24627
1 41550U 16030B   20130.48276204 -.00000037  00000-0  00000+0 0  9994
2 41550  56.3256 283.0217 0001165 275.8245  84.1139  1.70475171 24637
1 41550U 16030B   20131.06934826 -.00000036  00000-0  00000-0 0  9990
2 41550  56.3251 283.0056 0001191 274.1433  85.7972  1.70475193 24662
1 41550U 16030B   20132.82910639 -.00000035  00000-0  00000+0 0  9999
2 41550  56.3237 282.9575 0001242 271.4735  88.4744  1.70475283 24670
1 41550U 16030B   20132.82910719 -.00000035  00000-0  00000-0 0  9999
2 41550  56.3237 282.9575 0001227 272.1647  87.7834  1.70475255 24696
1 41550U 16030B   20134.00227923 -.00000037  00000-0  00000-0 0  9991
2 41550  56.3227 282.9254 0001257 270.8747  89.0770  1.70475240 24719
1 41550U 16030B   20135.17544461 -.00000040  00000-0  00000-0 0  9993
2 41550  56.3217 282.8934 0001291 269.3898  90.5635  1.70475334 24733
1 41550U 16030B   20136.34860979 -.00000043  00000-0  00000+0 0  9990
2 41550  56.3208 282.8612 0001305 268.5240  91.4290  1.70475301 24735
1 41550U 16030B   20137.52176855 -.00000045  00000-0  00000-0 0  9997
2 41550  56.3198 282.8292 0001326 267.2400  92.7109  1.70475377 24774
1 41550U 16030B   20137.52176870 -.00000045  00000-0  00000-0 0  9994
2 41550  56.3198 282.8292 0001334 266.7475  93.2034  1.70475374 24779
1 41550U 16030B   20139.86808756 -.00000044  00000-0  00000+0 0  9996
2 41550  56.3179 282.7652 0001393 263.8611  96.0839  1.70475400 24798
1 41550U 16030B   20142.21441298 -.00000037  00000-0  00000+0 0  9995
2 41550  56.3160 282.7012 0001451 262.1712  97.7723  1.70475389 24838
1 41550U 16030B   20142.21441298 -.00000037  00000-0  00000-0 0  9996
2 41550  56.3160 282.7012 0001451 262.1712  97.7723  1.70475389 24850
1 41550U 16030B   20142.80099661 -.00000035  00000-0  00000-0 0  9992
2 41550  56.3155 282.6851 0001459 261.8603  98.0843  1.70475389 24865
1 41550U 16030B   20146.90709960 -.00000017  00000-0  00000+0 0  9996
2 41550  56.3121 282.5730 0001604 258.6842 101.2786  1.70475320 24918
1 41550U 16030B   20149.25343449 -.00000017  00000-0  00000+0 0  9993
2 41550  56.3102 282.5088 0001658 257.6617 102.3091  1.70475443 24952
1 41550U 16030B   20149.25344040 -.00000017  00000-0  00000-0 0  9992
2 41550  56.3102 282.5089 0001677 257.4263 102.5443  1.70475262 24973
1 41550U 16030B   20153.94607050 -.00000047  00000-0  00000+0 0  9998
2 41550  56.3062 282.3804 0001838 256.4074 103.5472  1.70475220 25034
1 41550U 16030B   20154.53264902 -.00000049  00000-0  00000-0 0  9992
2 41550  56.3057 282.3643 0001851 256.5422 103.4106  1.70475245 25065
1 41550U 16030B   20155.11922899 -.00000051  00000-0  00000-0 0  9996
2 41550  56.3052 282.3483 0001868 256.4616 103.4901  1.70475257 25071
1 41550U 16030B   20156.87897523 -.00000050  00000-0  00000+0 0  9993
2 41550  56.3038 282.3002 0001943 255.9155 104.0384  1.70475376 25083
1 41550U 16030B   20156.87897523 -.00000050  00000-0  00000-0 0  9994
2 41550  56.3038 282.3002 0001943 255.9155 104.0384  1.70475376 25083
1 41550U 16030B   20156.87897523 -.00000050  00000-0  00000-0 0  9994
2 41550  56.3038 282.3002 0001943 255.9155 104.0384  1.70475376 25106
1 41550U 16030B   20158.63873612 -.00000047  00000-0  00000-0 0  9999
2 41550  56.3023 282.2520 0002003 255.5166 104.4458  1.70475375 25138
1 41550U 16030B   20162.15825168 -.00000048  00000-0  00000+0 0  9994
2 41550  56.2993 282.1557 0002126 254.4649 105.5136  1.70475487 25175
1 41550U 16030B   20163.33141819 -.00000051  00000-0  00000-0 0  9994
2 41550  56.2984 282.1235 0002161 254.1558 105.8242  1.70475478 25219
1 41550U 16030B   20163.91799892 -.00000052  00000-0  00000-0 0  9999
2 41550  56.2978 282.1075 0002196 253.8141 106.1657  1.70475519 25227
1 41550U 16030B   20168.61064432 -.00000045  00000-0  00000-0 0  9998
2 41550  56.2940 281.9792 0002362 252.2274 107.7485  1.70475532 25304
1 41550U 16030B   20168.61064494 -.00000045  00000-0  00000+0 0  9995
2 41550  56.2941 281.9792 0002361 252.3890 107.5868  1.70475519 25284
1 41550U 16030B   20169.78381045 -.00000039  00000-0  00000-0 0  9992
2 41550  56.2931 281.9471 0002406 251.9730 108.0048  1.70475530 25329
1 41550U 16030B   20170.37039758 -.00000036  00000-0  00000-0 0  9997
2 41550  56.2926 281.9311 0002390 252.0637 107.9163  1.70475458 25332
1 41550U 16030B   20172.13015195 -.00000026  00000-0  00000+0 0  9990
2 41550  56.2910 281.8830 0002427 251.9810 108.0078  1.70475550 25343
1 41550U 16030B   20173.30332637 -.00000020  00000-0  00000-0 0  9998
2 41550  56.2900 281.8509 0002464 251.8911 108.1052  1.70475536 25388
1 41550U 16030B   20174.47650341 -.00000015  00000-0  00000+0 0  9995
2 41550  56.2891 281.8188 0002483 251.9543 108.0494  1.70475451 25388
1 41550U 16030B   20175.64967523 -.00000012  00000-0  00000-0 0  9996
2 41550  56.2881 281.7867 0002515 252.0068 108.0026  1.70475437 25420
1 41550U 16030B   20176.23625862 -.00000013  00000-0  00000-0 0  9990
2 41550  56.2875 281.7707 0002562 252.0006 108.0103  1.70475423 25432
1 41550U 16030B   20177.40942435 -.00000016  00000-0  00000+0 0  9990
2 41550  56.2866 281.7385 0002583 252.0657 107.9464  1.70475386 25435
1 41550U 16030B   20177.40942435 -.00000016  00000-0  00000-0 0  9991
2 41550  56.2866 281.7385 0002583 252.0657 107.9464  1.70475386 25457
1 41550U 16030B   20178.58258274 -.00000022  00000-0  00000-0 0  9999
2 41550  56.2856 281.7064 0002634 252.3308 107.6787  1.70475361 25473
1 41550U 16030B   20180.34232015 -.00000033  00000-0  00000+0 0  9992
2 41550  56.2842 281.6582 0002764 252.2313 107.7701  1.70475210 25482
1 41550U 16030B   20180.34232115 -.00000033  00000-0  00000-0 0  9994
2 41550  56.2842 281.6582 0002769 252.2324 107.7688  1.70475168 25508
1 41550U 16030B   20181.51547252 -.00000039  00000-0  00000-0 0  9991
2 41550  56.2833 281.6260 0002801 252.4728 107.5241  1.70475311 25523
1 41550U 16030B   20183.27521401 -.00000041  00000-0  00000+0 0  9996
2 41550  56.2819 281.5778 0002871 252.5828 107.4127  1.70475350 25535
1 41550U 16030B   20184.44838446 -.00000039  00000-0  00000-0 0  9994
2 41550  56.2810 281.5456 0002904 252.6424 107.3566  1.70475325 25571
1 41550U 16030B   20186.79473088 -.00000033  00000-0  00000+0 0  9994
2 41550  56.2791 281.4813 0003009 252.6550 107.3567  1.70475394 25591
1 41550U 16030B   20186.79473088 -.00000033  00000-0  00000-0 0  9995
2 41550  56.2791 281.4813 0003009 252.6550 107.3567  1.70475394 25614
1 41550U 16030B   20188.55449105 -.00000032  00000-0  00000-0 0  9993
2 41550  56.2777 281.4331 0003081 252.7247 107.2954  1.70475387 25641
1 41550U 16030B   20189.14107514 -.00000033  00000-0  00000+0 0  9994
2 41550  56.2772 281.4170 0003103 252.7488 107.2730  1.70475412 25639
1 41550U 16030B   20190.31423998 -.00000035  00000-0  00000-0 0  9995
2 41550  56.2763 281.3849 0003145 252.7844 107.2392  1.70475472 25677
1 41550U 16030B   20192.07398169 -.00000037  00000-0  00000+0 0  9992
2 41550  56.2748 281.3367 0003215 252.8700 107.1525  1.70475530 25688
1 41550U 16030B   20193.24714422 -.00000036  00000-0  00000-0 0  9996
2 41550  56.2740 281.3046 0003258 252.7683 107.2522  1.70475473 25729
1 41550U 16030B   20193.83372299 -.00000035  00000-0  00000-0 0  9992
2 41550  56.2735 281.2885 0003263 252.7125 107.3071  1.70475509 25731
1 41550U 16030B   20194.42030136 -.00000033  00000-0  00000+0 0  9996
2 41550  56.2730 281.2724 0003282 252.7592 107.2596  1.70475560 25724
1 41550U 16030B   20195.59346454 -.00000028  00000-0  00000-0 0  9993
2 41550  56.2721 281.2403 0003328 252.7270 107.2910  1.70475515 25766
1 41550U 16030B   20199.11297003 -.00000007  00000-0  00000+0 0  9996
2 41550  56.2693 281.1438 0003445 253.0471 106.9803  1.70475439 25805
1 41550U 16030B   20201.45931764  .00000006  00000-0  00000+0 0  9994
2 41550  56.2675 281.0794 0003508 253.4350 106.6057  1.70475392 25849
1 41550U 16030B   20201.45931764  .00000006  00000-0  00000-0 0  9995
2 41550  56.2675 281.0794 0003508 253.4350 106.6057  1.70475392 25861
1 41550U 16030B   20203.21907231  .00000011  00000-0  00000-0 0  9999
2 41550  56.2661 281.0311 0003565 253.7586 106.2892  1.70475393 25895
1 41550U 16030B   20204.39223960  .00000010  00000-0  00000+0 0  9997
2 41550  56.2652 280.9989 0003607 253.9982 106.0505  1.70475292 25890
1 41550U 16030B   20206.15197642  .00000002  00000-0  00000-0 0  9992
2 41550  56.2638 280.9506 0003684 254.2153 105.8280  1.70475245 25949
1 41550U 16030B   20207.91170606 -.00000009  00000-0  00000+0 0  9995
2 41550  56.2624 280.9022 0003751 254.7951 105.2387  1.70475225 25954
1 41550U 16030B   20207.91170606 -.00000009  00000-0  00000-0 0  9996
2 41550  56.2624 280.9022 0003751 254.7951 105.2387  1.70475225 25976
1 41550U 16030B   20209.67143957 -.00000014  00000-0  00000-0 0  9996
2 41550  56.2611 280.8539 0003800 255.1308 104.8962  1.70475258 26005
1 41550U 16030B   20211.43118743 -.00000012  00000-0  00000+0 0  9995
2 41550  56.2598 280.8055 0003853 255.4063 104.6212  1.70475231 26019
1 41550U 16030B   20213.19094870 -.00000007  00000-0  00000-0 0  9999
2 41550  56.2585 280.7572 0003909 255.5708 104.4633  1.70475127 26061
1 41550U 16030B   20216.71045498 -.00000007  00000-0  00000+0 0  9991
2 41550  56.2557 280.6605 0004040 256.1790 103.8661  1.70475302 26105
1 41550U 16030B   20216.71045498 -.00000007  00000-0  00000-0 0  9992
2 41550  56.2557 280.6605 0004040 256.1790 103.8661  1.70475302 26127
1 41550U 16030B   20217.29703498 -.00000008  00000-0  00000-0 0  9998
2 41550  56.2553 280.6444 0004057 256.2563 103.7888  1.70475368 26134
1 41550U 16030B   20218.47019969 -.00000010  00000-0  00000-0 0  9995
2 41550  56.2545 280.6122 0004096 256.4105 103.6329  1.70475298 26158
1 41550U 16030B   20223.16283434 -.00000000  00000-0  00000+0 0  9995
2 41550  56.2511 280.4835 0004214 256.6408 103.3901  1.70475344 26212
1 41550U 16030B   20225.50916411  .00000013  00000-0  00000+0 0  9996
2 41550  56.2494 280.4190 0004284 257.1295 102.9029  1.70475341 26250
1 41550U 16030B   20227.85550721  .00000028  00000-0  00000+0 0  9990
2 41550  56.2478 280.3545 0004353 257.7868 102.2541  1.70475235 26292
1 41550U 16030B   20230.20184764  .00000037  00000-0  00000+0 0  9993
2 41550  56.2461 280.2900 0004448 258.4738 101.5741  1.70475189 26334
1 41550U 16030B   20231.96159427  .00000035  00000-0  00000-0 0  9994
2 41550  56.2446 280.2416 0004421 258.4789 101.5683  1.70475074 26389
1 41550U 16030B   20233.13474832  .00000029  00000-0  00000+0 0  9997
2 41550  56.2438 280.2093 0004440 258.7076 101.3344  1.70475100 26386
1 41550U 16030B   20233.13474832  .00000029  00000-0  00000-0 0  9998
2 41550  56.2438 280.2093 0004440 258.7076 101.3344  1.70475100 26409
1 41550U 16030B   20237.24078650  .00000010  00000-0  00000-0 0  9992
2 41550  56.2412 280.0963 0004526 259.8847 100.1324  1.70474984 26457
1 41550U 16030B   20237.24078650  .00000010  00000-0  00000-0 0  9992
2 41550  56.2412 280.0963 0004526 259.8847 100.1324  1.70474984 26479
1 41550U 16030B   20239.00053191  .00000012  00000-0  00000-0 0  9993
2 41550  56.2400 280.0479 0004556 260.2061  99.8096  1.70475011 26501
1 41550U 16030B   20239.58711439  .00000013  00000-0  00000+0 0  9992
2 41550  56.2423 280.0317 0004597 260.0997  99.9167  1.70475072 26493
1 41550U 16030B   20239.58711439  .00000013  00000-0  00000-0 0  9993
2 41550  56.2423 280.0317 0004597 260.0997  99.9167  1.70475072 26516
1 41550U 16030B   20241.34687259  .00000016  00000-0  00000-0 0  9995
2 41550  56.2402 279.9834 0004613 260.3645  99.6570  1.70475027 26544
1 41550U 16030B   20243.69320739  .00000014  00000-0  00000+0 0  9999
2 41550  56.2387 279.9189 0004662 260.9053  99.1192  1.70475101 26562
1 41550U 16030B   20245.45294862  .00000008  00000-0  00000-0 0  9996
2 41550  56.2371 279.8706 0004680 261.3105  98.7103  1.70475138 26615
1 41550U 16030B   20246.03952675  .00000007  00000-0  00000+0 0  9992
2 41550  56.2360 279.8545 0004690 261.6582  98.3602  1.70475166 26607
1 41550U 16030B   20246.62610602  .00000006  00000-0  00000-0 0  9998
2 41550  56.2355 279.8384 0004699 261.8524  98.1634  1.70475162 26631
1 41550U 16030B   20248.38584268  .00000007  00000-0  00000+0 0  9991
2 41550  56.2344 279.7901 0004714 262.0184  97.9890  1.70475102 26642
1 41550U 16030B   20249.55899750  .00000010  00000-0  00000-0 0  9991
2 41550  56.2335 279.7579 0004741 262.2752  97.7271  1.70475176 26682
1 41550U 16030B   20251.90532252  .00000020  00000-0  00000+0 0  9994
2 41550  56.2310 279.6935 0004774 262.9286  97.0691  1.70475091 26703
1 41550U 16030B   20251.90532310  .00000020  00000-0  00000-0 0  9990
2 41550  56.2309 279.6935 0004771 262.8653  97.1325  1.70475075 26724
1 41550U 16030B   20253.66507374  .00000030  00000-0  00000-0 0  9998
2 41550  56.2297 279.6451 0004789 263.4274  96.5725  1.70475064 26756
1 41550U 16030B   20254.83824670  .00000037  00000-0  00000+0 0  9995
2 41550  56.2289 279.6129 0004791 263.6141  96.3891  1.70474983 26758
1 41550U 16030B   20257.18458480  .00000046  00000-0  00000+0 0  9998
2 41550  56.2272 279.5485 0004815 264.1837  95.8249  1.70474983 26794
1 41550U 16030B   20257.18458573  .00000046  00000-0  00000-0 0  9992
2 41550  56.2272 279.5485 0004830 264.4167  95.5917  1.70474943 26818
1 41550U 16030B   20257.18459345  .00000046  00000-0  00000-0 0  9990
2 41550  56.2272 279.5485 0004795 263.9321  96.0767  1.70474771 26812
1 41550U 16030B   20258.35774997  .00000046  00000-0  00000-0 0  9993
2 41550  56.2263 279.5162 0004848 264.7560  95.2518  1.70474927 26837
1 41550U 16030B   20260.11748964  .00000038  00000-0  00000-0 0  9996
2 41550  56.2251 279.4678 0004862 265.2178  94.7827  1.70474819 26862
1 41550U 16030B   20261.29064125  .00000030  00000-0  00000-0 0  9998
2 41550  56.2243 279.4355 0004879 265.6038  94.3882  1.70474808 26889
1 41550U 16030B   20264.22352319  .00000014  00000-0  00000+0 0  9990
2 41550  56.2222 279.3547 0004895 266.6849  93.2860  1.70474776 26919
1 41550U 16030B   20264.22352368  .00000014  00000-0  00000-0 0  9995
2 41550  56.2222 279.3548 0004893 266.5273  93.4437  1.70474772 26938
1 41550U 16030B   20265.98326691  .00000013  00000-0  00000-0 0  9998
2 41550  56.2210 279.3064 0004904 267.1053  92.8614  1.70474775 26960
1 41550U 16030B   20266.56984624  .00000014  00000-0  00000+0 0  9999
2 41550  56.2206 279.2902 0004914 267.3807  92.5862  1.70474906 26952
1 41550U 16030B   20267.15643624  .00000015  00000-0  00000-0 0  9999
2 41550  56.2202 279.2741 0004912 267.4862  92.4816  1.70474764 26982
1 41550U 16030B   20273.02226964  .00000002  00000-0  00000-0 0  9992
2 41550  56.2158 279.1130 0004931 269.1111  90.8555  1.70474847 27086
1 41550U 16030B   20273.02226988  .00000002  00000-0  00000+0 0  9997
2 41550  56.2158 279.1130 0004933 269.1727  90.7938  1.70474836 27061
1 41550U 16030B   20274.19542844 -.00000002  00000-0  00000-0 0  9990
2 41550  56.2150 279.0808 0004925 269.3955  90.5654  1.70474836 27108
1 41550U 16030B   20274.78201060 -.00000002  00000-0  00000-0 0  9997
2 41550  56.2146 279.0648 0004922 269.4590  90.4989  1.70474739 27111
1 41550U 16030B   20277.12832352  .00000000  00000-0  00000+0 0  9998
2 41550  56.2129 279.0005 0004927 269.8569  90.0903  1.70474860 27133
1 41550U 16030B   20278.30148339  .00000005  00000-0  00000-0 0  9990
2 41550  56.2121 278.9683 0004929 270.1127  89.8315  1.70474923 27179
1 41550U 16030B   20278.30148403  .00000005  00000-0  00000-0 0  9992
2 41550  56.2121 278.9683 0004932 270.2809  89.6633  1.70474908 27175
1 41550U 16030B   20278.88806775  .00000007  00000-0  00000-0 0  9990
2 41550  56.2117 278.9522 0004930 270.4777  89.4659  1.70474867 27187
1 41550U 16030B   20280.06123623  .00000013  00000-0  00000+0 0  9993
2 41550  56.2107 278.9200 0004934 270.7562  89.1879  1.70474834 27183
1 41550U 16030B   20281.23440731  .00000019  00000-0  00000-0 0  9992
2 41550  56.2099 278.8878 0004922 271.3874  88.5593  1.70474815 27223
1 41550U 16030B   20281.23440784  .00000019  00000-0  00000-0 0  9990
2 41550  56.2099 278.8878 0004926 271.1849  88.7618  1.70474805 27226
1 41550U 16030B   20285.34050953  .00000030  00000-0  00000+0 0  9993
2 41550  56.2067 278.7751 0004920 272.7099  87.2459  1.70474665 27274
1 41550U 16030B   20286.51367451  .00000026  00000-0  00000-0 0  9993
2 41550  56.2058 278.7429 0004924 273.0574  86.8958  1.70474587 27319
1 41550U 16030B   20287.10025587  .00000023  00000-0  00000-0 0  9997
2 41550  56.2052 278.7268 0004922 273.0771  86.8736  1.70474533 27327
1 41550U 16030B   20288.27340931  .00000015  00000-0  00000+0 0  9999
2 41550  56.2044 278.6945 0004920 273.5265  86.4171  1.70474581 27322
1 41550U 16030B   20288.27340931  .00000015  00000-0  00000-0 0  9990
2 41550  56.2044 278.6945 0004920 273.5265  86.4171  1.70474581 27322
1 41550U 16030B   20288.85998671  .00000011  00000-0  00000-0 0  9990
2 41550  56.2040 278.6784 0004915 273.9405  85.9988  1.70474554 27356
1 41550U 16030B   20290.03314397  .00000002  00000-0  00000-0 0  9990
2 41550  56.2032 278.6462 0004907 274.4223  85.5085  1.70474446 27371
1 41550U 16030B   20291.20629847 -.00000004  00000-0  00000+0 0  9991
2 41550  56.2023 278.6140 0004896 274.9450  84.9789  1.70474509 27372
1 41550U 16030B   20291.20629847 -.00000004  00000-0  00000-0 0  9992
2 41550  56.2023 278.6140 0004896 274.9450  84.9789  1.70474509 27372
1 41550U 16030B   20294.72580293 -.00000007  00000-0  00000+0 0  9995
2 41550  56.1997 278.5173 0004872 276.2029  83.7199  1.70474501 27438
1 41550U 16030B   20294.72580293 -.00000007  00000-0  00000-0 0  9996
2 41550  56.1997 278.5173 0004872 276.2029  83.7199  1.70474501 27438
1 41550U 16030B   20294.72580436 -.00000007  00000-0  00000-0 0  9995
2 41550  56.1997 278.5173 0004872 276.2601  83.6627  1.70474462 27435
1 41550U 16030B   20294.72580436 -.00000007  00000-0  00000-0 0  9995
2 41550  56.1997 278.5173 0004872 276.2601  83.6627  1.70474462 27457
1 41550U 16030B   20297.07215152 -.00000009  00000-0  00000+0 0  9997
2 41550  56.1980 278.4529 0004859 277.0866  82.8430  1.70474543 27475
1 41550U 16030B   20298.24532146 -.00000014  00000-0  00000-0 0  9999
2 41550  56.1970 278.4207 0004850 277.4891  82.4416  1.70474580 27516
1 41550U 16030B   20299.41848738 -.00000020  00000-0  00000+0 0  9992
2 41550  56.1961 278.3885 0004842 277.7534  82.1760  1.70474602 27519
1 41550U 16030B   20301.17823276 -.00000027  00000-0  00000-0 0  9997
2 41550  56.1948 278.3402 0004804 278.5259  81.3982  1.70474612 27541
1 41550U 16030B   20301.17823276 -.00000027  00000-0  00000-0 0  9997
2 41550  56.1948 278.3402 0004804 278.5259  81.3982  1.70474612 27563
1 41550U 16030B   20303.52455678 -.00000029  00000-0  00000-0 0  9997
2 41550  56.1931 278.2760 0004766 279.2310  80.6846  1.70474622 27601
1 41550U 16030B   20304.11113612 -.00000027  00000-0  00000-0 0  9990
2 41550  56.1926 278.2599 0004772 279.1102  80.8038  1.70474678 27594
1 41550U 16030B   20307.63064931 -.00000013  00000-0  00000-0 0  9994
2 41550  56.1899 278.1636 0004720 280.5636  79.3530  1.70474554 27677
1 41550U 16030B   20308.21723680 -.00000010  00000-0  00000+0 0  9998
2 41550  56.1895 278.1475 0004712 280.8788  79.0400  1.70474565 27660
1 41550U 16030B   20308.80382490 -.00000007  00000-0  00000-0 0  9990
2 41550  56.1891 278.1314 0004704 281.0322  78.8893  1.70474568 27695
1 41550U 16030B   20309.97700366 -.00000002  00000-0  00000-0 0  9990
2 41550  56.1885 278.0992 0004687 281.6688  78.2586  1.70474523 27717
1 41550U 16030B   20311.15018179  .00000002  00000-0  00000+0 0  9995
2 41550  56.1876 278.0671 0004671 282.2177  77.7151  1.70474477 27714
1 41550U 16030B   20315.25627148 -.00000008  00000+0  00000+0 0  9998
2 41550  56.1846 277.9545 0004649 283.4071  76.5244  1.70474368 27809
1 41550U 16030B   20315.84285162 -.00000012  00000+0  00000+0 0  9994
2 41550  56.1841 277.9384 0004643 283.7246  76.2040  1.70474347 27815
1 41550U 16030B   20317.01600657 -.00000021  00000+0  00000+0 0  9995
2 41550  56.1832 277.9062 0004620 284.4162  75.5061  1.70474454 27834
1 41550U 16030B   20318.18917282 -.00000028  00000-0  00000-0 0  9998
2 41550  56.1822 277.8740 0004588 285.3919  74.5254  1.70474309 27852
1 41550U 16030B   20321.12209835 -.00000031  00000-0  00000+0 0  9997
2 41550  56.1799 277.7935 0004540 286.6755  73.2428  1.70474317 27881
1 41550U 16030B   20321.12209835 -.00000031  00000-0  00000-0 0  9998
2 41550  56.1799 277.7935 0004540 286.6755  73.2428  1.70474317 27904
1 41550U 16030B   20322.29527878 -.00000030  00000-0  00000-0 0  9996
2 41550  56.1790 277.7613 0004521 287.2537  72.6701  1.70474284 27924
1 41550U 16030B   20324.05504883 -.00000031  00000-0  00000+0 0  9993
2 41550  56.1775 277.7131 0004488 288.0982  71.8345  1.70474297 27937
1 41550U 16030B   20325.22822246 -.00000035  00000-0  00000-0 0  9994
2 41550  56.1765 277.6809 0004471 288.5725  71.3642  1.70474399 27971
1 41550U 16030B   20325.81481052 -.00000038  00000-0  00000-0 0  9998
2 41550  56.1761 277.6648 0004465 288.7418  71.1960  1.70474368 27980
1 41550U 16030B   20328.16114847 -.00000048  00000-0  00000+0 0  9994
2 41550  56.1741 277.6005 0004410 289.7996  70.1374  1.70474414 28001
1 41550U 16030B   20328.16114847 -.00000048  00000-0  00000-0 0  9995
2 41550  56.1741 277.6005 0004410 289.7996  70.1374  1.70474414 28023
1 41550U 16030B   20329.92090038 -.00000050  00000-0  00000-0 0  9998
2 41550  56.1727 277.5523 0004363 290.6158  69.3180  1.70474363 28050
1 41550U 16030B   20330.50748136 -.00000049  00000-0  00000+0 0  9990
2 41550  56.1723 277.5363 0004348 290.8190  69.1140  1.70474443 28041
1 41550U 16030B   20330.50748136 -.00000049  00000-0  00000-0 0  9991
2 41550  56.1723 277.5363 0004348 290.8190  69.1140  1.70474443 28063
1 41550U 16030B   20332.26723417 -.00000044  00000-0  00000-0 0  9996
2 41550  56.1709 277.4881 0004311 291.5743  68.3586  1.70474497 28090
1 41550U 16030B   20332.85382238 -.00000041  00000-0  00000+0 0  9999
2 41550  56.1704 277.4721 0004298 291.8621  68.0717  1.70474449 28089
1 41550U 16030B   20333.44040993 -.00000038  00000-0  00000-0 0  9991
2 41550  56.1699 277.4560 0004287 292.1383  67.7972  1.70474443 28117
1 41550U 16030B   20335.20017734 -.00000028  00000-0  00000+0 0  9992
2 41550  56.1684 277.4079 0004248 293.0690  66.8747  1.70474438 28129
1 41550U 16030B   20335.78676770 -.00000025  00000-0  00000-0 0  9994
2 41550  56.1679 277.3918 0004232 293.3791  66.5683  1.70474441 28155
1 41550U 16030B   20339.89290356 -.00000008  00000-0  00000+0 0  9992
2 41550  56.1643 277.2792 0004166 294.9343  65.0372  1.70474262 28207
1 41550U 16030B   20339.89290356 -.00000008  00000-0  00000-0 0  9993
2 41550  56.1643 277.2792 0004166 294.9343  65.0372  1.70474262 28229
1 41550U 16030B   20340.47948971 -.00000008  00000-0  00000-0 0  9992
2 41550  56.1637 277.2632 0004159 295.1904  64.7825  1.70474272 28234
1 41550U 16030B   20341.06607303 -.00000010  00000-0  00000-0 0  9992
2 41550  56.1633 277.2471 0004152 295.4635  64.5099  1.70474331 28224
1 41550U 16030B   20341.06607303 -.00000010  00000-0  00000-0 0  9992
2 41550  56.1633 277.2471 0004152 295.4635  64.5099  1.70474331 28246
1 41550U 16030B   20342.23924132 -.00000015  00000-0  00000-0 0  9999
2 41550  56.1624 277.2149 0004136 296.0600  63.9120  1.70474285 28267
1 41550U 16030B   20343.99898842 -.00000025  00000-0  00000+0 0  9991
2 41550  56.1609 277.1666 0004109 297.0349  62.9311  1.70474199 28270
1 41550U 16030B   20343.99898842 -.00000025  00000-0  00000-0 0  9992
2 41550  56.1609 277.1666 0004109 297.0349  62.9311  1.70474199 28292
1 41550U 16030B   20347.51849259 -.00000035  00000-0  00000+0 0  9992
2 41550  56.1580 277.0699 0004041 298.8803  61.0825  1.70474213 28336
1 41550U 16030B   20347.51849259 -.00000035  00000-0  00000-0 0  9993
2 41550  56.1580 277.0699 0004041 298.8803  61.0825  1.70474213 28358
1 41550U 16030B   20349.27826208 -.00000032  00000-0  00000-0 0  9994
2 41550  56.1566 277.0216 0004007 299.6764  60.2952  1.70474237 28385
1 41550U 16030B   20349.86485306 -.00000031  00000-0  00000+0 0  9997
2 41550  56.1561 277.0055 0003989 299.9585  60.0170  1.70474255 28372
1 41550U 16030B   20349.86485306 -.00000031  00000-0  00000-0 0  9998
2 41550  56.1561 277.0055 0003989 299.9585  60.0170  1.70474255 28394
1 41550U 16030B   20351.03803496 -.00000030  00000-0  00000-0 0  9993
2 41550  56.1551 276.9733 0003976 300.3755  59.6072  1.70474273 28414
1 41550U 16030B   20352.21121526 -.00000033  00000-0  00000+0 0  9993
2 41550  56.1541 276.9411 0003949 300.9778  59.0109  1.70474290 28411
1 41550U 16030B   20352.21121526 -.00000033  00000-0  00000-0 0  9994
2 41550  56.1541 276.9411 0003949 300.9778  59.0109  1.70474290 28433
1 41550U 16030B   20355.14414783 -.00000043  00000-0  00000-0 0  9990
2 41550  56.1516 276.8606 0003878 302.5208  57.4722  1.70474340 28481
1 41550U 16030B   20356.31731504 -.00000045  00000-0  00000-0 0  9995
2 41550  56.1505 276.8285 0003845 303.1130  56.8789  1.70474379 28508
1 41550U 16030B   20357.49048278 -.00000044  00000-0  00000+0 0  9992
2 41550  56.1496 276.7963 0003807 303.7402  56.2506  1.70474410 28502
1 41550U 16030B   20358.07706730 -.00000043  00000-0  00000-0 0  9991
2 41550  56.1491 276.7802 0003791 304.0424  55.9482  1.70474412 28533
1 41550U 16030B   20359.25023725 -.00000038  00000-0  00000-0 0  9992
2 41550  56.1481 276.7480 0003759 304.5921  55.3993  1.70474459 28559
1 41550U 16030B   20359.83682403 -.00000035  00000-0  00000+0 0  9996
2 41550  56.1476 276.7319 0003747 304.8365  55.1560  1.70474457 28541
1 41550U 16030B   20359.83682403 -.00000035  00000-0  00000-0 0  9997
2 41550  56.1476 276.7319 0003747 304.8365  55.1560  1.70474457 28563
1 41550U 16030B   20361.00999974 -.00000027  00000-0  00000-0 0  9994
2 41550  56.1467 276.6998 0003723 305.4045  54.5919  1.70474467 28585
1 41550U 16030B   20362.18317961 -.00000019  00000-0  00000+0 0  9994
2 41550  56.1457 276.6677 0003699 306.0154  53.9872  1.70474451 28582
1 41550U 16030B   20362.18317961 -.00000019  00000-0  00000-0 0  9995
2 41550  56.1457 276.6677 0003699 306.0154  53.9872  1.70474451 28605
1 41550U 16030B   20363.94295257 -.00000007  00000-0  00000-0 0  9990
2 41550  56.1440 276.6194 0003652 307.1316  52.8832  1.70474457 28635
1 41550U 16030B   20366.28931800  .00000006  00000-0  00000+0 0  9998
2 41550  56.1418 276.5550 0003598 308.5038  51.5266  1.70474369 28651
1 41550U 16030B   20366.28931800  .00000006  00000-0  00000-0 0  9999
2 41550  56.1418 276.5550 0003598 308.5038  51.5266  1.70474369 28673

