1 40105U 14045A   20091.01702648  .00000008  00000-0  00000+0 0  9991
2 40105  54.5834 179.0815 0014059 105.3586 254.8404  2.00552945 41452
1 40105U 14045A   20093.51003766  .00000000  00000-0  00000+0 0  9995
2 40105  54.5835 178.9819 0013978 105.4459 254.7473  2.00553051 41504
1 40105U 14045A   20094.50724431  .00000002  00000-0  00000-0 0  9997
2 40105  54.5836 178.9420 0013951 105.4672 254.7257  2.00553114 40667
1 40105U 14045A   20095.50445365  .00000007  00000-0  00000-0 0  9999
2 40105  54.5836 178.9022 0013942 105.4715 254.7234  2.00553189 40682
1 40105U 14045A   20096.00305900  .00000010  00000-0  00000+0 0  9998
2 40105  54.5836 178.8823 0013915 105.5095 254.6869  2.00553240 41550
1 40105U 14045A   20097.49887837  .00000021  00000-0  00000-0 0  9999
2 40105  54.5837 178.8225 0013884 105.5525 254.6511  2.00553309 40728
1 40105U 14045A   20097.99748481  .00000025  00000-0  00000-0 0  9999
2 40105  54.5837 178.8026 0013847 105.5869 254.6192  2.00553376 40737
1 40105U 14045A   20101.48771594  .00000019  00000-0  00000+0 0  9992
2 40105  54.5837 178.6631 0013770 105.6701 254.5457  2.00553626 41662
1 40105U 14045A   20102.48491747  .00000006  00000-0  00000-0 0  9999
2 40105  54.5837 178.6233 0013754 105.6839 254.5302  2.00553719 40823
1 40105U 14045A   20103.98071598 -.00000014  00000-0  00000+0 0  9992
2 40105  54.5837 178.5635 0013725 105.7461 254.4631  2.00553895 41716
1 40105U 14045A   20105.97511478 -.00000030  00000-0  00000-0 0  9998
2 40105  54.5838 178.4838 0013709 105.7848 254.4193  2.00554038 40893
1 40105U 14045A   20107.47091809 -.00000027  00000-0  00000+0 0  9991
2 40105  54.5840 178.4241 0013633 105.8686 254.3352  2.00554177 41780
1 40105U 14045A   20108.96672660 -.00000011  00000-0  00000-0 0  9990
2 40105  54.5841 178.3645 0013554 105.9256 254.2820  2.00554307 40956
1 40105U 14045A   20111.45974728  .00000025  00000-0  00000-0 0  9992
2 40105  54.5844 178.2649 0013522 105.9594 254.2615  2.00554537 41006
1 40105U 14045A   20111.45974728  .00000025  00000-0  00000-0 0  9992
2 40105  54.5844 178.2649 0013522 105.9594 254.2615  2.00554537 41860
1 40105U 14045A   20112.95555825  .00000041  00000-0  00000-0 0  9999
2 40105  54.5844 178.2052 0013502 105.9626 254.2662  2.00554666 41047
1 40105U 14045A   20114.45136501  .00000049  00000-0  00000+0 0  9999
2 40105  54.5845 178.1454 0013479 105.9851 254.2491  2.00554726 41920
1 40105U 14045A   20116.44576332  .00000048  00000-0  00000-0 0  9990
2 40105  54.5847 178.0656 0013406 106.0493 254.1855  2.00554850 41100
1 40105U 14045A   20116.94436177  .00000047  00000-0  00000+0 0  9995
2 40105  54.5847 178.0458 0013403 106.0142 254.2198  2.00554906 41976
1 40105U 14045A   20121.43173190  .00000039  00000-0  00000+0 0  9999
2 40105  54.5851 177.8665 0013289 105.9988 254.2207  2.00555127 42064
1 40105U 14045A   20121.43173190  .00000039  00000-0  00000-0 0  9990
2 40105  54.5851 177.8665 0013289 105.9988 254.2207  2.00555127 41209
1 40105U 14045A   20122.42892835  .00000043  00000-0  00000-0 0  9999
2 40105  54.5852 177.8267 0013320 106.0178 254.2020  2.00555207 41221
1 40105U 14045A   20123.42612715  .00000050  00000-0  00000-0 0  9995
2 40105  54.5853 177.7869 0013301 106.0349 254.1865  2.00555278 41244
1 40105U 14045A   20123.42612724  .00000050  00000-0  00000-0 0  9995
2 40105  54.5852 177.7869 0013301 106.0305 254.1910  2.00555248 41243
1 40105U 14045A   20123.92472736  .00000054  00000-0  00000-0 0  9991
2 40105  54.5853 177.7670 0013297 106.0145 254.2085  2.00555299 42117
1 40105U 14045A   20124.42332767  .00000058  00000-0  00000-0 0  9990
2 40105  54.5854 177.7470 0013281 106.0510 254.1736  2.00555349 41268
1 40105U 14045A   20125.42052878  .00000066  00000-0  00000-0 0  9992
2 40105  54.5855 177.7072 0013263 106.0358 254.1927  2.00555400 41289
1 40105U 14045A   20125.91912897  .00000068  00000-0  00000-0 0  9994
2 40105  54.5855 177.6873 0013252 106.0407 254.1895  2.00555435 41293
1 40105U 14045A   20126.41772858  .00000070  00000-0  00000-0 0  9994
2 40105  54.5856 177.6674 0013239 106.0551 254.1765  2.00555505 41304
1 40105U 14045A   20126.41772864  .00000070  00000-0  00000-0 0  9991
2 40105  54.5856 177.6674 0013243 106.0632 254.1684  2.00555500 41304
1 40105U 14045A   20126.41772872  .00000070  00000-0  00000+0 0  9999
2 40105  54.5856 177.6674 0013246 106.0359 254.1958  2.00555476 42164
1 40105U 14045A   20127.91352333  .00000067  00000-0  00000-0 0  9998
2 40105  54.5857 177.6077 0013221 106.0639 254.1693  2.00555586 41332
1 40105U 14045A   20131.40368345  .00000025  00000-0  00000+0 0  9990
2 40105  54.5860 177.4682 0013165 106.0683 254.1514  2.00555902 42269
1 40105U 14045A   20132.40086956  .00000015  00000-0  00000-0 0  9996
2 40105  54.5861 177.4284 0013145 106.0951 254.1196  2.00555990 41424
1 40105U 14045A   20132.89946274  .00000012  00000-0  00000-0 0  9994
2 40105  54.5862 177.4085 0013115 106.1036 254.1087  2.00556084 41431
1 40105U 14045A   20134.39524640  .00000012  00000-0  00000+0 0  9999
2 40105  54.5864 177.3487 0013112 106.1207 254.0884  2.00556187 42322
1 40105U 14045A   20135.39243819  .00000020  00000-0  00000-0 0  9996
2 40105  54.5866 177.3089 0013053 106.1205 254.0882  2.00556324 41481
1 40105U 14045A   20136.38963233  .00000032  00000-0  00000-0 0  9998
2 40105  54.5868 177.2691 0013083 106.1218 254.0892  2.00556398 41503
1 40105U 14045A   20136.88822977  .00000039  00000-0  00000+0 0  9998
2 40105  54.5868 177.2492 0013069 106.1244 254.0880  2.00556423 42377
1 40105U 14045A   20137.38682784  .00000046  00000-0  00000-0 0  9993
2 40105  54.5869 177.2293 0013070 106.1198 254.0944  2.00556487 41524
1 40105U 14045A   20138.38402383  .00000061  00000-0  00000-0 0  9996
2 40105  54.5870 177.1895 0013060 106.1044 254.1136  2.00556565 41545
1 40105U 14045A   20141.37560572  .00000087  00000-0  00000+0 0  9991
2 40105  54.5874 177.0700 0013025 106.0846 254.1421  2.00556753 42461
1 40105U 14045A   20141.87420066  .00000088  00000-0  00000-0 0  9991
2 40105  54.5875 177.0501 0013007 106.0712 254.1556  2.00556811 41613
1 40105U 14045A   20143.86857394  .00000085  00000-0  00000-0 0  9997
2 40105  54.5878 176.9705 0012977 106.0351 254.1885  2.00556915 41658
1 40105U 14045A   20143.86857394  .00000085  00000-0  00000-0 0  9997
2 40105  54.5878 176.9705 0012977 106.0351 254.1885  2.00556915 42514
1 40105U 14045A   20148.85448050  .00000075  00000-0  00000+0 0  9994
2 40105  54.5888 176.7715 0012954 105.9283 254.2724  2.00557193 42614
1 40105U 14045A   20149.35307260  .00000077  00000-0  00000-0 0  9990
2 40105  54.5888 176.7516 0012957 105.9074 254.2924  2.00557205 41765
1 40105U 14045A   20150.35025832  .00000082  00000-0  00000-0 0  9990
2 40105  54.5890 176.7117 0012961 105.9131 254.2862  2.00557273 41782
1 40105U 14045A   20150.35025834  .00000082  00000-0  00000-0 0  9992
2 40105  54.5890 176.7117 0012956 105.9312 254.2681  2.00557258 41789
1 40105U 14045A   20151.34744622  .00000090  00000-0  00000+0 0  9993
2 40105  54.5892 176.6719 0012949 105.9227 254.2778  2.00557322 42662
1 40105U 14045A   20151.34744624  .00000090  00000-0  00000-0 0  9996
2 40105  54.5892 176.6719 0012956 105.9101 254.2904  2.00557338 41804
1 40105U 14045A   20153.34182347  .00000102  00000-0  00000-0 0  9990
2 40105  54.5895 176.5922 0012930 105.8600 254.3447  2.00557460 41840
1 40105U 14045A   20153.34182347  .00000102  00000-0  00000-0 0  9990
2 40105  54.5895 176.5922 0012930 105.8600 254.3447  2.00557460 42706
1 40105U 14045A   20154.33900963  .00000102  00000-0  00000-0 0  9992
2 40105  54.5897 176.5524 0012922 105.8394 254.3660  2.00557536 41864
1 40105U 14045A   20155.33619257  .00000097  00000-0  00000-0 0  9999
2 40105  54.5898 176.5126 0012917 105.8095 254.3946  2.00557618 41885
1 40105U 14045A   20156.33337191  .00000087  00000-0  00000+0 0  9992
2 40105  54.5900 176.4728 0012915 105.7895 254.4109  2.00557702 42765
1 40105U 14045A   20157.33054828  .00000072  00000-0  00000-0 0  9991
2 40105  54.5900 176.4330 0012920 105.7353 254.4596  2.00557802 41927
1 40105U 14045A   20158.32772272  .00000058  00000-0  00000-0 0  9995
2 40105  54.5902 176.3931 0012920 105.7234 254.4649  2.00557891 41942
1 40105U 14045A   20158.32772272  .00000058  00000-0  00000-0 0  9995
2 40105  54.5902 176.3931 0012920 105.7234 254.4649  2.00557891 42808
1 40105U 14045A   20159.32489687  .00000045  00000-0  00000-0 0  9997
2 40105  54.5904 176.3533 0012924 105.7125 254.4694  2.00557992 41969
1 40105U 14045A   20159.32489687  .00000045  00000-0  00000-0 0  9997
2 40105  54.5904 176.3533 0012924 105.7125 254.4694  2.00557992 42825
1 40105U 14045A   20161.31924915  .00000035  00000-0  00000-0 0  9996
2 40105  54.5907 176.2737 0012939 105.7305 254.4422  2.00558199 42008
1 40105U 14045A   20161.31924915  .00000035  00000-0  00000-0 0  9996
2 40105  54.5907 176.2737 0012939 105.7305 254.4422  2.00558199 42862
1 40105U 14045A   20162.31642881  .00000039  00000-0  00000-0 0  9990
2 40105  54.5909 176.2339 0012937 105.7261 254.4450  2.00558295 42027
1 40105U 14045A   20163.31361052  .00000049  00000-0  00000-0 0  9990
2 40105  54.5911 176.1941 0012929 105.6841 254.4871  2.00558390 42047
1 40105U 14045A   20164.31079386  .00000062  00000-0  00000+0 0  9991
2 40105  54.5911 176.1542 0012916 105.6644 254.5084  2.00558459 42921
1 40105U 14045A   20164.31079398  .00000062  00000-0  00000-0 0  9995
2 40105  54.5911 176.1542 0012921 105.6369 254.5359  2.00558473 42067
1 40105U 14045A   20165.30797843  .00000075  00000-0  00000-0 0  9991
2 40105  54.5912 176.1144 0012920 105.5944 254.5811  2.00558559 42948
1 40105U 14045A   20167.30234661  .00000095  00000-0  00000-0 0  9999
2 40105  54.5915 176.0348 0012935 105.5329 254.6480  2.00558712 42123
1 40105U 14045A   20168.29952813  .00000100  00000-0  00000+0 0  9990
2 40105  54.5916 175.9950 0012940 105.5102 254.6721  2.00558777 43003
1 40105U 14045A   20169.29670713  .00000101  00000-0  00000-0 0  9999
2 40105  54.5917 175.9552 0012934 105.4869 254.6953  2.00558821 42167
1 40105U 14045A   20170.29388360  .00000099  00000-0  00000-0 0  9991
2 40105  54.5918 175.9154 0012933 105.4240 254.7564  2.00558880 42184
1 40105U 14045A   20171.29105727  .00000095  00000-0  00000+0 0  9991
2 40105  54.5920 175.8756 0012935 105.3699 254.8070  2.00558942 43063
1 40105U 14045A   20172.28822839  .00000090  00000-0  00000-0 0  9997
2 40105  54.5923 175.8359 0012929 105.3668 254.8051  2.00559010 42227
1 40105U 14045A   20172.28822877  .00000090  00000-0  00000-0 0  9999
2 40105  54.5923 175.8358 0012935 105.3135 254.8585  2.00558987 42226
1 40105U 14045A   20173.28539842  .00000085  00000-0  00000-0 0  9991
2 40105  54.5924 175.7961 0012942 105.3360 254.8302  2.00559049 42243
1 40105U 14045A   20173.78398299  .00000083  00000-0  00000+0 0  9992
2 40105  54.5925 175.7761 0012939 105.3815 254.7817  2.00559064 43117
1 40105U 14045A   20173.78398299  .00000083  00000-0  00000-0 0  9993
2 40105  54.5925 175.7761 0012939 105.3815 254.7817  2.00559064 42251
1 40105U 14045A   20174.28256792  .00000081  00000-0  00000-0 0  9998
2 40105  54.5926 175.7563 0012954 105.3382 254.8222  2.00559102 42263
1 40105U 14045A   20175.27973821  .00000079  00000-0  00000-0 0  9994
2 40105  54.5927 175.7164 0012970 105.3091 254.8463  2.00559157 42285
1 40105U 14045A   20176.27691044  .00000080  00000-0  00000-0 0  9991
2 40105  54.5929 175.6766 0012983 105.2482 254.9039  2.00559212 42306
1 40105U 14045A   20176.27691053  .00000080  00000-0  00000+0 0  9990
2 40105  54.5929 175.6766 0012978 105.2323 254.9197  2.00559206 43167
1 40105U 14045A   20176.77549729  .00000082  00000-0  00000-0 0  9990
2 40105  54.5929 175.6567 0012983 105.2657 254.8853  2.00559256 42311
1 40105U 14045A   20178.27126187  .00000090  00000-0  00000-0 0  9995
2 40105  54.5932 175.5970 0012996 105.2282 254.9228  2.00559336 42349
1 40105U 14045A   20179.26844038  .00000096  00000-0  00000+0 0  9992
2 40105  54.5933 175.5571 0013000 105.1497 255.0031  2.00559395 43228
1 40105U 14045A   20179.26844052  .00000096  00000-0  00000-0 0  9999
2 40105  54.5931 175.5571 0013009 104.9929 255.1601  2.00559401 42368
1 40105U 14045A   20180.26561917  .00000101  00000-0  00000-0 0  9994
2 40105  54.5933 175.5173 0013021 104.8808 255.2744  2.00559473 42387
1 40105U 14045A   20182.25997015  .00000097  00000-0  00000+0 0  9990
2 40105  54.5935 175.4377 0013029 104.9790 255.1767  2.00559604 43283
1 40105U 14045A   20182.75855589  .00000093  00000-0  00000-0 0  9991
2 40105  54.5936 175.4177 0013035 104.9666 255.1879  2.00559644 42435
1 40105U 14045A   20182.75855589  .00000093  00000-0  00000-0 0  9991
2 40105  54.5936 175.4177 0013035 104.9666 255.1879  2.00559644 43290
1 40105U 14045A   20183.75572497  .00000080  00000-0  00000-0 0  9992
2 40105  54.5937 175.3780 0013061 104.8970 255.2538  2.00559748 42451
1 40105U 14045A   20184.25430833  .00000072  00000-0  00000-0 0  9996
2 40105  54.5937 175.3580 0013069 104.8728 255.2753  2.00559789 42463
1 40105U 14045A   20184.75289108  .00000064  00000-0  00000-0 0  9999
2 40105  54.5938 175.3381 0013080 104.8555 255.2896  2.00559838 42478
1 40105U 14045A   20185.25147336  .00000056  00000-0  00000+0 0  9991
2 40105  54.5938 175.3182 0013080 104.8394 255.3025  2.00559872 43348
1 40105U 14045A   20186.24863779  .00000041  00000-0  00000-0 0  9992
2 40105  54.5939 175.2784 0013107 104.8023 255.3331  2.00559976 42507
1 40105U 14045A   20187.24580255  .00000029  00000-0  00000-0 0  9994
2 40105  54.5940 175.2386 0013108 104.8213 255.3083  2.00560050 42520
1 40105U 14045A   20187.24580255  .00000029  00000-0  00000-0 0  9994
2 40105  54.5940 175.2386 0013108 104.8213 255.3083  2.00560050 43385
1 40105U 14045A   20189.24013873  .00000024  00000-0  00000-0 0  9998
2 40105  54.5942 175.1590 0013132 104.7662 255.3573  2.00560265 42568
1 40105U 14045A   20189.24013881  .00000024  00000-0  00000-0 0  9997
2 40105  54.5942 175.1590 0013139 104.7534 255.3701  2.00560270 42562
1 40105U 14045A   20190.23731047  .00000031  00000-0  00000+0 0  9996
2 40105  54.5943 175.1192 0013149 104.7456 255.3780  2.00560370 43441
1 40105U 14045A   20191.23448465  .00000041  00000-0  00000-0 0  9998
2 40105  54.5945 175.0794 0013171 104.6762 255.4494  2.00560459 43467
1 40105U 14045A   20191.73307167  .00000047  00000-0  00000-0 0  9992
2 40105  54.5945 175.0595 0013159 104.6938 255.4330  2.00560482 42618
1 40105U 14045A   20192.23165980  .00000053  00000-0  00000-0 0  9990
2 40105  54.5945 175.0396 0013198 104.6428 255.4861  2.00560552 42622
1 40105U 14045A   20193.22883552  .00000065  00000-0  00000-0 0  9995
2 40105  54.5945 174.9998 0013226 104.5832 255.5493  2.00560631 42640
1 40105U 14045A   20194.22600990  .00000073  00000-0  00000-0 0  9998
2 40105  54.5945 174.9600 0013224 104.5820 255.5537  2.00560688 42668
1 40105U 14045A   20194.22601014  .00000073  00000-0  00000+0 0  9995
2 40105  54.5945 174.9600 0013234 104.5700 255.5658  2.00560701 43522
1 40105U 14045A   20196.22035438  .00000079  00000-0  00000-0 0  9995
2 40105  54.5946 174.8804 0013258 104.5425 255.5970  2.00560833 42700
1 40105U 14045A   20196.71893903  .00000078  00000-0  00000+0 0  9996
2 40105  54.5946 174.8605 0013268 104.5097 255.6299  2.00560862 43578
1 40105U 14045A   20197.21752301  .00000076  00000-0  00000-0 0  9997
2 40105  54.5947 174.8406 0013276 104.4770 255.6622  2.00560886 42726
1 40105U 14045A   20198.71327108  .00000069  00000-0  00000-0 0  9998
2 40105  54.5948 174.7809 0013302 104.3964 255.7393  2.00560967 42756
1 40105U 14045A   20199.71043380  .00000063  00000-0  00000+0 0  9999
2 40105  54.5949 174.7411 0013326 104.3282 255.8035  2.00561018 43635
1 40105U 14045A   20200.20901443  .00000060  00000-0  00000-0 0  9997
2 40105  54.5949 174.7211 0013336 104.2908 255.8387  2.00561057 42786
1 40105U 14045A   20200.20901468  .00000060  00000-0  00000-0 0  9994
2 40105  54.5949 174.7212 0013341 104.2911 255.8385  2.00561043 42780
1 40105U 14045A   20202.20333767  .00000052  00000-0  00000-0 0  9998
2 40105  54.5951 174.6416 0013397 104.1358 255.9853  2.00561151 43684
1 40105U 14045A   20203.20050117  .00000051  00000-0  00000-0 0  9993
2 40105  54.5952 174.6018 0013435 104.0746 256.0438  2.00561205 42844
1 40105U 14045A   20204.19766694  .00000053  00000-0  00000-0 0  9998
2 40105  54.5952 174.5620 0013466 104.0165 256.1013  2.00561262 42866
1 40105U 14045A   20205.19483508  .00000057  00000-0  00000-0 0  9993
2 40105  54.5953 174.5222 0013487 103.9838 256.1352  2.00561322 43744
1 40105U 14045A   20206.19200502  .00000063  00000-0  00000-0 0  9992
2 40105  54.5953 174.4824 0013506 103.9471 256.1747  2.00561386 42901
1 40105U 14045A   20207.18917589  .00000068  00000-0  00000-0 0  9997
2 40105  54.5954 174.4426 0013531 103.8996 256.2258  2.00561452 42923
1 40105U 14045A   20209.18351288  .00000066  00000-0  00000+0 0  9994
2 40105  54.5954 174.3630 0013575 103.8401 256.2902  2.00561618 43828
1 40105U 14045A   20210.18067702  .00000057  00000-0  00000-0 0  9992
2 40105  54.5954 174.3232 0013610 103.7758 256.3542  2.00561680 42986
1 40105U 14045A   20211.17783770  .00000043  00000-0  00000-0 0  9997
2 40105  54.5954 174.2834 0013648 103.7233 256.4042  2.00561765 43006
1 40105U 14045A   20211.67641695  .00000035  00000-0  00000+0 0  9991
2 40105  54.5954 174.2635 0013666 103.6997 256.4257  2.00561809 43873
1 40105U 14045A   20212.17499574  .00000026  00000-0  00000-0 0  9995
2 40105  54.5954 174.2436 0013687 103.6720 256.4513  2.00561853 43020
1 40105U 14045A   20213.17215254  .00000010  00000-0  00000-0 0  9990
2 40105  54.5954 174.2038 0013727 103.6568 256.4616  2.00561944 43040
1 40105U 14045A   20213.67073025  .00000002  00000-0  00000-0 0  9994
2 40105  54.5955 174.1840 0013724 103.6714 256.4444  2.00562017 43053
1 40105U 14045A   20214.16930887 -.00000004  00000-0  00000+0 0  9999
2 40105  54.5955 174.1640 0013741 103.6528 256.4610  2.00562043 43923
1 40105U 14045A   20215.16646706 -.00000013  00000-0  00000-0 0  9995
2 40105  54.5955 174.1242 0013757 103.6542 256.4565  2.00562142 43080
1 40105U 14045A   20216.16362802 -.00000015  00000-0  00000-0 0  9990
2 40105  54.5956 174.0844 0013786 103.6245 256.4851  2.00562238 43107
1 40105U 14045A   20217.16079137 -.00000010  00000-0  00000-0 0  9992
2 40105  54.5956 174.0447 0013804 103.6028 256.5080  2.00562338 43988
1 40105U 14045A   20218.15795732 -.00000002  00000-0  00000-0 0  9999
2 40105  54.5957 174.0049 0013833 103.5619 256.5522  2.00562429 43144
1 40105U 14045A   20220.15229323  .00000021  00000-0  00000+0 0  9999
2 40105  54.5956 173.9253 0013900 103.4766 256.6475  2.00562600 44044
1 40105U 14045A   20221.14946119  .00000030  00000-0  00000-0 0  9999
2 40105  54.5957 173.8855 0013936 103.4303 256.6994  2.00562679 43207
1 40105U 14045A   20222.14662750  .00000036  00000-0  00000-0 0  9992
2 40105  54.5957 173.8458 0013958 103.4097 256.7247  2.00562755 44084
1 40105U 14045A   20223.14379217  .00000038  00000-0  00000-0 0  9998
2 40105  54.5957 173.8059 0013995 103.3646 256.7734  2.00562817 43248
1 40105U 14045A   20224.14095365  .00000036  00000-0  00000-0 0  9996
2 40105  54.5957 173.7661 0013999 103.3456 256.7942  2.00562862 43262
1 40105U 14045A   20225.13811333  .00000032  00000-0  00000+0 0  9992
2 40105  54.5956 173.7263 0014041 103.2918 256.8487  2.00562937 44146
1 40105U 14045A   20226.13527045  .00000026  00000-0  00000-0 0  9991
2 40105  54.5957 173.6865 0014081 103.2237 256.9159  2.00562991 43306
1 40105U 14045A   20228.12958006  .00000015  00000-0  00000+0 0  9994
2 40105  54.5958 173.6069 0014158 103.1196 257.0155  2.00563095 44205
1 40105U 14045A   20229.12673448  .00000012  00000-0  00000-0 0  9997
2 40105  54.5958 173.5671 0014200 103.0646 257.0684  2.00563148 43362
1 40105U 14045A   20229.62531211  .00000011  00000-0  00000-0 0  9992
2 40105  54.5959 173.5472 0014224 103.0430 257.0892  2.00563175 43371
1 40105U 14045A   20230.12389020  .00000010  00000-0  00000-0 0  9997
2 40105  54.5958 173.5273 0014244 103.0166 257.1153  2.00563200 43388
1 40105U 14045A   20231.12104782  .00000012  00000-0  00000+0 0  9999
2 40105  54.5958 173.4874 0014278 102.9896 257.1429  2.00563255 44263
1 40105U 14045A   20233.61395143  .00000025  00000-0  00000+0 0  9992
2 40105  54.5959 173.3879 0014353 102.9175 257.2246  2.00563411 44310
1 40105U 14045A   20234.11253322  .00000028  00000-0  00000-0 0  9994
2 40105  54.5959 173.3680 0014373 102.9012 257.2437  2.00563444 43465
1 40105U 14045A   20235.10969603  .00000031  00000-0  00000-0 0  9994
2 40105  54.5957 173.3282 0014400 102.8692 257.2811  2.00563514 44347
1 40105U 14045A   20237.60259224  .00000019  00000-0  00000+0 0  9997
2 40105  54.5956 173.2286 0014476 102.8224 257.3346  2.00563686 44392
1 40105U 14045A   20237.60259224  .00000019  00000-0  00000-0 0  9998
2 40105  54.5956 173.2286 0014476 102.8224 257.3346  2.00563686 44392
1 40105U 14045A   20239.59689529 -.00000011  00000-0  00000-0 0  9996
2 40105  54.5955 173.1490 0014584 102.7279 257.4257  2.00563879 43571
1 40105U 14045A   20240.09546971 -.00000020  00000-0  00000-0 0  9996
2 40105  54.5955 173.1291 0014594 102.7146 257.4373  2.00563912 43582
1 40105U 14045A   20240.09546981 -.00000020  00000-0  00000+0 0  9996
2 40105  54.5955 173.1291 0014607 102.7177 257.4343  2.00563925 44448
1 40105U 14045A   20240.09546981 -.00000020  00000-0  00000-0 0  9997
2 40105  54.5955 173.1291 0014607 102.7177 257.4343  2.00563925 44448
1 40105U 14045A   20241.09261876 -.00000034  00000-0  00000-0 0  9990
2 40105  54.5955 173.0893 0014640 102.6889 257.4602  2.00564004 44460
1 40105U 14045A   20241.59119368 -.00000040  00000-0  00000-0 0  9990
2 40105  54.5955 173.0694 0014669 102.7033 257.4447  2.00564075 43613
1 40105U 14045A   20241.59119368 -.00000040  00000-0  00000-0 0  9990
2 40105  54.5955 173.0694 0014669 102.7033 257.4447  2.00564075 44478
1 40105U 14045A   20244.08407686 -.00000045  00000-0  00000+0 0  9994
2 40105  54.5956 172.9700 0014769 102.6444 257.5053  2.00564300 44522
1 40105U 14045A   20245.08123447 -.00000037  00000-0  00000-0 0  9997
2 40105  54.5955 172.9303 0014802 102.6165 257.5375  2.00564397 43687
1 40105U 14045A   20246.07839399 -.00000025  00000-0  00000-0 0  9994
2 40105  54.5955 172.8905 0014842 102.5900 257.5701  2.00564489 44567
1 40105U 14045A   20247.07555436 -.00000013  00000-0  00000-0 0  9999
2 40105  54.5956 172.8507 0014884 102.5653 257.6016  2.00564578 43723
1 40105U 14045A   20248.07271478 -.00000002  00000-0  00000-0 0  9999
2 40105  54.5956 172.8109 0014928 102.5322 257.6419  2.00564653 44602
1 40105U 14045A   20249.06987403  .00000006  00000-0  00000-0 0  9994
2 40105  54.5956 172.7712 0014973 102.5138 257.6670  2.00564733 44626
1 40105U 14045A   20250.06703143  .00000010  00000-0  00000-0 0  9998
2 40105  54.5956 172.7313 0015011 102.4888 257.6976  2.00564801 44645
1 40105U 14045A   20251.06418592  .00000010  00000-0  00000-0 0  9990
2 40105  54.5956 172.6916 0015032 102.4697 257.7206  2.00564868 43801
1 40105U 14045A   20252.06133807  .00000007  00000-0  00000-0 0  9990
2 40105  54.5956 172.6517 0015072 102.4343 257.7585  2.00564930 44687
1 40105U 14045A   20255.55135487 -.00000007  00000-0  00000+0 0  9993
2 40105  54.5956 172.5125 0015220 102.3056 257.8861  2.00565130 44755
1 40105U 14045A   20256.04992827 -.00000008  00000-0  00000-0 0  9999
2 40105  54.5956 172.4926 0015251 102.2726 257.9188  2.00565151 44767
1 40105U 14045A   20257.04707516 -.00000009  00000-0  00000-0 0  9990
2 40105  54.5956 172.4528 0015309 102.2502 257.9411  2.00565211 43924
1 40105U 14045A   20257.04707516 -.00000009  00000-0  00000-0 0  9990
2 40105  54.5956 172.4528 0015309 102.2502 257.9411  2.00565211 44789
1 40105U 14045A   20262.03283570  .00000019  00000-0  00000+0 0  9993
2 40105  54.5958 172.2537 0015464 102.1912 258.0215  2.00565503 44884
1 40105U 14045A   20262.03283581  .00000019  00000-0  00000-0 0  9996
2 40105  54.5958 172.2537 0015479 102.1792 258.0337  2.00565516 44885
1 40105U 14045A   20263.02998867  .00000021  00000-0  00000-0 0  9999
2 40105  54.5958 172.2139 0015498 102.1692 258.0492  2.00565576 44904
1 40105U 14045A   20265.02428548  .00000010  00000-0  00000-0 0  9993
2 40105  54.5957 172.1342 0015592 102.1384 258.0855  2.00565736 44081
1 40105U 14045A   20266.02142833 -.00000003  00000-0  00000+0 0  9996
2 40105  54.5957 172.0943 0015623 102.1299 258.0931  2.00565808 44969
1 40105U 14045A   20268.01570828 -.00000032  00000-0  00000-0 0  9999
2 40105  54.5958 172.0146 0015709 102.1307 258.0873  2.00565989 44145
1 40105U 14045A   20269.01284854 -.00000043  00000-0  00000-0 0  9993
2 40105  54.5958 171.9748 0015745 102.1272 258.0888  2.00566062 45029
1 40105U 14045A   20270.00999081 -.00000047  00000-0  00000-0 0  9993
2 40105  54.5959 171.9350 0015806 102.1393 258.0766  2.00566174 45042
1 40105U 14045A   20272.00428258 -.00000038  00000-0  00000-0 0  9998
2 40105  54.5960 171.8553 0015873 102.1240 258.0975  2.00566357 45082
1 40105U 14045A   20273.00143192 -.00000026  00000-0  00000-0 0  9997
2 40105  54.5961 171.8155 0015913 102.1098 258.1174  2.00566451 45107
1 40105U 14045A   20273.99858220 -.00000012  00000-0  00000-0 0  9995
2 40105  54.5961 171.7757 0015947 102.1057 258.1282  2.00566540 44261
1 40105U 14045A   20274.99573282  .00000001  00000-0  00000-0 0  9995
2 40105  54.5961 171.7359 0015992 102.0973 258.1438  2.00566620 45145
1 40105U 14045A   20275.99288259  .00000012  00000-0  00000-0 0  9995
2 40105  54.5962 171.6961 0016041 102.0898 258.1581  2.00566696 44305
1 40105U 14045A   20276.49145680  .00000015  00000-0  00000-0 0  9994
2 40105  54.5962 171.6762 0016062 102.0908 258.1602  2.00566734 44317
1 40105U 14045A   20276.49145680  .00000015  00000-0  00000-0 0  9994
2 40105  54.5962 171.6762 0016062 102.0908 258.1602  2.00566734 45172
1 40105U 14045A   20277.98717641  .00000021  00000-0  00000-0 0  9998
2 40105  54.5963 171.6165 0016129 102.0752 258.1830  2.00566834 44343
1 40105U 14045A   20277.98717641  .00000021  00000-0  00000-0 0  9998
2 40105  54.5963 171.6165 0016129 102.0752 258.1830  2.00566834 45209
1 40105U 14045A   20279.98145944  .00000018  00000-0  00000-0 0  9997
2 40105  54.5964 171.5369 0016194 102.0376 258.2242  2.00566943 44386
1 40105U 14045A   20280.97859759  .00000015  00000-0  00000+0 0  9990
2 40105  54.5965 171.4971 0016236 102.0198 258.2416  2.00567001 45261
1 40105U 14045A   20280.97859759  .00000015  00000-0  00000-0 0  9991
2 40105  54.5965 171.4971 0016241 102.0275 258.2340  2.00567009 45267
1 40105U 14045A   20281.97573384  .00000012  00000-0  00000-0 0  9996
2 40105  54.5965 171.4572 0016279 102.0124 258.2477  2.00567064 44427
1 40105U 14045A   20282.97286942  .00000010  00000-0  00000-0 0  9996
2 40105  54.5966 171.4174 0016324 101.9981 258.2604  2.00567119 45307
1 40105U 14045A   20283.97000531  .00000011  00000-0  00000-0 0  9996
2 40105  54.5967 171.3776 0016365 101.9913 258.2660  2.00567173 44463
1 40105U 14045A   20284.96714253  .00000014  00000-0  00000-0 0  9992
2 40105  54.5968 171.3378 0016410 101.9883 258.2691  2.00567230 44489
1 40105U 14045A   20285.46571180  .00000016  00000-0  00000+0 0  9999
2 40105  54.5968 171.3178 0016424 101.9892 258.2688  2.00567256 45353
1 40105U 14045A   20285.46571180  .00000016  00000-0  00000-0 0  9990
2 40105  54.5968 171.3178 0016424 101.9892 258.2688  2.00567256 45353
1 40105U 14045A   20287.95856648  .00000037  00000-0  00000+0 0  9993
2 40105  54.5971 171.2183 0016519 101.9950 258.2727  2.00567400 45403
1 40105U 14045A   20287.95856648  .00000037  00000-0  00000-0 0  9994
2 40105  54.5971 171.2183 0016519 101.9950 258.2727  2.00567400 45403
1 40105U 14045A   20288.45713839  .00000041  00000-0  00000-0 0  9999
2 40105  54.5971 171.1984 0016535 101.9936 258.2768  2.00567430 45412
1 40105U 14045A   20288.95571078  .00000045  00000-0  00000-0 0  9995
2 40105  54.5972 171.1784 0016567 101.9918 258.2816  2.00567458 45421
1 40105U 14045A   20289.95285352  .00000050  00000-0  00000-0 0  9999
2 40105  54.5971 171.1387 0016593 101.9872 258.2912  2.00567522 45448
1 40105U 14045A   20290.94999362  .00000051  00000-0  00000-0 0  9994
2 40105  54.5972 171.0989 0016630 101.9927 258.2891  2.00567593 44600
1 40105U 14045A   20290.94999362  .00000051  00000-0  00000-0 0  9994
2 40105  54.5972 171.0989 0016630 101.9927 258.2891  2.00567593 45465
1 40105U 14045A   20291.94712986  .00000046  00000-0  00000-0 0  9994
2 40105  54.5973 171.0590 0016659 101.9983 258.2846  2.00567668 45482
1 40105U 14045A   20292.94426258  .00000035  00000-0  00000-0 0  9997
2 40105  54.5973 171.0191 0016701 102.0103 258.2714  2.00567748 45509
1 40105U 14045A   20293.94139218  .00000022  00000-0  00000-0 0  9991
2 40105  54.5974 170.9793 0016738 102.0244 258.2540  2.00567831 45524
1 40105U 14045A   20294.43995630  .00000015  00000-0  00000-0 0  9996
2 40105  54.5974 170.9593 0016756 102.0330 258.2434  2.00567871 45535
1 40105U 14045A   20296.43421264 -.00000007  00000-0  00000-0 0  9997
2 40105  54.5976 170.8796 0016833 102.0658 258.2031  2.00568049 44710
1 40105U 14045A   20296.43421264 -.00000007  00000-0  00000-0 0  9997
2 40105  54.5976 170.8796 0016833 102.0658 258.2031  2.00568049 45575
1 40105U 14045A   20297.43134324 -.00000010  00000-0  00000-0 0  9990
2 40105  54.5976 170.8398 0016868 102.0858 258.1815  2.00568139 44739
1 40105U 14045A   20297.92990967 -.00000009  00000-0  00000-0 0  9995
2 40105  54.5977 170.8199 0016886 102.0958 258.1716  2.00568186 44743
1 40105U 14045A   20298.92704417 -.00000002  00000-0  00000+0 0  9991
2 40105  54.5978 170.7800 0016914 102.1059 258.1630  2.00568275 45629
1 40105U 14045A   20299.42561223  .00000003  00000-0  00000-0 0  9994
2 40105  54.5979 170.7601 0016921 102.1152 258.1551  2.00568321 44770
1 40105U 14045A   20299.42561223  .00000003  00000-0  00000-0 0  9994
2 40105  54.5979 170.7601 0016921 102.1152 258.1551  2.00568321 45636
1 40105U 14045A   20301.91845833  .00000038  00000-0  00000+0 0  9991
2 40105  54.5981 170.6606 0017028 102.1285 258.1541  2.00568536 45681
1 40105U 14045A   20301.91845833  .00000038  00000-0  00000-0 0  9992
2 40105  54.5981 170.6606 0017028 102.1285 258.1541  2.00568536 45681
1 40105U 14045A   20302.91559633  .00000050  00000-0  00000-0 0  9997
2 40105  54.5982 170.6207 0017063 102.1472 258.1406  2.00568613 44849
1 40105U 14045A   20303.41416484  .00000054  00000-0  00000-0 0  9993
2 40105  54.5983 170.6008 0017078 102.1534 258.1367  2.00568649 44850
1 40105U 14045A   20304.41130016  .00000061  00000-0  00000-0 0  9996
2 40105  54.5984 170.5610 0017108 102.1650 258.1286  2.00568718 44871
1 40105U 14045A   20304.90986690  .00000062  00000-0  00000-0 0  9998
2 40105  54.5985 170.5411 0017123 102.1717 258.1232  2.00568752 45748
1 40105U 14045A   20305.90699825  .00000063  00000-0  00000-0 0  9991
2 40105  54.5986 170.5013 0017150 102.1835 258.1126  2.00568816 45763
1 40105U 14045A   20306.90412704  .00000062  00000-0  00000-0 0  9990
2 40105  54.5988 170.4614 0017175 102.1890 258.1066  2.00568875 44924
1 40105U 14045A   20307.40269090  .00000060  00000-0  00000-0 0  9992
2 40105  54.5989 170.4416 0017198 102.1866 258.1083  2.00568908 44930
1 40105U 14045A   20307.90125373  .00000059  00000-0  00000-0 0  9990
2 40105  54.5989 170.4216 0017207 102.1844 258.1093  2.00568929 44940
1 40105U 14045A   20307.90125373  .00000059  00000-0  00000-0 0  9990
2 40105  54.5989 170.4216 0017207 102.1844 258.1093  2.00568929 45806
1 40105U 14045A   20308.89837815  .00000056  00000-0  00000-0 0  9997
2 40105  54.5990 170.3818 0017236 102.1936 258.0969  2.00568981 45820
1 40105U 14045A   20309.89550145  .00000055  00000-0  00000-0 0  9995
2 40105  54.5991 170.3420 0017266 102.2077 258.0791  2.00569034 44989
1 40105U 14045A   20309.89550145  .00000055  00000-0  00000-0 0  9995
2 40105  54.5991 170.3420 0017266 102.2077 258.0791  2.00569034 45845
1 40105U 14045A   20311.88974937  .00000058  00000-0  00000-0 0  9999
2 40105  54.5995 170.2622 0017337 102.2142 258.0668  2.00569137 45885
1 40105U 14045A   20312.38831221  .00000060  00000-0  00000-0 0  9996
2 40105  54.5996 170.2423 0017348 102.2276 258.0527  2.00569161 45033
1 40105U 14045A   20313.38543937  .00000067  00000+0  00000+0 0  9996
2 40105  54.5998 170.2025 0017373 102.2429 258.0373  2.00569218 45055
1 40105U 14045A   20317.87252474  .00000098  00000-0  00000-0 0  9993
2 40105  54.6005 170.0232 0017475 102.3241 257.9675  2.00569487 45140
1 40105U 14045A   20320.36533220  .00000080  00000-0  00000-0 0  9993
2 40105  54.6008 169.9236 0017567 102.3881 257.8986  2.00569642 45198
1 40105U 14045A   20321.36244904  .00000066  00000-0  00000-0 0  9996
2 40105  54.6010 169.8837 0017594 102.4125 257.8684  2.00569739 46079
1 40105U 14045A   20322.35956431  .00000052  00000-0  00000-0 0  9996
2 40105  54.6011 169.8439 0017618 102.4466 257.8278  2.00569824 46099
1 40105U 14045A   20322.85812197  .00000046  00000-0  00000-0 0  9994
2 40105  54.6012 169.8240 0017624 102.4658 257.8054  2.00569861 45249
1 40105U 14045A   20322.85812197  .00000046  00000-0  00000-0 0  9994
2 40105  54.6012 169.8240 0017624 102.4658 257.8054  2.00569861 46105
1 40105U 14045A   20324.85235669  .00000034  00000-0  00000-0 0  9996
2 40105  54.6015 169.7443 0017663 102.5600 257.7020  2.00570012 45283
1 40105U 14045A   20324.85235669  .00000034  00000-0  00000-0 0  9996
2 40105  54.6015 169.7443 0017663 102.5600 257.7020  2.00570012 46149
1 40105U 14045A   20326.84660173  .00000048  00000-0  00000-0 0  9994
2 40105  54.6019 169.6646 0017709 102.6161 257.6452  2.00570218 45326
1 40105U 14045A   20326.84660173  .00000048  00000-0  00000-0 0  9994
2 40105  54.6019 169.6646 0017709 102.6161 257.6452  2.00570218 46181
1 40105U 14045A   20327.84372717  .00000060  00000-0  00000-0 0  9993
2 40105  54.6021 169.6247 0017725 102.6303 257.6332  2.00570308 46207
1 40105U 14045A   20329.33941677  .00000080  00000-0  00000-0 0  9998
2 40105  54.6023 169.5650 0017750 102.6691 257.5990  2.00570405 46234
1 40105U 14045A   20331.33366655  .00000098  00000-0  00000-0 0  9997
2 40105  54.6027 169.4853 0017800 102.7296 257.5434  2.00570570 45415
1 40105U 14045A   20331.33366655  .00000098  00000-0  00000-0 0  9997
2 40105  54.6027 169.4853 0017800 102.7296 257.5434  2.00570570 46270
1 40105U 14045A   20333.82646561  .00000098  00000-0  00000+0 0  9999
2 40105  54.6031 169.3858 0017837 102.7801 257.4910  2.00570701 46321
1 40105U 14045A   20333.82646561  .00000098  00000-0  00000-0 0  9990
2 40105  54.6031 169.3858 0017837 102.7801 257.4910  2.00570701 46321
1 40105U 14045A   20335.82069407  .00000090  00000-0  00000-0 0  9992
2 40105  54.6035 169.3062 0017859 102.8059 257.4568  2.00570820 45502
1 40105U 14045A   20335.82069407  .00000090  00000-0  00000-0 0  9992
2 40105  54.6035 169.3062 0017859 102.8059 257.4568  2.00570820 46367
1 40105U 14045A   20337.81491774  .00000086  00000-0  00000-0 0  9994
2 40105  54.6039 169.2266 0017897 102.8508 257.4011  2.00570922 45542
1 40105U 14045A   20337.81491795  .00000086  00000-0  00000-0 0  9997
2 40105  54.6039 169.2266 0017902 102.8550 257.3969  2.00570931 45547
1 40105U 14045A   20339.31058729  .00000088  00000-0  00000-0 0  9992
2 40105  54.6041 169.1668 0017919 102.8741 257.3714  2.00570992 45573
1 40105U 14045A   20339.80914467  .00000090  00000-0  00000-0 0  9999
2 40105  54.6042 169.1469 0017931 102.8924 257.3517  2.00571016 45580
1 40105U 14045A   20340.30770255  .00000093  00000-0  00000-0 0  9994
2 40105  54.6043 169.1270 0017938 102.9122 257.3309  2.00571039 45594
1 40105U 14045A   20340.30770255  .00000093  00000-0  00000-0 0  9994
2 40105  54.6043 169.1270 0017938 102.9122 257.3309  2.00571039 46450
1 40105U 14045A   20342.30193935  .00000108  00000-0  00000-0 0  9997
2 40105  54.6049 169.0474 0017964 102.9883 257.2552  2.00571129 45632
1 40105U 14045A   20342.30193935  .00000108  00000-0  00000-0 0  9997
2 40105  54.6049 169.0474 0017964 102.9883 257.2552  2.00571129 46497
1 40105U 14045A   20346.78896529  .00000111  00000-0  00000+0 0  9995
2 40105  54.6057 168.8681 0018013 103.1520 257.0913  2.00571444 46589
1 40105U 14045A   20347.28752032  .00000104  00000-0  00000-0 0  9994
2 40105  54.6061 168.8483 0018011 103.1367 257.1040  2.00571455 45731
1 40105U 14045A   20347.78607404  .00000097  00000-0  00000-0 0  9992
2 40105  54.6061 168.8283 0018017 103.1587 257.0789  2.00571495 45743
1 40105U 14045A   20349.28173204  .00000074  00000-0  00000+0 0  9999
2 40105  54.6063 168.7685 0018028 103.1613 257.0652  2.00571611 46630
1 40105U 14045A   20349.28173204  .00000074  00000-0  00000-0 0  9990
2 40105  54.6063 168.7685 0018028 103.1613 257.0652  2.00571611 45774
1 40105U 14045A   20351.27594254  .00000050  00000-0  00000-0 0  9998
2 40105  54.6065 168.6888 0018037 103.3486 256.8637  2.00571799 45812
1 40105U 14045A   20353.76871908  .00000053  00000-0  00000+0 0  9990
2 40105  54.6065 168.5892 0018044 103.4628 256.7428  2.00571999 46723
1 40105U 14045A   20353.76871908  .00000053  00000-0  00000-0 0  9991
2 40105  54.6065 168.5892 0018044 103.4628 256.7428  2.00571999 45867
1 40105U 14045A   20356.76006661  .00000085  00000-0  00000+0 0  9994
2 40105  54.6070 168.4697 0018051 103.5583 256.6528  2.00572252 46789
1 40105U 14045A   20357.25862444  .00000090  00000-0  00000-0 0  9995
2 40105  54.6071 168.4498 0018048 103.5537 256.6586  2.00572267 45930
1 40105U 14045A   20358.25573934  .00000096  00000-0  00000-0 0  9995
2 40105  54.6077 168.4100 0018049 103.6205 256.5934  2.00572338 45957
1 40105U 14045A   20359.25285205  .00000098  00000-0  00000-0 0  9999
2 40105  54.6079 168.3702 0018053 103.6722 256.5421  2.00572422 45972
1 40105U 14045A   20359.75140742  .00000098  00000-0  00000-0 0  9990
2 40105  54.6078 168.3503 0018052 103.6619 256.5521  2.00572454 45981
1 40105U 14045A   20360.24996244  .00000096  00000-0  00000-0 0  9990
2 40105  54.6078 168.3304 0018052 103.6721 256.5411  2.00572491 45994
1 40105U 14045A   20361.74562287  .00000089  00000-0  00000-0 0  9994
2 40105  54.6079 168.2706 0018048 103.7057 256.5029  2.00572545 46028
1 40105U 14045A   20362.74272730  .00000083  00000-0  00000-0 0  9990
2 40105  54.6080 168.2308 0018041 103.7409 256.4630  2.00572609 46042
1 40105U 14045A   20363.73983068  .00000078  00000-0  00000-0 0  9997
2 40105  54.6085 168.1910 0018042 103.7485 256.4501  2.00572653 46068
1 40105U 14045A   20364.73693365  .00000074  00000-0  00000-0 0  9992
2 40105  54.6088 168.1512 0018048 103.7605 256.4327  2.00572711 46082
1 40105U 14045A   20366.73114183  .00000075  00000-0  00000-0 0  9991
2 40105  54.6091 168.0716 0018055 103.8146 256.3703  2.00572808 46129

