1 41019U 15062A   20001.49268095  .00000012  00000-0  00000+0 0  9997
2 41019  55.2632 123.3839 0053498 206.8395 152.8677  2.00564645 30529
1 41019U 15062A   20003.48699065  .00000007  00000-0  00000+0 0  9997
2 41019  55.2638 123.3046 0053575 206.9392 152.7679  2.00564540 30568
1 41019U 15062A   20005.48129022 -.00000002  00000-0  00000+0 0  9996
2 41019  55.2646 123.2253 0053651 207.0490 152.6537  2.00564553 30603
1 41019U 15062A   20005.48129022 -.00000002  00000-0  00000-0 0  9997
2 41019  55.2646 123.2253 0053651 207.0490 152.6537  2.00564553 30603
1 41019U 15062A   20007.97416801 -.00000007  00000-0  00000+0 0  9991
2 41019  55.2656 123.1262 0053730 207.1577 152.5397  2.00564480 30655
1 41019U 15062A   20012.46137531  .00000009  00000-0  00000+0 0  9992
2 41019  55.2673 122.9478 0053907 207.3780 152.3299  2.00564403 30748
1 41019U 15062A   20013.95711528  .00000012  00000-0  00000+0 0  9995
2 41019  55.2677 122.8884 0053968 207.4635 152.2501  2.00564362 30771
1 41019U 15062A   20015.45284852  .00000007  00000-0  00000-0 0  9992
2 41019  55.2682 122.8289 0054028 207.5448 152.1710  2.00564385 30807
1 41019U 15062A   20016.45000004 -.00000003  00000-0  00000+0 0  9994
2 41019  55.2686 122.7892 0054065 207.5831 152.1316  2.00564410 30820
1 41019U 15062A   20016.45000046 -.00000003  00000-0  00000-0 0  9991
2 41019  55.2686 122.7892 0054076 207.5881 152.1265  2.00564390 30827
1 41019U 15062A   20017.94572560 -.00000023  00000-0  00000-0 0  9993
2 41019  55.2692 122.7297 0054118 207.6514 152.0582  2.00564375 30851
1 41019U 15062A   20019.44144614 -.00000044  00000-0  00000+0 0  9997
2 41019  55.2697 122.6702 0054190 207.7152 151.9885  2.00564474 30882
1 41019U 15062A   20020.93717433 -.00000057  00000-0  00000-0 0  9993
2 41019  55.2703 122.6108 0054254 207.7772 151.9234  2.00564447 30911
1 41019U 15062A   20022.93148564 -.00000056  00000-0  00000+0 0  9996
2 41019  55.2712 122.5316 0054332 207.8825 151.8210  2.00564519 30955
1 41019U 15062A   20023.92864662 -.00000049  00000-0  00000-0 0  9993
2 41019  55.2715 122.4920 0054367 207.9307 151.7771  2.00564500 30975
1 41019U 15062A   20025.92296836 -.00000029  00000-0  00000+0 0  9994
2 41019  55.2723 122.4127 0054436 208.0158 151.7030  2.00564574 31011
1 41019U 15062A   20026.92012991 -.00000021  00000-0  00000-0 0  9996
2 41019  55.2727 122.3730 0054465 208.0316 151.6927  2.00564576 31030
1 41019U 15062A   20028.91444590 -.00000014  00000-0  00000+0 0  9992
2 41019  55.2734 122.2937 0054532 208.1215 151.6100  2.00564627 31074
1 41019U 15062A   20030.41018082 -.00000016  00000-0  00000-0 0  9996
2 41019  55.2741 122.2342 0054566 208.1797 151.5536  2.00564553 31108
1 41019U 15062A   20031.40733239 -.00000019  00000-0  00000+0 0  9996
2 41019  55.2744 122.1945 0054593 208.2293 151.5036  2.00564591 31120
1 41019U 15062A   20031.40733319 -.00000019  00000-0  00000-0 0  9996
2 41019  55.2744 122.1946 0054598 208.2396 151.4931  2.00564559 31127
1 41019U 15062A   20032.40448338 -.00000022  00000-0  00000-0 0  9995
2 41019  55.2748 122.1549 0054625 208.2869 151.4446  2.00564598 31142
1 41019U 15062A   20033.40163606 -.00000025  00000-0  00000-0 0  9991
2 41019  55.2752 122.1152 0054653 208.3300 151.3998  2.00564536 31164
1 41019U 15062A   20033.90021232 -.00000025  00000-0  00000+0 0  9993
2 41019  55.2754 122.0953 0054678 208.3576 151.3713  2.00564496 31177
1 41019U 15062A   20034.39878809 -.00000026  00000-0  00000-0 0  9999
2 41019  55.2756 122.0755 0054693 208.3779 151.3504  2.00564494 31188
1 41019U 15062A   20038.38741125 -.00000010  00000-0  00000+0 0  9994
2 41019  55.2772 121.9168 0054816 208.5427 151.1921  2.00564472 31267
1 41019U 15062A   20039.88315336 -.00000000  00000-0  00000-0 0  9991
2 41019  55.2777 121.8571 0054877 208.6794 151.0621  2.00564380 31291
1 41019U 15062A   20041.37889170  .00000005  00000-0  00000+0 0  9993
2 41019  55.2785 121.7976 0054916 208.7644 150.9832  2.00564414 31321
1 41019U 15062A   20041.37889170  .00000005  00000-0  00000-0 0  9994
2 41019  55.2785 121.7976 0054916 208.7644 150.9832  2.00564414 31321
1 41019U 15062A   20043.37320252 -.00000003  00000-0  00000-0 0  9996
2 41019  55.2793 121.7182 0054992 208.8631 150.8860  2.00564389 31365
1 41019U 15062A   20044.86892671 -.00000019  00000-0  00000+0 0  9996
2 41019  55.2799 121.6587 0055026 208.9250 150.8201  2.00564439 31394
1 41019U 15062A   20045.86607800 -.00000032  00000-0  00000-0 0  9991
2 41019  55.2804 121.6189 0055064 208.9730 150.7680  2.00564347 31415
1 41019U 15062A   20050.35326278 -.00000049  00000-0  00000+0 0  9995
2 41019  55.2823 121.4404 0055206 209.0820 150.6560  2.00564528 31501
1 41019U 15062A   20051.84900483 -.00000035  00000-0  00000-0 0  9992
2 41019  55.2828 121.3809 0055260 209.2752 150.4680  2.00564461 31530
1 41019U 15062A   20053.84332330 -.00000014  00000-0  00000+0 0  9990
2 41019  55.2837 121.3015 0055306 209.2859 150.4680  2.00564599 31574
1 41019U 15062A   20053.84332330 -.00000014  00000-0  00000-0 0  9991
2 41019  55.2837 121.3015 0055306 209.2859 150.4680  2.00564599 31574
1 41019U 15062A   20055.33906177 -.00000004  00000-0  00000-0 0  9992
2 41019  55.2844 121.2420 0055356 209.3472 150.4121  2.00564605 31600
1 41019U 15062A   20056.33621839 -.00000001  00000-0  00000+0 0  9998
2 41019  55.2849 121.2024 0055380 209.3908 150.3705  2.00564597 31625
1 41019U 15062A   20056.83479538 -.00000001  00000-0  00000-0 0  9991
2 41019  55.2851 121.1826 0055402 209.4261 150.3354  2.00564609 31630
1 41019U 15062A   20058.33052472 -.00000003  00000-0  00000-0 0  9994
2 41019  55.2857 121.1231 0055427 209.4879 150.2728  2.00564600 31666
1 41019U 15062A   20060.32482563 -.00000007  00000-0  00000-0 0  9998
2 41019  55.2866 121.0438 0055471 209.5778 150.1785  2.00564580 31706
1 41019U 15062A   20062.31912716 -.00000005  00000-0  00000-0 0  9995
2 41019  55.2875 120.9645 0055517 209.6582 150.0936  2.00564540 31746
1 41019U 15062A   20062.81770361 -.00000003  00000-0  00000-0 0  9996
2 41019  55.2878 120.9446 0055530 209.6766 150.0747  2.00564522 31758
1 41019U 15062A   20065.31059228  .00000012  00000-0  00000+0 0  9994
2 41019  55.2890 120.8454 0055603 209.7860 149.9680  2.00564458 31804
1 41019U 15062A   20065.31059228  .00000012  00000-0  00000-0 0  9995
2 41019  55.2890 120.8454 0055603 209.7860 149.9680  2.00564458 31804
1 41019U 15062A   20067.30490912  .00000027  00000-0  00000-0 0  9991
2 41019  55.2899 120.7661 0055652 209.8499 149.9113  2.00564459 31841
1 41019U 15062A   20067.80348864  .00000030  00000-0  00000+0 0  9997
2 41019  55.2901 120.7462 0055664 209.8831 149.8795  2.00564443 31856
1 41019U 15062A   20070.29637571  .00000030  00000-0  00000+0 0  9990
2 41019  55.2913 120.6468 0055729 209.9791 149.7855  2.00564446 31907
1 41019U 15062A   20071.29352587  .00000022  00000-0  00000-0 0  9994
2 41019  55.2918 120.6070 0055769 210.0213 149.7401  2.00564418 31925
1 41019U 15062A   20072.29067378  .00000011  00000-0  00000-0 0  9994
2 41019  55.2922 120.5673 0055787 210.0639 149.6925  2.00564404 31947
1 41019U 15062A   20073.28782034 -.00000002  00000-0  00000-0 0  9998
2 41019  55.2926 120.5277 0055821 210.0831 149.6678  2.00564407 31964
1 41019U 15062A   20073.28782105 -.00000002  00000-0  00000+0 0  9996
2 41019  55.2926 120.5277 0055815 210.0941 149.6568  2.00564381 31968
1 41019U 15062A   20074.28496542 -.00000012  00000-0  00000-0 0  9996
2 41019  55.2931 120.4880 0055849 210.1186 149.6270  2.00564470 31983
1 41019U 15062A   20075.28211425 -.00000019  00000-0  00000-0 0  9999
2 41019  55.2936 120.4483 0055875 210.1705 149.5711  2.00564473 32009
1 41019U 15062A   20078.27357680 -.00000009  00000-0  00000+0 0  9993
2 41019  55.2951 120.3293 0055954 210.2836 149.4581  2.00564523 32064
1 41019U 15062A   20081.26505106  .00000023  00000-0  00000+0 0  9999
2 41019  55.2966 120.2103 0056017 210.3818 149.3693  2.00564591 32126
1 41019U 15062A   20083.25936198  .00000034  00000-0  00000-0 0  9992
2 41019  55.2977 120.1311 0056066 210.4404 149.3134  2.00564622 32163
1 41019U 15062A   20087.24796378  .00000029  00000-0  00000+0 0  9992
2 41019  55.2997 119.9726 0056140 210.5809 149.1623  2.00564553 32247
1 41019U 15062A   20088.24511070  .00000029  00000-0  00000-0 0  9998
2 41019  55.3002 119.9330 0056146 210.6322 149.1065  2.00564571 32265
1 41019U 15062A   20088.24511209  .00000029  00000-0  00000-0 0  9992
2 41019  55.3001 119.9329 0056166 210.6214 149.1173  2.00564516 32263
1 41019U 15062A   20089.24225953  .00000030  00000-0  00000-0 0  9993
2 41019  55.3007 119.8934 0056171 210.6420 149.0931  2.00564553 32289
1 41019U 15062A   20089.24226000  .00000030  00000-0  00000-0 0  9997
2 41019  55.3007 119.8934 0056178 210.6404 149.0947  2.00564528 32287
1 41019U 15062A   20090.23941132  .00000033  00000-0  00000+0 0  9990
2 41019  55.3012 119.8538 0056195 210.6695 149.0628  2.00564473 32302
1 41019U 15062A   20093.23087146  .00000053  00000-0  00000+0 0  9991
2 41019  55.3029 119.7349 0056252 210.7636 148.9687  2.00564491 32368
1 41019U 15062A   20094.22802977  .00000061  00000-0  00000-0 0  9998
2 41019  55.3036 119.6952 0056286 210.7869 148.9475  2.00564424 32383
1 41019U 15062A   20095.22518575  .00000066  00000-0  00000-0 0  9992
2 41019  55.3042 119.6556 0056304 210.8179 148.9182  2.00564433 32404
1 41019U 15062A   20096.22233997  .00000069  00000-0  00000-0 0  9998
2 41019  55.3047 119.6159 0056327 210.8467 148.8899  2.00564443 32420
1 41019U 15062A   20097.21949249  .00000067  00000-0  00000-0 0  9990
2 41019  55.3052 119.5763 0056350 210.8732 148.8617  2.00564418 32449
1 41019U 15062A   20098.21663428  .00000060  00000-0  00000-0 0  9996
2 41019  55.3058 119.5365 0056360 210.9122 148.8189  2.00564646 32467
1 41019U 15062A   20098.21664269  .00000060  00000-0  00000-0 0  9990
2 41019  55.3058 119.5366 0056379 210.8932 148.8379  2.00564366 32466
1 41019U 15062A   20099.21378768  .00000050  00000-0  00000+0 0  9995
2 41019  55.3063 119.4969 0056397 210.9145 148.8108  2.00564412 32481
1 41019U 15062A   20099.71235963  .00000043  00000-0  00000-0 0  9992
2 41019  55.3066 119.4771 0056406 210.9244 148.7974  2.00564429 32495
1 41019U 15062A   20100.21093108  .00000037  00000-0  00000-0 0  9996
2 41019  55.3068 119.4572 0056422 210.9331 148.7851  2.00564454 32505
1 41019U 15062A   20101.20807625  .00000025  00000-0  00000-0 0  9990
2 41019  55.3074 119.4176 0056445 210.9555 148.7556  2.00564437 32520
1 41019U 15062A   20101.20807642  .00000025  00000-0  00000-0 0  9999
2 41019  55.3074 119.4176 0056448 210.9549 148.7563  2.00564433 32520
1 41019U 15062A   20101.70664944  .00000020  00000-0  00000+0 0  9994
2 41019  55.3077 119.3978 0056460 210.9676 148.7403  2.00564428 32535
1 41019U 15062A   20102.20522257  .00000016  00000-0  00000-0 0  9996
2 41019  55.3079 119.3779 0056469 210.9813 148.7239  2.00564435 32544
1 41019U 15062A   20102.20522331  .00000016  00000-0  00000-0 0  9999
2 41019  55.3080 119.3780 0056474 210.9776 148.7275  2.00564414 32549
1 41019U 15062A   20103.20237125  .00000011  00000-0  00000-0 0  9999
2 41019  55.3086 119.3383 0056497 211.0010 148.7000  2.00564451 32561
1 41019U 15062A   20105.19667782  .00000018  00000-0  00000+0 0  9991
2 41019  55.3095 119.2591 0056533 211.0574 148.6416  2.00564466 32608
1 41019U 15062A   20107.19099043  .00000037  00000-0  00000-0 0  9994
2 41019  55.3106 119.1799 0056573 211.0929 148.6097  2.00564538 32647
1 41019U 15062A   20108.18814639  .00000047  00000-0  00000+0 0  9990
2 41019  55.3111 119.1403 0056585 211.1148 148.5898  2.00564577 32665
1 41019U 15062A   20108.18814694  .00000047  00000-0  00000-0 0  9992
2 41019  55.3111 119.1403 0056588 211.1098 148.5948  2.00564565 32665
1 41019U 15062A   20113.17390780  .00000053  00000-0  00000-0 0  9999
2 41019  55.3138 118.9424 0056680 211.1978 148.4997  2.00564566 32769
1 41019U 15062A   20113.17390783  .00000053  00000-0  00000+0 0  9991
2 41019  55.3138 118.9424 0056679 211.1994 148.4980  2.00564564 32765
1 41019U 15062A   20114.17105556  .00000049  00000-0  00000-0 0  9990
2 41019  55.3143 118.9028 0056688 211.2199 148.4728  2.00564549 32784
1 41019U 15062A   20114.66962922  .00000048  00000-0  00000-0 0  9991
2 41019  55.3146 118.8830 0056687 211.2295 148.4607  2.00564541 32792
1 41019U 15062A   20115.16820312  .00000047  00000-0  00000-0 0  9992
2 41019  55.3148 118.8632 0056697 211.2333 148.4543  2.00564525 32801
1 41019U 15062A   20116.16534975  .00000047  00000-0  00000+0 0  9999
2 41019  55.3154 118.8236 0056702 211.2487 148.4343  2.00564548 32820
1 41019U 15062A   20116.66392524  .00000048  00000-0  00000-0 0  9998
2 41019  55.3156 118.8038 0056715 211.2508 148.4302  2.00564498 32830
1 41019U 15062A   20117.16250006  .00000049  00000-0  00000-0 0  9993
2 41019  55.3159 118.7840 0056718 211.2584 148.4209  2.00564490 32849
1 41019U 15062A   20117.66107612  .00000050  00000-0  00000-0 0  9994
2 41019  55.3161 118.7642 0056723 211.2634 148.4145  2.00564453 32853
1 41019U 15062A   20119.15680537  .00000058  00000-0  00000+0 0  9999
2 41019  55.3170 118.7048 0056751 211.2777 148.3983  2.00564403 32889
1 41019U 15062A   20119.65538217  .00000061  00000-0  00000-0 0  9996
2 41019  55.3172 118.6851 0056769 211.2867 148.3893  2.00564408 32897
1 41019U 15062A   20120.15396026  .00000065  00000-0  00000-0 0  9997
2 41019  55.3175 118.6653 0056778 211.2944 148.3820  2.00564390 32908
1 41019U 15062A   20121.15111660  .00000071  00000-0  00000-0 0  9994
2 41019  55.3181 118.6257 0056796 211.3088 148.3690  2.00564378 32928
1 41019U 15062A   20121.64969536  .00000074  00000-0  00000-0 0  9994
2 41019  55.3183 118.6059 0056809 211.3095 148.3692  2.00564354 32941
1 41019U 15062A   20122.14827374  .00000077  00000-0  00000+0 0  9995
2 41019  55.3186 118.5861 0056823 211.3199 148.3595  2.00564348 32940
1 41019U 15062A   20123.14542740  .00000080  00000-0  00000-0 0  9992
2 41019  55.3191 118.5465 0056840 211.3269 148.3533  2.00564400 32966
1 41019U 15062A   20124.14258093  .00000078  00000-0  00000-0 0  9995
2 41019  55.3196 118.5069 0056859 211.3347 148.3444  2.00564378 32985
1 41019U 15062A   20124.14258101  .00000078  00000-0  00000-0 0  9995
2 41019  55.3196 118.5069 0056866 211.3366 148.3425  2.00564374 32989
1 41019U 15062A   20125.13973222  .00000072  00000-0  00000+0 0  9996
2 41019  55.3201 118.4672 0056873 211.3430 148.3329  2.00564337 33001
1 41019U 15062A   20125.13973227  .00000072  00000-0  00000-0 0  9992
2 41019  55.3201 118.4672 0056872 211.3398 148.3361  2.00564336 33008
1 41019U 15062A   20126.13687890  .00000062  00000-0  00000-0 0  9990
2 41019  55.3206 118.4277 0056889 211.3446 148.3260  2.00564359 33021
1 41019U 15062A   20126.13687948  .00000062  00000-0  00000-0 0  9994
2 41019  55.3206 118.4277 0056892 211.3330 148.3377  2.00564339 33024
1 41019U 15062A   20127.13402490  .00000049  00000-0  00000-0 0  9997
2 41019  55.3212 118.3880 0056906 211.3479 148.3159  2.00564338 33049
1 41019U 15062A   20127.63259702  .00000042  00000-0  00000+0 0  9990
2 41019  55.3214 118.3682 0056924 211.3409 148.3192  2.00564345 33050
1 41019U 15062A   20129.12831633  .00000023  00000-0  00000-0 0  9995
2 41019  55.3222 118.3087 0056942 211.3600 148.2901  2.00564317 33080
1 41019U 15062A   20130.12546137  .00000015  00000-0  00000+0 0  9999
2 41019  55.3228 118.2691 0056965 211.3698 148.2754  2.00564426 33108
1 41019U 15062A   20130.12546176  .00000015  00000-0  00000-0 0  9993
2 41019  55.3228 118.2692 0056975 211.3661 148.2791  2.00564421 33106
1 41019U 15062A   20131.12261367  .00000013  00000-0  00000-0 0  9998
2 41019  55.3234 118.2295 0056990 211.3763 148.2663  2.00564407 33126
1 41019U 15062A   20132.11976654  .00000016  00000-0  00000-0 0  9993
2 41019  55.3240 118.1900 0057012 211.3793 148.2628  2.00564474 33141
1 41019U 15062A   20133.11692475  .00000022  00000-0  00000+0 0  9996
2 41019  55.3245 118.1504 0057029 211.3847 148.2587  2.00564438 33160
1 41019U 15062A   20134.11408204  .00000031  00000-0  00000-0 0  9993
2 41019  55.3250 118.1108 0057059 211.3913 148.2543  2.00564472 33185
1 41019U 15062A   20135.11124246  .00000039  00000-0  00000-0 0  9993
2 41019  55.3255 118.0713 0057058 211.3771 148.2713  2.00564429 33206
1 41019U 15062A   20136.10839886  .00000046  00000-0  00000+0 0  9993
2 41019  55.3261 118.0317 0057072 211.3809 148.2694  2.00564472 33229
1 41019U 15062A   20137.10555421  .00000049  00000-0  00000-0 0  9998
2 41019  55.3266 117.9922 0057091 211.3782 148.2729  2.00564499 33245
1 41019U 15062A   20138.60128359  .00000048  00000-0  00000+0 0  9998
2 41019  55.3274 117.9328 0057111 211.3819 148.2681  2.00564526 33279
1 41019U 15062A   20139.09985957  .00000046  00000-0  00000-0 0  9996
2 41019  55.3276 117.9131 0057120 211.3877 148.2612  2.00564512 33287
1 41019U 15062A   20139.59843573  .00000044  00000-0  00000-0 0  9996
2 41019  55.3279 117.8934 0057125 211.3811 148.2665  2.00564487 33293
1 41019U 15062A   20141.09416020  .00000037  00000-0  00000+0 0  9998
2 41019  55.3285 117.8340 0057144 211.3965 148.2456  2.00564461 33326
1 41019U 15062A   20142.09130899  .00000034  00000-0  00000-0 0  9994
2 41019  55.3289 117.7945 0057147 211.3890 148.2491  2.00564457 33346
1 41019U 15062A   20145.58133891  .00000036  00000-0  00000-0 0  9998
2 41019  55.3306 117.6560 0057187 211.3813 148.2476  2.00564360 33411
1 41019U 15062A   20146.57849455  .00000041  00000-0  00000-0 0  9994
2 41019  55.3311 117.6165 0057206 211.3713 148.2582  2.00564336 33432
1 41019U 15062A   20147.57565106  .00000046  00000-0  00000-0 0  9998
2 41019  55.3315 117.5769 0057226 211.3714 148.2599  2.00564348 33451
1 41019U 15062A   20148.57281058  .00000052  00000-0  00000-0 0  9997
2 41019  55.3320 117.5374 0057242 211.3578 148.2763  2.00564303 33471
1 41019U 15062A   20150.06854773  .00000058  00000-0  00000-0 0  9990
2 41019  55.3327 117.4780 0057259 211.3678 148.2701  2.00564308 33508
1 41019U 15062A   20151.06570465  .00000057  00000-0  00000+0 0  9992
2 41019  55.3331 117.4385 0057282 211.3608 148.2781  2.00564279 33520
1 41019U 15062A   20153.06001033  .00000042  00000-0  00000-0 0  9999
2 41019  55.3340 117.3592 0057323 211.3278 148.3069  2.00564212 33569
1 41019U 15062A   20154.55573057  .00000022  00000-0  00000+0 0  9991
2 41019  55.3347 117.2998 0057346 211.3331 148.2937  2.00564267 33596
1 41019U 15062A   20156.05145199  .00000001  00000-0  00000-0 0  9998
2 41019  55.3354 117.2404 0057380 211.3166 148.3018  2.00564272 33621
1 41019U 15062A   20156.55002566 -.00000005  00000-0  00000-0 0  9998
2 41019  55.3356 117.2206 0057387 211.3021 148.3141  2.00564311 33632
1 41019U 15062A   20157.04860096 -.00000009  00000-0  00000+0 0  9996
2 41019  55.3359 117.2008 0057397 211.2996 148.3149  2.00564310 33644
1 41019U 15062A   20157.04860096 -.00000009  00000-0  00000-0 0  9997
2 41019  55.3359 117.2008 0057397 211.2996 148.3149  2.00564310 33644
1 41019U 15062A   20159.04290889 -.00000014  00000-0  00000-0 0  9992
2 41019  55.3368 117.1215 0057445 211.3012 148.3116  2.00564331 33688
1 41019U 15062A   20161.03722815 -.00000003  00000-0  00000-0 0  9991
2 41019  55.3376 117.0424 0057484 211.2719 148.3470  2.00564362 33726
1 41019U 15062A   20162.03438924  .00000005  00000-0  00000-0 0  9998
2 41019  55.3381 117.0028 0057502 211.2611 148.3620  2.00564374 33746
1 41019U 15062A   20163.03154865  .00000012  00000-0  00000-0 0  9996
2 41019  55.3386 116.9632 0057517 211.2559 148.3710  2.00564415 33765
1 41019U 15062A   20163.53012881  .00000014  00000-0  00000-0 0  9994
2 41019  55.3389 116.9434 0057523 211.2515 148.3770  2.00564403 33771
1 41019U 15062A   20164.02870796  .00000015  00000-0  00000-0 0  9997
2 41019  55.3392 116.9236 0057534 211.2334 148.3966  2.00564430 33784
1 41019U 15062A   20165.52444399  .00000014  00000-0  00000-0 0  9998
2 41019  55.3398 116.8643 0057561 211.2167 148.4153  2.00564413 33819
1 41019U 15062A   20166.02302230  .00000013  00000-0  00000-0 0  9990
2 41019  55.3400 116.8445 0057569 211.2124 148.4196  2.00564384 33829
1 41019U 15062A   20167.02017505  .00000008  00000-0  00000+0 0  9992
2 41019  55.3404 116.8049 0057584 211.2063 148.4248  2.00564410 33842
1 41019U 15062A   20168.01732761  .00000003  00000-0  00000-0 0  9996
2 41019  55.3409 116.7653 0057590 211.2059 148.4234  2.00564394 33867
1 41019U 15062A   20169.01447950 -.00000002  00000-0  00000-0 0  9990
2 41019  55.3413 116.7258 0057600 211.1868 148.4404  2.00564390 33889
1 41019U 15062A   20170.01163156 -.00000005  00000-0  00000+0 0  9997
2 41019  55.3417 116.6862 0057611 211.1654 148.4597  2.00564381 33904
1 41019U 15062A   20171.00878470 -.00000006  00000-0  00000-0 0  9991
2 41019  55.3422 116.6466 0057623 211.1476 148.4761  2.00564362 33929
1 41019U 15062A   20172.00593717 -.00000004  00000-0  00000-0 0  9998
2 41019  55.3427 116.6070 0057639 211.1348 148.4885  2.00564412 33945
1 41019U 15062A   20172.00594040 -.00000004  00000-0  00000-0 0  9998
2 41019  55.3426 116.6071 0057621 211.0848 148.5391  2.00564327 33959
1 41019U 15062A   20173.00309827 -.00000001  00000-0  00000-0 0  9993
2 41019  55.3431 116.5675 0057637 211.0867 148.5381  2.00564269 33967
1 41019U 15062A   20174.49883665  .00000008  00000-0  00000+0 0  9999
2 41019  55.3437 116.5081 0057661 211.0596 148.5698  2.00564269 33994
1 41019U 15062A   20177.98890133  .00000022  00000-0  00000+0 0  9990
2 41019  55.3452 116.3695 0057719 211.0010 148.6434  2.00564209 34067
1 41019U 15062A   20178.98605907  .00000018  00000-0  00000-0 0  9990
2 41019  55.3456 116.3300 0057737 210.9804 148.6657  2.00564198 34089
1 41019U 15062A   20180.98036323 -.00000001  00000-0  00000+0 0  9995
2 41019  55.3464 116.2507 0057792 210.9385 148.7044  2.00564256 34122
1 41019U 15062A   20182.97466527 -.00000029  00000-0  00000-0 0  9990
2 41019  55.3473 116.1714 0057837 210.9263 148.7087  2.00564193 34167
1 41019U 15062A   20183.47324050 -.00000035  00000-0  00000-0 0  9997
2 41019  55.3475 116.1516 0057849 210.9180 148.7154  2.00564206 34171
1 41019U 15062A   20184.47039249 -.00000045  00000-0  00000-0 0  9992
2 41019  55.3480 116.1120 0057874 210.9050 148.7263  2.00564240 34193
1 41019U 15062A   20187.96044986 -.00000039  00000-0  00000-0 0  9996
2 41019  55.3496 115.9734 0057952 210.8518 148.7890  2.00564295 34267
1 41019U 15062A   20191.45051940 -.00000018  00000-0  00000+0 0  9999
2 41019  55.3512 115.8347 0058024 210.8114 148.8474  2.00564310 34333
1 41019U 15062A   20191.94909848 -.00000018  00000-0  00000-0 0  9993
2 41019  55.3514 115.8150 0058033 210.7602 148.9007  2.00564377 34345
1 41019U 15062A   20192.44767796 -.00000018  00000-0  00000-0 0  9993
2 41019  55.3518 115.7951 0058043 210.7553 148.9070  2.00564378 34355
1 41019U 15062A   20193.44483554 -.00000021  00000-0  00000-0 0  9995
2 41019  55.3520 115.7555 0058066 210.7268 148.9372  2.00564380 34376
1 41019U 15062A   20195.93772350 -.00000032  00000-0  00000+0 0  9997
2 41019  55.3530 115.6565 0058104 210.6790 148.9847  2.00564355 34424
1 41019U 15062A   20196.93487816 -.00000035  00000-0  00000-0 0  9992
2 41019  55.3534 115.6169 0058118 210.6467 149.0164  2.00564337 34440
1 41019U 15062A   20197.93203323 -.00000036  00000-0  00000-0 0  9993
2 41019  55.3539 115.5773 0058134 210.6203 149.0426  2.00564318 34463
1 41019U 15062A   20202.41925198 -.00000014  00000-0  00000+0 0  9999
2 41019  55.3571 115.3991 0058225 210.5044 149.1724  2.00564235 34552
1 41019U 15062A   20206.90647950 -.00000006  00000-0  00000+0 0  9995
2 41019  55.3592 115.2207 0058310 210.3468 149.3492  2.00564161 34649
1 41019U 15062A   20208.40220765 -.00000021  00000-0  00000-0 0  9991
2 41019  55.3596 115.1612 0058368 210.3829 149.3101  2.00564173 34679
1 41019U 15062A   20211.39366302 -.00000057  00000-0  00000+0 0  9999
2 41019  55.3614 115.0423 0058459 210.3227 149.3621  2.00564193 34738
1 41019U 15062A   20211.89224042 -.00000060  00000-0  00000-0 0  9993
2 41019  55.3616 115.0225 0058474 210.3148 149.3696  2.00564197 34746
1 41019U 15062A   20215.88088489 -.00000045  00000-0  00000+0 0  9991
2 41019  55.3635 114.8640 0058569 210.2232 149.4767  2.00564267 34820
1 41019U 15062A   20216.37946693 -.00000041  00000-0  00000-0 0  9993
2 41019  55.3623 114.8442 0058584 210.2199 149.4830  2.00564264 34835
1 41019U 15062A   20218.87237629 -.00000026  00000-0  00000+0 0  9994
2 41019  55.3625 114.7451 0058636 210.0003 149.7171  2.00564327 34882
1 41019U 15062A   20218.87237629 -.00000026  00000-0  00000-0 0  9995
2 41019  55.3625 114.7451 0058636 210.0003 149.7171  2.00564327 34882
1 41019U 15062A   20219.86953887 -.00000025  00000-0  00000-0 0  9995
2 41019  55.3631 114.7055 0058666 209.9890 149.7312  2.00564220 34905
1 41019U 15062A   20220.36811696 -.00000026  00000-0  00000-0 0  9994
2 41019  55.3634 114.6857 0058674 210.0030 149.7178  2.00564244 34912
1 41019U 15062A   20220.86669194 -.00000027  00000-0  00000-0 0  9994
2 41019  55.3637 114.6660 0058694 210.0954 149.6250  2.00564290 34926
1 41019U 15062A   20224.85530983 -.00000037  00000-0  00000+0 0  9990
2 41019  55.3656 114.5075 0058788 210.0126 149.7061  2.00564321 35007
1 41019U 15062A   20230.33968684 -.00000003  00000-0  00000+0 0  9996
2 41019  55.3684 114.2895 0058957 209.9262 149.8082  2.00564219 35113
1 41019U 15062A   20230.83827130  .00000001  00000-0  00000-0 0  9999
2 41019  55.3687 114.2697 0058980 209.8531 149.8846  2.00564150 35123
1 41019U 15062A   20231.33685124  .00000004  00000-0  00000-0 0  9993
2 41019  55.3689 114.2498 0058992 209.8865 149.8533  2.00564166 35138
1 41019U 15062A   20234.82690364  .00000001  00000-0  00000+0 0  9998
2 41019  55.3707 114.1109 0059103 209.8139 149.9322  2.00564166 35201
1 41019U 15062A   20234.82690364  .00000001  00000-0  00000-0 0  9999
2 41019  55.3707 114.1109 0059103 209.8139 149.9322  2.00564166 35201
1 41019U 15062A   20235.32548092 -.00000004  00000-0  00000-0 0  9999
2 41019  55.3709 114.0911 0059120 209.8105 149.9342  2.00564119 35216
1 41019U 15062A   20238.31693300 -.00000036  00000-0  00000-0 0  9999
2 41019  55.3725 113.9721 0059229 209.7177 150.0161  2.00564148 35279
1 41019U 15062A   20239.31408554 -.00000042  00000-0  00000-0 0  9992
2 41019  55.3730 113.9324 0059266 209.6962 150.0357  2.00564187 35298
1 41019U 15062A   20242.80414501 -.00000027  00000-0  00000+0 0  9991
2 41019  55.3751 113.7938 0059388 209.6357 150.1052  2.00564200 35360
1 41019U 15062A   20242.80414501 -.00000027  00000-0  00000-0 0  9992
2 41019  55.3751 113.7938 0059388 209.6357 150.1052  2.00564200 35360
1 41019U 15062A   20243.80130787 -.00000017  00000-0  00000-0 0  9993
2 41019  55.3757 113.7542 0059427 209.5680 150.1782  2.00564242 35387
1 41019U 15062A   20246.79278622 -.00000001  00000-0  00000+0 0  9997
2 41019  55.3773 113.6354 0059525 209.5896 150.1654  2.00564304 35447
1 41019U 15062A   20246.79278733 -.00000001  00000-0  00000-0 0  9991
2 41019  55.3773 113.6354 0059523 209.5608 150.1945  2.00564291 35444
1 41019U 15062A   20247.78994250 -.00000001  00000-0  00000-0 0  9990
2 41019  55.3779 113.5958 0059556 209.5527 150.2029  2.00564333 35468
1 41019U 15062A   20248.28852021 -.00000003  00000-0  00000-0 0  9997
2 41019  55.3782 113.5760 0059567 209.5568 150.1985  2.00564322 35479
1 41019U 15062A   20252.77570928 -.00000008  00000-0  00000+0 0  9993
2 41019  55.3806 113.3978 0059697 209.4827 150.2639  2.00564286 35562
1 41019U 15062A   20252.77570928 -.00000008  00000-0  00000-0 0  9994
2 41019  55.3806 113.3978 0059697 209.4827 150.2639  2.00564286 35562
1 41019U 15062A   20257.26291853  .00000027  00000-0  00000+0 0  9999
2 41019  55.3833 113.2196 0059847 209.4656 150.2873  2.00564214 35651
1 41019U 15062A   20257.26291853  .00000027  00000-0  00000-0 0  9990
2 41019  55.3833 113.2196 0059847 209.4656 150.2873  2.00564214 35651
1 41019U 15062A   20259.75581943  .00000043  00000-0  00000+0 0  9995
2 41019  55.3847 113.1204 0059942 209.4106 150.3499  2.00564164 35706
1 41019U 15062A   20259.75581943  .00000043  00000-0  00000-0 0  9996
2 41019  55.3847 113.1204 0059942 209.4106 150.3499  2.00564164 35706
1 41019U 15062A   20261.75012951  .00000040  00000-0  00000-0 0  9994
2 41019  55.3858 113.0411 0060028 209.3789 150.3799  2.00564125 35744
1 41019U 15062A   20266.23729902 -.00000003  00000-0  00000+0 0  9992
2 41019  55.3885 112.8627 0060219 209.3361 150.3993  2.00564144 35835
1 41019U 15062A   20268.23160771 -.00000003  00000-0  00000-0 0  9998
2 41019  55.3906 112.7834 0060323 209.3089 150.4237  2.00564157 35871
1 41019U 15062A   20270.22592560  .00000012  00000-0  00000-0 0  9994
2 41019  55.3951 112.7042 0060397 209.2891 150.4475  2.00564206 35917
1 41019U 15062A   20271.72166555  .00000026  00000-0  00000-0 0  9996
2 41019  55.3943 112.6448 0060457 209.2777 150.4629  2.00564225 35942
1 41019U 15062A   20273.71598179  .00000035  00000-0  00000-0 0  9998
2 41019  55.3956 112.5656 0060537 209.2636 150.4791  2.00564215 35982
1 41019U 15062A   20274.21455844  .00000036  00000-0  00000+0 0  9995
2 41019  55.3951 112.5458 0060562 209.2587 150.4836  2.00564244 35993
1 41019U 15062A   20274.21455844  .00000036  00000-0  00000-0 0  9996
2 41019  55.3951 112.5458 0060562 209.2587 150.4836  2.00564244 35993
1 41019U 15062A   20274.71313610  .00000035  00000-0  00000-0 0  9994
2 41019  55.3953 112.5261 0060586 209.2548 150.4867  2.00564226 36007
1 41019U 15062A   20276.20886305  .00000031  00000-0  00000-0 0  9992
2 41019  55.3952 112.4668 0060647 209.2441 150.4933  2.00564282 36035
1 41019U 15062A   20278.70173775  .00000024  00000-0  00000+0 0  9990
2 41019  55.3971 112.3678 0060731 209.2413 150.4858  2.00564311 36083
1 41019U 15062A   20278.70173775  .00000024  00000-0  00000-0 0  9991
2 41019  55.3971 112.3678 0060731 209.2413 150.4858  2.00564311 36083
1 41019U 15062A   20279.69889046  .00000025  00000-0  00000-0 0  9996
2 41019  55.3968 112.3282 0060780 209.2303 150.4930  2.00564238 36104
1 41019U 15062A   20280.19746613  .00000027  00000-0  00000-0 0  9997
2 41019  55.3971 112.3084 0060798 209.2277 150.4940  2.00564239 36110
1 41019U 15062A   20281.69319585  .00000035  00000-0  00000-0 0  9996
2 41019  55.3980 112.2491 0060870 209.2156 150.5033  2.00564220 36145
1 41019U 15062A   20283.18893100  .00000047  00000-0  00000-0 0  9995
2 41019  55.3990 112.1897 0060923 209.2313 150.4875  2.00564167 36175
1 41019U 15062A   20284.18608893  .00000056  00000-0  00000-0 0  9999
2 41019  55.3996 112.1502 0060967 209.2329 150.4873  2.00564158 36199
1 41019U 15062A   20285.18324810  .00000065  00000-0  00000-0 0  9994
2 41019  55.4002 112.1106 0061011 209.2367 150.4854  2.00564131 36214
1 41019U 15062A   20286.18040553  .00000071  00000-0  00000-0 0  9991
2 41019  55.4008 112.0709 0061066 209.2337 150.4899  2.00564137 36232
1 41019U 15062A   20286.67898421  .00000074  00000-0  00000-0 0  9993
2 41019  55.4011 112.0511 0061060 209.2495 150.4745  2.00564134 36244
1 41019U 15062A   20287.67614095  .00000075  00000-0  00000-0 0  9998
2 41019  55.4017 112.0115 0061094 209.2576 150.4657  2.00564079 36269
1 41019U 15062A   20287.67614102  .00000075  00000-0  00000-0 0  9997
2 41019  55.4017 112.0115 0061087 209.2598 150.4636  2.00564080 36264
1 41019U 15062A   20289.67044271  .00000065  00000-0  00000-0 0  9992
2 41019  55.4029 111.9323 0061198 209.2472 150.4684  2.00564061 36307
1 41019U 15062A   20290.66758925  .00000054  00000-0  00000-0 0  9999
2 41019  55.4035 111.8926 0061245 209.2518 150.4571  2.00564075 36328
1 41019U 15062A   20292.16330891  .00000037  00000-0  00000-0 0  9995
2 41019  55.4044 111.8332 0061290 209.2728 150.4249  2.00564065 36356
1 41019U 15062A   20294.15760639  .00000022  00000-0  00000-0 0  9997
2 41019  55.4057 111.7540 0061388 209.2877 150.3986  2.00564080 36391
1 41019U 15062A   20295.15475971  .00000021  00000-0  00000-0 0  9999
2 41019  55.4064 111.7144 0061424 209.3016 150.3822  2.00564079 36416
1 41019U 15062A   20296.65049471  .00000028  00000-0  00000-0 0  9994
2 41019  55.4073 111.6550 0061487 209.3179 150.3657  2.00564098 36445
1 41019U 15062A   20298.64481184  .00000044  00000-0  00000-0 0  9994
2 41019  55.4086 111.5759 0061589 209.3240 150.3626  2.00564152 36482
1 41019U 15062A   20299.64196931  .00000050  00000-0  00000+0 0  9994
2 41019  55.4090 111.5363 0061648 209.3297 150.3578  2.00564166 36500
1 41019U 15062A   20300.63912470  .00000053  00000-0  00000-0 0  9994
2 41019  55.4096 111.4967 0061694 209.3376 150.3496  2.00564205 36529
1 41019U 15062A   20301.13770257  .00000053  00000-0  00000-0 0  9995
2 41019  55.4099 111.4769 0061718 209.3421 150.3444  2.00564193 36530
1 41019U 15062A   20303.13200743  .00000047  00000-0  00000-0 0  9998
2 41019  55.4134 111.3978 0061874 209.3499 150.3302  2.00564205 36570
1 41019U 15062A   20303.63058281  .00000044  00000-0  00000-0 0  9998
2 41019  55.4148 111.3780 0061887 209.3593 150.3187  2.00564198 36588
1 41019U 15062A   20305.12630797  .00000037  00000-0  00000-0 0  9994
2 41019  55.4143 111.3187 0062033 209.3683 150.3020  2.00564169 36616
1 41019U 15062A   20305.62488174  .00000035  00000-0  00000-0 0  9997
2 41019  55.4147 111.2990 0061993 209.3898 150.2782  2.00564213 36628
1 41019U 15062A   20305.62488221  .00000035  00000-0  00000-0 0  9990
2 41019  55.4147 111.2989 0062034 209.3828 150.2851  2.00564186 36622
1 41019U 15062A   20307.61918249  .00000036  00000-0  00000-0 0  9990
2 41019  55.4162 111.2200 0062109 209.4110 150.2486  2.00564218 36667
1 41019U 15062A   20309.61349336  .00000046  00000-0  00000-0 0  9998
2 41019  55.4174 111.1408 0062205 209.4455 150.2103  2.00564079 36704
1 41019U 15062A   20310.61064911  .00000054  00000-0  00000-0 0  9992
2 41019  55.4177 111.1012 0062120 209.4794 150.1772  2.00564134 36725
1 41019U 15062A   20314.10070479  .00000075  00000+0  00000+0 0  9997
2 41019  55.4206 110.9628 0062293 209.5652 150.0953  2.00564014 36797
1 41019U 15062A   20318.58788406  .00000043  00000-0  00000-0 0  9996
2 41019  55.4234 110.7845 0062511 209.6466 149.9942  2.00563954 36881
1 41019U 15062A   20319.58503189  .00000030  00000-0  00000-0 0  9996
2 41019  55.4214 110.7450 0062594 209.6874 149.9459  2.00563933 36908
1 41019U 15062A   20320.58218204  .00000020  00000-0  00000-0 0  9998
2 41019  55.4221 110.7054 0062627 209.6818 149.9457  2.00563898 36921
1 41019U 15062A   20321.57933019  .00000014  00000-0  00000-0 0  9999
2 41019  55.4225 110.6658 0062681 209.7172 149.9061  2.00564010 36948
1 41019U 15062A   20322.07790634  .00000012  00000-0  00000-0 0  9997
2 41019  55.4228 110.6460 0062705 209.7184 149.9037  2.00564048 36957
1 41019U 15062A   20324.57080285  .00000021  00000-0  00000-0 0  9998
2 41019  55.4243 110.5471 0062808 209.7852 149.8382  2.00564014 37003
1 41019U 15062A   20325.56796217  .00000027  00000-0  00000-0 0  9993
2 41019  55.4249 110.5076 0062864 209.8032 149.8223  2.00564068 37028
1 41019U 15062A   20326.56512217  .00000033  00000-0  00000-0 0  9997
2 41019  55.4255 110.4680 0062905 209.8282 149.7991  2.00564073 37047
1 41019U 15062A   20328.55943620  .00000034  00000-0  00000-0 0  9995
2 41019  55.4266 110.3888 0062991 209.8874 149.7401  2.00564110 37082
1 41019U 15062A   20329.05801503  .00000033  00000-0  00000+0 0  9992
2 41019  55.4269 110.3690 0062994 209.8982 149.7287  2.00564074 37091
1 41019U 15062A   20329.05801503  .00000033  00000-0  00000-0 0  9993
2 41019  55.4269 110.3690 0062994 209.8982 149.7287  2.00564074 37091
1 41019U 15062A   20330.55374507  .00000024  00000-0  00000-0 0  9999
2 41019  55.4277 110.3097 0063077 209.9550 149.6675  2.00564069 37124
1 41019U 15062A   20331.05232061  .00000021  00000-0  00000-0 0  9990
2 41019  55.4280 110.2899 0063080 209.9544 149.6666  2.00564101 37132
1 41019U 15062A   20332.04947224  .00000015  00000-0  00000-0 0  9997
2 41019  55.4286 110.2504 0063115 209.9840 149.6331  2.00564100 37159
1 41019U 15062A   20333.54519924  .00000009  00000-0  00000-0 0  9998
2 41019  55.4294 110.1911 0063151 210.0242 149.5874  2.00564124 37188
1 41019U 15062A   20335.04093438  .00000009  00000-0  00000-0 0  9992
2 41019  55.4302 110.1318 0063240 210.0831 149.5244  2.00563940 37212
1 41019U 15062A   20335.53950775  .00000011  00000-0  00000-0 0  9995
2 41019  55.4305 110.1120 0063250 210.0834 149.5236  2.00564079 37226
1 41019U 15062A   20336.53666488  .00000015  00000-0  00000-0 0  9995
2 41019  55.4310 110.0725 0063289 210.1082 149.4986  2.00564049 37240
1 41019U 15062A   20338.03240376  .00000026  00000-0  00000-0 0  9998
2 41019  55.4318 110.0132 0063331 210.1536 149.4554  2.00564031 37277
1 41019U 15062A   20338.53098478  .00000029  00000-0  00000-0 0  9990
2 41019  55.4321 109.9934 0063353 210.1663 149.4441  2.00563998 37280
1 41019U 15062A   20340.02672816  .00000039  00000-0  00000-0 0  9992
2 41019  55.4329 109.9341 0063422 210.2232 149.3916  2.00563923 37318
1 41019U 15062A   20341.02388706  .00000043  00000-0  00000-0 0  9990
2 41019  55.4334 109.8945 0063477 210.2693 149.3478  2.00563955 37334
1 41019U 15062A   20342.02104633  .00000043  00000-0  00000-0 0  9996
2 41019  55.4339 109.8550 0063513 210.3026 149.3157  2.00563933 37355
1 41019U 15062A   20344.51393281  .00000027  00000-0  00000+0 0  9992
2 41019  55.4353 109.7559 0063604 210.3783 149.2344  2.00563890 37405
1 41019U 15062A   20344.51393281  .00000027  00000-0  00000-0 0  9993
2 41019  55.4353 109.7559 0063604 210.3783 149.2344  2.00563890 37405
1 41019U 15062A   20345.51108281  .00000014  00000-0  00000-0 0  9994
2 41019  55.4359 109.7163 0063652 210.4188 149.1885  2.00563885 37420
1 41019U 15062A   20346.50823318  .00000001  00000-0  00000-0 0  9995
2 41019  55.4364 109.6767 0063700 210.4622 149.1393  2.00563854 37444
1 41019U 15062A   20347.00680823 -.00000005  00000-0  00000+0 0  9997
2 41019  55.4367 109.6569 0063723 210.4821 149.1167  2.00563854 37453
1 41019U 15062A   20347.00680823 -.00000005  00000-0  00000-0 0  9998
2 41019  55.4367 109.6569 0063723 210.4821 149.1167  2.00563854 37453
1 41019U 15062A   20347.50538323 -.00000011  00000-0  00000-0 0  9997
2 41019  55.4370 109.6371 0063748 210.4969 149.0996  2.00563874 37460
1 41019U 15062A   20349.00111374 -.00000022  00000-0  00000-0 0  9999
2 41019  55.4378 109.5777 0063822 210.5555 149.0370  2.00563891 37490
1 41019U 15062A   20350.49685268 -.00000022  00000-0  00000-0 0  9992
2 41019  55.4388 109.5183 0063850 210.6148 148.9787  2.00563876 37529
1 41019U 15062A   20351.49401253 -.00000018  00000-0  00000-0 0  9998
2 41019  55.4392 109.4787 0063883 210.6442 148.9524  2.00563955 37545
1 41019U 15062A   20353.48834087 -.00000007  00000-0  00000-0 0  9992
2 41019  55.4402 109.3995 0063967 210.7138 148.8903  2.00563904 37581
1 41019U 15062A   20355.48265998 -.00000004  00000-0  00000-0 0  9990
2 41019  55.4413 109.3204 0064057 210.7895 148.8191  2.00564022 37623
1 41019U 15062A   20355.48266198 -.00000004  00000-0  00000-0 0  9993
2 41019  55.4413 109.3204 0064041 210.7896 148.8190  2.00563948 37622
1 41019U 15062A   20357.47697430 -.00000013  00000-0  00000-0 0  9991
2 41019  55.4423 109.2412 0064108 210.8585 148.7496  2.00564035 37663
1 41019U 15062A   20359.47128769 -.00000026  00000-0  00000-0 0  9991
2 41019  55.4433 109.1621 0064215 210.9293 148.6747  2.00563910 37705
1 41019U 15062A   20359.96986229 -.00000028  00000-0  00000-0 0  9990
2 41019  55.4434 109.1423 0064253 210.9653 148.6374  2.00563987 37719
1 41019U 15062A   20361.46559342 -.00000031  00000-0  00000-0 0  9994
2 41019  55.4442 109.0829 0064290 211.0201 148.5804  2.00564048 37748
1 41019U 15062A   20362.46275179 -.00000030  00000-0  00000-0 0  9997
2 41019  55.4446 109.0434 0064333 211.0615 148.5386  2.00563993 37766
1 41019U 15062A   20364.45707151 -.00000019  00000-0  00000-0 0  9995
2 41019  55.4456 108.9643 0064422 211.1481 148.4553  2.00563965 37807
1 41019U 15062A   20364.45707188 -.00000019  00000-0  00000-0 0  9995
2 41019  55.4456 108.9642 0064405 211.1381 148.4655  2.00563965 37809
1 41019U 15062A   20365.95281607 -.00000007  00000-0  00000-0 0  9991
2 41019  55.4463 108.9049 0064465 211.2088 148.4005  2.00563949 37833

