1 43056U 17079B   20092.57519272  .00000029  00000-0  00000-0 0  9994
2 43056  56.3305 283.9031 0002166 290.5808  69.4042  1.70474173 14346
1 43056U 17079B   20094.33495253  .00000028  00000-0  00000+0 0  9990
2 43056  56.3291 283.8548 0002157 289.6220  70.3640  1.70474131 14348
1 43056U 17079B   20094.33495270  .00000028  00000-0  00000-0 0  9990
2 43056  56.3292 283.8548 0002157 289.3853  70.6006  1.70474114 14371
1 43056U 17079B   20099.02759377 -.00000005  00000-0  00000+0 0  9997
2 43056  56.3256 283.7258 0002155 287.0149  72.9428  1.70474108 14421
1 43056U 17079B   20099.61417312 -.00000008  00000-0  00000-0 0  9996
2 43056  56.3250 283.7097 0002162 287.3736  72.5803  1.70474119 14468
1 43056U 17079B   20101.37391751 -.00000013  00000-0  00000+0 0  9996
2 43056  56.3235 283.6613 0002156 285.9789  73.9679  1.70474201 14467
1 43056U 17079B   20101.96050317 -.00000013  00000-0  00000-0 0  9992
2 43056  56.3231 283.6452 0002156 285.9216  74.0247  1.70474191 14505
1 43056U 17079B   20104.30685334 -.00000009  00000-0  00000+0 0  9990
2 43056  56.3213 283.5808 0002160 284.4143  75.5362  1.70474256 14514
1 43056U 17079B   20106.65320507 -.00000011  00000-0  00000+0 0  9991
2 43056  56.3195 283.5165 0002172 282.8339  77.1218  1.70474315 14559
1 43056U 17079B   20106.65320507 -.00000011  00000-0  00000-0 0  9992
2 43056  56.3195 283.5165 0002172 282.8339  77.1218  1.70474315 14582
1 43056U 17079B   20107.23979030 -.00000012  00000-0  00000-0 0  9999
2 43056  56.3189 283.5004 0002176 282.5027  77.4533  1.70474340 14594
1 43056U 17079B   20108.99954205 -.00000017  00000-0  00000+0 0  9994
2 43056  56.3175 283.4522 0002179 281.3406  78.6130  1.70474405 14592
1 43056U 17079B   20109.58612477 -.00000018  00000-0  00000-0 0  9994
2 43056  56.3171 283.4361 0002178 281.0321  78.9197  1.70474404 14631
1 43056U 17079B   20113.69219753 -.00000017  00000-0  00000-0 0  9990
2 43056  56.3147 283.3238 0002197 276.4755  83.4607  1.70474427 14706
1 43056U 17079B   20113.69219765 -.00000017  00000-0  00000+0 0  9992
2 43056  56.3147 283.3238 0002196 276.8031  83.1332  1.70474419 14675
1 43056U 17079B   20113.69219765 -.00000017  00000-0  00000-0 0  9993
2 43056  56.3147 283.3238 0002196 276.8031  83.1332  1.70474419 14709
1 43056U 17079B   20114.27878072 -.00000016  00000-0  00000-0 0  9999
2 43056  56.3142 283.3078 0002204 276.2832  83.6518  1.70474420 14713
1 43056U 17079B   20114.86536452 -.00000014  00000-0  00000+0 0  9994
2 43056  56.3138 283.2918 0002209 275.9702  83.9640  1.70474424 14697
1 43056U 17079B   20116.03853504 -.00000010  00000-0  00000+0 0  9991
2 43056  56.3129 283.2597 0002224 274.8924  85.0420  1.70474419 14717
1 43056U 17079B   20119.55806376  .00000003  00000-0  00000+0 0  9997
2 43056  56.3099 283.1633 0002250 273.1721  86.7733  1.70474374 14770
1 43056U 17079B   20120.14465207  .00000003  00000-0  00000-0 0  9999
2 43056  56.3094 283.1473 0002259 272.7915  87.1559  1.70474363 14810
1 43056U 17079B   20120.14465312  .00000003  00000-0  00000-0 0  9996
2 43056  56.3094 283.1473 0002260 272.7235  87.2239  1.70474332 14819
1 43056U 17079B   20121.31782667  .00000003  00000-0  00000+0 0  9990
2 43056  56.3084 283.1151 0002277 272.1295  87.8200  1.70474328 14807
1 43056U 17079B   20121.31782667  .00000003  00000-0  00000-0 0  9991
2 43056  56.3084 283.1151 0002277 272.1295  87.8200  1.70474328 14830
1 43056U 17079B   20121.90441204  .00000001  00000-0  00000-0 0  9993
2 43056  56.3080 283.0991 0002282 272.0306  87.9189  1.70474328 14843
1 43056U 17079B   20122.49099573 -.00000002  00000-0  00000+0 0  9997
2 43056  56.3076 283.0830 0002294 271.7434  88.2052  1.70474322 14826
1 43056U 17079B   20123.66415930 -.00000010  00000-0  00000-0 0  9996
2 43056  56.3066 283.0509 0002328 270.9171  89.0270  1.70474289 14840
1 43056U 17079B   20124.25073974 -.00000014  00000-0  00000-0 0  9994
2 43056  56.3061 283.0348 0002333 270.8447  89.0963  1.70474286 14887
1 43056U 17079B   20124.83731787 -.00000019  00000-0  00000+0 0  9995
2 43056  56.3056 283.0188 0002359 270.2866  89.6504  1.70474295 14865
1 43056U 17079B   20125.42389726 -.00000024  00000-0  00000-0 0  9990
2 43056  56.3052 283.0027 0002371 270.0710  89.8622  1.70474282 14907
1 43056U 17079B   20126.59705578 -.00000032  00000-0  00000-0 0  9995
2 43056  56.3043 282.9705 0002384 269.6905  90.2356  1.70474302 14927
1 43056U 17079B   20126.59705609 -.00000032  00000-0  00000+0 0  9999
2 43056  56.3043 282.9705 0002382 269.8451  90.0811  1.70474299 14898
1 43056U 17079B   20133.04950644 -.00000035  00000-0  00000+0 0  9991
2 43056  56.2991 282.7939 0002536 266.4220  93.5121  1.70474441 15009
1 43056U 17079B   20133.63609437 -.00000036  00000-0  00000-0 0  9999
2 43056  56.2986 282.7778 0002543 266.2289  93.7072  1.70474455 15041
1 43056U 17079B   20135.98243485 -.00000042  00000-0  00000+0 0  9992
2 43056  56.2966 282.7136 0002591 265.1130  94.8256  1.70474598 15058
1 43056U 17079B   20136.56901837 -.00000043  00000-0  00000-0 0  9991
2 43056  56.2961 282.6975 0002607 264.6351  95.3028  1.70474619 15091
1 43056U 17079B   20136.56901853 -.00000043  00000-0  00000-0 0  9999
2 43056  56.2961 282.6975 0002599 264.8838  95.0542  1.70474603 15094
1 43056U 17079B   20141.26168121 -.00000040  00000-0  00000+0 0  9991
2 43056  56.2923 282.5693 0002728 262.0535  97.8750  1.70474619 15140
1 43056U 17079B   20143.02143741 -.00000034  00000-0  00000+0 0  9991
2 43056  56.2909 282.5213 0002782 261.3480  98.5822  1.70474610 15175
1 43056U 17079B   20143.02143765 -.00000034  00000-0  00000-0 0  9998
2 43056  56.2909 282.5213 0002788 261.1982  98.7319  1.70474604 15206
1 43056U 17079B   20148.30073724 -.00000016  00000-0  00000-0 0  9991
2 43056  56.2865 282.3769 0002931 259.6096 100.3447  1.70474537 15262
1 43056U 17079B   20149.47390999 -.00000018  00000-0  00000-0 0  9998
2 43056  56.2855 282.3449 0002995 259.2455 100.7105  1.70474474 15312
1 43056U 17079B   20149.47391016 -.00000018  00000-0  00000-0 0  9999
2 43056  56.2855 282.3448 0002973 259.3487 100.6075  1.70474493 15285
1 43056U 17079B   20149.47391016 -.00000018  00000-0  00000-0 0  9999
2 43056  56.2855 282.3448 0002973 259.3487 100.6075  1.70474493 15319
1 43056U 17079B   20150.64707642 -.00000024  00000-0  00000-0 0  9993
2 43056  56.2845 282.3127 0003028 259.0258 100.9286  1.70474472 15300
1 43056U 17079B   20151.82024209 -.00000033  00000-0  00000+0 0  9994
2 43056  56.2834 282.2806 0003072 258.8865 101.0634  1.70474352 15329
1 43056U 17079B   20152.40681856 -.00000037  00000-0  00000-0 0  9991
2 43056  56.2830 282.2645 0003079 258.8611 101.0861  1.70474465 15363
1 43056U 17079B   20153.57997741 -.00000045  00000-0  00000+0 0  9991
2 43056  56.2820 282.2324 0003119 258.7217 101.2198  1.70474494 15358
1 43056U 17079B   20157.68607099 -.00000049  00000-0  00000-0 0  9996
2 43056  56.2786 282.1199 0003271 257.8109 102.1318  1.70474564 15427
1 43056U 17079B   20159.44584071 -.00000045  00000-0  00000-0 0  9992
2 43056  56.2766 282.0717 0003330 257.4699 102.4828  1.70474593 15450
1 43056U 17079B   20160.03242875 -.00000045  00000-0  00000-0 0  9992
2 43056  56.2757 282.0557 0003376 257.2212 102.7344  1.70474658 15493
1 43056U 17079B   20163.55195500 -.00000051  00000-0  00000+0 0  9990
2 43056  56.2726 281.9592 0003507 256.4450 103.5202  1.70474578 15524
1 43056U 17079B   20163.55195500 -.00000051  00000-0  00000-0 0  9991
2 43056  56.2726 281.9592 0003507 256.4450 103.5202  1.70474578 15557
1 43056U 17079B   20166.48486709 -.00000051  00000-0  00000+0 0  9999
2 43056  56.2702 281.8791 0003601 255.7082 104.2539  1.70474724 15575
1 43056U 17079B   20166.48486730 -.00000051  00000-0  00000-0 0  9994
2 43056  56.2698 281.8791 0003591 255.8220 104.1402  1.70474720 15600
1 43056U 17079B   20168.24461764 -.00000046  00000-0  00000+0 0  9993
2 43056  56.2688 281.8310 0003630 255.5970 104.3642  1.70474752 15602
1 43056U 17079B   20169.41778770 -.00000041  00000-0  00000+0 0  9996
2 43056  56.2678 281.7989 0003672 255.4009 104.5617  1.70474755 15629
1 43056U 17079B   20170.00437429 -.00000038  00000-0  00000-0 0  9993
2 43056  56.2677 281.7828 0003664 255.5044 104.4600  1.70474755 15666
1 43056U 17079B   20170.59096166 -.00000035  00000-0  00000+0 0  9992
2 43056  56.2669 281.7666 0003668 255.3945 104.5721  1.70474741 15647
1 43056U 17079B   20172.35072805 -.00000025  00000-0  00000+0 0  9991
2 43056  56.2643 281.7184 0003689 255.3149 104.6613  1.70474737 15672
1 43056U 17079B   20173.52391002 -.00000019  00000-0  00000+0 0  9997
2 43056  56.2641 281.6863 0003724 255.3723 104.6114  1.70474690 15697
1 43056U 17079B   20173.52391002 -.00000019  00000-0  00000-0 0  9998
2 43056  56.2641 281.6863 0003724 255.3723 104.6114  1.70474690 15721
1 43056U 17079B   20174.69709052 -.00000014  00000-0  00000+0 0  9999
2 43056  56.2631 281.6542 0003750 255.3483 104.6426  1.70474652 15719
1 43056U 17079B   20175.28367977 -.00000013  00000-0  00000-0 0  9991
2 43056  56.2640 281.6383 0003852 255.2349 104.7580  1.70474608 15752
1 43056U 17079B   20178.21660411 -.00000020  00000-0  00000+0 0  9993
2 43056  56.2614 281.5579 0003967 255.2360 104.7595  1.70474565 15779
1 43056U 17079B   20179.38976597 -.00000027  00000-0  00000+0 0  9994
2 43056  56.2605 281.5258 0004004 255.3664 104.6249  1.70474545 15799
1 43056U 17079B   20181.14950638 -.00000037  00000-0  00000+0 0  9990
2 43056  56.2592 281.4774 0004043 255.4887 104.4953  1.70474543 15829
1 43056U 17079B   20182.32267097 -.00000041  00000-0  00000+0 0  9996
2 43056  56.2581 281.4453 0004114 255.5219 104.4590  1.70474520 15844
1 43056U 17079B   20182.90925523 -.00000041  00000-0  00000-0 0  9996
2 43056  56.2577 281.4293 0004133 255.5517 104.4291  1.70474522 15887
1 43056U 17079B   20185.25560505 -.00000036  00000-0  00000+0 0  9995
2 43056  56.2558 281.3650 0004218 255.5262 104.4624  1.70474558 15893
1 43056U 17079B   20187.01537387 -.00000032  00000-0  00000+0 0  9999
2 43056  56.2544 281.3167 0004312 255.5004 104.4981  1.70474614 15923
1 43056U 17079B   20189.94831262 -.00000034  00000-0  00000+0 0  9994
2 43056  56.2520 281.2363 0004418 255.5763 104.4326  1.70474667 15979
1 43056U 17079B   20192.88123011 -.00000036  00000-0  00000+0 0  9999
2 43056  56.2497 281.1560 0004505 255.3996 104.6073  1.70474714 16024
1 43056U 17079B   20195.22756039 -.00000029  00000-0  00000+0 0  9994
2 43056  56.2479 281.0916 0004577 255.3450 104.6588  1.70474750 16067
1 43056U 17079B   20195.81414550 -.00000027  00000-0  00000-0 0  9997
2 43056  56.2475 281.0756 0004621 255.3407 104.6629  1.70474714 16108
1 43056U 17079B   20197.57390257 -.00000017  00000-0  00000+0 0  9997
2 43056  56.2461 281.0273 0004662 255.3958 104.6109  1.70474710 16102
1 43056U 17079B   20197.57390257 -.00000017  00000-0  00000-0 0  9998
2 43056  56.2461 281.0273 0004662 255.3958 104.6109  1.70474710 16135
1 43056U 17079B   20198.16049032 -.00000013  00000-0  00000-0 0  9992
2 43056  56.2457 281.0112 0004687 255.4326 104.5761  1.70474694 16144
1 43056U 17079B   20199.92025789 -.00000002  00000-0  00000+0 0  9997
2 43056  56.2443 280.9629 0004738 255.6156 104.4019  1.70474642 16148
1 43056U 17079B   20204.02637577  .00000011  00000-0  00000+0 0  9998
2 43056  56.2410 280.8502 0004870 255.9078 104.1266  1.70474516 16213
1 43056U 17079B   20210.47876823 -.00000014  00000-0  00000-0 0  9998
2 43056  56.2363 280.6728 0005083 256.9479 103.0642  1.70474455 16321
1 43056U 17079B   20212.23852919 -.00000010  00000-0  00000+0 0  9999
2 43056  56.2353 280.6244 0005140 257.1544 102.8615  1.70474441 16358
1 43056U 17079B   20214.58488546 -.00000004  00000-0  00000+0 0  9993
2 43056  56.2337 280.5599 0005230 257.3389 102.6870  1.70474445 16390
1 43056U 17079B   20215.17147302 -.00000004  00000-0  00000-0 0  9992
2 43056  56.2327 280.5437 0005222 257.4187 102.6096  1.70474478 16439
1 43056U 17079B   20215.75806034 -.00000005  00000-0  00000+0 0  9990
2 43056  56.2322 280.5275 0005249 257.5387 102.4911  1.70474485 16416
1 43056U 17079B   20216.93123155 -.00000007  00000-0  00000+0 0  9999
2 43056  56.2314 280.4952 0005286 257.6709 102.3602  1.70474513 16438
1 43056U 17079B   20216.93123164 -.00000007  00000-0  00000-0 0  9990
2 43056  56.2314 280.4952 0005298 257.7008 102.3302  1.70474512 16463
1 43056U 17079B   20218.69098117 -.00000010  00000-0  00000+0 0  9997
2 43056  56.2301 280.4469 0005337 257.8331 102.1957  1.70474569 16462
1 43056U 17079B   20219.86414515 -.00000010  00000-0  00000+0 0  9991
2 43056  56.2293 280.4147 0005364 257.8920 102.1334  1.70474573 16485
1 43056U 17079B   20223.97022242  .00000004  00000-0  00000+0 0  9992
2 43056  56.2262 280.3020 0005478 258.0770 101.9394  1.70474570 16550
1 43056U 17079B   20226.90315750  .00000022  00000-0  00000+0 0  9997
2 43056  56.2242 280.2214 0005573 258.7041 101.3187  1.70474494 16601
1 43056U 17079B   20228.66292306  .00000033  00000-0  00000-0 0  9996
2 43056  56.2229 280.1730 0005642 259.1763 100.8534  1.70474432 16636
1 43056U 17079B   20231.00926920  .00000037  00000-0  00000+0 0  9997
2 43056  56.2211 280.1086 0005665 259.3647 100.6698  1.70474384 16678
1 43056U 17079B   20232.18243501  .00000034  00000-0  00000+0 0  9991
2 43056  56.2201 280.0763 0005675 259.5117 100.5205  1.70474361 16693
1 43056U 17079B   20232.18243509  .00000034  00000-0  00000-0 0  9990
2 43056  56.2202 280.0763 0005681 259.5859 100.4462  1.70474336 16724
1 43056U 17079B   20233.35559587  .00000028  00000-0  00000+0 0  9998
2 43056  56.2193 280.0441 0005695 259.7419 100.2844  1.70474318 16716
1 43056U 17079B   20236.28848943  .00000012  00000-0  00000+0 0  9993
2 43056  56.2172 279.9633 0005755 260.3860  99.6207  1.70474261 16764
1 43056U 17079B   20238.04823645  .00000010  00000-0  00000+0 0  9999
2 43056  56.2159 279.9149 0005790 260.7824  99.2187  1.70474248 16795
1 43056U 17079B   20238.63482059  .00000011  00000-0  00000-0 0  9996
2 43056  56.2155 279.8988 0005816 260.9967  99.0041  1.70474267 16833
1 43056U 17079B   20241.56775785  .00000017  00000-0  00000+0 0  9998
2 43056  56.2134 279.8181 0005877 261.4271  98.5805  1.70474307 16855
1 43056U 17079B   20243.32751802  .00000015  00000-0  00000+0 0  9996
2 43056  56.2122 279.7697 0005907 261.7326  98.2776  1.70474326 16889
1 43056U 17079B   20243.91410312  .00000013  00000-0  00000-0 0  9998
2 43056  56.2117 279.7536 0005909 261.7402  98.2697  1.70474324 16927
1 43056U 17079B   20246.26043359  .00000007  00000-0  00000+0 0  9994
2 43056  56.2101 279.6891 0005930 262.0748  97.9283  1.70474348 16938
1 43056U 17079B   20247.43359457  .00000006  00000-0  00000+0 0  9992
2 43056  56.2093 279.6569 0005941 262.2211  97.7766  1.70474377 16957
1 43056U 17079B   20247.43359457  .00000006  00000-0  00000-0 0  9993
2 43056  56.2093 279.6569 0005941 262.2211  97.7766  1.70474377 16980
1 43056U 17079B   20248.02017503  .00000006  00000-0  00000-0 0  9992
2 43056  56.2090 279.6408 0005952 262.2775  97.7172  1.70474394 16997
1 43056U 17079B   20248.02017518  .00000006  00000-0  00000-0 0  9998
2 43056  56.2089 279.6408 0005946 262.2488  97.7460  1.70474383 16997
1 43056U 17079B   20250.36650107  .00000013  00000-0  00000+0 0  9992
2 43056  56.2073 279.5764 0005988 262.5941  97.3914  1.70474385 17002
1 43056U 17079B   20250.36650114  .00000013  00000-0  00000-0 0  9991
2 43056  56.2073 279.5763 0005991 262.6018  97.3836  1.70474384 17036
1 43056U 17079B   20253.29942667  .00000028  00000-0  00000+0 0  9998
2 43056  56.2053 279.4957 0006021 263.1714  96.8134  1.70474325 17054
1 43056U 17079B   20253.88601407  .00000032  00000-0  00000-0 0  9993
2 43056  56.2051 279.4795 0006024 263.2238  96.7623  1.70474316 17093
1 43056U 17079B   20255.64577869  .00000041  00000-0  00000+0 0  9992
2 43056  56.2038 279.4311 0006038 263.6196  96.3716  1.70474257 17097
1 43056U 17079B   20256.23236636  .00000043  00000-0  00000-0 0  9995
2 43056  56.2035 279.4150 0006040 263.6877  96.3051  1.70474253 17137
1 43056U 17079B   20257.99212589  .00000046  00000-0  00000+0 0  9992
2 43056  56.2021 279.3666 0006068 264.1017  95.8924  1.70474165 17130
1 43056U 17079B   20260.33845271  .00000037  00000-0  00000+0 0  9994
2 43056  56.2004 279.3020 0006100 264.6952  95.2894  1.70474103 17171
1 43056U 17079B   20260.92503193  .00000033  00000-0  00000-0 0  9990
2 43056  56.1999 279.2858 0006098 264.7583  95.2222  1.70474089 17211
1 43056U 17079B   20263.27134491  .00000018  00000-0  00000+0 0  9994
2 43056  56.1984 279.2211 0006119 265.4080  94.5541  1.70474043 17229
1 43056U 17079B   20265.03108884  .00000013  00000-0  00000+0 0  9992
2 43056  56.1972 279.1726 0006127 265.9109  94.0428  1.70474027 17256
1 43056U 17079B   20266.20425939  .00000013  00000-0  00000+0 0  9995
2 43056  56.1963 279.1404 0006128 266.0239  93.9286  1.70474020 17271
1 43056U 17079B   20266.79084594  .00000014  00000-0  00000-0 0  9999
2 43056  56.1958 279.1242 0006132 266.1941  93.7588  1.70474032 17312
1 43056U 17079B   20266.79084617  .00000014  00000-0  00000-0 0  9995
2 43056  56.1958 279.1242 0006134 266.2228  93.7301  1.70474025 17318
1 43056U 17079B   20269.13719746  .00000015  00000-0  00000-0 0  9995
2 43056  56.1942 279.0597 0006153 266.7008  93.2567  1.70474063 17350
1 43056U 17079B   20269.72378426  .00000014  00000-0  00000-0 0  9995
2 43056  56.1938 279.0436 0006161 266.9020  93.0562  1.70474085 17360
1 43056U 17079B   20270.31037083  .00000012  00000-0  00000-0 0  9991
2 43056  56.1935 279.0275 0006162 266.9499  93.0087  1.70474088 17342
1 43056U 17079B   20270.89695566  .00000010  00000-0  00000-0 0  9998
2 43056  56.1931 279.0113 0006167 267.0519  92.9063  1.70474104 17384
1 43056U 17079B   20272.07012471  .00000005  00000-0  00000+0 0  9991
2 43056  56.1924 278.9791 0006166 267.4178  92.5379  1.70474100 17371
1 43056U 17079B   20273.24328911  .00000001  00000-0  00000-0 0  9997
2 43056  56.1913 278.9469 0006155 267.7196  92.2316  1.70474125 17423
1 43056U 17079B   20273.24328932  .00000001  00000-0  00000+0 0  9999
2 43056  56.1914 278.9469 0006162 267.6124  92.3388  1.70474107 17398
1 43056U 17079B   20275.58961392 -.00000002  00000-0  00000+0 0  9993
2 43056  56.1896 278.8825 0006147 268.0450  91.8943  1.70474141 17436
1 43056U 17079B   20276.17619560 -.00000002  00000-0  00000-0 0  9997
2 43056  56.1892 278.8665 0006146 268.2770  91.6595  1.70474146 17470
1 43056U 17079B   20277.93594382  .00000003  00000-0  00000+0 0  9995
2 43056  56.1880 278.8182 0006150 268.6424  91.2882  1.70474144 17479
1 43056U 17079B   20280.28228736  .00000014  00000-0  00000+0 0  9996
2 43056  56.1863 278.7539 0006144 269.3113  90.6190  1.70474111 17515
1 43056U 17079B   20280.86887532  .00000017  00000-0  00000-0 0  9999
2 43056  56.1859 278.7377 0006142 269.3343  90.5973  1.70474101 17554
1 43056U 17079B   20282.62864279  .00000025  00000-0  00000-0 0  9997
2 43056  56.1847 278.6894 0006129 269.8942  90.0427  1.70474042 17552
1 43056U 17079B   20284.97499614  .00000030  00000-0  00000+0 0  9999
2 43056  56.1831 278.6250 0006124 270.4320  89.5097  1.70473956 17597
1 43056U 17079B   20285.56158213  .00000030  00000-0  00000-0 0  9993
2 43056  56.1826 278.6089 0006122 270.6030  89.3385  1.70473937 17631
1 43056U 17079B   20286.73474940  .00000025  00000-0  00000+0 0  9994
2 43056  56.1817 278.5767 0006123 271.1668  88.7714  1.70473886 17628
1 43056U 17079B   20288.49449112  .00000013  00000-0  00000-0 0  9990
2 43056  56.1804 278.5283 0006123 271.5491  88.3786  1.70473851 17688
1 43056U 17079B   20288.49449184  .00000013  00000-0  00000+0 0  9998
2 43056  56.1803 278.5283 0006122 271.4123  88.5155  1.70473850 17655
1 43056U 17079B   20289.66765062  .00000004  00000-0  00000+0 0  9994
2 43056  56.1796 278.4960 0006121 271.7377  88.1813  1.70473821 17677
1 43056U 17079B   20292.01397536 -.00000007  00000-0  00000+0 0  9998
2 43056  56.1779 278.4315 0006101 272.4862  87.4204  1.70473828 17715
1 43056U 17079B   20292.60056095 -.00000008  00000-0  00000-0 0  9997
2 43056  56.1774 278.4153 0006097 272.5423  87.3633  1.70473817 17755
1 43056U 17079B   20293.77373535 -.00000007  00000-0  00000-0 0  9996
2 43056  56.1765 278.3831 0006088 272.7498  87.1564  1.70473814 17748
1 43056U 17079B   20293.77373535 -.00000007  00000-0  00000-0 0  9996
2 43056  56.1765 278.3831 0006088 272.7498  87.1564  1.70473814 17771
1 43056U 17079B   20294.36032456 -.00000007  00000-0  00000-0 0  9996
2 43056  56.1761 278.3670 0006085 272.9006  87.0069  1.70473810 17788
1 43056U 17079B   20294.36032464 -.00000007  00000-0  00000-0 0  9995
2 43056  56.1761 278.3670 0006084 273.0375  86.8699  1.70473807 17780
1 43056U 17079B   20294.94691421 -.00000007  00000-0  00000-0 0  9993
2 43056  56.1757 278.3509 0006081 273.0821  86.8270  1.70473814 17793
1 43056U 17079B   20297.29327194 -.00000010  00000-0  00000+0 0  9990
2 43056  56.1739 278.2865 0006068 273.6379  86.2778  1.70473843 17807
1 43056U 17079B   20299.63961670 -.00000021  00000-0  00000+0 0  9995
2 43056  56.1720 278.2221 0006040 274.2473  85.6673  1.70473890 17848
1 43056U 17079B   20300.22620095 -.00000024  00000-0  00000-0 0  9990
2 43056  56.1716 278.2060 0006018 274.7325  85.1807  1.70473903 17883
1 43056U 17079B   20301.39936743 -.00000028  00000-0  00000-0 0  9993
2 43056  56.1707 278.1738 0005995 275.0377  84.8713  1.70473924 17872
1 43056U 17079B   20303.15911696 -.00000029  00000-0  00000-0 0  9990
2 43056  56.1694 278.1256 0005966 275.4280  84.4745  1.70473937 17906
1 43056U 17079B   20303.15911696 -.00000029  00000-0  00000-0 0  9990
2 43056  56.1694 278.1256 0005966 275.4280  84.4745  1.70473937 17939
1 43056U 17079B   20307.26522210 -.00000015  00000-0  00000+0 0  9990
2 43056  56.1663 278.0132 0005908 276.5424  83.3589  1.70473908 17971
1 43056U 17079B   20307.26522262 -.00000015  00000-0  00000-0 0  9998
2 43056  56.1663 278.0131 0005907 276.5656  83.3356  1.70473896 18009
1 43056U 17079B   20307.85181268 -.00000012  00000-0  00000-0 0  9997
2 43056  56.1658 277.9971 0005893 276.8435  83.0598  1.70473887 18011
1 43056U 17079B   20309.02499374 -.00000006  00000-0  00000+0 0  9990
2 43056  56.1649 277.9649 0005860 277.3071  82.6017  1.70473885 18007
1 43056U 17079B   20309.61158590 -.00000003  00000-0  00000-0 0  9995
2 43056  56.1645 277.9488 0005860 277.4158  82.4958  1.70473851 18040
1 43056U 17079B   20310.19817827 -.00000001  00000-0  00000+0 0  9992
2 43056  56.1641 277.9327 0005854 277.5389  82.3756  1.70473809 18024
1 43056U 17079B   20310.19817827 -.00000001  00000-0  00000-0 0  9993
2 43056  56.1641 277.9327 0005854 277.5389  82.3756  1.70473809 18057
1 43056U 17079B   20314.30429747 -.00000002  00000+0  00000+0 0  9999
2 43056  56.1609 277.8201 0005808 278.8000  81.1212  1.70473694 18128
1 43056U 17079B   20316.06404454 -.00000014  00000+0  00000+0 0  9995
2 43056  56.1593 277.7718 0005804 279.2859  80.6274  1.70473678 18152
1 43056U 17079B   20316.65062751 -.00000018  00000-0  00000-0 0  9996
2 43056  56.1589 277.7557 0005794 279.5207  80.3894  1.70473638 18168
1 43056U 17079B   20319.58354915 -.00000031  00000-0  00000-0 0  9992
2 43056  56.1567 277.6750 0005737 280.5607  79.3400  1.70473578 18211
1 43056U 17079B   20321.34331650 -.00000031  00000-0  00000-0 0  9990
2 43056  56.1554 277.6267 0005686 281.3049  78.6003  1.70473636 18218
1 43056U 17079B   20321.92990805 -.00000030  00000-0  00000-0 0  9996
2 43056  56.1550 277.6106 0005677 281.4719  78.4360  1.70473642 18256
1 43056U 17079B   20323.10309282 -.00000030  00000-0  00000+0 0  9990
2 43056  56.1543 277.5784 0005657 281.8959  78.0181  1.70473647 18248
1 43056U 17079B   20324.27627756 -.00000032  00000-0  00000+0 0  9990
2 43056  56.1533 277.5462 0005628 282.3493  77.5704  1.70473644 18261
1 43056U 17079B   20326.62263456 -.00000041  00000-0  00000+0 0  9994
2 43056  56.1513 277.4818 0005575 283.1506  76.7738  1.70473683 18304
1 43056U 17079B   20328.96897785 -.00000050  00000-0  00000+0 0  9991
2 43056  56.1494 277.4175 0005509 283.9066  76.0149  1.70473738 18348
1 43056U 17079B   20329.55556232 -.00000050  00000-0  00000-0 0  9997
2 43056  56.1490 277.4014 0005494 284.0410  75.8793  1.70473767 18382
1 43056U 17079B   20331.31532073 -.00000048  00000-0  00000+0 0  9997
2 43056  56.1474 277.3532 0005444 284.5435  75.3749  1.70473781 18387
1 43056U 17079B   20333.07508563 -.00000040  00000-0  00000+0 0  9991
2 43056  56.1458 277.3051 0005411 284.9881  74.9322  1.70473775 18417
1 43056U 17079B   20333.07508563 -.00000040  00000-0  00000-0 0  9992
2 43056  56.1458 277.3051 0005411 284.9881  74.9322  1.70473775 18440
1 43056U 17079B   20338.94101109 -.00000009  00000-0  00000+0 0  9992
2 43056  56.1410 277.1444 0005271 286.9579  72.9958  1.70473672 18519
1 43056U 17079B   20338.94101109 -.00000009  00000-0  00000-0 0  9993
2 43056  56.1410 277.1444 0005271 286.9579  72.9958  1.70473672 18542
1 43056U 17079B   20340.11419310 -.00000008  00000-0  00000+0 0  9999
2 43056  56.1399 277.1122 0005248 287.4367  72.5216  1.70473630 18532
1 43056U 17079B   20340.11419310 -.00000008  00000-0  00000-0 0  9990
2 43056  56.1399 277.1122 0005248 287.4367  72.5216  1.70473630 18565
1 43056U 17079B   20341.28737032 -.00000010  00000-0  00000+0 0  9995
2 43056  56.1389 277.0801 0005226 287.8523  72.1072  1.70473581 18551
1 43056U 17079B   20341.28737032 -.00000010  00000-0  00000-0 0  9996
2 43056  56.1389 277.0801 0005226 287.8523  72.1072  1.70473581 18584
1 43056U 17079B   20343.04712593 -.00000019  00000-0  00000+0 0  9995
2 43056  56.1374 277.0318 0005193 288.5579  71.3978  1.70473542 18586
1 43056U 17079B   20343.04712593 -.00000019  00000-0  00000-0 0  9996
2 43056  56.1374 277.0318 0005193 288.5579  71.3978  1.70473542 18610
1 43056U 17079B   20344.22029327 -.00000027  00000-0  00000+0 0  9991
2 43056  56.1365 276.9995 0005167 289.0060  70.9453  1.70473530 18600
1 43056U 17079B   20344.22029327 -.00000027  00000-0  00000-0 0  9992
2 43056  56.1365 276.9995 0005167 289.0060  70.9453  1.70473530 18633
1 43056U 17079B   20344.80687749 -.00000030  00000-0  00000-0 0  9998
2 43056  56.1359 276.9834 0005152 289.2276  70.7217  1.70473521 18640
1 43056U 17079B   20348.32640649 -.00000033  00000-0  00000+0 0  9999
2 43056  56.1330 276.8868 0005067 290.4971  69.4552  1.70473530 18676
1 43056U 17079B   20348.32640649 -.00000033  00000-0  00000-0 0  9990
2 43056  56.1330 276.8868 0005067 290.4971  69.4552  1.70473530 18700
1 43056U 17079B   20348.91299941 -.00000032  00000-0  00000-0 0  9999
2 43056  56.1325 276.8707 0005049 290.7741  69.1815  1.70473536 18710
1 43056U 17079B   20351.25937269 -.00000030  00000-0  00000+0 0  9999
2 43056  56.1306 276.8062 0004993 291.5382  68.4321  1.70473588 18722
1 43056U 17079B   20351.25937269 -.00000030  00000-0  00000-0 0  9990
2 43056  56.1306 276.8062 0004993 291.5382  68.4321  1.70473588 18755
1 43056U 17079B   20352.43255823 -.00000033  00000-0  00000+0 0  9992
2 43056  56.1296 276.7740 0004964 291.9356  68.0402  1.70473563 18746
1 43056U 17079B   20354.19232303 -.00000040  00000-0  00000+0 0  9993
2 43056  56.1281 276.7257 0004911 292.6258  67.3535  1.70473690 18777
1 43056U 17079B   20354.19232303 -.00000040  00000-0  00000-0 0  9994
2 43056  56.1281 276.7257 0004911 292.6258  67.3535  1.70473690 18801
1 43056U 17079B   20355.95208456 -.00000045  00000-0  00000+0 0  9995
2 43056  56.1266 276.6774 0004853 293.2559  66.7226  1.70473689 18801
1 43056U 17079B   20355.95208456 -.00000045  00000-0  00000-0 0  9996
2 43056  56.1266 276.6774 0004853 293.2559  66.7226  1.70473689 18834
1 43056U 17079B   20357.12525655 -.00000045  00000-0  00000+0 0  9999
2 43056  56.1256 276.6452 0004814 293.6197  66.3575  1.70473718 18820
1 43056U 17079B   20357.12525655 -.00000045  00000-0  00000-0 0  9990
2 43056  56.1256 276.6452 0004814 293.6197  66.3575  1.70473718 18853
1 43056U 17079B   20358.29842925 -.00000042  00000-0  00000+0 0  9997
2 43056  56.1247 276.6130 0004780 293.9209  66.0558  1.70473749 18846
1 43056U 17079B   20358.88501661 -.00000039  00000-0  00000-0 0  9998
2 43056  56.1242 276.5969 0004764 294.0830  65.8940  1.70473766 18889
1 43056U 17079B   20360.05819388 -.00000033  00000-0  00000+0 0  9991
2 43056  56.1233 276.5647 0004735 294.4114  65.5678  1.70473780 18879
1 43056U 17079B   20360.05819388 -.00000033  00000-0  00000-0 0  9992
2 43056  56.1233 276.5647 0004735 294.4114  65.5678  1.70473780 18903
1 43056U 17079B   20362.99115406 -.00000013  00000-0  00000+0 0  9994
2 43056  56.1209 276.4842 0004642 295.6635  64.3307  1.70473758 18923
1 43056U 17079B   20362.99115406 -.00000013  00000-0  00000-0 0  9995
2 43056  56.1209 276.4842 0004642 295.6635  64.3307  1.70473758 18956
1 43056U 17079B   20365.33752858  .00000002  00000-0  00000+0 0  9990
2 43056  56.1189 276.4198 0004581 296.4539  63.5570  1.70473719 18962
1 43056U 17079B   20365.33752858  .00000002  00000-0  00000-0 0  9991
2 43056  56.1189 276.4198 0004581 296.4539  63.5570  1.70473719 18995

