1 43058U 17079D   20002.68077426 -.00000035  00000-0  00000+0 0  9996
2 43058  56.3994 286.3709 0004701 280.1449  79.8369  1.70473651 12798
1 43058U 17079D   20005.02712649 -.00000028  00000-0  00000+0 0  9992
2 43058  56.3975 286.3065 0004620 280.6315  79.3499  1.70473630 12830
1 43058U 17079D   20006.20030644 -.00000023  00000-0  00000+0 0  9996
2 43058  56.3965 286.2744 0004582 280.9249  79.0586  1.70473608 12859
1 43058U 17079D   20006.78689748 -.00000021  00000-0  00000-0 0  9993
2 43058  56.3960 286.2583 0004569 281.0189  78.9664  1.70473599 12893
1 43058U 17079D   20008.54667616 -.00000012  00000-0  00000+0 0  9998
2 43058  56.3945 286.2101 0004505 281.5634  78.4307  1.70473571 12891
1 43058U 17079D   20008.54667616 -.00000012  00000-0  00000-0 0  9999
2 43058  56.3945 286.2101 0004505 281.5634  78.4307  1.70473571 12925
1 43058U 17079D   20010.89305276 -.00000003  00000-0  00000+0 0  9990
2 43058  56.3924 286.1458 0004428 282.1451  77.8636  1.70473525 12932
1 43058U 17079D   20013.23941759 -.00000005  00000-0  00000+0 0  9995
2 43058  56.3903 286.0814 0004361 282.7173  77.2987  1.70473490 12975
1 43058U 17079D   20020.86504683 -.00000026  00000-0  00000+0 0  9996
2 43058  56.3843 285.8720 0004123 284.9613  75.0446  1.70473598 13101
1 43058U 17079D   20020.86504683 -.00000026  00000-0  00000-0 0  9997
2 43058  56.3843 285.8720 0004123 284.9613  75.0446  1.70473598 13134
1 43058U 17079D   20022.03823362 -.00000021  00000-0  00000-0 0  9991
2 43058  56.3829 285.8398 0004084 285.2436  74.7686  1.70473622 13154
1 43058U 17079D   20023.21142072 -.00000017  00000-0  00000+0 0  9998
2 43058  56.3819 285.8076 0004042 285.6071  74.4122  1.70473669 13141
1 43058U 17079D   20023.21142073 -.00000017  00000-0  00000-0 0  9990
2 43058  56.3819 285.8076 0004038 285.6240  74.3953  1.70473674 13174
1 43058U 17079D   20023.79801239 -.00000016  00000-0  00000-0 0  9998
2 43058  56.3814 285.7915 0004053 285.6189  74.4033  1.70473707 13187
1 43058U 17079D   20025.55778729 -.00000014  00000-0  00000+0 0  9998
2 43058  56.3801 285.7432 0004027 285.9798  74.0493  1.70473742 13182
1 43058U 17079D   20027.90414278 -.00000013  00000-0  00000+0 0  9994
2 43058  56.3781 285.6788 0003904 286.5398  73.4918  1.70473781 13221
1 43058U 17079D   20029.07731583 -.00000012  00000-0  00000+0 0  9994
2 43058  56.3772 285.6467 0003859 286.6829  73.3472  1.70473787 13246
1 43058U 17079D   20030.25048786 -.00000009  00000-0  00000+0 0  9998
2 43058  56.3762 285.6145 0003796 286.9512  73.0770  1.70473780 13263
1 43058U 17079D   20032.01024766 -.00000003  00000-0  00000+0 0  9990
2 43058  56.3747 285.5661 0003729 287.1672  72.8586  1.70473750 13296
1 43058U 17079D   20034.94319237  .00000011  00000-0  00000+0 0  9992
2 43058  56.3723 285.4855 0003646 287.6070  72.4229  1.70473715 13346
1 43058U 17079D   20034.94319237  .00000011  00000-0  00000-0 0  9993
2 43058  56.3723 285.4855 0003646 287.6070  72.4229  1.70473715 13379
1 43058U 17079D   20037.87615088  .00000024  00000-0  00000+0 0  9994
2 43058  56.3699 285.4049 0003559 288.1302  71.9132  1.70473701 13397
1 43058U 17079D   20040.22250854  .00000024  00000-0  00000-0 0  9994
2 43058  56.3680 285.3404 0003490 288.4442  71.6043  1.70473699 13432
1 43058U 17079D   20042.56884557  .00000011  00000-0  00000+0 0  9991
2 43058  56.3661 285.2758 0003446 288.7659  71.2744  1.70473668 13470
1 43058U 17079D   20043.74200885  .00000003  00000-0  00000+0 0  9999
2 43058  56.3651 285.2435 0003421 288.9834  71.0497  1.70473672 13491
1 43058U 17079D   20050.19446675  .00000007  00000-0  00000+0 0  9999
2 43058  56.3601 285.0660 0003250 289.7197  70.3118  1.70473845 13602
1 43058U 17079D   20050.78105759  .00000008  00000-0  00000-0 0  9991
2 43058  56.3596 285.0498 0003241 289.6895  70.3441  1.70473857 13644
1 43058U 17079D   20051.36764772  .00000009  00000-0  00000+0 0  9992
2 43058  56.3592 285.0338 0003229 289.5343  70.5012  1.70473881 13627
1 43058U 17079D   20051.36764772  .00000009  00000-0  00000-0 0  9993
2 43058  56.3592 285.0338 0003229 289.5343  70.5012  1.70473881 13650
1 43058U 17079D   20051.95423718  .00000009  00000-0  00000-0 0  9990
2 43058  56.3587 285.0176 0003212 289.6133  70.4238  1.70473899 13663
1 43058U 17079D   20052.54082578  .00000009  00000-0  00000+0 0  9990
2 43058  56.3583 285.0015 0003198 289.6521  70.3859  1.70473916 13641
1 43058U 17079D   20052.54082578  .00000009  00000-0  00000-0 0  9991
2 43058  56.3583 285.0015 0003198 289.6521  70.3859  1.70473916 13674
1 43058U 17079D   20054.88717134  .00000008  00000-0  00000+0 0  9991
2 43058  56.3566 284.9371 0003128 289.7155  70.3209  1.70473965 13689
1 43058U 17079D   20054.88717134  .00000008  00000-0  00000-0 0  9992
2 43058  56.3566 284.9371 0003128 289.7155  70.3209  1.70473965 13713
1 43058U 17079D   20056.64692265  .00000009  00000-0  00000-0 0  9996
2 43058  56.3553 284.8888 0003074 289.5175  70.5131  1.70473990 13715
1 43058U 17079D   20057.23350569  .00000010  00000-0  00000-0 0  9992
2 43058  56.3548 284.8727 0003057 289.3973  70.6311  1.70473997 13758
1 43058U 17079D   20058.99325671  .00000014  00000-0  00000+0 0  9995
2 43058  56.3535 284.8244 0003014 289.0566  70.9655  1.70473979 13750
1 43058U 17079D   20059.57984018  .00000016  00000-0  00000-0 0  9999
2 43058  56.3530 284.8082 0003007 288.9152  71.1053  1.70473994 13792
1 43058U 17079D   20062.51277440  .00000029  00000-0  00000+0 0  9994
2 43058  56.3509 284.7276 0002947 288.7647  71.2558  1.70473954 13811
1 43058U 17079D   20063.09936303  .00000032  00000-0  00000-0 0  9993
2 43058  56.3504 284.7115 0002926 288.7233  71.2988  1.70473957 13850
1 43058U 17079D   20067.20548380  .00000039  00000-0  00000-0 0  9991
2 43058  56.3472 284.5984 0002834 288.1404  71.8897  1.70473881 13893
1 43058U 17079D   20069.55181382  .00000025  00000-0  00000-0 0  9991
2 43058  56.3454 284.5338 0002802 287.7905  72.2290  1.70473862 13938
1 43058U 17079D   20069.55181382  .00000025  00000-0  00000-0 0  9991
2 43058  56.3454 284.5338 0002802 287.7905  72.2290  1.70473862 13961
1 43058U 17079D   20070.72497261  .00000016  00000-0  00000+0 0  9997
2 43058  56.3445 284.5014 0002795 287.8033  72.2073  1.70473865 13957
1 43058U 17079D   20071.31155222  .00000012  00000-0  00000-0 0  9998
2 43058  56.3440 284.4853 0002791 287.8668  72.1393  1.70473863 13998
1 43058U 17079D   20071.89813178  .00000009  00000-0  00000+0 0  9997
2 43058  56.3436 284.4691 0002776 287.6909  72.3110  1.70473875 13972
1 43058U 17079D   20071.89813178  .00000009  00000-0  00000-0 0  9998
2 43058  56.3436 284.4691 0002776 287.6909  72.3110  1.70473875 14007
1 43058U 17079D   20074.24446208  .00000004  00000-0  00000-0 0  9991
2 43058  56.3416 284.4044 0002732 287.4020  72.5900  1.70473930 14013
1 43058U 17079D   20076.59081211  .00000009  00000-0  00000+0 0  9994
2 43058  56.3402 284.3400 0002708 286.8622  73.1320  1.70474000 14053
1 43058U 17079D   20077.17740034  .00000010  00000-0  00000-0 0  9997
2 43058  56.3397 284.3238 0002704 286.6735  73.3221  1.70474032 14095
1 43058U 17079D   20084.21642149  .00000005  00000-0  00000+0 0  9991
2 43058  56.3344 284.1305 0002601 284.3725  75.6136  1.70474179 14182
1 43058U 17079D   20085.97616711  .00000008  00000-0  00000+0 0  9994
2 43058  56.3335 284.0823 0002572 282.8101  77.1679  1.70474179 14217
1 43058U 17079D   20087.73591727  .00000012  00000-0  00000+0 0  9994
2 43058  56.3322 284.0340 0002555 281.7949  78.1781  1.70474171 14246
1 43058U 17079D   20088.90908795  .00000017  00000-0  00000+0 0  9996
2 43058  56.3314 284.0018 0002549 281.5417  78.4305  1.70474167 14262
1 43058U 17079D   20093.01520439  .00000030  00000-0  00000+0 0  9994
2 43058  56.3284 283.8891 0002521 279.9397  80.0409  1.70474096 14335
1 43058U 17079D   20093.60179133  .00000029  00000-0  00000-0 0  9999
2 43058  56.3279 283.8730 0002523 279.6328  80.3483  1.70474078 14373
1 43058U 17079D   20095.94812618  .00000019  00000-0  00000+0 0  9998
2 43058  56.3261 283.8086 0002531 278.6521  81.3230  1.70474045 14387
1 43058U 17079D   20097.12128507  .00000010  00000-0  00000+0 0  9998
2 43058  56.3251 283.7763 0002533 278.1768  81.7905  1.70474059 14408
1 43058U 17079D   20097.70786400  .00000005  00000-0  00000-0 0  9999
2 43058  56.3247 283.7602 0002530 277.8659  82.0969  1.70474057 14443
1 43058U 17079D   20098.29444199  .00000000  00000-0  00000+0 0  9994
2 43058  56.3242 283.7441 0002533 277.6393  82.3188  1.70474069 14422
1 43058U 17079D   20098.88102075 -.00000004  00000-0  00000-0 0  9999
2 43058  56.3238 283.7279 0002530 277.4162  82.5375  1.70474076 14467
1 43058U 17079D   20101.22734596 -.00000013  00000-0  00000+0 0  9990
2 43058  56.3220 283.6635 0002530 276.5144  83.4276  1.70474110 14473
1 43058U 17079D   20101.81392988 -.00000013  00000-0  00000-0 0  9991
2 43058  56.3216 283.6473 0002537 276.1373  83.8039  1.70474150 14515
1 43058U 17079D   20102.40051633 -.00000012  00000-0  00000+0 0  9994
2 43058  56.3213 283.6312 0002539 275.8273  84.1139  1.70474156 14499
1 43058U 17079D   20103.57369225 -.00000010  00000-0  00000+0 0  9990
2 43058  56.3204 283.5991 0002542 275.3296  84.6138  1.70474168 14515
1 43058U 17079D   20104.16028043 -.00000009  00000-0  00000-0 0  9995
2 43058  56.3200 283.5830 0002549 275.1651  84.7799  1.70474187 14552
1 43058U 17079D   20105.33345746 -.00000009  00000-0  00000+0 0  9996
2 43058  56.3193 283.5508 0002561 274.5419  85.4063  1.70474229 14542
1 43058U 17079D   20105.92004549 -.00000009  00000-0  00000-0 0  9995
2 43058  56.3189 283.5347 0002566 274.1098  85.8397  1.70474250 14584
1 43058U 17079D   20106.50663368 -.00000010  00000-0  00000-0 0  9992
2 43058  56.3184 283.5186 0002576 273.5751  86.3753  1.70474249 14591
1 43058U 17079D   20107.09321960 -.00000012  00000-0  00000+0 0  9997
2 43058  56.3179 283.5025 0002579 273.2187  86.7320  1.70474278 14574
1 43058U 17079D   20107.67980453 -.00000013  00000-0  00000-0 0  9991
2 43058  56.3175 283.4865 0002576 273.0971  86.8536  1.70474301 14619
1 43058U 17079D   20108.85297262 -.00000016  00000-0  00000+0 0  9993
2 43058  56.3166 283.4543 0002583 272.1809  87.7680  1.70474341 14603
1 43058U 17079D   20110.02613830 -.00000019  00000-0  00000+0 0  9991
2 43058  56.3158 283.4222 0002587 271.5959  88.3492  1.70474337 14626
1 43058U 17079D   20111.19930100 -.00000020  00000-0  00000-0 0  9995
2 43058  56.3149 283.3901 0002591 270.7263  89.2141  1.70474375 14648
1 43058U 17079D   20112.95904672 -.00000018  00000-0  00000+0 0  9991
2 43058  56.3136 283.3420 0002613 269.3246  90.6089  1.70474369 14673
1 43058U 17079D   20113.54562941 -.00000017  00000-0  00000-0 0  9996
2 43058  56.3132 283.3259 0002615 269.2740  90.6577  1.70474367 14714
1 43058U 17079D   20115.89196604 -.00000010  00000-0  00000+0 0  9997
2 43058  56.3115 283.2618 0002655 267.6064  92.3228  1.70474383 14729
1 43058U 17079D   20118.23831806 -.00000001  00000-0  00000-0 0  9999
2 43058  56.3096 283.1975 0002678 266.8021  93.1332  1.70474331 14796
1 43058U 17079D   20118.23831874 -.00000001  00000-0  00000+0 0  9993
2 43058  56.3097 283.1975 0002674 266.8634  93.0720  1.70474324 14762
1 43058U 17079D   20118.82490773  .00000001  00000-0  00000-0 0  9997
2 43058  56.3092 283.1815 0002679 266.6595  93.2782  1.70474318 14807
1 43058U 17079D   20120.58467375  .00000004  00000-0  00000+0 0  9997
2 43058  56.3078 283.1333 0002705 265.9554  93.9881  1.70474278 14805
1 43058U 17079D   20121.17126051  .00000003  00000-0  00000-0 0  9996
2 43058  56.3073 283.1173 0002728 265.3340  94.6103  1.70474264 14848
1 43058U 17079D   20123.51759459 -.00000008  00000-0  00000+0 0  9995
2 43058  56.3053 283.0530 0002780 264.5374  95.4023  1.70474246 14859
1 43058U 17079D   20125.86391223 -.00000028  00000-0  00000+0 0  9998
2 43058  56.3033 282.9887 0002849 263.5176  96.4076  1.70474241 14893
1 43058U 17079D   20126.45049234 -.00000032  00000-0  00000-0 0  9992
2 43058  56.3029 282.9727 0002860 263.3492  96.5725  1.70474234 14932
1 43058U 17079D   20127.03707241 -.00000035  00000-0  00000+0 0  9998
2 43058  56.3024 282.9566 0002871 263.1794  96.7393  1.70474256 14918
1 43058U 17079D   20127.62365450 -.00000037  00000-0  00000-0 0  9998
2 43058  56.3016 282.9405 0002869 263.1100  96.8067  1.70474261 14958
1 43058U 17079D   20129.96999516 -.00000038  00000-0  00000+0 0  9993
2 43058  56.2999 282.8762 0002937 262.1370  97.7796  1.70474338 14961
1 43058U 17079D   20132.31635175 -.00000035  00000-0  00000+0 0  9991
2 43058  56.2982 282.8119 0002988 261.4185  98.5076  1.70474391 15006
1 43058U 17079D   20132.90294082 -.00000035  00000-0  00000-0 0  9995
2 43058  56.2975 282.7959 0003009 261.0344  98.8940  1.70474414 15040
1 43058U 17079D   20133.48952935 -.00000036  00000-0  00000+0 0  9997
2 43058  56.2969 282.7798 0003022 260.8454  99.0851  1.70474423 15020
1 43058U 17079D   20135.83587444 -.00000042  00000-0  00000-0 0  9995
2 43058  56.2949 282.7156 0003082 259.9842  99.9493  1.70474488 15091
1 43058U 17079D   20136.42245779 -.00000043  00000-0  00000+0 0  9993
2 43058  56.2943 282.6995 0003103 259.6580 100.2749  1.70474517 15076
1 43058U 17079D   20137.00904167 -.00000044  00000-0  00000-0 0  9993
2 43058  56.2938 282.6835 0003129 259.1680 100.7638  1.70474522 15110
1 43058U 17079D   20138.18220735 -.00000045  00000-0  00000-0 0  9996
2 43058  56.2929 282.6514 0003143 258.9001 101.0291  1.70474525 15105
1 43058U 17079D   20138.18220735 -.00000045  00000-0  00000-0 0  9996
2 43058  56.2929 282.6514 0003143 258.9001 101.0291  1.70474525 15138
1 43058U 17079D   20139.94195485 -.00000044  00000-0  00000+0 0  9992
2 43058  56.2912 282.6034 0003226 257.5546 102.3701  1.70474541 15136
1 43058U 17079D   20139.94195485 -.00000044  00000-0  00000-0 0  9993
2 43058  56.2912 282.6034 0003226 257.5546 102.3701  1.70474541 15169
1 43058U 17079D   20140.52853833 -.00000043  00000-0  00000-0 0  9996
2 43058  56.2910 282.5874 0003207 257.8563 102.0678  1.70474541 15170
1 43058U 17079D   20141.70170744 -.00000039  00000-0  00000+0 0  9994
2 43058  56.2901 282.5554 0003255 257.2833 102.6399  1.70474522 15166
1 43058U 17079D   20142.87487857 -.00000035  00000-0  00000+0 0  9995
2 43058  56.2891 282.5233 0003284 257.0755 102.8492  1.70474531 15189
1 43058U 17079D   20142.87487857 -.00000035  00000-0  00000-0 0  9996
2 43058  56.2891 282.5233 0003284 257.0755 102.8492  1.70474531 15213
1 43058U 17079D   20145.22123272 -.00000024  00000-0  00000+0 0  9993
2 43058  56.2867 282.4592 0003343 256.6202 103.3138  1.70474501 15222
1 43058U 17079D   20147.56759271 -.00000016  00000-0  00000+0 0  9997
2 43058  56.2847 282.3950 0003401 256.1466 103.8000  1.70474457 15266
1 43058U 17079D   20148.15418031 -.00000016  00000-0  00000-0 0  9990
2 43058  56.2846 282.3790 0003447 255.9641 103.9844  1.70474449 15302
1 43058U 17079D   20148.15418095 -.00000016  00000-0  00000-0 0  9990
2 43058  56.2846 282.3790 0003427 256.0226 103.9262  1.70474448 15304
1 43058U 17079D   20149.91393858 -.00000020  00000-0  00000+0 0  9998
2 43058  56.2831 282.3309 0003504 255.6482 104.3025  1.70474417 15307
1 43058U 17079D   20150.50052133 -.00000023  00000-0  00000-0 0  9997
2 43058  56.2827 282.3148 0003519 255.6215 104.3283  1.70474434 15342
1 43058U 17079D   20152.84684419 -.00000040  00000-0  00000-0 0  9993
2 43058  56.2806 282.2506 0003623 255.3669 104.5727  1.70474402 15386
1 43058U 17079D   20152.84684485 -.00000040  00000-0  00000-0 0  9996
2 43058  56.2807 282.2505 0003603 255.4187 104.5211  1.70474402 15388
1 43058U 17079D   20154.60658753 -.00000050  00000-0  00000+0 0  9991
2 43058  56.2792 282.2024 0003679 255.2002 104.7325  1.70474407 15387
1 43058U 17079D   20160.47246532 -.00000045  00000-0  00000+0 0  9995
2 43058  56.2747 282.0416 0003870 254.3589 105.5941  1.70474591 15481
1 43058U 17079D   20162.23223038 -.00000048  00000-0  00000+0 0  9990
2 43058  56.2732 281.9935 0003932 254.1416 105.8175  1.70474596 15516
1 43058U 17079D   20164.57856995 -.00000052  00000-0  00000+0 0  9998
2 43058  56.2712 281.9292 0004011 253.7268 106.2331  1.70474626 15556
1 43058U 17079D   20165.16515380 -.00000053  00000-0  00000-0 0  9996
2 43058  56.2708 281.9132 0004025 253.6319 106.3273  1.70474622 15591
1 43058U 17079D   20166.33831835 -.00000051  00000-0  00000-0 0  9990
2 43058  56.2698 281.8811 0004059 253.4369 106.5207  1.70474673 15610
1 43058U 17079D   20166.33831866 -.00000051  00000-0  00000+0 0  9993
2 43058  56.2698 281.8811 0004064 253.3820 106.5756  1.70474665 15583
1 43058U 17079D   20166.92490077 -.00000050  00000-0  00000-0 0  9993
2 43058  56.2693 281.8651 0004095 253.2379 106.7189  1.70474701 15620
1 43058U 17079D   20167.51148541 -.00000049  00000-0  00000+0 0  9992
2 43058  56.2688 281.8490 0004120 253.1373 106.8190  1.70474670 15603
1 43058U 17079D   20168.68465456 -.00000044  00000-0  00000+0 0  9993
2 43058  56.2678 281.8169 0004144 253.0621 106.8945  1.70474666 15621
1 43058U 17079D   20169.27123903 -.00000042  00000-0  00000-0 0  9996
2 43058  56.2673 281.8009 0004166 253.0022 106.9552  1.70474696 15660
1 43058U 17079D   20170.44441313 -.00000036  00000-0  00000+0 0  9997
2 43058  56.2663 281.7688 0004206 252.9378 107.0228  1.70474680 15652
1 43058U 17079D   20170.44441313 -.00000036  00000-0  00000-0 0  9998
2 43058  56.2663 281.7688 0004206 252.9378 107.0228  1.70474680 15685
1 43058U 17079D   20172.20418125 -.00000026  00000-0  00000+0 0  9997
2 43058  56.2652 281.7207 0004235 252.8618 107.1079  1.70474639 15687
1 43058U 17079D   20172.79077148 -.00000022  00000-0  00000-0 0  9994
2 43058  56.2647 281.7047 0004266 252.8233 107.1500  1.70474614 15727
1 43058U 17079D   20173.37736234 -.00000019  00000-0  00000+0 0  9992
2 43058  56.2642 281.6886 0004299 252.8283 107.1487  1.70474591 15709
1 43058U 17079D   20174.55053825 -.00000014  00000-0  00000+0 0  9996
2 43058  56.2632 281.6563 0004357 252.7766 107.2074  1.70474687 15721
1 43058U 17079D   20176.31030763 -.00000012  00000-0  00000+0 0  9996
2 43058  56.2618 281.6082 0004410 252.7537 107.2374  1.70474524 15753
1 43058U 17079D   20176.89689391 -.00000014  00000-0  00000-0 0  9999
2 43058  56.2613 281.5922 0004450 252.8193 107.1724  1.70474467 15791
1 43058U 17079D   20178.07006103 -.00000019  00000-0  00000+0 0  9999
2 43058  56.2603 281.5600 0004496 252.8943 107.0963  1.70474444 15784
1 43058U 17079D   20179.82980296 -.00000030  00000-0  00000+0 0  9990
2 43058  56.2589 281.5117 0004541 252.9894 106.9947  1.70474470 15810
1 43058U 17079D   20179.82980296 -.00000030  00000-0  00000-0 0  9991
2 43058  56.2589 281.5117 0004541 252.9894 106.9947  1.70474470 15843
1 43058U 17079D   20180.41638319 -.00000034  00000-0  00000-0 0  9998
2 43058  56.2583 281.4956 0004568 253.0232 106.9582  1.70474460 15859
1 43058U 17079D   20181.00296286 -.00000037  00000-0  00000+0 0  9999
2 43058  56.2579 281.4795 0004605 253.1275 106.8513  1.70474468 15834
1 43058U 17079D   20182.17612701 -.00000041  00000-0  00000-0 0  9998
2 43058  56.2568 281.4473 0004646 253.1950 106.7808  1.70474471 15885
1 43058U 17079D   20182.17612809 -.00000041  00000-0  00000+0 0  9996
2 43058  56.2569 281.4473 0004626 253.1878 106.7881  1.70474456 15854
1 43058U 17079D   20182.76271125 -.00000041  00000-0  00000-0 0  9994
2 43058  56.2562 281.4313 0004668 253.2024 106.7730  1.70474470 15893
1 43058U 17079D   20186.28224133 -.00000033  00000-0  00000+0 0  9992
2 43058  56.2533 281.3348 0004801 253.2516 106.7376  1.70474527 15926
1 43058U 17079D   20187.45542165 -.00000032  00000-0  00000-0 0  9990
2 43058  56.2523 281.3026 0004825 253.2895 106.7064  1.70474540 15978
1 43058U 17079D   20187.45542176 -.00000032  00000-0  00000+0 0  9991
2 43058  56.2523 281.3026 0004824 253.2746 106.7213  1.70474534 15948
1 43058U 17079D   20188.04201086 -.00000032  00000-0  00000-0 0  9990
2 43058  56.2519 281.2866 0004866 253.2935 106.7050  1.70474553 15984
1 43058U 17079D   20190.38835772 -.00000035  00000-0  00000+0 0  9997
2 43058  56.2500 281.2222 0004927 253.3375 106.6668  1.70474602 15997
1 43058U 17079D   20192.14810870 -.00000037  00000-0  00000+0 0  9997
2 43058  56.2486 281.1740 0004985 253.3188 106.6843  1.70474640 16022
1 43058U 17079D   20193.32127471 -.00000036  00000-0  00000+0 0  9995
2 43058  56.2477 281.1418 0005027 253.2573 106.7438  1.70474637 16048
1 43058U 17079D   20194.49444024 -.00000032  00000-0  00000+0 0  9996
2 43058  56.2468 281.1096 0005064 253.2019 106.7974  1.70474651 16069
1 43058U 17079D   20196.84077838 -.00000021  00000-0  00000+0 0  9990
2 43058  56.2450 281.0453 0005153 253.2286 106.7712  1.70474647 16101
1 43058U 17079D   20196.84077838 -.00000021  00000-0  00000-0 0  9991
2 43058  56.2450 281.0453 0005153 253.2286 106.7712  1.70474647 16134
1 43058U 17079D   20198.01395264 -.00000014  00000-0  00000+0 0  9999
2 43058  56.2440 281.0131 0005197 253.3355 106.6676  1.70474628 16128
1 43058U 17079D   20198.60054093 -.00000011  00000-0  00000-0 0  9994
2 43058  56.2436 280.9971 0005227 253.4028 106.6026  1.70474610 16169
1 43058U 17079D   20199.18713027 -.00000007  00000-0  00000+0 0  9991
2 43058  56.2431 280.9810 0005242 253.4755 106.5328  1.70474591 16140
1 43058U 17079D   20200.94690035  .00000004  00000-0  00000+0 0  9997
2 43058  56.2417 280.9327 0005293 253.6325 106.3859  1.70474532 16173
1 43058U 17079D   20200.94690035  .00000004  00000-0  00000-0 0  9998
2 43058  56.2417 280.9327 0005293 253.6325 106.3859  1.70474532 16207
1 43058U 17079D   20202.70666639  .00000011  00000-0  00000+0 0  9994
2 43058  56.2403 280.8844 0005354 253.8008 106.2259  1.70474512 16204
1 43058U 17079D   20204.46642588  .00000010  00000-0  00000+0 0  9995
2 43058  56.2389 280.8361 0005398 253.9495 106.0796  1.70474430 16236
1 43058U 17079D   20206.22617053  .00000001  00000-0  00000+0 0  9990
2 43058  56.2376 280.7877 0005468 254.2509 105.7726  1.70474396 16264
1 43058U 17079D   20209.15907112 -.00000013  00000-0  00000-0 0  9998
2 43058  56.2353 280.7070 0005553 254.7213 105.2877  1.70474354 16318
1 43058U 17079D   20209.74565202 -.00000014  00000-0  00000-0 0  9994
2 43058  56.2349 280.6908 0005585 254.8521 105.1553  1.70474379 16351
1 43058U 17079D   20211.50540822 -.00000012  00000-0  00000+0 0  9999
2 43058  56.2335 280.6424 0005619 254.9897 105.0187  1.70474390 16359
1 43058U 17079D   20213.26517424 -.00000007  00000-0  00000+0 0  9990
2 43058  56.2322 280.5940 0005697 255.2129 104.8021  1.70474399 16381
1 43058U 17079D   20213.26517424 -.00000007  00000-0  00000-0 0  9991
2 43058  56.2322 280.5940 0005697 255.2129 104.8021  1.70474399 16415
1 43058U 17079D   20214.43835299 -.00000004  00000-0  00000+0 0  9990
2 43058  56.2314 280.5618 0005717 255.2823 104.7380  1.70474407 16408
1 43058U 17079D   20216.19811370 -.00000005  00000-0  00000+0 0  9990
2 43058  56.2293 280.5134 0005797 255.4900 104.5352  1.70474490 16435
1 43058U 17079D   20217.37128570 -.00000008  00000-0  00000+0 0  9997
2 43058  56.2292 280.4813 0005797 255.5950 104.4310  1.70474479 16455
1 43058U 17079D   20219.71761734 -.00000010  00000-0  00000+0 0  9995
2 43058  56.2275 280.4169 0005858 255.7851 104.2358  1.70474504 16493
1 43058U 17079D   20221.47736250 -.00000007  00000-0  00000+0 0  9992
2 43058  56.2261 280.3685 0005914 255.9350 104.0801  1.70474509 16529
1 43058U 17079D   20223.23711087  .00000000  00000-0  00000+0 0  9991
2 43058  56.2248 280.3202 0005972 255.9960 104.0154  1.70474505 16550
1 43058U 17079D   20223.82369458  .00000003  00000-0  00000-0 0  9991
2 43058  56.2244 280.3041 0005986 256.0457 103.9654  1.70474517 16595
1 43058U 17079D   20224.41027964  .00000007  00000-0  00000+0 0  9993
2 43058  56.2240 280.2879 0006002 256.1261 103.8852  1.70474513 16576
1 43058U 17079D   20224.99686557  .00000010  00000-0  00000-0 0  9990
2 43058  56.2235 280.2718 0006004 256.2309 103.7814  1.70474512 16619
1 43058U 17079D   20226.17004113  .00000018  00000-0  00000+0 0  9991
2 43058  56.2227 280.2396 0006026 256.4052 103.6102  1.70474469 16602
1 43058U 17079D   20226.17004113  .00000018  00000-0  00000-0 0  9992
2 43058  56.2227 280.2396 0006026 256.4052 103.6102  1.70474469 16635
1 43058U 17079D   20230.27615944  .00000037  00000-0  00000+0 0  9998
2 43058  56.2197 280.1267 0006173 257.4389 102.5900  1.70474317 16674
1 43058U 17079D   20232.03591142  .00000035  00000-0  00000+0 0  9995
2 43058  56.2184 280.0783 0006208 257.6712 102.3559  1.70474278 16701
1 43058U 17079D   20234.96880761  .00000018  00000-0  00000+0 0  9998
2 43058  56.2163 279.9975 0006222 257.9660 102.0440  1.70474247 16756
1 43058U 17079D   20237.90171286  .00000010  00000-0  00000+0 0  9992
2 43058  56.2143 279.9168 0006286 258.5926 101.4035  1.70474197 16803
1 43058U 17079D   20238.48829777  .00000011  00000-0  00000-0 0  9993
2 43058  56.2139 279.9006 0006292 258.6859 101.3099  1.70474201 16841
1 43058U 17079D   20239.07488389  .00000012  00000-0  00000+0 0  9999
2 43058  56.2136 279.8845 0006304 258.7604 101.2359  1.70474208 16824
1 43058U 17079D   20241.42123573  .00000017  00000-0  00000+0 0  9997
2 43058  56.2119 279.8199 0006354 259.1321 100.8701  1.70474220 16867
1 43058U 17079D   20242.59441031  .00000016  00000-0  00000+0 0  9997
2 43058  56.2112 279.7876 0006390 259.4072 100.5973  1.70474248 16887
1 43058U 17079D   20244.94074910  .00000010  00000-0  00000-0 0  9991
2 43058  56.2096 279.7231 0006418 259.7796 100.2231  1.70474293 16952
1 43058U 17079D   20244.94074914  .00000010  00000-0  00000+0 0  9994
2 43058  56.2095 279.7231 0006413 259.7345 100.2683  1.70474287 16927
1 43058U 17079D   20249.63340009  .00000010  00000-0  00000-0 0  9997
2 43058  56.2064 279.5943 0006477 260.3199  99.6626  1.70474324 17039
1 43058U 17079D   20250.21998201  .00000013  00000-0  00000+0 0  9998
2 43058  56.2059 279.5781 0006479 260.3392  99.6415  1.70474333 17014
1 43058U 17079D   20252.56631979  .00000024  00000-0  00000+0 0  9996
2 43058  56.2043 279.5136 0006510 260.8305  99.1479  1.70474312 17052
1 43058U 17079D   20252.56631979  .00000024  00000-0  00000-0 0  9997
2 43058  56.2043 279.5136 0006510 260.8305  99.1479  1.70474312 17085
1 43058U 17079D   20253.15290702  .00000028  00000-0  00000-0 0  9992
2 43058  56.2039 279.4975 0006506 260.8245  99.1549  1.70474294 17096
1 43058U 17079D   20254.91267093  .00000038  00000-0  00000+0 0  9994
2 43058  56.2027 279.4491 0006520 261.2307  98.7532  1.70474246 17090
1 43058U 17079D   20255.49925996  .00000040  00000-0  00000-0 0  9995
2 43058  56.2023 279.4330 0006523 261.3431  98.6425  1.70474216 17132
1 43058U 17079D   20257.25902269  .00000046  00000-0  00000-0 0  9995
2 43058  56.2010 279.3846 0006547 261.7406  98.2484  1.70474133 17163
1 43058U 17079D   20257.25902270  .00000046  00000-0  00000+0 0  9996
2 43058  56.2010 279.3846 0006541 261.7109  98.2782  1.70474156 17130
1 43058U 17079D   20260.19193786  .00000038  00000-0  00000-0 0  9999
2 43058  56.1988 279.3039 0006584 262.3689  97.6115  1.70474043 17211
1 43058U 17079D   20260.19193794  .00000038  00000-0  00000+0 0  9997
2 43058  56.1989 279.3039 0006581 262.3397  97.6407  1.70474048 17180
1 43058U 17079D   20261.36509526  .00000030  00000-0  00000+0 0  9993
2 43058  56.1980 279.2716 0006593 262.6661  97.3057  1.70474024 17207
1 43058U 17079D   20261.36509544  .00000030  00000-0  00000-0 0  9994
2 43058  56.1980 279.2717 0006589 262.6364  97.3355  1.70474030 17234
1 43058U 17079D   20261.95167307  .00000026  00000-0  00000-0 0  9991
2 43058  56.1975 279.2554 0006597 262.9330  97.0340  1.70474008 17249
1 43058U 17079D   20262.53825181  .00000022  00000-0  00000+0 0  9992
2 43058  56.1972 279.2393 0006601 262.9605  97.0018  1.70473997 17224
1 43058U 17079D   20264.88457401  .00000013  00000-0  00000+0 0  9998
2 43058  56.1955 279.1747 0006608 263.5294  96.4195  1.70473980 17260
1 43058U 17079D   20266.05774334  .00000013  00000-0  00000-0 0  9997
2 43058  56.1949 279.1424 0006612 263.7636  96.1836  1.70473988 17281
1 43058U 17079D   20267.23091748  .00000015  00000-0  00000+0 0  9990
2 43058  56.1940 279.1102 0006621 264.0783  95.8700  1.70473999 17303
1 43058U 17079D   20267.23091748  .00000015  00000-0  00000-0 0  9991
2 43058  56.1940 279.1101 0006622 264.0829  95.8655  1.70473999 17336
1 43058U 17079D   20271.92361123  .00000006  00000-0  00000+0 0  9998
2 43058  56.1907 278.9812 0006640 265.1448  94.8061  1.70474065 17384
1 43058U 17079D   20271.92361123  .00000006  00000-0  00000-0 0  9999
2 43058  56.1907 278.9812 0006640 265.1448  94.8061  1.70474065 17418
1 43058U 17079D   20273.09677637  .00000001  00000-0  00000-0 0  9994
2 43058  56.1898 278.9490 0006629 265.3532  94.5934  1.70474086 17433
1 43058U 17079D   20274.26993938 -.00000002  00000-0  00000-0 0  9991
2 43058  56.1890 278.9167 0006624 265.5275  94.4133  1.70474097 17451
1 43058U 17079D   20274.26993992 -.00000002  00000-0  00000-0 0  9991
2 43058  56.1890 278.9168 0006621 265.5778  94.3631  1.70474090 17429
1 43058U 17079D   20274.26993992 -.00000002  00000-0  00000-0 0  9991
2 43058  56.1890 278.9168 0006621 265.5778  94.3631  1.70474090 17452
1 43058U 17079D   20276.02968368 -.00000002  00000-0  00000+0 0  9995
2 43058  56.1878 278.8685 0006617 265.8244  94.1076  1.70474102 17452
1 43058U 17079D   20276.02968433 -.00000002  00000-0  00000-0 0  9999
2 43058  56.1878 278.8685 0006617 265.8714  94.0606  1.70474087 17487
1 43058U 17079D   20277.20284874  .00000001  00000-0  00000+0 0  9997
2 43058  56.1870 278.8363 0006615 266.0668  93.8605  1.70474102 17474
1 43058U 17079D   20277.20284874  .00000001  00000-0  00000-0 0  9998
2 43058  56.1870 278.8363 0006615 266.0668  93.8605  1.70474102 17508
1 43058U 17079D   20279.54918864  .00000010  00000-0  00000-0 0  9990
2 43058  56.1853 278.7720 0006613 266.5785  93.3457  1.70474069 17544
1 43058U 17079D   20280.13577468  .00000013  00000-0  00000-0 0  9991
2 43058  56.1849 278.7558 0006610 266.6407  93.2842  1.70474090 17559
1 43058U 17079D   20280.72236336  .00000016  00000-0  00000+0 0  9994
2 43058  56.1845 278.7397 0006600 266.9416  92.9844  1.70474056 17536
1 43058U 17079D   20283.06872004  .00000027  00000-0  00000+0 0  9994
2 43058  56.1828 278.6753 0006590 267.1837  92.7494  1.70473994 17573
1 43058U 17079D   20283.65531022  .00000029  00000-0  00000-0 0  9994
2 43058  56.1824 278.6592 0006583 267.5583  92.3764  1.70473932 17617
1 43058U 17079D   20286.58824065  .00000026  00000-0  00000+0 0  9997
2 43058  56.1802 278.5786 0006581 268.3197  91.6139  1.70473835 17637
1 43058U 17079D   20288.34798401  .00000015  00000-0  00000-0 0  9996
2 43058  56.1787 278.5302 0006578 268.6610  91.2626  1.70473804 17691
1 43058U 17079D   20288.34798413  .00000015  00000-0  00000+0 0  9998
2 43058  56.1788 278.5302 0006576 268.6764  91.2472  1.70473806 17668
1 43058U 17079D   20288.93456348  .00000010  00000-0  00000-0 0  9997
2 43058  56.1783 278.5141 0006571 268.9737  90.9456  1.70473783 17709
1 43058U 17079D   20291.28088579 -.00000005  00000-0  00000-0 0  9991
2 43058  56.1766 278.4495 0006546 269.6469  90.2572  1.70473745 17747
1 43058U 17079D   20291.28088624 -.00000005  00000-0  00000+0 0  9991
2 43058  56.1766 278.4495 0006551 269.5081  90.3960  1.70473744 17710
1 43058U 17079D   20291.86746884 -.00000006  00000-0  00000-0 0  9996
2 43058  56.1762 278.4334 0006543 269.6907  90.2112  1.70473756 17729
1 43058U 17079D   20291.86746884 -.00000006  00000-0  00000-0 0  9996
2 43058  56.1762 278.4334 0006543 269.6907  90.2112  1.70473756 17752
1 43058U 17079D   20294.21381649 -.00000007  00000-0  00000-0 0  9993
2 43058  56.1744 278.3688 0006522 270.2657  89.6363  1.70473758 17796
1 43058U 17079D   20294.80040585 -.00000007  00000-0  00000+0 0  9998
2 43058  56.1740 278.3527 0006518 270.4297  89.4739  1.70473766 17773
1 43058U 17079D   20294.80040585 -.00000007  00000-0  00000-0 0  9999
2 43058  56.1740 278.3527 0006518 270.4297  89.4739  1.70473766 17773
1 43058U 17079D   20296.56017586 -.00000008  00000-0  00000+0 0  9999
2 43058  56.1726 278.3044 0006503 270.8873  89.0217  1.70473784 17800
1 43058U 17079D   20296.56017586 -.00000008  00000-0  00000-0 0  9990
2 43058  56.1726 278.3044 0006503 270.8873  89.0217  1.70473784 17833
1 43058U 17079D   20297.14676497 -.00000010  00000-0  00000-0 0  9990
2 43058  56.1722 278.2883 0006497 271.0398  88.8705  1.70473790 17810
1 43058U 17079D   20297.14676497 -.00000010  00000-0  00000-0 0  9990
2 43058  56.1722 278.2883 0006497 271.0398  88.8705  1.70473790 17843
1 43058U 17079D   20303.01261230 -.00000029  00000-0  00000+0 0  9998
2 43058  56.1676 278.1274 0006394 272.4361  87.4618  1.70473896 17918
1 43058U 17079D   20304.18578014 -.00000027  00000-0  00000+0 0  9996
2 43058  56.1667 278.0952 0006384 272.5998  87.2948  1.70473908 17936
1 43058U 17079D   20305.94553789 -.00000021  00000-0  00000+0 0  9997
2 43058  56.1654 278.0471 0006353 273.0562  86.8372  1.70473934 17965
1 43058U 17079D   20306.53212752 -.00000018  00000-0  00000-0 0  9992
2 43058  56.1649 278.0310 0006343 273.2282  86.6660  1.70473885 18000
1 43058U 17079D   20307.11871698 -.00000016  00000-0  00000-0 0  9995
2 43058  56.1646 278.0149 0006334 273.3861  86.5096  1.70473865 17987
1 43058U 17079D   20308.29189786 -.00000010  00000-0  00000+0 0  9998
2 43058  56.1637 277.9828 0006310 273.7288  86.1712  1.70473838 18005
1 43058U 17079D   20308.29189790 -.00000010  00000-0  00000-0 0  9994
2 43058  56.1637 277.9828 0006308 273.7579  86.1421  1.70473838 18035
1 43058U 17079D   20308.87848909 -.00000007  00000-0  00000-0 0  9998
2 43058  56.1632 277.9667 0006297 273.9143  85.9885  1.70473826 18046
1 43058U 17079D   20310.05167278 -.00000001  00000-0  00000+0 0  9997
2 43058  56.1623 277.9346 0006273 274.2487  85.6599  1.70473786 18032
1 43058U 17079D   20311.22485582  .00000003  00000-0  00000+0 0  9999
2 43058  56.1615 277.9024 0006253 274.6059  85.3081  1.70473739 18056
1 43058U 17079D   20311.81144641  .00000003  00000-0  00000-0 0  9993
2 43058  56.1610 277.8863 0006245 274.7160  85.1999  1.70473711 18096
1 43058U 17079D   20315.91754448 -.00000013  00000+0  00000+0 0  9990
2 43058  56.1577 277.7737 0006188 275.9621  83.9471  1.70473623 18169
1 43058U 17079D   20315.91754457 -.00000013  00000+0  00000+0 0  9990
2 43058  56.1577 277.7737 0006188 275.9102  83.9990  1.70473623 18169
1 43058U 17079D   20321.19681487 -.00000031  00000-0  00000-0 0  9991
2 43058  56.1535 277.6288 0006078 277.5642  82.3352  1.70473573 18224
1 43058U 17079D   20321.19681487 -.00000031  00000-0  00000-0 0  9991
2 43058  56.1535 277.6288 0006078 277.5642  82.3352  1.70473573 18257
1 43058U 17079D   20322.36999865 -.00000030  00000-0  00000+0 0  9991
2 43058  56.1527 277.5965 0006049 278.0435  81.8616  1.70473594 18242
1 43058U 17079D   20323.54318393 -.00000030  00000-0  00000+0 0  9993
2 43058  56.1517 277.5643 0006027 278.3837  81.5275  1.70473595 18260
1 43058U 17079D   20323.54318393 -.00000030  00000-0  00000-0 0  9994
2 43058  56.1517 277.5643 0006027 278.3837  81.5275  1.70473595 18293
1 43058U 17079D   20324.12977540 -.00000031  00000-0  00000-0 0  9995
2 43058  56.1512 277.5482 0006015 278.5605  81.3534  1.70473615 18302
1 43058U 17079D   20325.88954571 -.00000038  00000-0  00000-0 0  9995
2 43058  56.1497 277.4999 0005972 279.0880  80.8309  1.70473646 18339
1 43058U 17079D   20325.88954589 -.00000038  00000-0  00000+0 0  9993
2 43058  56.1497 277.5000 0005969 279.1140  80.8049  1.70473643 18304
1 43058U 17079D   20330.58223490 -.00000049  00000-0  00000+0 0  9998
2 43058  56.1460 277.3713 0005836 280.3633  79.5504  1.70473739 18382
1 43058U 17079D   20330.58223490 -.00000049  00000-0  00000-0 0  9999
2 43058  56.1460 277.3713 0005836 280.3633  79.5504  1.70473739 18416
1 43058U 17079D   20333.51517739 -.00000038  00000-0  00000+0 0  9994
2 43058  56.1436 277.2910 0005730 281.3891  78.5279  1.70473733 18431
1 43058U 17079D   20334.10176704 -.00000035  00000-0  00000-0 0  9991
2 43058  56.1431 277.2749 0005747 281.3054  78.6135  1.70473737 18475
1 43058U 17079D   20334.68835772 -.00000031  00000-0  00000+0 0  9996
2 43058  56.1426 277.2588 0005746 281.3069  78.6147  1.70473746 18456
1 43058U 17079D   20335.86154455 -.00000024  00000-0  00000+0 0  9991
2 43058  56.1416 277.2267 0005703 281.8504  78.0783  1.70473711 18475
1 43058U 17079D   20335.86154455 -.00000024  00000-0  00000-0 0  9992
2 43058  56.1416 277.2267 0005703 281.8504  78.0783  1.70473711 18509
1 43058U 17079D   20336.15706881 -.00000022  00000-0  00000+0 0  9998
2 43058  56.1433 277.2186 0006052 279.0949 262.2099  1.70473770 18487
1 43058U 17079D   20338.20791943 -.00000012  00000-0  00000+0 0  9998
2 43058  56.1397 277.1623 0005648 282.5370  77.4075  1.70473644 18512
1 43058U 17079D   20338.20791943 -.00000012  00000-0  00000-0 0  9999
2 43058  56.1397 277.1623 0005648 282.5370  77.4075  1.70473644 18545
1 43058U 17079D   20339.96769454 -.00000008  00000-0  00000+0 0  9999
2 43058  56.1383 277.1141 0005605 283.1009  76.8518  1.70473604 18545
1 43058U 17079D   20340.55428414 -.00000008  00000-0  00000-0 0  9995
2 43058  56.1378 277.0980 0005592 283.2879  76.6661  1.70473582 18586
1 43058U 17079D   20341.14087214 -.00000010  00000-0  00000+0 0  9992
2 43058  56.1373 277.0819 0005581 283.4778  76.4766  1.70473567 18565
1 43058U 17079D   20341.14087214 -.00000010  00000-0  00000-0 0  9993
2 43058  56.1373 277.0819 0005581 283.4778  76.4766  1.70473567 18598
1 43058U 17079D   20344.07379681 -.00000026  00000-0  00000-0 0  9997
2 43058  56.1348 277.0014 0005514 284.5235  75.4232  1.70473504 18614
1 43058U 17079D   20344.07379681 -.00000026  00000-0  00000-0 0  9997
2 43058  56.1348 277.0014 0005514 284.5235  75.4232  1.70473504 18647
1 43058U 17079D   20345.83355184 -.00000034  00000-0  00000-0 0  9993
2 43058  56.1334 276.9530 0005464 285.1171  74.8249  1.70473481 18671
1 43058U 17079D   20345.83355235 -.00000034  00000-0  00000+0 0  9999
2 43058  56.1334 276.9530 0005466 285.1103  74.8317  1.70473467 18645
1 43058U 17079D   20348.17990851 -.00000034  00000-0  00000+0 0  9998
2 43058  56.1315 276.8885 0005398 285.8801  74.0664  1.70473510 18682
1 43058U 17079D   20348.17990851 -.00000034  00000-0  00000-0 0  9999
2 43058  56.1315 276.8885 0005398 285.8801  74.0664  1.70473510 18716
1 43058U 17079D   20349.93968709 -.00000030  00000-0  00000-0 0  9997
2 43058  56.1299 276.8402 0005369 286.1814  73.7755  1.70473546 18747
1 43058U 17079D   20350.52628180 -.00000030  00000-0  00000-0 0  9990
2 43058  56.1294 276.8241 0005351 286.3932  73.5674  1.70473532 18751
1 43058U 17079D   20352.28605903 -.00000033  00000-0  00000+0 0  9995
2 43058  56.1279 276.7758 0005307 286.8883  73.0816  1.70473578 18750
1 43058U 17079D   20352.28605903 -.00000033  00000-0  00000-0 0  9996
2 43058  56.1279 276.7758 0005307 286.8883  73.0816  1.70473578 18783
1 43058U 17079D   20352.87264990 -.00000035  00000-0  00000-0 0  9990
2 43058  56.1274 276.7597 0005291 287.0671  72.9048  1.70473585 18793
1 43058U 17079D   20355.21900175 -.00000043  00000-0  00000+0 0  9991
2 43058  56.1254 276.6953 0005215 287.7769  72.1969  1.70473659 18805
1 43058U 17079D   20355.21900175 -.00000043  00000-0  00000-0 0  9992
2 43058  56.1254 276.6953 0005215 287.7769  72.1969  1.70473659 18838
1 43058U 17079D   20357.56534727 -.00000044  00000-0  00000+0 0  9998
2 43058  56.1238 276.6309 0005122 288.4689  71.5027  1.70473707 18844
1 43058U 17079D   20357.56534727 -.00000044  00000-0  00000-0 0  9999
2 43058  56.1238 276.6309 0005122 288.4689  71.5027  1.70473707 18877
1 43058U 17079D   20358.73852099 -.00000040  00000-0  00000+0 0  9999
2 43058  56.1228 276.5987 0005099 288.6115  71.3599  1.70473726 18868
1 43058U 17079D   20359.32510927 -.00000037  00000-0  00000-0 0  9993
2 43058  56.1223 276.5826 0005078 288.7814  71.1907  1.70473739 18909
1 43058U 17079D   20361.08487891 -.00000026  00000-0  00000+0 0  9999
2 43058  56.1204 276.5343 0005035 289.2058  70.7716  1.70473754 18901
1 43058U 17079D   20361.08487891 -.00000026  00000-0  00000-0 0  9990
2 43058  56.1204 276.5343 0005035 289.2058  70.7716  1.70473754 18934
1 43058U 17079D   20362.84465679 -.00000014  00000-0  00000+0 0  9991
2 43058  56.1192 276.4861 0004979 289.7898  70.1977  1.70473742 18937
1 43058U 17079D   20362.84465679 -.00000014  00000-0  00000-0 0  9992
2 43058  56.1192 276.4861 0004979 289.7898  70.1977  1.70473742 18960
1 43058U 17079D   20365.19103235  .00000002  00000-0  00000+0 0  9995
2 43058  56.1173 276.4216 0004906 290.5227  69.4816  1.70473694 18979
1 43058U 17079D   20365.19103235  .00000002  00000-0  00000-0 0  9996
2 43058  56.1173 276.4216 0004906 290.5227  69.4816  1.70473694 19004

