1 40889U 15045A   20091.32830848  .00000025  00000-0  00000-0 0  9999
2 40889  56.2156 284.2479 0005017  29.6237 330.4104  1.70475036 28338
1 40889U 15045A   20091.91489274  .00000027  00000-0  00000+0 0  9998
2 40889  56.2144 284.2317 0004995  29.6063 330.4292  1.70475034 28344
1 40889U 15045A   20094.26122816  .00000028  00000-0  00000+0 0  9996
2 40889  56.2127 284.1671 0004953  29.9023 330.1358  1.70474985 28388
1 40889U 15045A   20094.84780902  .00000025  00000-0  00000-0 0  9994
2 40889  56.2121 284.1509 0004942  30.0079 330.0292  1.70474979 28394
1 40889U 15045A   20096.60754313  .00000014  00000-0  00000+0 0  9994
2 40889  56.2107 284.1026 0004906  30.1913 329.8373  1.70474968 28428
1 40889U 15045A   20098.36726968 -.00000001  00000-0  00000-0 0  9992
2 40889  56.2091 284.0542 0004889  30.3034 329.7118  1.70474967 28456
1 40889U 15045A   20098.95384472 -.00000005  00000-0  00000+0 0  9990
2 40889  56.2086 284.0381 0004870  30.4560 329.5548  1.70474975 28461
1 40889U 15045A   20101.88673570 -.00000013  00000-0  00000+0 0  9996
2 40889  56.2073 283.9570 0004831  30.4574 329.5413  1.70475054 28513
1 40889U 15045A   20103.05990203 -.00000012  00000-0  00000-0 0  9992
2 40889  56.2065 283.9247 0004787  30.6066 329.3929  1.70475097 28532
1 40889U 15045A   20107.16599351 -.00000012  00000-0  00000+0 0  9996
2 40889  56.2034 283.8118 0004678  30.9236 329.0847  1.70475196 28609
1 40889U 15045A   20107.16599351 -.00000012  00000-0  00000-0 0  9997
2 40889  56.2034 283.8118 0004678  30.9236 329.0847  1.70475196 28609
1 40889U 15045A   20107.75257404 -.00000014  00000-0  00000-0 0  9994
2 40889  56.2021 283.7957 0004699  30.9797 329.0286  1.70475230 28617
1 40889U 15045A   20108.92573533 -.00000017  00000-0  00000-0 0  9991
2 40889  56.2013 283.7635 0004666  31.1803 328.8261  1.70475255 28635
1 40889U 15045A   20113.03178459 -.00000019  00000-0  00000-0 0  9999
2 40889  56.1984 283.6507 0004532  31.5631 328.4277  1.70475299 28702
1 40889U 15045A   20113.61836370 -.00000018  00000-0  00000+0 0  9994
2 40889  56.1980 283.6346 0004517  31.6070 328.3821  1.70475294 28710
1 40889U 15045A   20115.37810343 -.00000013  00000-0  00000-0 0  9997
2 40889  56.1970 283.5862 0004438  31.6384 328.3480  1.70475308 28741
1 40889U 15045A   20115.96468560 -.00000011  00000-0  00000+0 0  9999
2 40889  56.1965 283.5700 0004418  31.6789 328.3078  1.70475298 28755
1 40889U 15045A   20116.55126888 -.00000008  00000-0  00000-0 0  9996
2 40889  56.1961 283.5539 0004405  31.7044 328.2832  1.70475297 28769
1 40889U 15045A   20119.48419401  .00000002  00000-0  00000+0 0  9999
2 40889  56.1940 283.4734 0004332  31.8354 328.1620  1.70475251 28816
1 40889U 15045A   20120.07077885  .00000003  00000-0  00000-0 0  9994
2 40889  56.1935 283.4573 0004296  31.8048 328.1944  1.70475223 28829
1 40889U 15045A   20123.00368836 -.00000005  00000-0  00000+0 0  9991
2 40889  56.1911 283.3767 0004233  31.6880 328.3112  1.70475193 28870
1 40889U 15045A   20123.59026563 -.00000009  00000-0  00000-0 0  9998
2 40889  56.1906 283.3606 0004208  31.6318 328.3649  1.70475185 28881
1 40889U 15045A   20123.59026618 -.00000009  00000-0  00000-0 0  9999
2 40889  56.1907 283.3606 0004216  31.6170 328.3798  1.70475187 28884
1 40889U 15045A   20124.76341853 -.00000019  00000-0  00000-0 0  9991
2 40889  56.1895 283.3283 0004191  31.5701 328.4199  1.70475188 28902
1 40889U 15045A   20125.34999341 -.00000024  00000-0  00000+0 0  9992
2 40889  56.1889 283.3121 0004161  31.4784 328.5076  1.70475187 28918
1 40889U 15045A   20125.93656908 -.00000028  00000-0  00000-0 0  9991
2 40889  56.1882 283.2961 0004149  31.4787 328.5036  1.70475193 28925
1 40889U 15045A   20127.69630074 -.00000037  00000-0  00000-0 0  9992
2 40889  56.1862 283.2477 0004119  31.4380 328.5359  1.70475218 28950
1 40889U 15045A   20128.28288050 -.00000039  00000-0  00000-0 0  9993
2 40889  56.1857 283.2316 0004103  31.4350 328.5377  1.70475231 28962
1 40889U 15045A   20128.28288078 -.00000039  00000-0  00000+0 0  9992
2 40889  56.1857 283.2315 0004110  31.4947 328.4781  1.70475225 28962
1 40889U 15045A   20129.45604496 -.00000039  00000-0  00000-0 0  9999
2 40889  56.1848 283.1994 0004085  31.4145 328.5586  1.70475244 28982
1 40889U 15045A   20130.62921369 -.00000037  00000-0  00000+0 0  9998
2 40889  56.1842 283.1672 0004044  31.1944 328.7819  1.70475285 29008
1 40889U 15045A   20132.97555620 -.00000035  00000-0  00000+0 0  9999
2 40889  56.1823 283.1028 0003929  30.8466 329.1392  1.70475363 29040
1 40889U 15045A   20133.56214028 -.00000036  00000-0  00000-0 0  9991
2 40889  56.1819 283.0869 0003926  30.7965 329.1914  1.70475390 29058
1 40889U 15045A   20135.32188920 -.00000040  00000-0  00000+0 0  9992
2 40889  56.1804 283.0386 0003847  30.6040 329.3866  1.70475445 29083
1 40889U 15045A   20135.32188920 -.00000040  00000-0  00000-0 0  9993
2 40889  56.1804 283.0386 0003847  30.6040 329.3866  1.70475445 29083
1 40889U 15045A   20137.66820979 -.00000045  00000-0  00000+0 0  9993
2 40889  56.1785 282.9742 0003767  30.6449 329.3429  1.70475490 29129
1 40889U 15045A   20138.25478849 -.00000046  00000-0  00000-0 0  9996
2 40889  56.1782 282.9580 0003760  30.5807 329.4057  1.70475496 29131
1 40889U 15045A   20139.42794614 -.00000045  00000-0  00000-0 0  9996
2 40889  56.1772 282.9258 0003715  30.5421 329.4413  1.70475507 29155
1 40889U 15045A   20140.60110538 -.00000043  00000-0  00000+0 0  9992
2 40889  56.1764 282.8937 0003675  30.3450 329.6362  1.70475506 29170
1 40889U 15045A   20140.60110538 -.00000043  00000-0  00000-0 0  9993
2 40889  56.1764 282.8937 0003675  30.3450 329.6362  1.70475506 29170
1 40889U 15045A   20142.36084778 -.00000037  00000-0  00000-0 0  9997
2 40889  56.1748 282.8455 0003585  30.0627 329.9180  1.70475507 29206
1 40889U 15045A   20143.53401395 -.00000032  00000-0  00000-0 0  9990
2 40889  56.1740 282.8132 0003562  29.9198 330.0637  1.70475507 29227
1 40889U 15045A   20148.22670008 -.00000016  00000-0  00000+0 0  9991
2 40889  56.1699 282.6846 0003408  28.8485 331.1571  1.70475414 29301
1 40889U 15045A   20148.81328319 -.00000017  00000-0  00000-0 0  9993
2 40889  56.1693 282.6685 0003373  28.0558 331.9508  1.70475387 29318
1 40889U 15045A   20149.98644625 -.00000021  00000-0  00000-0 0  9998
2 40889  56.1683 282.6363 0003326  27.5021 332.5048  1.70475367 29333
1 40889U 15045A   20152.91933416 -.00000041  00000-0  00000-0 0  9996
2 40889  56.1659 282.5557 0003277  27.2860 332.7104  1.70475366 29382
1 40889U 15045A   20155.85222708 -.00000052  00000-0  00000+0 0  9998
2 40889  56.1633 282.4751 0003216  26.2764 333.7126  1.70475414 29439
1 40889U 15045A   20155.85222708 -.00000052  00000-0  00000-0 0  9999
2 40889  56.1633 282.4751 0003216  26.2764 333.7126  1.70475414 29439
1 40889U 15045A   20158.19856479 -.00000048  00000-0  00000+0 0  9991
2 40889  56.1614 282.4106 0003140  25.5629 334.4344  1.70475461 29476
1 40889U 15045A   20160.54490959 -.00000046  00000-0  00000+0 0  9998
2 40889  56.1594 282.3462 0003066  24.6127 335.3974  1.70475528 29515
1 40889U 15045A   20160.54490959 -.00000046  00000-0  00000-0 0  9999
2 40889  56.1594 282.3462 0003066  24.6127 335.3974  1.70475528 29515
1 40889U 15045A   20164.65098584 -.00000053  00000-0  00000+0 0  9990
2 40889  56.1554 282.2335 0002914  22.1493 337.8667  1.70475633 29589
1 40889U 15045A   20166.41072372 -.00000052  00000-0  00000-0 0  9993
2 40889  56.1546 282.1852 0002879  22.6823 337.3321  1.70475665 29616
1 40889U 15045A   20166.99730297 -.00000050  00000-0  00000-0 0  9991
2 40889  56.1534 282.1692 0002833  22.2217 337.7917  1.70475672 29622
1 40889U 15045A   20166.99730299 -.00000050  00000-0  00000+0 0  9992
2 40889  56.1534 282.1692 0002836  22.2726 337.7409  1.70475671 29625
1 40889U 15045A   20168.75704436 -.00000044  00000-0  00000-0 0  9996
2 40889  56.1517 282.1209 0002773  21.1988 338.8142  1.70475675 29651
1 40889U 15045A   20171.68996356 -.00000029  00000-0  00000+0 0  9998
2 40889  56.1504 282.0404 0002715  19.8979 340.1250  1.70475636 29702
1 40889U 15045A   20171.68996356 -.00000029  00000-0  00000-0 0  9999
2 40889  56.1504 282.0404 0002715  19.8979 340.1250  1.70475636 29702
1 40889U 15045A   20173.44972337 -.00000019  00000-0  00000-0 0  9997
2 40889  56.1488 281.9921 0002689  19.0085 341.0253  1.70475600 29732
1 40889U 15045A   20174.62289627 -.00000015  00000-0  00000+0 0  9996
2 40889  56.1478 281.9599 0002653  18.1269 341.9139  1.70475566 29752
1 40889U 15045A   20174.62289627 -.00000015  00000-0  00000-0 0  9997
2 40889  56.1478 281.9599 0002653  18.1269 341.9139  1.70475566 29752
1 40889U 15045A   20175.79606629 -.00000013  00000-0  00000-0 0  9999
2 40889  56.1469 281.9277 0002627  17.3075 342.7386  1.70475538 29776
1 40889U 15045A   20176.96923121 -.00000014  00000-0  00000+0 0  9998
2 40889  56.1458 281.8954 0002602  16.4020 343.6462  1.70475516 29791
1 40889U 15045A   20176.96923121 -.00000014  00000-0  00000-0 0  9999
2 40889  56.1458 281.8954 0002602  16.4020 343.6462  1.70475516 29791
1 40889U 15045A   20178.14239064 -.00000020  00000-0  00000-0 0  9994
2 40889  56.1448 281.8631 0002579  15.4251 344.6218  1.70475493 29817
1 40889U 15045A   20179.31554547 -.00000027  00000-0  00000-0 0  9997
2 40889  56.1438 281.8308 0002562  14.5353 345.5075  1.70475481 29832
1 40889U 15045A   20179.31554612 -.00000027  00000-0  00000+0 0  9999
2 40889  56.1438 281.8308 0002570  14.9949 345.0481  1.70475488 29839
1 40889U 15045A   20180.48869898 -.00000035  00000-0  00000-0 0  9994
2 40889  56.1428 281.7985 0002548  14.0004 346.0373  1.70475478 29858
1 40889U 15045A   20182.24843310 -.00000041  00000-0  00000+0 0  9997
2 40889  56.1414 281.7501 0002531  12.8725 347.1600  1.70475481 29887
1 40889U 15045A   20187.52769404 -.00000032  00000-0  00000+0 0  9994
2 40889  56.1373 281.6048 0002444   8.8275 351.2253  1.70475571 29974
1 40889U 15045A   20187.52769404 -.00000032  00000-0  00000-0 0  9995
2 40889  56.1373 281.6048 0002444   8.8275 351.2253  1.70475571 29974
1 40889U 15045A   20189.87402980 -.00000035  00000-0  00000+0 0  9990
2 40889  56.1355 281.5403 0002418   7.2932 352.7675  1.70475626 30014
1 40889U 15045A   20189.87402980 -.00000035  00000-0  00000-0 0  9991
2 40889  56.1355 281.5403 0002418   7.2932 352.7675  1.70475626 30014
1 40889U 15045A   20190.46061176 -.00000036  00000-0  00000-0 0  9997
2 40889  56.1351 281.5242 0002423   7.2817 352.7797  1.70475639 30029
1 40889U 15045A   20192.22035192 -.00000037  00000-0  00000+0 0  9992
2 40889  56.1336 281.4758 0002406   6.6220 353.4384  1.70475674 30057
1 40889U 15045A   20192.22035193 -.00000037  00000-0  00000-0 0  9994
2 40889  56.1336 281.4758 0002373   5.3922 354.6676  1.70475660 30057
1 40889U 15045A   20193.39351016 -.00000036  00000-0  00000-0 0  9997
2 40889  56.1327 281.4435 0002356   4.6882 355.3697  1.70475675 30076
1 40889U 15045A   20193.98008910 -.00000035  00000-0  00000-0 0  9993
2 40889  56.1323 281.4274 0002336   3.8979 356.1588  1.70475684 30088
1 40889U 15045A   20195.73982872 -.00000028  00000-0  00000+0 0  9997
2 40889  56.1308 281.3789 0002321   1.6778 358.3772  1.70475678 30114
1 40889U 15045A   20196.32641000 -.00000025  00000-0  00000-0 0  9996
2 40889  56.1304 281.3628 0002317   1.1690 358.8863  1.70475674 30128
1 40889U 15045A   20198.08615917 -.00000015  00000-0  00000+0 0  9997
2 40889  56.1291 281.3144 0002309   0.3513 359.7087  1.70475660 30158
1 40889U 15045A   20203.95200933  .00000010  00000-0  00000+0 0  9992
2 40889  56.1246 281.1529 0002270 356.1647   3.9215  1.70475499 30252
1 40889U 15045A   20204.53859116  .00000009  00000-0  00000-0 0  9999
2 40889  56.1241 281.1367 0002288 355.2776   4.8083  1.70475473 30265
1 40889U 15045A   20206.88490125 -.00000003  00000-0  00000+0 0  9994
2 40889  56.1221 281.0720 0002316 352.8430   7.2340  1.70475423 30300
1 40889U 15045A   20206.88490125 -.00000003  00000-0  00000-0 0  9995
2 40889  56.1221 281.0720 0002316 352.8430   7.2340  1.70475423 30300
1 40889U 15045A   20208.64462894 -.00000012  00000-0  00000-0 0  9993
2 40889  56.1207 281.0235 0002345 350.8497   9.2178  1.70475407 30334
1 40889U 15045A   20210.99094788 -.00000014  00000-0  00000-0 0  9999
2 40889  56.1185 280.9587 0002368 350.1304   9.9339  1.70475422 30379
1 40889U 15045A   20210.99094803 -.00000014  00000-0  00000-0 0  9997
2 40889  56.1185 280.9587 0002377 349.5295  10.5345  1.70475422 30375
1 40889U 15045A   20213.33728597 -.00000007  00000-0  00000-0 0  9994
2 40889  56.1172 280.8940 0002400 347.2224  12.8495  1.70475457 30411
1 40889U 15045A   20213.33728630 -.00000007  00000-0  00000+0 0  9991
2 40889  56.1171 280.8940 0002394 347.7643  12.3079  1.70475445 30412
1 40889U 15045A   20217.44337240 -.00000009  00000-0  00000-0 0  9993
2 40889  56.1139 280.7809 0002446 344.2799  15.8025  1.70475529 30480
1 40889U 15045A   20217.44337256 -.00000009  00000-0  00000+0 0  9999
2 40889  56.1139 280.7809 0002441 344.5901  15.4925  1.70475515 30483
1 40889U 15045A   20220.37626724 -.00000010  00000-0  00000+0 0  9998
2 40889  56.1115 280.7002 0002431 343.6567  16.4193  1.70475543 30534
1 40889U 15045A   20221.54942308 -.00000008  00000-0  00000-0 0  9995
2 40889  56.1106 280.6679 0002426 342.9528  17.1195  1.70475564 30551
1 40889U 15045A   20223.30916042 -.00000000  00000-0  00000+0 0  9998
2 40889  56.1093 280.6193 0002441 341.9947  18.0743  1.70475566 30582
1 40889U 15045A   20225.06890490  .00000010  00000-0  00000-0 0  9992
2 40889  56.1094 280.5708 0002476 340.0855  19.9839  1.70475553 30616
1 40889U 15045A   20225.65548858  .00000014  00000-0  00000+0 0  9998
2 40889  56.1079 280.5545 0002501 339.7594  20.3113  1.70475522 30620
1 40889U 15045A   20228.00182813  .00000028  00000-0  00000+0 0  9990
2 40889  56.1066 280.4898 0002553 338.5255  21.5540  1.70475460 30666
1 40889U 15045A   20228.00183001  .00000028  00000-0  00000-0 0  9991
2 40889  56.1065 280.4899 0002470 339.8459  20.2345  1.70475407 30664
1 40889U 15045A   20229.76158364  .00000036  00000-0  00000-0 0  9998
2 40889  56.1051 280.4413 0002603 338.3666  21.7192  1.70475365 30695
1 40889U 15045A   20232.10790791  .00000034  00000-0  00000+0 0  9993
2 40889  56.1029 280.3763 0002646 336.9170  23.1675  1.70475291 30733
1 40889U 15045A   20233.28106211  .00000028  00000-0  00000-0 0  9995
2 40889  56.1020 280.3441 0002678 336.7143  23.3646  1.70475268 30756
1 40889U 15045A   20236.21393770  .00000011  00000-0  00000+0 0  9990
2 40889  56.1001 280.2632 0002736 336.2857  23.7739  1.70475242 30803
1 40889U 15045A   20237.97367266  .00000009  00000-0  00000-0 0  9993
2 40889  56.0990 280.2145 0002783 336.0748  23.9790  1.70475251 30839
1 40889U 15045A   20237.97367271  .00000009  00000-0  00000-0 0  9999
2 40889  56.0990 280.2146 0002763 336.2904  23.7636  1.70475254 30834
1 40889U 15045A   20240.32000507  .00000014  00000-0  00000+0 0  9993
2 40889  56.0975 280.1498 0002854 335.0137  25.0429  1.70475262 30870
1 40889U 15045A   20245.01266570  .00000009  00000-0  00000+0 0  9992
2 40889  56.0939 280.0204 0002903 333.6933  26.3672  1.70475340 30957
1 40889U 15045A   20246.18582348  .00000006  00000-0  00000-0 0  9993
2 40889  56.0934 279.9881 0002955 333.3686  26.6873  1.70475344 30971
1 40889U 15045A   20247.35897805  .00000005  00000-0  00000+0 0  9998
2 40889  56.0926 279.9557 0002972 333.2086  26.8419  1.70475361 30993
1 40889U 15045A   20247.35897805  .00000005  00000-0  00000-0 0  9999
2 40889  56.0926 279.9557 0002972 333.2086  26.8419  1.70475361 30993
1 40889U 15045A   20249.11870995  .00000008  00000-0  00000-0 0  9999
2 40889  56.0914 279.9072 0003000 332.8390  27.2033  1.70475377 31027
1 40889U 15045A   20250.29186721  .00000012  00000-0  00000+0 0  9991
2 40889  56.0905 279.8749 0003048 332.4737  27.5643  1.70475368 31042
1 40889U 15045A   20250.87844701  .00000015  00000-0  00000-0 0  9998
2 40889  56.0900 279.8588 0003058 332.3853  27.6514  1.70475361 31059
1 40889U 15045A   20252.63819173  .00000024  00000-0  00000+0 0  9998
2 40889  56.0887 279.8103 0003120 332.1613  27.8746  1.70475333 31089
1 40889U 15045A   20253.22477662  .00000027  00000-0  00000-0 0  9991
2 40889  56.0886 279.7942 0003094 332.5524  27.4847  1.70475266 31097
1 40889U 15045A   20254.98453018  .00000037  00000-0  00000+0 0  9994
2 40889  56.0874 279.7456 0003141 332.6397  27.4020  1.70475209 31120
1 40889U 15045A   20257.33086673  .00000045  00000-0  00000+0 0  9994
2 40889  56.0857 279.6809 0003186 332.5934  27.4535  1.70475154 31161
1 40889U 15045A   20257.33086695  .00000045  00000-0  00000-0 0  9999
2 40889  56.0857 279.6808 0003203 332.5365  27.5102  1.70475125 31167
1 40889U 15045A   20260.26376339  .00000037  00000-0  00000-0 0  9993
2 40889  56.0836 279.5998 0003300 332.3909  27.6468  1.70475038 31218
1 40889U 15045A   20260.26376367  .00000037  00000-0  00000+0 0  9993
2 40889  56.0836 279.5999 0003285 332.3722  27.6656  1.70475048 31214
1 40889U 15045A   20260.85033904  .00000033  00000-0  00000-0 0  9992
2 40889  56.0832 279.5836 0003317 332.4196  27.6140  1.70475025 31226
1 40889U 15045A   20262.61006316  .00000021  00000-0  00000+0 0  9991
2 40889  56.0820 279.5350 0003360 332.4889  27.5307  1.70475006 31257
1 40889U 15045A   20264.95637096  .00000012  00000-0  00000+0 0  9995
2 40889  56.0804 279.4702 0003428 332.7767  27.2298  1.70475003 31299
1 40889U 15045A   20265.54295168  .00000012  00000-0  00000-0 0  9992
2 40889  56.0800 279.4540 0003438 332.8392  27.1661  1.70475000 31303
1 40889U 15045A   20267.30270124  .00000014  00000-0  00000+0 0  9994
2 40889  56.0788 279.4055 0003418 332.3210  27.6852  1.70475013 31335
1 40889U 15045A   20267.30270124  .00000014  00000-0  00000-0 0  9995
2 40889  56.0788 279.4055 0003418 332.3210  27.6852  1.70475013 31335
1 40889U 15045A   20268.47587035  .00000015  00000-0  00000-0 0  9997
2 40889  56.0780 279.3731 0003498 332.8791  27.1297  1.70475026 31358
1 40889U 15045A   20269.06245505  .00000015  00000-0  00000-0 0  9996
2 40889  56.0774 279.3569 0003511 332.9698  27.0402  1.70475034 31360
1 40889U 15045A   20270.23562254  .00000012  00000-0  00000+0 0  9996
2 40889  56.0762 279.3246 0003522 333.0732  26.9380  1.70475048 31382
1 40889U 15045A   20270.23562269  .00000012  00000-0  00000-0 0  9993
2 40889  56.0763 279.3245 0003530 333.1275  26.8837  1.70475053 31386
1 40889U 15045A   20271.40878584  .00000008  00000-0  00000-0 0  9998
2 40889  56.0755 279.2922 0003548 333.2289  26.7813  1.70475075 31403
1 40889U 15045A   20271.99536611  .00000005  00000-0  00000-0 0  9991
2 40889  56.0750 279.2760 0003565 333.4101  26.5986  1.70475094 31413
1 40889U 15045A   20273.16852489  .00000001  00000-0  00000+0 0  9991
2 40889  56.0738 279.2436 0003587 333.6386  26.3657  1.70475081 31431
1 40889U 15045A   20273.16852519  .00000001  00000-0  00000-0 0  9996
2 40889  56.0737 279.2436 0003599 333.7863  26.2181  1.70475086 31430
1 40889U 15045A   20276.10141382 -.00000002  00000-0  00000-0 0  9994
2 40889  56.0716 279.1630 0003680 334.3779  25.6118  1.70475127 31480
1 40889U 15045A   20277.86115148  .00000002  00000-0  00000-0 0  9998
2 40889  56.0705 279.1147 0003734 334.6170  25.3664  1.70475128 31517
1 40889U 15045A   20279.62089705  .00000010  00000-0  00000+0 0  9991
2 40889  56.0694 279.0662 0003773 334.8916  25.0905  1.70475107 31543
1 40889U 15045A   20279.62089705  .00000010  00000-0  00000-0 0  9992
2 40889  56.0694 279.0662 0003773 334.8916  25.0905  1.70475107 31543
1 40889U 15045A   20280.20748108  .00000013  00000-0  00000-0 0  9990
2 40889  56.0691 279.0501 0003737 334.7768  25.2061  1.70475097 31550
1 40889U 15045A   20280.79406603  .00000016  00000-0  00000-0 0  9998
2 40889  56.0693 279.0339 0003681 334.5021  25.4819  1.70475080 31565
1 40889U 15045A   20282.55382262  .00000024  00000-0  00000+0 0  9996
2 40889  56.0680 278.9854 0003718 334.9762  25.0131  1.70475036 31595
1 40889U 15045A   20282.55382262  .00000024  00000-0  00000-0 0  9997
2 40889  56.0680 278.9854 0003718 334.9762  25.0131  1.70475036 31595
1 40889U 15045A   20284.31358025  .00000030  00000-0  00000-0 0  9990
2 40889  56.0662 278.9369 0003802 335.4591  24.5347  1.70474938 31623
1 40889U 15045A   20284.90016442  .00000030  00000-0  00000+0 0  9998
2 40889  56.0658 278.9208 0003833 335.7109  24.2834  1.70474914 31635
1 40889U 15045A   20287.24648700  .00000022  00000-0  00000+0 0  9997
2 40889  56.0640 278.8562 0003913 336.2047  23.7837  1.70474843 31676
1 40889U 15045A   20287.24648700  .00000022  00000-0  00000-0 0  9998
2 40889  56.0640 278.8562 0003913 336.2047  23.7837  1.70474843 31676
1 40889U 15045A   20288.41964093  .00000014  00000-0  00000-0 0  9995
2 40889  56.0632 278.8239 0003932 336.2189  23.7619  1.70474815 31695
1 40889U 15045A   20291.93910470 -.00000007  00000-0  00000+0 0  9998
2 40889  56.0604 278.7267 0004034 337.5172  22.4422  1.70474777 31756
1 40889U 15045A   20292.52568625 -.00000008  00000-0  00000-0 0  9997
2 40889  56.0600 278.7105 0003991 336.9950  22.9630  1.70474767 31767
1 40889U 15045A   20293.11226925 -.00000008  00000-0  00000-0 0  9997
2 40889  56.0596 278.6944 0004015 337.3378  22.6200  1.70474767 31779
1 40889U 15045A   20293.11226974 -.00000008  00000-0  00000-0 0  9991
2 40889  56.0595 278.6944 0004038 337.6072  22.3507  1.70474765 31772
1 40889U 15045A   20294.28543767 -.00000007  00000-0  00000-0 0  9991
2 40889  56.0589 278.6620 0003935 336.4142  23.5450  1.70474781 31796
1 40889U 15045A   20294.87202607 -.00000007  00000-0  00000-0 0  9991
2 40889  56.0584 278.6457 0004100 338.3634  21.5981  1.70474764 31801
1 40889U 15045A   20296.04519994 -.00000008  00000-0  00000-0 0  9993
2 40889  56.0575 278.6134 0004135 338.9504  21.0150  1.70474769 31823
1 40889U 15045A   20297.21837153 -.00000010  00000-0  00000-0 0  9996
2 40889  56.0566 278.5811 0004165 339.3284  20.6399  1.70474791 31844
1 40889U 15045A   20299.56470382 -.00000021  00000-0  00000+0 0  9994
2 40889  56.0548 278.5164 0004222 340.3058  19.6621  1.70474838 31882
1 40889U 15045A   20299.56470382 -.00000021  00000-0  00000-0 0  9995
2 40889  56.0548 278.5164 0004222 340.3058  19.6621  1.70474838 31882
1 40889U 15045A   20304.25734396 -.00000027  00000-0  00000+0 0  9991
2 40889  56.0512 278.3874 0004228 340.9380  19.0140  1.70474900 31968
1 40889U 15045A   20306.01709133 -.00000021  00000-0  00000-0 0  9993
2 40889  56.0497 278.3391 0004196 340.7149  19.2357  1.70474903 31997
1 40889U 15045A   20306.60367382 -.00000018  00000-0  00000+0 0  9999
2 40889  56.0493 278.3230 0004177 339.6764  20.2742  1.70474897 32009
1 40889U 15045A   20307.19025952 -.00000016  00000-0  00000-0 0  9997
2 40889  56.0488 278.3069 0004187 339.7891  20.1628  1.70474886 32017
1 40889U 15045A   20308.95002408 -.00000007  00000-0  00000+0 0  9992
2 40889  56.0476 278.2585 0004325 342.2240  17.7360  1.70474833 32047
1 40889U 15045A   20308.95002424 -.00000007  00000-0  00000-0 0  9991
2 40889  56.0476 278.2585 0004328 342.2782  17.6819  1.70474830 32046
1 40889U 15045A   20314.81588238 -.00000005  00000+0  00000+0 0  9991
2 40889  56.0428 278.0971 0004541 345.5195  14.4528  1.70474633 32145
1 40889U 15045A   20315.98904156 -.00000014  00000+0  00000+0 0  9991
2 40889  56.0420 278.0649 0004591 345.9967  13.9700  1.70474584 32168
1 40889U 15045A   20316.57562032 -.00000018  00000-0  00000-0 0  9996
2 40889  56.0415 278.0488 0004597 346.0915  13.8719  1.70474576 32175
1 40889U 15045A   20321.26827975 -.00000031  00000-0  00000+0 0  9992
2 40889  56.0380 277.9193 0004671 347.4248  12.5321  1.70474568 32259
1 40889U 15045A   20323.02804697 -.00000030  00000-0  00000-0 0  9994
2 40889  56.0365 277.8709 0004724 348.3538  11.6122  1.70474575 32285
1 40889U 15045A   20323.61463601 -.00000031  00000-0  00000+0 0  9995
2 40889  56.0360 277.8548 0004739 348.6162  11.3528  1.70474582 32299
1 40889U 15045A   20324.20122470 -.00000032  00000-0  00000-0 0  9999
2 40889  56.0354 277.8387 0004756 348.9060  11.0656  1.70474590 32302
1 40889U 15045A   20328.30731827 -.00000048  00000-0  00000+0 0  9992
2 40889  56.0312 277.7258 0004843 350.8574   9.1179  1.70474666 32370
1 40889U 15045A   20328.30731827 -.00000048  00000-0  00000-0 0  9993
2 40889  56.0312 277.7258 0004843 350.8574   9.1179  1.70474666 32370
1 40889U 15045A   20328.30731853 -.00000048  00000-0  00000-0 0  9992
2 40889  56.0313 277.7258 0004848 351.0093   8.9661  1.70474668 32370
1 40889U 15045A   20328.89390111 -.00000050  00000-0  00000-0 0  9997
2 40889  56.0310 277.7095 0004848 351.2967   8.6777  1.70474662 32388
1 40889U 15045A   20330.06706453 -.00000050  00000-0  00000-0 0  9999
2 40889  56.0292 277.6773 0004858 351.5451   8.4270  1.70474683 32403
1 40889U 15045A   20331.24023009 -.00000048  00000-0  00000+0 0  9995
2 40889  56.0298 277.6451 0004896 351.9536   8.0172  1.70474697 32426
1 40889U 15045A   20331.24023009 -.00000048  00000-0  00000-0 0  9996
2 40889  56.0298 277.6451 0004896 351.9536   8.0172  1.70474697 32426
1 40889U 15045A   20333.58657087 -.00000038  00000-0  00000+0 0  9992
2 40889  56.0280 277.5806 0004938 352.8111   7.1631  1.70474703 32468
1 40889U 15045A   20334.17315831 -.00000034  00000-0  00000-0 0  9993
2 40889  56.0275 277.5645 0004950 353.0408   6.9358  1.70474700 32470
1 40889U 15045A   20335.93292604 -.00000024  00000-0  00000+0 0  9998
2 40889  56.0262 277.5161 0004991 353.8262   6.1604  1.70474671 32507
1 40889U 15045A   20335.93292604 -.00000024  00000-0  00000-0 0  9999
2 40889  56.0262 277.5161 0004991 353.8262   6.1604  1.70474671 32507
1 40889U 15045A   20338.27928713 -.00000012  00000-0  00000+0 0  9992
2 40889  56.0242 277.4515 0005011 354.6056   5.3966  1.70474606 32545
1 40889U 15045A   20338.27928713 -.00000012  00000-0  00000-0 0  9993
2 40889  56.0242 277.4515 0005011 354.6056   5.3966  1.70474606 32545
1 40889U 15045A   20338.86587601 -.00000010  00000-0  00000-0 0  9993
2 40889  56.0235 277.4354 0005006 354.6859   5.3195  1.70474593 32553
1 40889U 15045A   20340.03905195 -.00000008  00000-0  00000-0 0  9994
2 40889  56.0226 277.4031 0005040 355.1602   4.8499  1.70474552 32573
1 40889U 15045A   20341.21222352 -.00000011  00000-0  00000+0 0  9995
2 40889  56.0219 277.3709 0005083 355.7382   4.2736  1.70474508 32595
1 40889U 15045A   20341.21222352 -.00000011  00000-0  00000-0 0  9996
2 40889  56.0219 277.3709 0005083 355.7382   4.2736  1.70474508 32595
1 40889U 15045A   20342.38538831 -.00000016  00000-0  00000-0 0  9992
2 40889  56.0209 277.3386 0005108 356.0738   3.9362  1.70474485 32610
1 40889U 15045A   20342.97196964 -.00000019  00000-0  00000-0 0  9997
2 40889  56.0203 277.3224 0005129 356.3805   3.6277  1.70474472 32625
1 40889U 15045A   20344.14513085 -.00000026  00000-0  00000+0 0  9992
2 40889  56.0192 277.2901 0005165 356.9475   3.0565  1.70474455 32649
1 40889U 15045A   20344.14513085 -.00000026  00000-0  00000-0 0  9993
2 40889  56.0192 277.2901 0005165 356.9475   3.0565  1.70474455 32649
1 40889U 15045A   20345.31829310 -.00000032  00000-0  00000-0 0  9991
2 40889  56.0178 277.2578 0005198 357.3274   2.6729  1.70474438 32661
1 40889U 15045A   20347.07804480 -.00000035  00000-0  00000+0 0  9999
2 40889  56.0165 277.2092 0005228 357.9198   2.0801  1.70474432 32695
1 40889U 15045A   20347.07804480 -.00000035  00000-0  00000-0 0  9990
2 40889  56.0165 277.2092 0005228 357.9198   2.0801  1.70474432 32695
1 40889U 15045A   20348.25121971 -.00000034  00000-0  00000-0 0  9997
2 40889  56.0155 277.1768 0005248 358.3360   1.6681  1.70474442 32716
1 40889U 15045A   20348.83780989 -.00000033  00000-0  00000-0 0  9990
2 40889  56.0152 277.1607 0005268 358.8352   1.1723  1.70474442 32726
1 40889U 15045A   20350.01099019 -.00000031  00000-0  00000-0 0  9998
2 40889  56.0142 277.1284 0005290 359.2674   0.7476  1.70474462 32747
1 40889U 15045A   20350.59758040 -.00000031  00000-0  00000-0 0  9997
2 40889  56.0137 277.1122 0005299 359.4547   0.5640  1.70474473 32756
1 40889U 15045A   20352.94393510 -.00000035  00000-0  00000+0 0  9998
2 40889  56.0116 277.0476 0005349   0.4728 359.5571  1.70474519 32799
1 40889U 15045A   20352.94393510 -.00000035  00000-0  00000-0 0  9999
2 40889  56.0116 277.0476 0005349   0.4728 359.5571  1.70474519 32799
1 40889U 15045A   20354.11710615 -.00000040  00000-0  00000-0 0  9995
2 40889  56.0106 277.0152 0005367   0.9271 359.1046  1.70474548 32815
1 40889U 15045A   20355.29027381 -.00000044  00000-0  00000+0 0  9999
2 40889  56.0096 276.9829 0005387   1.4670 358.5647  1.70474577 32837
1 40889U 15045A   20355.29027381 -.00000044  00000-0  00000-0 0  9990
2 40889  56.0096 276.9829 0005387   1.4670 358.5647  1.70474577 32837
1 40889U 15045A   20357.05002234 -.00000045  00000-0  00000-0 0  9997
2 40889  56.0082 276.9345 0005410   2.2509 357.7790  1.70474616 32869
1 40889U 15045A   20358.22318878 -.00000042  00000-0  00000+0 0  9997
2 40889  56.0072 276.9021 0005418   2.6549 357.3743  1.70474637 32884
1 40889U 15045A   20359.39635729 -.00000037  00000-0  00000-0 0  9998
2 40889  56.0063 276.8699 0005425   2.9458 357.0841  1.70474657 32905
1 40889U 15045A   20359.98294313 -.00000034  00000-0  00000-0 0  9990
2 40889  56.0058 276.8537 0005434   3.1566 356.8746  1.70474661 32910
1 40889U 15045A   20360.56952984 -.00000030  00000-0  00000+0 0  9996
2 40889  56.0053 276.8376 0005441   3.3521 356.6809  1.70474664 32929
1 40889U 15045A   20360.56952984 -.00000030  00000-0  00000-0 0  9997
2 40889  56.0053 276.8376 0005441   3.3521 356.6809  1.70474664 32929
1 40889U 15045A   20362.91588544 -.00000014  00000-0  00000+0 0  9996
2 40889  56.0033 276.7730 0005484   4.2800 355.7657  1.70474649 32965
1 40889U 15045A   20362.91588544 -.00000014  00000-0  00000-0 0  9997
2 40889  56.0033 276.7730 0005484   4.2800 355.7657  1.70474649 32965
1 40889U 15045A   20364.08906662 -.00000006  00000-0  00000-0 0  9993
2 40889  56.0024 276.7407 0005505   4.7627 355.2914  1.70474627 32981
1 40889U 15045A   20365.26224765  .00000001  00000-0  00000+0 0  9994
2 40889  56.0014 276.7084 0005527   5.2567 354.8058  1.70474600 33003
1 40889U 15045A   20365.26224765  .00000001  00000-0  00000-0 0  9995
2 40889  56.0014 276.7084 0005527   5.2567 354.8058  1.70474600 33003

