1 46826U 20078A   20311.08460523 -.00000002  00000-0  00000+0 0  9990
2 46826  54.9892 295.3287 5933043 269.9652  93.9550  4.03346434    10
1 46826U 20078A   20311.17774808 -.00000001  00000-0  00000+0 0  9993
2 46826  54.9925 295.2884 5932852 269.9915 229.1934  4.03328770    10
1 46826U 20078A   20311.28591524 -.00000001  00000-0  00000+0 0  9997
2 46826  55.0021 295.2596 5932731 270.0065  26.2562  4.03333414    18
1 46826U 20078A   20311.53382656 -.00000001  00000-0  00000-0 0  9990
2 46826  55.0018 295.1419 5932689 270.0724  26.2239  4.03333474    30
1 46826U 20078A   20312.27754338  .00000532  00000+0  56292-3 0  9996
2 46826  54.9987 294.7994 5931978 270.2742  26.1267  4.03241644    68
1 46826U 20078A   20312.27754338  .00000532  00000-0  56292-3 0  9997
2 46826  54.9987 294.7994 5931978 270.2742  26.1267  4.03241644    57
1 46826U 20078A   20312.27754360 -.00000007  00000-0  00000+0 0  9992
2 46826  55.0000 294.7836 5932710 270.2719  26.1215  4.03338080    53
1 46826U 20078A   20330.96875000 -.00000065  00000-0  00000+0 0  9997
2 46826  54.9749 293.0958 0001478 108.8345 196.2588  2.00561083   814
1 46826U 20078A   20333.53772179 -.00000055  00000-0  00000+0 0  9995
2 46826  54.9761 293.0119 0000734 254.6356 105.3145  2.00556434   862
1 46826U 20078A   20334.03635509 -.00000051  00000-0  00000-0 0  9993
2 46826  54.9757 292.9918 0000747 253.2643 106.7121  2.00556471   871
1 46826U 20078A   20335.03355101 -.00000043  00000-0  00000-0 0  9992
2 46826  54.9752 292.9513 0000771 252.4333 107.5451  2.00556542   897
1 46826U 20078A   20336.03074733 -.00000034  00000-0  00000+0 0  9991
2 46826  54.9744 292.9111 0000743 252.7084 107.2712  2.00556506   917
1 46826U 20078A   20336.03074733 -.00000034  00000-0  00000-0 0  9992
2 46826  54.9744 292.9111 0000743 252.7084 107.2712  2.00556506   917
1 46826U 20078A   20338.52374793 -.00000017  00000-0  00000+0 0  9997
2 46826  54.9723 292.8108 0000768 253.3342 106.6558  2.00556461   966
1 46826U 20078A   20341.01674455 -.00000017  00000-0  00000+0 0  9993
2 46826  54.9705 292.7103 0000700 250.8337 109.1619  2.00556395  1011
1 46826U 20078A   20341.01674455 -.00000017  00000-0  00000-0 0  9994
2 46826  54.9705 292.7103 0000700 250.8337 109.1619  2.00556395  1011
1 46826U 20078A   20343.01113601 -.00000030  00000-0  00000-0 0  9992
2 46826  54.9686 292.6299 0000626 246.8608 113.1345  2.00556357  1050
1 46826U 20078A   20344.00833030 -.00000038  00000-0  00000+0 0  9994
2 46826  54.9678 292.5896 0000639 247.1833 112.8114  2.00556343  1078
1 46826U 20078A   20344.00833030 -.00000038  00000-0  00000-0 0  9995
2 46826  54.9678 292.5896 0000639 247.1833 112.8114  2.00556343  1078
1 46826U 20078A   20346.99990193 -.00000052  00000-0  00000+0 0  9994
2 46826  54.9654 292.4687 0000648 247.4712 112.5140  2.00556330  1137
1 46826U 20078A   20347.49849931 -.00000052  00000-0  00000-0 0  9994
2 46826  54.9650 292.4485 0000724 250.2390 109.7429  2.00556235  1141
1 46826U 20078A   20348.49569905 -.00000050  00000-0  00000-0 0  9993
2 46826  54.9643 292.4081 0000744 251.9926 107.9912  2.00556199  1168
1 46826U 20078A   20349.49289990 -.00000047  00000-0  00000+0 0  9992
2 46826  54.9635 292.3678 0000744 252.2459 107.7416  2.00556195  1180
1 46826U 20078A   20349.49289990 -.00000047  00000-0  00000-0 0  9993
2 46826  54.9635 292.3678 0000744 252.2459 107.7416  2.00556195  1180
1 46826U 20078A   20350.49010116 -.00000043  00000-0  00000-0 0  9993
2 46826  54.9627 292.3275 0000743 252.5585 107.4331  2.00556192  1209
1 46826U 20078A   20350.98870217 -.00000042  00000-0  00000-0 0  9992
2 46826  54.9623 292.3073 0000761 252.1318 107.8613  2.00556172  1217
1 46826U 20078A   20351.98590458 -.00000042  00000-0  00000+0 0  9998
2 46826  54.9615 292.2669 0000794 250.9885 109.0081  2.00556137  1235
1 46826U 20078A   20351.98590458 -.00000042  00000-0  00000-0 0  9999
2 46826  54.9615 292.2669 0000794 250.9885 109.0081  2.00556137  1235
1 46826U 20078A   20352.98310688 -.00000045  00000-0  00000-0 0  9998
2 46826  54.9608 292.2266 0000815 249.0638 110.9368  2.00556116  1257
1 46826U 20078A   20353.98030683 -.00000050  00000-0  00000-0 0  9999
2 46826  54.9600 292.1862 0000874 243.1806 116.8223  2.00556093  1278
1 46826U 20078A   20353.98030688 -.00000050  00000-0  00000-0 0  9994
2 46826  54.9600 292.1862 0000858 244.0860 115.9174  2.00556108  1272
1 46826U 20078A   20355.47610289 -.00000060  00000-0  00000+0 0  9991
2 46826  54.9588 292.1257 0000735 241.3925 118.6097  2.00556077  1304
1 46826U 20078A   20355.47610289 -.00000060  00000-0  00000-0 0  9992
2 46826  54.9588 292.1257 0000735 241.3925 118.6097  2.00556077  1304
1 46826U 20078A   20357.47049781 -.00000070  00000-0  00000-0 0  9998
2 46826  54.9572 292.0451 0000715 240.6104 119.3946  2.00556089  1349
1 46826U 20078A   20358.96628921 -.00000070  00000-0  00000+0 0  9991
2 46826  54.9560 291.9847 0000692 239.6597 120.3430  2.00556084  1379
1 46826U 20078A   20358.96628921 -.00000070  00000-0  00000-0 0  9992
2 46826  54.9560 291.9847 0000692 239.6597 120.3430  2.00556084  1379
1 46826U 20078A   20359.96348613 -.00000065  00000-0  00000-0 0  9994
2 46826  54.9555 291.9445 0000734 235.8640 124.1391  2.00556077  1393
1 46826U 20078A   20360.96068368 -.00000058  00000-0  00000-0 0  9994
2 46826  54.9548 291.9043 0000703 234.8933 125.1120  2.00556095  1413
1 46826U 20078A   20361.95788175 -.00000048  00000-0  00000+0 0  9997
2 46826  54.9540 291.8640 0000688 234.0327 125.9748  2.00556104  1435
1 46826U 20078A   20361.95788175 -.00000048  00000-0  00000-0 0  9998
2 46826  54.9540 291.8640 0000688 234.0327 125.9748  2.00556104  1435
1 46826U 20078A   20362.45648134 -.00000043  00000-0  00000-0 0  9999
2 46826  54.9537 291.8440 0000666 232.3495 127.6599  2.00556112  1445
1 46826U 20078A   20365.44808773 -.00000018  00000-0  00000+0 0  9999
2 46826  54.9523 291.7233 0000654 228.3838 131.6388  2.00556096  1501
1 46826U 20078A   20365.44808773 -.00000018  00000-0  00000-0 0  9990
2 46826  54.9523 291.7233 0000654 228.3838 131.6388  2.00556096  1501
1 46826U 20078A   20365.94669073 -.00000015  00000-0  00000-0 0  9990
2 46826  54.9511 291.7032 0000651 227.6623 132.3645  2.00556106  1513
1 46826U 20078A   20366.44529127 -.00000013  00000-0  00000-0 0  9999
2 46826  54.9507 291.6831 0000659 225.4274 134.6023  2.00556122  1524
