1 40730U 15033A   20092.18225499 -.00000073  00000-0  00000+0 0  9999
2 40730  55.5719 359.0518 0053431 350.5093   9.4207  2.00566970 34521
1 40730U 15033A   20094.17654926 -.00000072  00000-0  00000-0 0  9991
2 40730  55.5715 358.9719 0053466 350.6227   9.3077  2.00566825 34563
1 40730U 15033A   20095.67227199 -.00000072  00000-0  00000+0 0  9994
2 40730  55.5712 358.9121 0053494 350.6709   9.2615  2.00566771 34593
1 40730U 15033A   20096.17084782 -.00000073  00000-0  00000-0 0  9991
2 40730  55.5711 358.8921 0053512 350.7135   9.2202  2.00566705 34605
1 40730U 15033A   20096.66942441 -.00000073  00000-0  00000-0 0  9990
2 40730  55.5710 358.8721 0053517 350.7349   9.1999  2.00566647 34612
1 40730U 15033A   20099.16230354 -.00000080  00000-0  00000+0 0  9998
2 40730  55.5705 358.7724 0053549 350.8857   9.0552  2.00566524 34661
1 40730U 15033A   20099.16230364 -.00000080  00000-0  00000-0 0  9990
2 40730  55.5705 358.7724 0053552 350.8894   9.0515  2.00566518 34668
1 40730U 15033A   20100.15945128 -.00000085  00000-0  00000-0 0  9998
2 40730  55.5702 358.7324 0053562 350.9490   8.9931  2.00566570 34685
1 40730U 15033A   20101.15660344 -.00000090  00000-0  00000-0 0  9999
2 40730  55.5700 358.6925 0053565 351.0172   8.9252  2.00566451 34708
1 40730U 15033A   20102.15375159 -.00000096  00000-0  00000+0 0  9992
2 40730  55.5698 358.6525 0053578 351.0827   8.8591  2.00566425 34729
1 40730U 15033A   20103.15089995 -.00000101  00000-0  00000-0 0  9991
2 40730  55.5696 358.6126 0053584 351.1224   8.8180  2.00566369 34746
1 40730U 15033A   20105.14519441 -.00000108  00000-0  00000+0 0  9992
2 40730  55.5691 358.5327 0053600 351.2434   8.6954  2.00566432 34788
1 40730U 15033A   20106.14235235 -.00000108  00000-0  00000-0 0  9990
2 40730  55.5689 358.4928 0053617 351.3102   8.6290  2.00566171 34808
1 40730U 15033A   20106.64092541 -.00000107  00000-0  00000-0 0  9995
2 40730  55.5688 358.4728 0053648 351.2909   8.6483  2.00566222 34815
1 40730U 15033A   20107.13950198 -.00000107  00000-0  00000-0 0  9991
2 40730  55.5687 358.4529 0053651 351.3075   8.6324  2.00566207 34820
1 40730U 15033A   20108.13665167 -.00000104  00000-0  00000+0 0  9997
2 40730  55.5686 358.4130 0053641 351.4189   8.5240  2.00566362 34843
1 40730U 15033A   20111.12811923 -.00000090  00000-0  00000+0 0  9997
2 40730  55.5679 358.2934 0053666 351.5722   8.3808  2.00566243 34909
1 40730U 15033A   20113.12243141 -.00000082  00000-0  00000-0 0  9992
2 40730  55.5675 358.2136 0053685 351.6737   8.2858  2.00566133 34943
1 40730U 15033A   20115.11673948 -.00000076  00000-0  00000+0 0  9997
2 40730  55.5671 358.1339 0053696 351.7854   8.1782  2.00566043 34985
1 40730U 15033A   20115.61531738 -.00000075  00000-0  00000-0 0  9992
2 40730  55.5670 358.1139 0053705 351.8067   8.1572  2.00565958 34992
1 40730U 15033A   20118.10819772 -.00000070  00000-0  00000+0 0  9990
2 40730  55.5664 358.0142 0053734 351.9270   8.0361  2.00565756 35045
1 40730U 15033A   20119.10534941 -.00000068  00000-0  00000-0 0  9991
2 40730  55.5662 357.9743 0053736 351.9736   7.9885  2.00565686 35060
1 40730U 15033A   20119.60392481 -.00000068  00000-0  00000-0 0  9997
2 40730  55.5662 357.9544 0053740 352.0062   7.9555  2.00565661 35076
1 40730U 15033A   20120.10250123 -.00000067  00000-0  00000-0 0  9999
2 40730  55.5661 357.9344 0053739 352.0276   7.9338  2.00565624 35087
1 40730U 15033A   20121.59823294 -.00000066  00000-0  00000+0 0  9996
2 40730  55.5658 357.8746 0053731 352.1175   7.8439  2.00565499 35114
1 40730U 15033A   20122.09681179 -.00000065  00000-0  00000-0 0  9996
2 40730  55.5657 357.8546 0053744 352.1372   7.8244  2.00565399 35128
1 40730U 15033A   20124.09112450 -.00000066  00000-0  00000+0 0  9999
2 40730  55.5653 357.7748 0053753 352.2506   7.7141  2.00565296 35162
1 40730U 15033A   20124.58970291 -.00000067  00000-0  00000-0 0  9990
2 40730  55.5652 357.7549 0053753 352.2832   7.6825  2.00565279 35172
1 40730U 15033A   20125.08828223 -.00000068  00000-0  00000-0 0  9994
2 40730  55.5651 357.7349 0053749 352.3189   7.6479  2.00565234 35187
1 40730U 15033A   20126.08543950 -.00000071  00000-0  00000-0 0  9990
2 40730  55.5649 357.6950 0053750 352.3637   7.6045  2.00565190 35204
1 40730U 15033A   20127.08259582 -.00000075  00000-0  00000+0 0  9999
2 40730  55.5647 357.6551 0053755 352.4092   7.5596  2.00565142 35229
1 40730U 15033A   20129.07690486 -.00000086  00000-0  00000-0 0  9995
2 40730  55.5643 357.5753 0053766 352.4953   7.4715  2.00565074 35266
1 40730U 15033A   20130.07405861 -.00000092  00000-0  00000+0 0  9994
2 40730  55.5641 357.5353 0053747 352.5689   7.3961  2.00565052 35286
1 40730U 15033A   20130.07407190 -.00000092  00000-0  00000+0 0  9991
2 40730  55.5641 357.5353 0053839 352.4948   7.4693  2.00564547 35286
1 40730U 15033A   20130.07407190 -.00000092  00000-0  00000-0 0  9992
2 40730  55.5641 357.5353 0053839 352.4948   7.4693  2.00564547 35286
1 40730U 15033A   20131.07121378 -.00000097  00000-0  00000+0 0  9998
2 40730  55.5639 357.4954 0053736 352.6188   7.3441  2.00564977 35303
1 40730U 15033A   20132.06836621 -.00000100  00000-0  00000-0 0  9998
2 40730  55.5637 357.4555 0053756 352.6540   7.3070  2.00565014 35325
1 40730U 15033A   20133.56410013 -.00000101  00000-0  00000+0 0  9997
2 40730  55.5635 357.3956 0053759 352.7218   7.2381  2.00564987 35358
1 40730U 15033A   20133.56410013 -.00000101  00000-0  00000-0 0  9998
2 40730  55.5635 357.3956 0053759 352.7218   7.2381  2.00564987 35358
1 40730U 15033A   20134.56125742 -.00000099  00000-0  00000-0 0  9997
2 40730  55.5633 357.3557 0053775 352.7577   7.2027  2.00564986 35377
1 40730U 15033A   20135.05983810 -.00000098  00000-0  00000-0 0  9999
2 40730  55.5632 357.3358 0053772 352.7794   7.1815  2.00564940 35388
1 40730U 15033A   20136.05699806 -.00000094  00000-0  00000+0 0  9994
2 40730  55.5631 357.2960 0053782 352.8141   7.1486  2.00564920 35408
1 40730U 15033A   20136.55557847 -.00000092  00000-0  00000-0 0  9996
2 40730  55.5630 357.2761 0053786 352.8318   7.1320  2.00564910 35413
1 40730U 15033A   20137.55273991 -.00000088  00000-0  00000-0 0  9997
2 40730  55.5628 357.2362 0053784 352.8701   7.0964  2.00564879 35430
1 40730U 15033A   20138.05131995 -.00000086  00000-0  00000-0 0  9998
2 40730  55.5627 357.2162 0053777 352.8898   7.0781  2.00564884 35440
1 40730U 15033A   20139.04848187 -.00000082  00000-0  00000+0 0  9991
2 40730  55.5625 357.1764 0053779 352.9242   7.0463  2.00564832 35463
1 40730U 15033A   20140.04564309 -.00000078  00000-0  00000-0 0  9990
2 40730  55.5625 357.1364 0053792 352.9573   7.0153  2.00564767 35486
1 40730U 15033A   20141.04280391 -.00000075  00000-0  00000-0 0  9994
2 40730  55.5624 357.0965 0053785 352.9896   6.9845  2.00564710 35508
1 40730U 15033A   20142.03996386 -.00000072  00000-0  00000+0 0  9998
2 40730  55.5623 357.0567 0053776 353.0279   6.9470  2.00564642 35522
1 40730U 15033A   20142.53854390 -.00000071  00000-0  00000-0 0  9991
2 40730  55.5622 357.0368 0053766 353.0477   6.9273  2.00564592 35535
1 40730U 15033A   20143.03712309 -.00000070  00000-0  00000-0 0  9999
2 40730  55.5621 357.0169 0053766 353.0671   6.9078  2.00564562 35540
1 40730U 15033A   20149.02007302 -.00000060  00000-0  00000+0 0  9992
2 40730  55.5610 356.7777 0053759 353.2891   6.6778  2.00564087 35666
1 40730U 15033A   20150.51581573 -.00000059  00000-0  00000-0 0  9994
2 40730  55.5607 356.7179 0053763 353.3476   6.6199  2.00563994 35699
1 40730U 15033A   20151.51297902 -.00000060  00000-0  00000+0 0  9996
2 40730  55.5605 356.6780 0053773 353.3877   6.5808  2.00563880 35713
1 40730U 15033A   20151.51297902 -.00000060  00000-0  00000-0 0  9997
2 40730  55.5605 356.6780 0053773 353.3877   6.5808  2.00563880 35713
1 40730U 15033A   20155.00304769 -.00000073  00000-0  00000+0 0  9998
2 40730  55.5598 356.5385 0053773 353.5023   6.4664  2.00563729 35787
1 40730U 15033A   20156.00021045 -.00000079  00000-0  00000-0 0  9999
2 40730  55.5596 356.4986 0053786 353.5266   6.4400  2.00563584 35804
1 40730U 15033A   20156.99736397 -.00000085  00000-0  00000-0 0  9997
2 40730  55.5593 356.4587 0053788 353.5568   6.4069  2.00563745 35827
1 40730U 15033A   20161.48458950 -.00000097  00000-0  00000-0 0  9996
2 40730  55.5583 356.2793 0053775 353.6896   6.2649  2.00563589 35912
1 40730U 15033A   20161.48459042 -.00000097  00000-0  00000+0 0  9998
2 40730  55.5583 356.2793 0053779 353.6880   6.2665  2.00563563 35919
1 40730U 15033A   20161.48459042 -.00000097  00000-0  00000-0 0  9999
2 40730  55.5583 356.2793 0053779 353.6880   6.2665  2.00563563 35919
1 40730U 15033A   20161.98317192 -.00000096  00000-0  00000-0 0  9992
2 40730  55.5582 356.2594 0053774 353.7028   6.2518  2.00563575 35928
1 40730U 15033A   20162.48175533 -.00000094  00000-0  00000-0 0  9997
2 40730  55.5582 356.2395 0053776 353.7142   6.2407  2.00563536 35931
1 40730U 15033A   20162.98033798 -.00000093  00000-0  00000-0 0  9997
2 40730  55.5581 356.2196 0053774 353.7275   6.2280  2.00563539 35947
1 40730U 15033A   20163.97750471 -.00000089  00000-0  00000-0 0  9996
2 40730  55.5579 356.1797 0053770 353.7485   6.2086  2.00563514 35968
1 40730U 15033A   20164.47608861 -.00000087  00000-0  00000+0 0  9994
2 40730  55.5578 356.1598 0053770 353.7561   6.2019  2.00563491 35972
1 40730U 15033A   20164.97467257 -.00000085  00000-0  00000-0 0  9990
2 40730  55.5577 356.1399 0053763 353.7645   6.1945  2.00563468 35987
1 40730U 15033A   20165.97183917 -.00000082  00000-0  00000-0 0  9996
2 40730  55.5575 356.1000 0053761 353.7849   6.1761  2.00563470 36001
1 40730U 15033A   20166.96900879 -.00000078  00000-0  00000-0 0  9995
2 40730  55.5572 356.0602 0053758 353.8027   6.1599  2.00563353 36021
1 40730U 15033A   20167.96617553 -.00000075  00000-0  00000+0 0  9996
2 40730  55.5570 356.0204 0053764 353.8273   6.1366  2.00563297 36048
1 40730U 15033A   20168.96334004 -.00000073  00000-0  00000-0 0  9993
2 40730  55.5568 355.9806 0053765 353.8487   6.1156  2.00563310 36064
1 40730U 15033A   20169.96050612 -.00000071  00000-0  00000-0 0  9992
2 40730  55.5566 355.9408 0053763 353.8712   6.0928  2.00563221 36088
1 40730U 15033A   20170.45908903 -.00000069  00000-0  00000-0 0  9990
2 40730  55.5565 355.9208 0053768 353.8812   6.0823  2.00563165 36093
1 40730U 15033A   20171.95483435 -.00000066  00000-0  00000-0 0  9991
2 40730  55.5562 355.8611 0053765 353.9160   6.0450  2.00563064 36129
1 40730U 15033A   20173.45058175 -.00000064  00000-0  00000-0 0  9995
2 40730  55.5559 355.8013 0053751 353.9446   6.0133  2.00562930 36155
1 40730U 15033A   20173.94916341 -.00000063  00000-0  00000-0 0  9996
2 40730  55.5558 355.7814 0053748 353.9471   6.0096  2.00562884 36163
1 40730U 15033A   20174.94632864 -.00000061  00000-0  00000+0 0  9999
2 40730  55.5556 355.7416 0053748 353.9656   5.9893  2.00562786 36180
1 40730U 15033A   20174.94632864 -.00000061  00000-0  00000-0 0  9990
2 40730  55.5556 355.7416 0053748 353.9656   5.9893  2.00562786 36180
1 40730U 15033A   20175.94349555 -.00000060  00000-0  00000-0 0  9992
2 40730  55.5553 355.7017 0053747 353.9899   5.9638  2.00562668 36201
1 40730U 15033A   20176.94066256 -.00000059  00000-0  00000-0 0  9995
2 40730  55.5551 355.6619 0053753 354.0097   5.9436  2.00562609 36228
1 40730U 15033A   20178.43641632 -.00000060  00000-0  00000+0 0  9999
2 40730  55.5548 355.6021 0053754 354.0415   5.9126  2.00562545 36254
1 40730U 15033A   20178.93499963 -.00000060  00000-0  00000-0 0  9993
2 40730  55.5546 355.5822 0053759 354.0500   5.9044  2.00562527 36260
1 40730U 15033A   20181.42792497 -.00000069  00000-0  00000+0 0  9997
2 40730  55.5540 355.4826 0053758 354.0922   5.8627  2.00562328 36315
1 40730U 15033A   20183.42225902 -.00000081  00000-0  00000-0 0  9996
2 40730  55.5535 355.4029 0053752 354.1220   5.8292  2.00562285 36354
1 40730U 15033A   20183.92084278 -.00000085  00000-0  00000-0 0  9994
2 40730  55.5534 355.3830 0053760 354.1242   5.8253  2.00562227 36369
1 40730U 15033A   20184.91800706 -.00000091  00000-0  00000-0 0  9993
2 40730  55.5530 355.3431 0053762 354.1371   5.8092  2.00562248 36383
1 40730U 15033A   20185.91517325 -.00000096  00000-0  00000+0 0  9990
2 40730  55.5529 355.3033 0053756 354.1446   5.7985  2.00562211 36408
1 40730U 15033A   20185.91517325 -.00000096  00000-0  00000-0 0  9991
2 40730  55.5529 355.3033 0053756 354.1446   5.7985  2.00562211 36408
1 40730U 15033A   20188.40809479 -.00000100  00000-0  00000+0 0  9997
2 40730  55.5522 355.2037 0053755 354.1681   5.7705  2.00562148 36458
1 40730U 15033A   20190.40243833 -.00000096  00000-0  00000-0 0  9991
2 40730  55.5518 355.1241 0053769 354.1955   5.7445  2.00562142 36497
1 40730U 15033A   20190.90102521 -.00000094  00000-0  00000+0 0  9991
2 40730  55.5516 355.1042 0053774 354.1902   5.7505  2.00562121 36508
1 40730U 15033A   20190.90102521 -.00000094  00000-0  00000-0 0  9992
2 40730  55.5516 355.1042 0053774 354.1902   5.7505  2.00562121 36508
1 40730U 15033A   20192.39678776 -.00000089  00000-0  00000-0 0  9991
2 40730  55.5511 355.0445 0053763 354.1988   5.7449  2.00562061 36534
1 40730U 15033A   20192.89537530 -.00000088  00000-0  00000-0 0  9997
2 40730  55.5510 355.0246 0053769 354.1886   5.7561  2.00562025 36541
1 40730U 15033A   20193.89255020 -.00000085  00000-0  00000+0 0  9995
2 40730  55.5507 354.9848 0053774 354.1941   5.7526  2.00561978 36560
1 40730U 15033A   20193.89255020 -.00000085  00000-0  00000-0 0  9996
2 40730  55.5507 354.9848 0053774 354.1941   5.7526  2.00561978 36560
1 40730U 15033A   20195.38831148 -.00000081  00000-0  00000-0 0  9999
2 40730  55.5503 354.9251 0053780 354.2121   5.7367  2.00561927 36592
1 40730U 15033A   20196.38548528 -.00000079  00000-0  00000+0 0  9993
2 40730  55.5499 354.8853 0053783 354.2168   5.7325  2.00561854 36613
1 40730U 15033A   20198.37982963 -.00000075  00000-0  00000-0 0  9996
2 40730  55.5494 354.8057 0053787 354.2164   5.7314  2.00561695 36659
1 40730U 15033A   20198.87841548 -.00000074  00000-0  00000+0 0  9992
2 40730  55.5492 354.7858 0053790 354.2199   5.7272  2.00561654 36666
1 40730U 15033A   20200.87275906 -.00000070  00000-0  00000-0 0  9992
2 40730  55.5487 354.7061 0053796 354.2379   5.7059  2.00561500 36700
1 40730U 15033A   20200.87275908 -.00000070  00000-0  00000-0 0  9994
2 40730  55.5487 354.7061 0053802 354.2287   5.7150  2.00561471 36705
1 40730U 15033A   20201.86993147 -.00000068  00000-0  00000-0 0  9993
2 40730  55.5485 354.6663 0053807 354.2317   5.7105  2.00561386 36726
1 40730U 15033A   20202.86710370 -.00000066  00000-0  00000-0 0  9997
2 40730  55.5482 354.6265 0053816 354.2382   5.7030  2.00561348 36740
1 40730U 15033A   20203.36569108 -.00000066  00000-0  00000-0 0  9994
2 40730  55.5481 354.6066 0053814 354.2468   5.6944  2.00561321 36756
1 40730U 15033A   20204.86145593 -.00000065  00000-0  00000-0 0  9997
2 40730  55.5476 354.5469 0053824 354.2439   5.6978  2.00561133 36786
1 40730U 15033A   20209.34875121 -.00000078  00000-0  00000+0 0  9995
2 40730  55.5462 354.3676 0053852 354.2529   5.6917  2.00560918 36873
1 40730U 15033A   20209.34875121 -.00000078  00000-0  00000-0 0  9996
2 40730  55.5462 354.3676 0053852 354.2529   5.6917  2.00560918 36873
1 40730U 15033A   20210.34592755 -.00000085  00000-0  00000-0 0  9995
2 40730  55.5461 354.3277 0053854 354.2472   5.6957  2.00560820 36896
1 40730U 15033A   20211.84168729 -.00000095  00000-0  00000+0 0  9991
2 40730  55.5457 354.2679 0053875 354.2553   5.6839  2.00560806 36926
1 40730U 15033A   20212.83886053 -.00000100  00000-0  00000-0 0  9996
2 40730  55.5454 354.2281 0053887 354.2469   5.6894  2.00560787 36942
1 40730U 15033A   20213.83603526 -.00000104  00000-0  00000-0 0  9993
2 40730  55.5451 354.1882 0053897 354.2453   5.6888  2.00560758 36962
1 40730U 15033A   20214.33462578 -.00000106  00000-0  00000-0 0  9991
2 40730  55.5450 354.1683 0053905 354.2474   5.6859  2.00560654 36977
1 40730U 15033A   20215.33180234 -.00000107  00000-0  00000-0 0  9999
2 40730  55.5447 354.1285 0053916 354.2622   5.6706  2.00560675 36983
1 40730U 15033A   20215.83038816 -.00000107  00000-0  00000-0 0  9992
2 40730  55.5445 354.1086 0053918 354.2357   5.6968  2.00560760 37006
1 40730U 15033A   20216.32897692 -.00000106  00000-0  00000-0 0  9991
2 40730  55.5444 354.0886 0053918 354.2397   5.6933  2.00560780 37011
1 40730U 15033A   20217.32615838 -.00000104  00000-0  00000-0 0  9990
2 40730  55.5441 354.0488 0053926 354.2455   5.6890  2.00560730 37039
1 40730U 15033A   20217.32615939 -.00000104  00000-0  00000-0 0  9992
2 40730  55.5441 354.0488 0053932 354.2334   5.7010  2.00560681 37032
1 40730U 15033A   20218.32334000 -.00000101  00000-0  00000-0 0  9997
2 40730  55.5436 354.0089 0053937 354.2420   5.6948  2.00560703 37050
1 40730U 15033A   20218.32334107 -.00000101  00000-0  00000-0 0  9995
2 40730  55.5436 354.0089 0053945 354.2312   5.7054  2.00560656 37055
1 40730U 15033A   20221.31489011 -.00000092  00000-0  00000+0 0  9991
2 40730  55.5427 353.8895 0053970 354.2127   5.7321  2.00560531 37115
1 40730U 15033A   20222.31207455 -.00000090  00000-0  00000-0 0  9991
2 40730  55.5424 353.8497 0053986 354.2233   5.7237  2.00560420 37130
1 40730U 15033A   20223.30925291 -.00000088  00000-0  00000-0 0  9993
2 40730  55.5421 353.8099 0054005 354.1972   5.7510  2.00560437 37151
1 40730U 15033A   20224.30643384 -.00000086  00000-0  00000-0 0  9992
2 40730  55.5418 353.7700 0054016 354.1927   5.7561  2.00560365 37175
1 40730U 15033A   20225.30361496 -.00000084  00000-0  00000+0 0  9991
2 40730  55.5414 353.7302 0054018 354.1751   5.7736  2.00560269 37195
1 40730U 15033A   20225.30361496 -.00000084  00000-0  00000-0 0  9992
2 40730  55.5414 353.7302 0054018 354.1751   5.7736  2.00560269 37195
1 40730U 15033A   20225.30361744 -.00000084  00000-0  00000-0 0  9998
2 40730  55.5414 353.7302 0054029 354.1893   5.7595  2.00560172 37190
1 40730U 15033A   20227.29797225 -.00000079  00000-0  00000-0 0  9999
2 40730  55.5408 353.6505 0054056 354.1755   5.7717  2.00560168 37230
1 40730U 15033A   20228.79374341 -.00000076  00000-0  00000+0 0  9991
2 40730  55.5403 353.5907 0054069 354.1768   5.7692  2.00560050 37263
1 40730U 15033A   20228.79374341 -.00000076  00000-0  00000-0 0  9992
2 40730  55.5403 353.5907 0054069 354.1768   5.7692  2.00560050 37263
1 40730U 15033A   20229.29233457 -.00000075  00000-0  00000-0 0  9999
2 40730  55.5402 353.5708 0054077 354.1737   5.7721  2.00559986 37276
1 40730U 15033A   20229.79092637 -.00000074  00000-0  00000-0 0  9996
2 40730  55.5400 353.5509 0054095 354.1598   5.7858  2.00559864 37285
1 40730U 15033A   20230.28951684 -.00000073  00000-0  00000-0 0  9997
2 40730  55.5398 353.5310 0054105 354.1591   5.7866  2.00559847 37297
1 40730U 15033A   20231.28670043 -.00000071  00000-0  00000+0 0  9992
2 40730  55.5395 353.4912 0054108 354.1474   5.7991  2.00559791 37314
1 40730U 15033A   20231.78529153 -.00000071  00000-0  00000-0 0  9993
2 40730  55.5392 353.4712 0054122 354.1328   5.8143  2.00559754 37323
1 40730U 15033A   20233.28106979 -.00000071  00000-0  00000-0 0  9997
2 40730  55.5387 353.4114 0054138 354.1379   5.8121  2.00559685 37358
1 40730U 15033A   20234.27825553 -.00000072  00000-0  00000+0 0  9993
2 40730  55.5383 353.3716 0054157 354.1221   5.8298  2.00559604 37376
1 40730U 15033A   20234.27825553 -.00000072  00000-0  00000-0 0  9994
2 40730  55.5383 353.3716 0054157 354.1221   5.8298  2.00559604 37376
1 40730U 15033A   20235.27544083 -.00000076  00000-0  00000-0 0  9995
2 40730  55.5380 353.3317 0054173 354.1182   5.8352  2.00559552 37399
1 40730U 15033A   20235.27544156 -.00000076  00000-0  00000-0 0  9996
2 40730  55.5380 353.3317 0054178 354.0959   5.8573  2.00559502 37395
1 40730U 15033A   20236.27262590 -.00000081  00000-0  00000-0 0  9992
2 40730  55.5377 353.2918 0054186 354.0966   5.8572  2.00559473 37413
1 40730U 15033A   20237.76840055 -.00000090  00000-0  00000-0 0  9995
2 40730  55.5371 353.2320 0054211 354.0767   5.8758  2.00559382 37440
1 40730U 15033A   20239.26417012 -.00000100  00000-0  00000-0 0  9997
2 40730  55.5366 353.1723 0054248 354.0568   5.8927  2.00559406 37477
1 40730U 15033A   20239.76276244 -.00000103  00000-0  00000-0 0  9995
2 40730  55.5365 353.1523 0054269 354.0499   5.8984  2.00559321 37480
1 40730U 15033A   20240.75994505 -.00000107  00000-0  00000-0 0  9997
2 40730  55.5362 353.1124 0054281 354.0576   5.8890  2.00559306 37506
1 40730U 15033A   20241.25853525 -.00000109  00000-0  00000-0 0  9991
2 40730  55.5360 353.0925 0054293 354.0538   5.8922  2.00559338 37515
1 40730U 15033A   20241.75712886 -.00000110  00000-0  00000-0 0  9992
2 40730  55.5358 353.0726 0054304 354.0466   5.8990  2.00559270 37525
1 40730U 15033A   20243.25290776 -.00000110  00000-0  00000-0 0  9998
2 40730  55.5353 353.0127 0054338 354.0351   5.9110  2.00559228 37556
1 40730U 15033A   20243.75149941 -.00000109  00000-0  00000-0 0  9998
2 40730  55.5351 352.9929 0054352 354.0349   5.9119  2.00559289 37562
1 40730U 15033A   20244.25009474 -.00000108  00000-0  00000-0 0  9999
2 40730  55.5350 352.9729 0054363 354.0287   5.9191  2.00559239 37578
1 40730U 15033A   20245.24728416 -.00000106  00000-0  00000-0 0  9991
2 40730  55.5346 352.9331 0054385 354.0085   5.9419  2.00559208 37593
1 40730U 15033A   20247.24166350 -.00000099  00000-0  00000-0 0  9997
2 40730  55.5339 352.8534 0054430 353.9747   5.9822  2.00559199 37635
1 40730U 15033A   20249.23604535 -.00000094  00000-0  00000-0 0  9995
2 40730  55.5333 352.7737 0054480 353.9388   6.0240  2.00559075 37672
1 40730U 15033A   20251.23042493 -.00000090  00000-0  00000-0 0  9993
2 40730  55.5326 352.6940 0054534 353.9277   6.0386  2.00558936 37717
1 40730U 15033A   20254.22198391 -.00000082  00000-0  00000+0 0  9994
2 40730  55.5316 352.5743 0054639 353.8546   6.1114  2.00558827 37775
1 40730U 15033A   20256.21635969 -.00000077  00000-0  00000-0 0  9997
2 40730  55.5309 352.4945 0054719 353.8037   6.1612  2.00558649 37814
1 40730U 15033A   20257.21355117 -.00000074  00000-0  00000-0 0  9999
2 40730  55.5305 352.4546 0054760 353.7721   6.1928  2.00558477 37833
1 40730U 15033A   20258.21074546 -.00000072  00000-0  00000-0 0  9992
2 40730  55.5302 352.4146 0054788 353.7749   6.1911  2.00558278 37859
1 40730U 15033A   20261.70091717 -.00000071  00000-0  00000-0 0  9998
2 40730  55.5289 352.2750 0054905 353.7611   6.2125  2.00558114 37926
1 40730U 15033A   20262.69811098 -.00000074  00000-0  00000-0 0  9992
2 40730  55.5286 352.2351 0054884 353.8627   6.1138  2.00557961 37948
1 40730U 15033A   20263.69530328 -.00000079  00000-0  00000-0 0  9992
2 40730  55.5282 352.1951 0054940 353.8348   6.1420  2.00557989 37968
1 40730U 15033A   20264.19389900 -.00000082  00000-0  00000-0 0  9990
2 40730  55.5280 352.1753 0054951 353.8372   6.1395  2.00557958 37973
1 40730U 15033A   20264.69249365 -.00000085  00000-0  00000-0 0  9998
2 40730  55.5279 352.1553 0054964 353.8366   6.1397  2.00557950 37981
1 40730U 15033A   20265.19108832 -.00000088  00000-0  00000+0 0  9999
2 40730  55.5276 352.1351 0054975 353.8120   6.1634  2.00557904 37998
1 40730U 15033A   20266.18827581 -.00000094  00000-0  00000-0 0  9996
2 40730  55.5273 352.0952 0055017 353.7911   6.1822  2.00557894 38017
1 40730U 15033A   20266.68687023 -.00000097  00000-0  00000-0 0  9999
2 40730  55.5271 352.0752 0055023 353.7965   6.1759  2.00557897 38022
1 40730U 15033A   20267.18546528 -.00000100  00000-0  00000-0 0  9994
2 40730  55.5269 352.0552 0055056 353.7791   6.1920  2.00557835 38033
1 40730U 15033A   20267.18546547 -.00000100  00000-0  00000-0 0  9995
2 40730  55.5269 352.0552 0055052 353.7863   6.1850  2.00557833 38039
1 40730U 15033A   20268.18265446 -.00000104  00000-0  00000+0 0  9995
2 40730  55.5266 352.0153 0055077 353.7811   6.1884  2.00557840 38050
1 40730U 15033A   20268.68124904 -.00000105  00000-0  00000-0 0  9995
2 40730  55.5264 351.9953 0055092 353.7832   6.1858  2.00557854 38061
1 40730U 15033A   20269.17984577 -.00000106  00000-0  00000-0 0  9991
2 40730  55.5262 351.9754 0055111 353.7796   6.1891  2.00557809 38077
1 40730U 15033A   20269.67844103 -.00000106  00000-0  00000-0 0  9996
2 40730  55.5261 351.9554 0055144 353.7617   6.2067  2.00557812 38083
1 40730U 15033A   20269.67844177 -.00000106  00000-0  00000-0 0  9997
2 40730  55.5261 351.9555 0055130 353.7753   6.1933  2.00557803 38081
1 40730U 15033A   20270.67563330 -.00000106  00000-0  00000-0 0  9998
2 40730  55.5257 351.9156 0055171 353.7568   6.2125  2.00557845 38105
1 40730U 15033A   20271.17423333 -.00000105  00000-0  00000-0 0  9991
2 40730  55.5255 351.8956 0055198 353.7497   6.2204  2.00557744 38117
1 40730U 15033A   20271.17423347 -.00000105  00000-0  00000-0 0  9996
2 40730  55.5255 351.8956 0055184 353.7635   6.2067  2.00557755 38115
1 40730U 15033A   20272.17142986 -.00000102  00000-0  00000-0 0  9991
2 40730  55.5252 351.8557 0055240 353.7276   6.2447  2.00557701 38127
1 40730U 15033A   20272.17143030 -.00000102  00000-0  00000-0 0  9992
2 40730  55.5252 351.8557 0055223 353.7453   6.2272  2.00557701 38132
1 40730U 15033A   20272.67002684 -.00000101  00000-0  00000-0 0  9995
2 40730  55.5250 351.8357 0055255 353.7264   6.2474  2.00557743 38144
1 40730U 15033A   20273.16862593 -.00000099  00000-0  00000-0 0  9999
2 40730  55.5249 351.8158 0055273 353.7200   6.2553  2.00557715 38137
1 40730U 15033A   20273.66722423 -.00000097  00000-0  00000-0 0  9999
2 40730  55.5247 351.7958 0055291 353.7140   6.2630  2.00557719 38146
1 40730U 15033A   20274.16582378 -.00000096  00000-0  00000-0 0  9997
2 40730  55.5245 351.7759 0055309 353.7093   6.2693  2.00557680 38157
1 40730U 15033A   20275.16302084 -.00000093  00000-0  00000-0 0  9999
2 40730  55.5242 351.7360 0055330 353.7139   6.2680  2.00557682 38199
1 40730U 15033A   20275.66161858 -.00000092  00000-0  00000-0 0  9995
2 40730  55.5240 351.7160 0055374 353.6744   6.3085  2.00557670 38180
1 40730U 15033A   20275.66161858 -.00000092  00000-0  00000-0 0  9995
2 40730  55.5240 351.7160 0055374 353.6744   6.3085  2.00557670 38203
1 40730U 15033A   20275.66161880 -.00000092  00000-0  00000-0 0  9990
2 40730  55.5240 351.7160 0055354 353.6923   6.2908  2.00557680 38181
1 40730U 15033A   20277.65601408 -.00000087  00000-0  00000-0 0  9990
2 40730  55.5234 351.6362 0055438 353.6620   6.3250  2.00557500 38221
1 40730U 15033A   20278.15461028 -.00000086  00000-0  00000+0 0  9996
2 40730  55.5233 351.6163 0055449 353.6711   6.3166  2.00557545 38250
1 40730U 15033A   20279.15180612 -.00000083  00000-0  00000-0 0  9992
2 40730  55.5229 351.5764 0055507 353.6447   6.3433  2.00557428 38259
1 40730U 15033A   20279.15180662 -.00000083  00000-0  00000-0 0  9997
2 40730  55.5229 351.5764 0055506 353.6557   6.3325  2.00557410 38251
1 40730U 15033A   20279.65040333 -.00000082  00000-0  00000-0 0  9991
2 40730  55.5228 351.5565 0055525 353.6524   6.3358  2.00557397 38265
1 40730U 15033A   20280.64759743 -.00000079  00000-0  00000-0 0  9990
2 40730  55.5224 351.5166 0055566 353.6415   6.3463  2.00557325 38282
1 40730U 15033A   20280.64759802 -.00000079  00000-0  00000-0 0  9996
2 40730  55.5224 351.5166 0055546 353.6582   6.3298  2.00557348 38286
1 40730U 15033A   20281.14619565 -.00000078  00000-0  00000-0 0  9992
2 40730  55.5222 351.4966 0055585 353.6362   6.3511  2.00557244 38294
1 40730U 15033A   20282.14338697 -.00000074  00000-0  00000-0 0  9993
2 40730  55.5219 351.4567 0055607 353.6409   6.3458  2.00557286 38313
1 40730U 15033A   20282.64198556 -.00000073  00000-0  00000-0 0  9995
2 40730  55.5217 351.4367 0055623 353.6493   6.3371  2.00557207 38328
1 40730U 15033A   20283.14058453 -.00000071  00000-0  00000-0 0  9990
2 40730  55.5216 351.4168 0055650 353.6367   6.3493  2.00557104 38350
1 40730U 15033A   20284.13777882 -.00000068  00000-0  00000-0 0  9990
2 40730  55.5213 351.3768 0055691 353.6357   6.3502  2.00557077 38356
1 40730U 15033A   20284.63637716 -.00000066  00000-0  00000-0 0  9994
2 40730  55.5211 351.3568 0055714 353.6323   6.3536  2.00557025 38362
1 40730U 15033A   20284.63637724 -.00000066  00000-0  00000-0 0  9993
2 40730  55.5211 351.3568 0055732 353.6302   6.3557  2.00556991 38363
1 40730U 15033A   20285.63357487 -.00000063  00000-0  00000+0 0  9995
2 40730  55.5208 351.3169 0055762 353.6338   6.3530  2.00556926 38402
1 40730U 15033A   20285.63357487 -.00000063  00000-0  00000-0 0  9996
2 40730  55.5208 351.3169 0055762 353.6338   6.3530  2.00556926 38402
1 40730U 15033A   20286.63077559 -.00000061  00000-0  00000-0 0  9994
2 40730  55.5204 351.2769 0055807 353.6260   6.3622  2.00556781 38408
1 40730U 15033A   20286.63077559 -.00000061  00000-0  00000-0 0  9994
2 40730  55.5204 351.2769 0055807 353.6260   6.3622  2.00556781 38420
1 40730U 15033A   20287.62797386 -.00000060  00000-0  00000-0 0  9990
2 40730  55.5201 351.2369 0055865 353.6238   6.3663  2.00556729 38441
1 40730U 15033A   20287.62797445 -.00000060  00000-0  00000-0 0  9996
2 40730  55.5201 351.2370 0055846 353.6308   6.3594  2.00556748 38422
1 40730U 15033A   20288.62517457 -.00000061  00000-0  00000-0 0  9991
2 40730  55.5197 351.1970 0055892 353.6246   6.3674  2.00556669 38468
1 40730U 15033A   20289.12377349 -.00000062  00000-0  00000-0 0  9992
2 40730  55.5196 351.1770 0055935 353.6168   6.3758  2.00556637 38453
1 40730U 15033A   20289.12377354 -.00000062  00000-0  00000-0 0  9998
2 40730  55.5196 351.1770 0055934 353.6163   6.3763  2.00556630 38456
1 40730U 15033A   20290.12097266 -.00000065  00000-0  00000-0 0  9994
2 40730  55.5192 351.1371 0055982 353.6092   6.3843  2.00556567 38495
1 40730U 15033A   20290.61957159 -.00000067  00000-0  00000-0 0  9996
2 40730  55.5191 351.1171 0055985 353.6139   6.3796  2.00556572 38489
1 40730U 15033A   20291.11816960 -.00000069  00000-0  00000-0 0  9998
2 40730  55.5189 351.0971 0056007 353.6125   6.3808  2.00556571 38498
1 40730U 15033A   20291.61676879 -.00000072  00000-0  00000-0 0  9990
2 40730  55.5187 351.0771 0056034 353.6082   6.3845  2.00556504 38505
1 40730U 15033A   20292.11536712 -.00000075  00000-0  00000-0 0  9990
2 40730  55.5185 351.0571 0056061 353.6049   6.3869  2.00556463 38537
1 40730U 15033A   20292.61396276 -.00000078  00000-0  00000-0 0  9997
2 40730  55.5184 351.0372 0056080 353.6042   6.3865  2.00556518 38525
1 40730U 15033A   20292.61396428 -.00000078  00000-0  00000-0 0  9996
2 40730  55.5183 351.0371 0056094 353.6040   6.3867  2.00556446 38528
1 40730U 15033A   20293.11256213 -.00000082  00000-0  00000-0 0  9994
2 40730  55.5182 351.0171 0056122 353.5980   6.3913  2.00556410 38555
1 40730U 15033A   20294.10975642 -.00000087  00000-0  00000-0 0  9993
2 40730  55.5178 350.9771 0056164 353.6043   6.3822  2.00556401 38550
1 40730U 15033A   20294.10975642 -.00000087  00000-0  00000-0 0  9993
2 40730  55.5178 350.9771 0056164 353.6043   6.3822  2.00556401 38572
1 40730U 15033A   20295.10695168 -.00000092  00000-0  00000-0 0  9992
2 40730  55.5175 350.9372 0056196 353.6104   6.3735  2.00556392 38571
1 40730U 15033A   20296.10414900 -.00000095  00000-0  00000-0 0  9999
2 40730  55.5172 350.8972 0056269 353.5912   6.3905  2.00556321 38593
1 40730U 15033A   20296.60274672 -.00000095  00000-0  00000-0 0  9994
2 40730  55.5170 350.8772 0056279 353.5976   6.3836  2.00556362 38600
1 40730U 15033A   20296.60274685 -.00000095  00000-0  00000+0 0  9997
2 40730  55.5170 350.8772 0056275 353.5994   6.3818  2.00556362 38628
1 40730U 15033A   20297.10134650 -.00000096  00000-0  00000-0 0  9992
2 40730  55.5169 350.8572 0056318 353.5906   6.3901  2.00556328 38619
1 40730U 15033A   20297.59994770 -.00000095  00000-0  00000-0 0  9991
2 40730  55.5167 350.8372 0056329 353.5947   6.3861  2.00556280 38625
1 40730U 15033A   20298.09854753 -.00000095  00000-0  00000-0 0  9993
2 40730  55.5165 350.8172 0056353 353.5944   6.3867  2.00556288 38630
1 40730U 15033A   20298.59714846 -.00000094  00000-0  00000-0 0  9995
2 40730  55.5164 350.7973 0056374 353.5969   6.3847  2.00556276 38643
1 40730U 15033A   20299.09574756 -.00000093  00000-0  00000+0 0  9993
2 40730  55.5162 350.7773 0056405 353.5886   6.3936  2.00556323 38677
1 40730U 15033A   20299.09574848 -.00000093  00000-0  00000-0 0  9996
2 40730  55.5162 350.7772 0056414 353.5884   6.3939  2.00556292 38650
1 40730U 15033A   20299.59435008 -.00000091  00000-0  00000-0 0  9993
2 40730  55.5161 350.7573 0056435 353.5836   6.3995  2.00556272 38669
1 40730U 15033A   20300.59155276 -.00000088  00000-0  00000-0 0  9998
2 40730  55.5157 350.7174 0056472 353.5885   6.3970  2.00556283 38683
1 40730U 15033A   20301.09015570 -.00000087  00000-0  00000-0 0  9995
2 40730  55.5156 350.6974 0056509 353.5809   6.4057  2.00556231 38697
1 40730U 15033A   20301.58875861 -.00000085  00000-0  00000-0 0  9994
2 40730  55.5154 350.6774 0056518 353.5887   6.3992  2.00556195 38729
1 40730U 15033A   20302.58596102 -.00000082  00000-0  00000-0 0  9990
2 40730  55.5151 350.6374 0056594 353.5692   6.4207  2.00556191 38726
1 40730U 15033A   20303.58316387 -.00000080  00000-0  00000-0 0  9994
2 40730  55.5148 350.5975 0056621 353.5791   6.4126  2.00556172 38740
1 40730U 15033A   20303.58316492 -.00000080  00000-0  00000-0 0  9991
2 40730  55.5148 350.5975 0056639 353.5762   6.4155  2.00556130 38743
1 40730U 15033A   20304.58037006 -.00000078  00000-0  00000-0 0  9990
2 40730  55.5145 350.5576 0056669 353.5837   6.4092  2.00556010 38762
1 40730U 15033A   20305.07896888 -.00000077  00000-0  00000-0 0  9995
2 40730  55.5143 350.5377 0056723 353.5721   6.4207  2.00556035 38778
1 40730U 15033A   20305.57756928 -.00000076  00000-0  00000-0 0  9999
2 40730  55.5142 350.5177 0056729 353.5769   6.4161  2.00556032 38780
1 40730U 15033A   20306.07617055 -.00000075  00000-0  00000-0 0  9991
2 40730  55.5140 350.4977 0056775 353.5757   6.4170  2.00555963 38796
1 40730U 15033A   20306.57477048 -.00000074  00000-0  00000-0 0  9991
2 40730  55.5139 350.4778 0056785 353.5792   6.4132  2.00555956 38805
1 40730U 15033A   20307.57197123 -.00000071  00000-0  00000-0 0  9992
2 40730  55.5136 350.4379 0056820 353.5974   6.3941  2.00555906 38825
1 40730U 15033A   20307.57197123 -.00000071  00000-0  00000-0 0  9992
2 40730  55.5136 350.4379 0056820 353.5974   6.3941  2.00555906 38847
1 40730U 15033A   20308.07057166 -.00000070  00000-0  00000-0 0  9999
2 40730  55.5134 350.4179 0056846 353.5984   6.3924  2.00555862 38833
1 40730U 15033A   20308.56917204 -.00000068  00000-0  00000-0 0  9998
2 40730  55.5132 350.3980 0056877 353.5938   6.3961  2.00555798 38865
1 40730U 15033A   20309.06777238 -.00000066  00000-0  00000-0 0  9993
2 40730  55.5131 350.3780 0056923 353.5893   6.3996  2.00555726 38874
1 40730U 15033A   20309.56637017 -.00000064  00000-0  00000-0 0  9996
2 40730  55.5129 350.3580 0056933 353.5948   6.3934  2.00555784 38866
1 40730U 15033A   20310.06497235 -.00000063  00000-0  00000-0 0  9998
2 40730  55.5127 350.3380 0056977 353.5971   6.3903  2.00555658 38873
1 40730U 15033A   20310.56357234 -.00000061  00000-0  00000-0 0  9995
2 40730  55.5126 350.3181 0056982 353.6043   6.3825  2.00555666 38881
1 40730U 15033A   20311.06217411 -.00000059  00000-0  00000-0 0  9990
2 40730  55.5124 350.2981 0057010 353.6068   6.3795  2.00555598 38910
1 40730U 15033A   20311.56077504 -.00000057  00000-0  00000-0 0  9990
2 40730  55.5123 350.2781 0057039 353.6102   6.3757  2.00555549 38900
1 40730U 15033A   20312.05937576 -.00000055  00000-0  00000-0 0  9997
2 40730  55.5121 350.2581 0057063 353.6156   6.3701  2.00555542 38937
1 40730U 15033A   20312.05937614 -.00000055  00000-0  00000-0 0  9990
2 40730  55.5121 350.2581 0057085 353.6138   6.3718  2.00555501 38912
1 40730U 15033A   20315.54959578 -.00000050  00000+0  00000+0 0  9993
2 40730  55.5110 350.1182 0057260 353.6489   6.3392  2.00555193 38982
1 40730U 15033A   20316.54680167 -.00000051  00000+0  00000+0 0  9990
2 40730  55.5107 350.0782 0057306 353.6670   6.3219  2.00555144 39004
1 40730U 15033A   20317.04540397 -.00000053  00000+0  00000+0 0  9998
2 40730  55.5105 350.0583 0057348 353.6633   6.3255  2.00555095 39012
1 40730U 15033A   20318.04260759 -.00000057  00000-0  00000-0 0  9996
2 40730  55.5101 350.0182 0057418 353.6738   6.3144  2.00555044 39030
1 40730U 15033A   20319.03981040 -.00000063  00000-0  00000-0 0  9996
2 40730  55.5098 349.9783 0057454 353.6859   6.3003  2.00555010 39052
1 40730U 15033A   20319.53841317 -.00000066  00000-0  00000-0 0  9996
2 40730  55.5096 349.9583 0057486 353.6896   6.2952  2.00554921 39067
1 40730U 15033A   20320.03701272 -.00000069  00000-0  00000-0 0  9991
2 40730  55.5094 349.9382 0057532 353.6932   6.2899  2.00554918 39072
1 40730U 15033A   20321.03421298 -.00000075  00000-0  00000-0 0  9996
2 40730  55.5091 349.8982 0057586 353.7071   6.2723  2.00554910 39098
1 40730U 15033A   20321.53281366 -.00000078  00000-0  00000+0 0  9993
2 40730  55.5089 349.8783 0057592 353.7153   6.2623  2.00554910 39125
1 40730U 15033A   20321.53281366 -.00000078  00000-0  00000-0 0  9994
2 40730  55.5089 349.8783 0057592 353.7153   6.2623  2.00554910 39125
1 40730U 15033A   20322.03141408 -.00000080  00000-0  00000-0 0  9995
2 40730  55.5088 349.8582 0057644 353.7183   6.2574  2.00554878 39119
1 40730U 15033A   20322.53001598 -.00000082  00000-0  00000-0 0  9997
2 40730  55.5086 349.8383 0057668 353.7228   6.2511  2.00554834 39126
1 40730U 15033A   20323.02861680 -.00000084  00000-0  00000-0 0  9990
2 40730  55.5084 349.8182 0057704 353.7302   6.2422  2.00554832 39135
1 40730U 15033A   20323.52721861 -.00000085  00000-0  00000-0 0  9992
2 40730  55.5083 349.7983 0057724 353.7349   6.2362  2.00554826 39142
1 40730U 15033A   20324.02582136 -.00000086  00000-0  00000-0 0  9999
2 40730  55.5081 349.7783 0057747 353.7443   6.2259  2.00554799 39153
1 40730U 15033A   20324.52442489 -.00000086  00000-0  00000-0 0  9990
2 40730  55.5079 349.7582 0057798 353.7477   6.2218  2.00554739 39160
1 40730U 15033A   20324.52442489 -.00000086  00000-0  00000-0 0  9990
2 40730  55.5079 349.7582 0057798 353.7477   6.2218  2.00554739 39182
1 40730U 15033A   20324.52442518 -.00000086  00000-0  00000-0 0  9993
2 40730  55.5079 349.7583 0057772 353.7524   6.2172  2.00554750 39168
1 40730U 15033A   20325.52162909 -.00000085  00000-0  00000-0 0  9996
2 40730  55.5076 349.7183 0057849 353.7623   6.2067  2.00554811 39202
1 40730U 15033A   20326.51883889 -.00000084  00000-0  00000-0 0  9992
2 40730  55.5073 349.6783 0057883 353.7800   6.1898  2.00554747 39208
1 40730U 15033A   20327.01744319 -.00000082  00000-0  00000-0 0  9990
2 40730  55.5072 349.6583 0057913 353.7851   6.1852  2.00554747 39216
1 40730U 15033A   20327.51604811 -.00000081  00000-0  00000-0 0  9996
2 40730  55.5070 349.6384 0057947 353.7886   6.1825  2.00554734 39225
1 40730U 15033A   20328.01465358 -.00000080  00000-0  00000-0 0  9992
2 40730  55.5068 349.6184 0057992 353.7929   6.1789  2.00554708 39251
1 40730U 15033A   20329.51046861 -.00000076  00000-0  00000-0 0  9997
2 40730  55.5063 349.5585 0058055 353.8159   6.1583  2.00554685 39264
1 40730U 15033A   20330.00907370 -.00000075  00000-0  00000-0 0  9993
2 40730  55.5062 349.5385 0058084 353.8223   6.1525  2.00554665 39292
1 40730U 15033A   20330.50767890 -.00000074  00000-0  00000-0 0  9998
2 40730  55.5060 349.5185 0058134 353.8249   6.1503  2.00554626 39284
1 40730U 15033A   20331.00628299 -.00000074  00000-0  00000-0 0  9993
2 40730  55.5059 349.4986 0058159 353.8346   6.1410  2.00554628 39318
1 40730U 15033A   20331.50488839 -.00000073  00000-0  00000-0 0  9991
2 40730  55.5057 349.4786 0058174 353.8407   6.1350  2.00554577 39304
1 40730U 15033A   20332.00349346 -.00000072  00000-0  00000-0 0  9995
2 40730  55.5055 349.4586 0058223 353.8513   6.1243  2.00554522 39315
1 40730U 15033A   20332.00349346 -.00000072  00000-0  00000-0 0  9995
2 40730  55.5055 349.4586 0058223 353.8513   6.1243  2.00554522 39337
1 40730U 15033A   20333.00070127 -.00000071  00000-0  00000-0 0  9993
2 40730  55.5052 349.4187 0058280 353.8705   6.1046  2.00554479 39351
1 40730U 15033A   20334.49651217 -.00000067  00000-0  00000-0 0  9997
2 40730  55.5048 349.3589 0058335 353.9039   6.0692  2.00554419 39364
1 40730U 15033A   20334.49651259 -.00000067  00000-0  00000-0 0  9993
2 40730  55.5048 349.3589 0058348 353.8971   6.0759  2.00554381 39364
1 40730U 15033A   20335.49371827 -.00000065  00000-0  00000-0 0  9992
2 40730  55.5044 349.3190 0058399 353.9182   6.0527  2.00554353 39383
1 40730U 15033A   20335.49372013 -.00000065  00000-0  00000-0 0  9990
2 40730  55.5044 349.3190 0058391 353.9244   6.0466  2.00554316 39385
1 40730U 15033A   20335.99232234 -.00000063  00000-0  00000-0 0  9993
2 40730  55.5043 349.2990 0058426 353.9290   6.0409  2.00554295 39418
1 40730U 15033A   20336.49092580 -.00000062  00000-0  00000-0 0  9996
2 40730  55.5041 349.2791 0058457 353.9392   6.0296  2.00554256 39402
1 40730U 15033A   20336.49092618 -.00000062  00000-0  00000-0 0  9998
2 40730  55.5041 349.2790 0058469 353.9432   6.0256  2.00554234 39401
1 40730U 15033A   20337.48813461 -.00000058  00000-0  00000-0 0  9990
2 40730  55.5038 349.2391 0058516 353.9607   6.0060  2.00554130 39421
1 40730U 15033A   20337.98673691 -.00000056  00000-0  00000-0 0  9992
2 40730  55.5036 349.2191 0058562 353.9772   5.9887  2.00554143 39431
1 40730U 15033A   20339.48255215 -.00000051  00000-0  00000-0 0  9992
2 40730  55.5031 349.1592 0058643 354.0093   5.9551  2.00553990 39468
1 40730U 15033A   20340.47976372 -.00000048  00000-0  00000-0 0  9993
2 40730  55.5028 349.1193 0058715 354.0418   5.9225  2.00553880 39480
1 40730U 15033A   20340.97836975 -.00000047  00000-0  00000-0 0  9991
2 40730  55.5026 349.0993 0058734 354.0497   5.9148  2.00553853 39498
1 40730U 15033A   20340.97836975 -.00000047  00000-0  00000-0 0  9991
2 40730  55.5026 349.0993 0058734 354.0497   5.9148  2.00553853 39511
1 40730U 15033A   20341.47697567 -.00000046  00000-0  00000-0 0  9998
2 40730  55.5025 349.0793 0058771 354.0671   5.8977  2.00553819 39503
1 40730U 15033A   20341.47697567 -.00000046  00000-0  00000-0 0  9998
2 40730  55.5025 349.0793 0058771 354.0671   5.8977  2.00553819 39525
1 40730U 15033A   20341.97558224 -.00000046  00000-0  00000-0 0  9999
2 40730  55.5023 349.0593 0058795 354.0787   5.8865  2.00553782 39519
1 40730U 15033A   20342.47418940 -.00000046  00000-0  00000-0 0  9995
2 40730  55.5021 349.0394 0058825 354.0938   5.8718  2.00553722 39520
1 40730U 15033A   20342.47418945 -.00000046  00000-0  00000-0 0  9990
2 40730  55.5021 349.0394 0058814 354.0926   5.8729  2.00553738 39524
1 40730U 15033A   20343.47140313 -.00000047  00000-0  00000-0 0  9993
2 40730  55.5018 348.9994 0058878 354.1202   5.8459  2.00553644 39540
1 40730U 15033A   20343.97000896 -.00000048  00000-0  00000-0 0  9990
2 40730  55.5016 348.9794 0058918 354.1358   5.8304  2.00553613 39571
1 40730U 15033A   20344.46861479 -.00000050  00000-0  00000-0 0  9990
2 40730  55.5014 348.9594 0058938 354.1485   5.8175  2.00553592 39561
1 40730U 15033A   20345.46582624 -.00000055  00000-0  00000-0 0  9998
2 40730  55.5011 348.9195 0059006 354.1806   5.7843  2.00553512 39584
1 40730U 15033A   20345.46582651 -.00000055  00000-0  00000-0 0  9998
2 40730  55.5011 348.9195 0058982 354.1743   5.7905  2.00553527 39581
1 40730U 15033A   20345.46582695 -.00000055  00000-0  00000-0 0  9996
2 40730  55.5011 348.9195 0058998 354.1764   5.7884  2.00553497 39583
1 40730U 15033A   20346.46303588 -.00000061  00000-0  00000-0 0  9996
2 40730  55.5007 348.8795 0059047 354.2020   5.7604  2.00553486 39606
1 40730U 15033A   20346.46303668 -.00000061  00000-0  00000+0 0  9994
2 40730  55.5007 348.8795 0059062 354.2045   5.7579  2.00553444 39627
1 40730U 15033A   20346.46303668 -.00000061  00000-0  00000-0 0  9995
2 40730  55.5007 348.8795 0059062 354.2045   5.7579  2.00553444 39605
1 40730U 15033A   20346.96164044 -.00000064  00000-0  00000-0 0  9996
2 40730  55.5006 348.8595 0059112 354.2196   5.7412  2.00553443 39611
1 40730U 15033A   20347.46024716 -.00000067  00000-0  00000-0 0  9996
2 40730  55.5004 348.8395 0059118 354.2286   5.7303  2.00553341 39620
1 40730U 15033A   20348.45745349 -.00000074  00000-0  00000-0 0  9996
2 40730  55.5000 348.7995 0059186 354.2592   5.6957  2.00553358 39640
1 40730U 15033A   20349.45466054 -.00000079  00000-0  00000+0 0  9994
2 40730  55.4997 348.7596 0059237 354.2876   5.6633  2.00553374 39686
1 40730U 15033A   20349.45466226 -.00000079  00000-0  00000-0 0  9996
2 40730  55.4997 348.7596 0059233 354.2873   5.6636  2.00553329 39660
1 40730U 15033A   20350.45187173 -.00000083  00000-0  00000-0 0  9994
2 40730  55.4993 348.7196 0059270 354.3159   5.6318  2.00553311 39681
1 40730U 15033A   20351.44908355 -.00000085  00000-0  00000-0 0  9999
2 40730  55.4989 348.6796 0059337 354.3454   5.6002  2.00553267 39706
1 40730U 15033A   20352.44629584 -.00000086  00000-0  00000-0 0  9995
2 40730  55.4986 348.6397 0059397 354.3772   5.5675  2.00553287 39728
1 40730U 15033A   20352.44629816 -.00000086  00000-0  00000-0 0  9993
2 40730  55.4986 348.6396 0059431 354.3823   5.5623  2.00553198 39727
1 40730U 15033A   20353.44351255 -.00000085  00000-0  00000-0 0  9992
2 40730  55.4983 348.5997 0059465 354.4090   5.5360  2.00553220 39740
1 40730U 15033A   20353.94212053 -.00000084  00000-0  00000-0 0  9998
2 40730  55.4981 348.5797 0059503 354.4239   5.5215  2.00553214 39757
1 40730U 15033A   20354.44073081 -.00000083  00000-0  00000-0 0  9999
2 40730  55.4979 348.5598 0059532 354.4391   5.5070  2.00553145 39767
1 40730U 15033A   20354.93934007 -.00000082  00000-0  00000-0 0  9996
2 40730  55.4977 348.5398 0059545 354.4542   5.4927  2.00553130 39770
1 40730U 15033A   20355.43794705 -.00000081  00000-0  00000-0 0  9990
2 40730  55.4976 348.5199 0059587 354.4681   5.4797  2.00553176 39784
1 40730U 15033A   20355.93655685 -.00000080  00000-0  00000-0 0  9997
2 40730  55.4974 348.4999 0059608 354.4821   5.4665  2.00553138 39792
1 40730U 15033A   20356.43516482 -.00000079  00000-0  00000-0 0  9992
2 40730  55.4972 348.4799 0059644 354.4966   5.4528  2.00553157 39809
1 40730U 15033A   20356.93377406 -.00000078  00000-0  00000-0 0  9997
2 40730  55.4970 348.4600 0059670 354.5111   5.4390  2.00553132 39811
1 40730U 15033A   20357.93099294 -.00000077  00000-0  00000-0 0  9993
2 40730  55.4966 348.4201 0059727 354.5409   5.4104  2.00553051 39831
1 40730U 15033A   20359.42681847 -.00000076  00000-0  00000-0 0  9999
2 40730  55.4961 348.3602 0059811 354.5898   5.3620  2.00552974 39864
1 40730U 15033A   20360.42403318 -.00000075  00000-0  00000-0 0  9995
2 40730  55.4958 348.3203 0059874 354.6276   5.3237  2.00552962 39880
1 40730U 15033A   20360.42403385 -.00000075  00000-0  00000-0 0  9999
2 40730  55.4957 348.3203 0059861 354.6311   5.3202  2.00552958 39882
1 40730U 15033A   20361.42124972 -.00000073  00000-0  00000-0 0  9990
2 40730  55.4954 348.2804 0059930 354.6636   5.2866  2.00552860 39902
1 40730U 15033A   20361.42124975 -.00000073  00000-0  00000-0 0  9993
2 40730  55.4954 348.2804 0059917 354.6661   5.2841  2.00552874 39903
1 40730U 15033A   20362.41846514 -.00000071  00000-0  00000-0 0  9991
2 40730  55.4951 348.2405 0059968 354.7026   5.2461  2.00552809 39916
1 40730U 15033A   20362.91707263 -.00000070  00000-0  00000-0 0  9992
2 40730  55.4949 348.2205 0060012 354.7190   5.2288  2.00552749 39937
1 40730U 15033A   20363.41567996 -.00000068  00000-0  00000-0 0  9992
2 40730  55.4947 348.2006 0060039 354.7372   5.2097  2.00552723 39946
1 40730U 15033A   20364.41289571 -.00000065  00000-0  00000-0 0  9990
2 40730  55.4944 348.1607 0060103 354.7782   5.1671  2.00552643 39966
1 40730U 15033A   20364.41289579 -.00000065  00000-0  00000-0 0  9998
2 40730  55.4944 348.1607 0060078 354.7765   5.1688  2.00552669 39953
1 40730U 15033A   20365.41011205 -.00000061  00000-0  00000-0 0  9994
2 40730  55.4940 348.1208 0060159 354.8170   5.1271  2.00552569 39987
1 40730U 15033A   20365.41011304 -.00000061  00000-0  00000-0 0  9994
2 40730  55.4940 348.1208 0060143 354.8182   5.1260  2.00552561 39983
1 40730U 15033A   20366.40733133 -.00000058  00000-0  00000-0 0  9991
2 40730  55.4936 348.0809 0060197 354.8569   5.0867  2.00552464 40001
1 40730U 15033A   20366.40733149 -.00000058  00000-0  00000-0 0  9998
2 40730  55.4936 348.0809 0060215 354.8577   5.0859  2.00552430 40005

