1 45854U 20041A   20182.93178965  .00000123  00000-0  00000-0 0  9990
2 45854  55.0053 120.1740 5938126 269.9197  67.4712  4.03890398    09
1 45854U 20041A   20183.39867913  .00004297  00000-0  35397-2 0  9994
2 45854  55.0003 119.9610 5939226 270.0378  26.2207  4.03834527    28
1 45854U 20041A   20183.89387994 -.00546251  00000-0 -46525+0 0  9990
2 45854  54.9918 119.7351 5943857 270.1645  25.3251  4.03115402    49
1 45854U 20041A   20183.89442208 -.00172259  00000-0 -15724+0 0  9990
2 45854  54.9877 119.7291 5937320 270.1410  26.5080  4.03528902    40
1 45854U 20041A   20201.11806126 -.00000024  00000-0  00000-0 0  9990
2 45854  55.0559 114.1939 0006424  89.4786  75.3206  2.00568483   732
1 45854U 20041A   20201.88708600 -.00000019  00000-0  10000-3 0  9990
2 45854  55.0682 114.1711 0006539  89.1621 270.9203  2.00568594   754
1 45854U 20041A   20202.38566713 -.00000015  00000-0  10000-3 0  9999
2 45854  55.0684 114.1511 0006540  89.1744 270.9193  2.00569336   766
1 45854U 20041A   20206.37420791 -.00000005  00000-0  10000-3 0  9996
2 45854  55.0706 113.9911 0006534  89.2827 270.8162  2.00568544   842
1 45854U 20041A   20210.86131038 -.00000053  00000-0  10000-3 0  9991
2 45854  55.0727 113.8109 0006510  89.8017 270.2914  2.00568313   937
1 45854U 20041A   20210.86132144 -.00000053  00000-0  10000-3 0  9990
2 45854  55.0727 113.8110 0006511  89.8394 270.2622  2.00568325   937
1 45854U 20041A   20214.84986898 -.00000054  00000-0  10000-3 0  9996
2 45854  55.0748 113.6510 0006509  89.8886 270.2191  2.00568296  1013
1 45854U 20041A   20215.34844255 -.00000050  00000-0  10000-3 0  9998
2 45854  55.0751 113.6311 0006508  89.8603 270.2514  2.00568288  1023
1 45854U 20041A   20216.34558625 -.00000041  00000-0  10000-3 0  9992
2 45854  55.0757 113.5912 0006508  89.8783 270.2403  2.00568292  1048
1 45854U 20041A   20217.84129927 -.00000031  00000-0  10000-3 0  9996
2 45854  55.0762 113.5311 0006502  89.9928 270.1355  2.00568311  1073
1 45854U 20041A   20219.33700668 -.00000026  00000-0  10000-3 0  9993
2 45854  55.0770 113.4710 0006501  90.0544 270.0780  2.00568307  1100
1 45854U 20041A   20219.83557574 -.00000027  00000-0  10000-3 0  9995
2 45854  55.0772 113.4511 0006495  90.0748 270.0587  2.00568302  1110
1 45854U 20041A   20221.33127984 -.00000030  00000-0  10000-3 0  9995
2 45854  55.0781 113.3912 0006499  90.1156 270.0194  2.00568299  1144
1 45854U 20041A   20221.82984750 -.00000032  00000-0  10000-3 0  9993
2 45854  55.0784 113.3704 0006473  91.2068 268.9243  2.00568218  1155
1 45854U 20041A   20222.82698679 -.00000036  00000-0  10000-3 0  9990
2 45854  55.0789 113.3302 0006466  91.3821 268.7516  2.00568204  1172
1 45854U 20041A   20223.82412122 -.00000038  00000-0  10000-3 0  9990
2 45854  55.0792 113.2901 0006487  91.5130 268.6201  2.00568201  1197
1 45854U 20041A   20225.31982308 -.00000037  00000-0  10000-3 0  9993
2 45854  55.0800 113.2303 0006492  91.5839 268.5502  2.00568217  1229
1 45854U 20041A   20225.81838896 -.00000036  00000-0  10000-3 0  9999
2 45854  55.0802 113.2103 0006492  91.5966 268.5365  2.00568219  1230
1 45854U 20041A   20228.31123393 -.00000020  00000-0  10000-3 0  9999
2 45854  55.0805 113.1098 0006607  92.5867 267.5509  2.00568177  1281
1 45854U 20041A   20228.80980815 -.00000016  00000-0  10000-3 0  9998
2 45854  55.0790 113.0899 0006821  93.6877 266.4411  2.00568026  1297
1 45854U 20041A   20229.80697309 -.00000008  00000-0  10000-3 0  9993
2 45854  55.0814 113.0500 0006603  93.2476 266.9164  2.00568172  1317
1 45854U 20041A   20232.29980467  .00000008  00000-0  10000-3 0  9999
2 45854  55.0789 112.9504 0007424  98.7104 261.4379  2.00568106  1360
1 45854U 20041A   20234.29410655  .00000004  00000-0  10000-3 0  9994
2 45854  55.0805 112.8709 0007568  99.4362 260.7392  2.00568194  1407
1 45854U 20041A   20238.78117196 -.00000040  00000-0  10000-3 0  9997
2 45854  55.0805 112.6931 0008147 102.6772 257.5122  2.00569650  1490
1 45854U 20041A   20238.78118890 -.00000040  00000-0  10000-3 0  9999
2 45854  55.0842 112.6921 0007743 100.2161 259.9551  2.00568454  1490
1 45854U 20041A   20240.77539137 -.00000042  00000-0  10000-3 0  9994
2 45854  55.0855 112.6124 0007774 100.9422 259.1943  2.00568618  1534
1 45854U 20041A   20241.77256108 -.00000036  00000-0  10000-3 0  9992
2 45854  55.0862 112.5736 0007848 102.0344 258.1343  2.00568725  1552
1 45854U 20041A   20242.76969265 -.00000027  00000-0  10000-3 0  9997
2 45854  55.0873 112.5346 0007855 101.7836 258.3858  2.00568755  1579
1 45854U 20041A   20243.26826054 -.00000022  00000-0  10000-3 0  9996
2 45854  55.0875 112.5141 0007989 102.6153 257.5672  2.00568920  1584
1 45854U 20041A   20243.76681490 -.00000018  00000-0  10000-3 0  9999
2 45854  55.0876 112.4937 0007982 102.4113 257.7645  2.00568939  1597
1 45854U 20041A   20244.76395018 -.00000009  00000-0  10000-3 0  9998
2 45854  55.0882 112.4535 0008000 102.3067 257.8747  2.00568975  1614
1 45854U 20041A   20247.25678225 -.00000002  00000-0  10000-3 0  9992
2 45854  55.0888 112.3531 0007757 102.5367 257.6595  2.00569166  1665
1 45854U 20041A   20248.75245579 -.00000005  00000-0  10000-3 0  9993
2 45854  55.0876 112.2932 0007510 107.0308 253.2051  2.00570595  1698
1 45854U 20041A   20252.24229316 -.00000010  00000-0  10000-3 0  9999
2 45854  55.0902 112.1543 0008087 103.0965 257.0406  2.00569881  1760
1 45854U 20041A   20254.73516302  .00000004  00000-0  10000-3 0  9991
2 45854  55.0904 112.0530 0008194 104.3292 255.8516  2.00569968  1813
1 45854U 20041A   20256.72941618  .00000022  00000-0  10000-3 0  9994
2 45854  55.0903 111.9734 0007998 104.1548 256.0411  2.00570149  1853
1 45854U 20041A   20258.72365369  .00000038  00000-0  10000-3 0  9996
2 45854  55.0963 111.8938 0007642 107.5172 252.6862  2.00570411  1898
1 45854U 20041A   20261.21643546  .00000041  00000-0  10000-3 0  9994
2 45854  55.0947 111.7940 0007717 106.7158 253.4694  2.00570514  1942
1 45854U 20041A   20263.21066958  .00000025  00000-0  10000-3 0  9994
2 45854  55.0958 111.7142 0007842 106.5178 253.6556  2.00570499  1982
1 45854U 20041A   20265.70346424 -.00000000  00000-0  10000-3 0  9993
2 45854  55.0973 111.6144 0007731 106.8513 253.3082  2.00570434  2030
1 45854U 20041A   20266.70058627 -.00000005  00000-0  10000-3 0  9994
2 45854  55.0971 111.5741 0007683 107.0043 253.1521  2.00570398  2054
1 45854U 20041A   20267.19914849 -.00000006  00000-0  10000-3 0  9996
2 45854  55.0975 111.5541 0007773 106.9317 253.2230  2.00570382  2060
1 45854U 20041A   20268.19627623 -.00000004  00000-0  10000-3 0  9996
2 45854  55.1009 111.5144 0007844 108.6983 251.4550  2.00570328  2082
1 45854U 20041A   20269.19340841  .00000003  00000-0  10000-3 0  9999
2 45854  55.1029 111.4739 0007917 110.7418 249.4144  2.00570230  2102
1 45854U 20041A   20269.69197585  .00000007  00000-0  10000-3 0  9993
2 45854  55.0995 111.4544 0007945 111.6480 248.5093  2.00570158  2110
1 45854U 20041A   20270.19054367  .00000012  00000-0  10000-3 0  9996
2 45854  55.1057 111.4342 0007867 111.1840 248.9772  2.00570201  2122
1 45854U 20041A   20271.18767169  .00000021  00000-0  10000-3 0  9997
2 45854  55.1016 111.3946 0007915 112.1247 248.0370  2.00570135  2145
1 45854U 20041A   20271.18767386  .00000021  00000-0  10000-3 0  9998
2 45854  55.1017 111.3946 0007920 112.0077 248.1559  2.00570140  2148
1 45854U 20041A   20272.68336607  .00000031  00000-0  10000-3 0  9993
2 45854  55.0999 111.3351 0007960 112.2196 247.9460  2.00570138  2172
1 45854U 20041A   20273.18193098  .00000033  00000-0  10000-3 0  9996
2 45854  55.1006 111.3151 0008107 113.8685 246.2973  2.00570077  2188
1 45854U 20041A   20273.68049634  .00000034  00000-0  10000-3 0  9998
2 45854  55.1016 111.2948 0008107 113.8960 246.2717  2.00570075  2193
1 45854U 20041A   20274.67762057  .00000033  00000-0  10000-3 0  9998
2 45854  55.1024 111.2547 0008178 114.8323 245.3343  2.00570083  2216
1 45854U 20041A   20275.17618188  .00000032  00000-0  10000-3 0  9998
2 45854  55.1029 111.2345 0008233 115.4745 244.6912  2.00570092  2229
1 45854U 20041A   20275.67474278  .00000031  00000-0  10000-3 0  9992
2 45854  55.1040 111.2145 0008234 115.4817 244.6826  2.00570090  2234
1 45854U 20041A   20277.17042380  .00000026  00000-0  10000-3 0  9998
2 45854  55.1040 111.1547 0008245 115.5346 244.6233  2.00570078  2260
1 45854U 20041A   20277.66898504  .00000024  00000-0  10000-3 0  9997
2 45854  55.1050 111.1347 0008259 115.5693 244.5873  2.00570068  2278
1 45854U 20041A   20278.16754542  .00000023  00000-0  10000-3 0  9995
2 45854  55.1052 111.1152 0008250 115.9634 244.1873  2.00569934  2281
1 45854U 20041A   20278.66611092  .00000023  00000-0  10000-3 0  9992
2 45854  55.1054 111.0952 0008244 115.9174 244.2349  2.00569938  2296
1 45854U 20041A   20279.16467138  .00000023  00000-0  10000-3 0  9998
2 45854  55.1065 111.0753 0008262 116.0289 244.1217  2.00569944  2308
1 45854U 20041A   20280.16179319  .00000025  00000-0  10000-3 0  9993
2 45854  55.1070 111.0354 0008266 116.0147 244.1326  2.00569948  2325
1 45854U 20041A   20281.65747913  .00000033  00000-0  10000-3 0  9998
2 45854  55.1078 110.9755 0008267 116.0355 244.1089  2.00569946  2355
1 45854U 20041A   20282.15604235  .00000037  00000-0  10000-3 0  9997
2 45854  55.1080 110.9556 0008306 116.2158 243.9284  2.00569944  2367
1 45854U 20041A   20282.65460635  .00000041  00000-0  10000-3 0  9991
2 45854  55.1081 110.9357 0008310 116.2300 243.9146  2.00569942  2377
1 45854U 20041A   20283.65173481  .00000050  00000-0  10000-3 0  9992
2 45854  55.1088 110.8958 0008320 116.2754 243.8705  2.00569940  2394
1 45854U 20041A   20284.15029965  .00000055  00000-0  10000-3 0  9990
2 45854  55.1090 110.8758 0008348 116.5836 243.5632  2.00569937  2403
1 45854U 20041A   20285.14742960  .00000063  00000-0  10000-3 0  9996
2 45854  55.1096 110.8360 0008351 116.7497 243.3992  2.00569936  2425
1 45854U 20041A   20285.64599468  .00000067  00000-0  10000-3 0  9998
2 45854  55.1101 110.8160 0008371 117.1268 243.0229  2.00569928  2435
1 45854U 20041A   20286.14455974  .00000070  00000-0  10000-3 0  9991
2 45854  55.1107 110.7961 0008390 117.3147 242.8356  2.00569920  2449
1 45854U 20041A   20287.14168794  .00000073  00000-0  10000-3 0  9996
2 45854  55.1110 110.7562 0008413 117.3691 242.7811  2.00569897  2460
1 45854U 20041A   20287.14168995  .00000073  00000-0  10000-3 0  9999
2 45854  55.1108 110.7561 0008418 117.3776 242.7738  2.00569890  2466
1 45854U 20041A   20288.63737646  .00000070  00000-0  10000-3 0  9996
2 45854  55.1120 110.6962 0008421 117.4108 242.7371  2.00569879  2491
1 45854U 20041A   20289.13593802  .00000067  00000-0  10000-3 0  9992
2 45854  55.1117 110.6763 0008422 117.6836 242.4619  2.00569863  2504
1 45854U 20041A   20289.63449886  .00000063  00000-0  10000-3 0  9995
2 45854  55.1115 110.6563 0008441 117.7110 242.4319  2.00569849  2519
1 45854U 20041A   20290.13305914  .00000058  00000-0  10000-3 0  9999
2 45854  55.1121 110.6365 0008441 117.8846 242.2557  2.00569846  2523
1 45854U 20041A   20291.62873508  .00000041  00000-0  10000-3 0  9995
2 45854  55.1117 110.5764 0008482 118.0138 242.1150  2.00569825  2550
1 45854U 20041A   20292.12729530  .00000035  00000-0  10000-3 0  9999
2 45854  55.1119 110.5564 0008496 118.1291 241.9973  2.00569824  2566
1 45854U 20041A   20293.12441379  .00000026  00000-0  10000-3 0  9992
2 45854  55.1128 110.5165 0008497 118.1904 241.9285  2.00569805  2582
1 45854U 20041A   20293.62297566  .00000022  00000-0  10000-3 0  9990
2 45854  55.1123 110.4963 0008486 118.2373 241.8788  2.00569779  2599
1 45854U 20041A   20294.12153850  .00000020  00000-0  10000-3 0  9991
2 45854  55.1128 110.4764 0008483 118.4604 241.6540  2.00569767  2602
1 45854U 20041A   20295.11866405  .00000019  00000-0  10000-3 0  9996
2 45854  55.1139 110.4364 0008491 118.5622 241.5505  2.00569761  2626
1 45854U 20041A   20295.61722798  .00000021  00000-0  10000-3 0  9990
2 45854  55.1147 110.4165 0008504 118.6549 241.4565  2.00569744  2635
1 45854U 20041A   20296.11579401  .00000023  00000-0  10000-3 0  9999
2 45854  55.1130 110.3963 0008521 118.9386 241.1714  2.00569696  2643
1 45854U 20041A   20297.11292785  .00000030  00000-0  10000-3 0  9995
2 45854  55.1146 110.3567 0008550 119.0593 241.0549  2.00569693  2668
1 45854U 20041A   20297.61149356  .00000034  00000-0  10000-3 0  9999
2 45854  55.1138 110.3362 0008549 119.3091 240.8043  2.00569659  2675
1 45854U 20041A   20298.60862679  .00000042  00000-0  10000-3 0  9998
2 45854  55.1131 110.2962 0008603 119.6544 240.4600  2.00569611  2695
1 45854U 20041A   20299.10719615  .00000045  00000-0  10000-3 0  9998
2 45854  55.1142 110.2764 0008578 119.7521 240.3650  2.00569596  2702
1 45854U 20041A   20299.60576193  .00000047  00000-0  10000-3 0  9997
2 45854  55.1141 110.2564 0008609 119.7000 240.4177  2.00569582  2717
1 45854U 20041A   20300.60289156  .00000050  00000-0  10000-3 0  9994
2 45854  55.1143 110.2163 0008653 120.2234 239.8929  2.00569534  2735
1 45854U 20041A   20301.10145835  .00000050  00000-0  10000-3 0  9995
2 45854  55.1142 110.1965 0008655 120.1423 239.9763  2.00569542  2741
1 45854U 20041A   20302.09858342  .00000048  00000-0  10000-3 0  9995
2 45854  55.1160 110.1571 0008664 119.9906 240.1248  2.00569527  2763
1 45854U 20041A   20302.59714683  .00000046  00000-0  10000-3 0  9997
2 45854  55.1167 110.1368 0008646 120.4166 239.6963  2.00569490  2776
1 45854U 20041A   20303.59427212  .00000041  00000-0  10000-3 0  9992
2 45854  55.1171 110.0972 0008667 120.4668 239.6430  2.00569482  2793
1 45854U 20041A   20304.09283438  .00000038  00000-0  10000-3 0  9994
2 45854  55.1170 110.0768 0008671 120.7739 239.3335  2.00569462  2803
1 45854U 20041A   20305.08995767  .00000034  00000-0  10000-3 0  9995
2 45854  55.1177 110.0370 0008712 121.2280 238.8736  2.00569432  2820
1 45854U 20041A   20306.08708302  .00000032  00000-0  10000-3 0  9991
2 45854  55.1198 109.9981 0008736 120.7135 239.3841  2.00569409  2846
1 45854U 20041A   20306.58564735  .00000031  00000-0  10000-3 0  9995
2 45854  55.1189 109.9775 0008751 121.0611 239.0353  2.00569394  2856
1 45854U 20041A   20307.58277329  .00000033  00000-0  10000-3 0  9998
2 45854  55.1200 109.9378 0008731 121.2384 238.8535  2.00569361  2871
1 45854U 20041A   20307.58277560  .00000033  00000-0  10000-3 0  9995
2 45854  55.1199 109.9374 0008741 121.4350 238.6581  2.00569348  2874
1 45854U 20041A   20308.57990283  .00000037  00000-0  10000-3 0  9993
2 45854  55.1212 109.8980 0008728 121.2534 238.8374  2.00569340  2895
1 45854U 20041A   20309.57703235  .00000043  00000-0  10000-3 0  9990
2 45854  55.1229 109.8582 0008744 121.4755 238.6136  2.00569303  2912
1 45854U 20041A   20310.07559981  .00000047  00000-0  10000-3 0  9998
2 45854  55.1228 109.8381 0008751 121.7214 238.3693  2.00569300  2922
1 45854U 20041A   20311.07273157  .00000055  00000-0  10000-3 0  9996
2 45854  55.1233 109.7981 0008774 121.8258 238.2660  2.00569293  2943
1 45854U 20041A   20311.57129853  .00000059  00000-0  10000-3 0  9998
2 45854  55.1238 109.7784 0008756 122.1110 237.9809  2.00569272  2959
1 45854U 20041A   20312.56843254  .00000066  00000-0  10000-3 0  9994
2 45854  55.1246 109.7386 0008768 122.1797 237.9148  2.00569265  2970
1 45854U 20041A   20314.16035023  .00000072  00000+0  00000+0 0  9990
2 45854  55.1271 109.6763 0009018 126.3800 303.1872  2.00568808  3003
1 45854U 20041A   20316.05838686  .00000067  00000-0  10000-3 0  9996
2 45854  55.1270 109.5987 0008805 122.9262 237.1671  2.00569254  3049
1 45854U 20041A   20316.58106707  .00000063  00000+0  00000+0 0  9996
2 45854  55.1288 109.5795 0009036 127.2644 250.2294  2.00568639  3058
1 45854U 20041A   20317.26287917  .00000056  00000+0  00000+0 0  9997
2 45854  55.1293 109.5521 0009040 127.5508  22.2590  2.00568611  3065
1 45854U 20041A   20317.36158997  .00000055  00000-0  00000-0 0  9994
2 45854  55.1294 109.5482 0009040 127.6287  93.4571  2.00568610  3065
1 45854U 20041A   20318.55121233  .00000040  00000-0  00000-0 0  9993
2 45854  55.1279 109.4983 0008838 124.1190 235.9666  2.00569160  3083
1 45854U 20041A   20319.54832321  .00000027  00000-0  00000-0 0  9995
2 45854  55.1283 109.4586 0008861 124.2766 235.7932  2.00569131  3108
1 45854U 20041A   20319.54832560  .00000027  00000-0  00000-0 0  9990
2 45854  55.1283 109.4585 0008868 124.3747 235.6962  2.00569121  3105
1 45854U 20041A   20320.54544935  .00000017  00000-0  00000-0 0  9997
2 45854  55.1291 109.4187 0008872 124.6436 235.4204  2.00569096  3125
1 45854U 20041A   20321.54257756  .00000011  00000-0  00000-0 0  9994
2 45854  55.1293 109.3787 0008906 125.1140 234.9470  2.00569076  3147
1 45854U 20041A   20322.04114310  .00000010  00000-0  00000-0 0  9997
2 45854  55.1299 109.3589 0008902 125.1264 234.9331  2.00569047  3151
1 45854U 20041A   20323.03827600  .00000011  00000-0  00000-0 0  9991
2 45854  55.1305 109.3191 0008928 125.2271 234.8322  2.00569022  3179
1 45854U 20041A   20324.03541180  .00000015  00000-0  00000-0 0  9992
2 45854  55.1312 109.2795 0008983 125.4180 234.6417  2.00568966  3199
1 45854U 20041A   20324.03541633  .00000015  00000-0  00000-0 0  9995
2 45854  55.1311 109.2795 0009000 125.5932 234.4694  2.00568956  3199
1 45854U 20041A   20325.03255194  .00000021  00000-0  00000-0 0  9997
2 45854  55.1320 109.2394 0008997 125.8080 234.2567  2.00568946  3214
1 45854U 20041A   20326.02968800  .00000027  00000-0  00000-0 0  9998
2 45854  55.1322 109.1992 0009027 126.4936 233.5720  2.00568896  3230
1 45854U 20041A   20327.02682503  .00000031  00000-0  00000-0 0  9997
2 45854  55.1332 109.1596 0009042 126.9283 233.1390  2.00568864  3254
1 45854U 20041A   20327.52539425  .00000032  00000-0  00000-0 0  9997
2 45854  55.1339 109.1401 0009079 127.4487 232.6189  2.00568829  3260
1 45854U 20041A   20328.52252893  .00000031  00000-0  00000-0 0  9998
2 45854  55.1344 109.1001 0009096 127.5392 232.5294  2.00568810  3285
1 45854U 20041A   20330.01822519  .00000024  00000-0  00000-0 0  9995
2 45854  55.1354 109.0402 0009077 127.8453 232.2202  2.00568774  3319
1 45854U 20041A   20330.51679092  .00000021  00000-0  00000-0 0  9993
2 45854  55.1356 109.0201 0009090 128.2052 231.8583  2.00568731  3324
1 45854U 20041A   20331.51392103  .00000014  00000-0  00000-0 0  9991
2 45854  55.1363 108.9802 0009100 128.5190 231.5421  2.00568722  3345
1 45854U 20041A   20332.01248542  .00000011  00000-0  00000-0 0  9991
2 45854  55.1368 108.9605 0009101 128.7031 231.3559  2.00568715  3351
1 45854U 20041A   20333.00961429  .00000007  00000-0  00000-0 0  9992
2 45854  55.1376 108.9206 0009135 128.9394 231.1154  2.00568692  3373
1 45854U 20041A   20334.00674539  .00000005  00000-0  00000-0 0  9994
2 45854  55.1383 108.8807 0009130 129.1398 230.9128  2.00568676  3391
1 45854U 20041A   20334.50531130  .00000005  00000-0  00000-0 0  9998
2 45854  55.1384 108.8607 0009145 129.2824 230.7691  2.00568665  3404
1 45854U 20041A   20335.00387763  .00000006  00000-0  00000-0 0  9996
2 45854  55.1392 108.8410 0009155 129.6810 230.3691  2.00568639  3413
1 45854U 20041A   20336.00101168  .00000010  00000-0  00000-0 0  9995
2 45854  55.1398 108.8011 0009160 129.8258 230.2242  2.00568629  3432
1 45854U 20041A   20336.49957972  .00000013  00000-0  00000-0 0  9993
2 45854  55.1403 108.7812 0009161 129.9787 230.0712  2.00568601  3447
1 45854U 20041A   20337.49671683  .00000019  00000-0  00000-0 0  9992
2 45854  55.1409 108.7412 0009165 129.9868 230.0656  2.00568593  3462
1 45854U 20041A   20337.49671736  .00000019  00000-0  00000-0 0  9991
2 45854  55.1408 108.7412 0009160 129.9795 230.0730  2.00568592  3467
1 45854U 20041A   20338.99242418  .00000030  00000-0  00000-0 0  9991
2 45854  55.1419 108.6815 0009168 130.1027 229.9535  2.00568572  3496
1 45854U 20041A   20339.49099520  .00000033  00000-0  00000-0 0  9994
2 45854  55.1422 108.6619 0009161 130.3945 229.6640  2.00568560  3509
1 45854U 20041A   20340.48813436  .00000038  00000-0  00000-0 0  9990
2 45854  55.1427 108.6221 0009164 130.7545 229.3075  2.00568555  3521
1 45854U 20041A   20340.98670359  .00000040  00000-0  00000-0 0  9993
2 45854  55.1429 108.6021 0009159 130.8433 229.2199  2.00568547  3530
1 45854U 20041A   20341.48527256  .00000040  00000-0  00000-0 0  9996
2 45854  55.1433 108.5823 0009166 130.9181 229.1461  2.00568540  3548
1 45854U 20041A   20342.48240818  .00000039  00000-0  00000-0 0  9991
2 45854  55.1438 108.5424 0009167 130.9126 229.1527  2.00568537  3561
1 45854U 20041A   20342.98097495  .00000037  00000-0  00000-0 0  9995
2 45854  55.1441 108.5224 0009169 130.9295 229.1354  2.00568530  3574
1 45854U 20041A   20343.47954112  .00000033  00000-0  00000-0 0  9994
2 45854  55.1445 108.5026 0009176 130.9769 229.0871  2.00568524  3589
1 45854U 20041A   20344.47667094  .00000024  00000-0  00000-0 0  9995
2 45854  55.1449 108.4627 0009171 131.1210 228.9394  2.00568516  3600
1 45854U 20041A   20345.47379905  .00000011  00000-0  00000-0 0  9993
2 45854  55.1455 108.4229 0009180 131.2764 228.7795  2.00568512  3621
1 45854U 20041A   20345.97236282  .00000005  00000-0  00000-0 0  9991
2 45854  55.1457 108.4027 0009196 131.3190 228.7335  2.00568493  3639
1 45854U 20041A   20346.47092792 -.00000002  00000-0  00000-0 0  9991
2 45854  55.1459 108.3827 0009191 131.3466 228.7042  2.00568488  3649
1 45854U 20041A   20347.96662115 -.00000018  00000-0  00000-0 0  9995
2 45854  55.1467 108.3229 0009187 131.9216 228.1220  2.00568468  3671
1 45854U 20041A   20348.46518818 -.00000022  00000-0  00000-0 0  9996
2 45854  55.1471 108.3028 0009176 132.1564 227.8856  2.00568440  3682
1 45854U 20041A   20348.96375647 -.00000024  00000-0  00000-0 0  9994
2 45854  55.1471 108.2829 0009186 132.1477 227.8941  2.00568424  3692
1 45854U 20041A   20349.96089351 -.00000026  00000-0  00000-0 0  9991
2 45854  55.1478 108.2428 0009172 132.2667 227.7761  2.00568406  3713
1 45854U 20041A   20350.45946354 -.00000025  00000-0  00000-0 0  9991
2 45854  55.1481 108.2231 0009165 132.3347 227.7087  2.00568389  3729
1 45854U 20041A   20351.45660481 -.00000020  00000-0  00000-0 0  9991
2 45854  55.1488 108.1832 0009218 132.2633 227.7827  2.00568349  3748
1 45854U 20041A   20352.45374968 -.00000015  00000-0  00000-0 0  9998
2 45854  55.1492 108.1432 0009248 132.2548 227.7974  2.00568327  3768
1 45854U 20041A   20352.95232231 -.00000012  00000-0  00000-0 0  9996
2 45854  55.1494 108.1229 0009273 132.8789 227.1736  2.00568276  3779
1 45854U 20041A   20353.94946704 -.00000008  00000-0  00000-0 0  9998
2 45854  55.1500 108.0830 0009254 133.1772 226.8798  2.00568235  3790
1 45854U 20041A   20354.44803956 -.00000007  00000-0  00000-0 0  9994
2 45854  55.1502 108.0630 0009245 133.2744 226.7851  2.00568217  3801
1 45854U 20041A   20355.44517928 -.00000007  00000-0  00000-0 0  9996
2 45854  55.1510 108.0234 0009269 133.5231 226.5368  2.00568178  3829
1 45854U 20041A   20355.94375178 -.00000008  00000-0  00000-0 0  9991
2 45854  55.1513 108.0034 0009279 133.5687 226.4937  2.00568163  3832
1 45854U 20041A   20356.44232128 -.00000010  00000-0  00000-0 0  9997
2 45854  55.1516 107.9836 0009297 133.6815 226.3804  2.00568131  3845
1 45854U 20041A   20358.43659559 -.00000023  00000-0  00000-0 0  9993
2 45854  55.1528 107.9041 0009332 134.4994 225.5613  2.00568079  3887
1 45854U 20041A   20358.43659666 -.00000023  00000-0  00000-0 0  9992
2 45854  55.1529 107.9041 0009310 134.6921 225.3684  2.00568060  3882
1 45854U 20041A   20359.93229844 -.00000031  00000-0  00000-0 0  9998
2 45854  55.1538 107.8442 0009312 134.8520 225.2060  2.00568052  3917
1 45854U 20041A   20360.43086647 -.00000033  00000-0  00000-0 0  9999
2 45854  55.1541 107.8243 0009318 135.0412 225.0155  2.00568029  3927
1 45854U 20041A   20361.42800316 -.00000034  00000-0  00000-0 0  9997
2 45854  55.1546 107.7844 0009334 135.2206 224.8359  2.00568019  3943
1 45854U 20041A   20361.92657205 -.00000033  00000-0  00000-0 0  9998
2 45854  55.1549 107.7644 0009300 135.7118 224.3436  2.00567986  3958
1 45854U 20041A   20362.92371087 -.00000030  00000-0  00000-0 0  9997
2 45854  55.1557 107.7246 0009293 136.2507 223.8046  2.00567950  3978
1 45854U 20041A   20363.42228226 -.00000028  00000-0  00000-0 0  9996
2 45854  55.1561 107.7050 0009301 136.3901 223.6667  2.00567940  3982
1 45854U 20041A   20364.41942413 -.00000021  00000-0  00000-0 0  9990
2 45854  55.1567 107.6651 0009297 136.5679 223.4921  2.00567929  4004
1 45854U 20041A   20364.41942473 -.00000021  00000-0  00000-0 0  9996
2 45854  55.1567 107.6651 0009279 136.7046 223.3553  2.00567920  4005
1 45854U 20041A   20365.41656788 -.00000013  00000-0  00000-0 0  9999
2 45854  55.1573 107.6254 0009294 136.7363 223.3278  2.00567911  4026
1 45854U 20041A   20366.41371286 -.00000006  00000-0  00000-0 0  9999
2 45854  55.1580 107.5856 0009287 136.9741 223.0954  2.00567904  4047
