1 41861U 16069C   20002.48499570  .00000075  00000-0  00000+0 0  9993
2 41861  54.6281 166.4819 0001303 265.9835  93.9834  1.70473733 19469
1 41861U 16069C   20003.07158167  .00000078  00000-0  00000-0 0  9997
2 41861  54.6282 166.4656 0001315 265.8529  94.1153  1.70473725 19470
1 41861U 16069C   20004.83133592  .00000083  00000-0  00000+0 0  9992
2 41861  54.6285 166.4166 0001314 265.9946  93.9750  1.70473668 19502
1 41861U 16069C   20004.83133592  .00000083  00000-0  00000-0 0  9993
2 41861  54.6285 166.4166 0001314 265.9946  93.9750  1.70473668 19502
1 41861U 16069C   20006.59107956  .00000084  00000-0  00000-0 0  9994
2 41861  54.6287 166.3678 0001369 266.0844  93.8799  1.70473577 19534
1 41861U 16069C   20007.17765679  .00000083  00000-0  00000+0 0  9999
2 41861  54.6288 166.3515 0001377 265.9896  93.9717  1.70473616 19545
1 41861U 16069C   20008.93738887  .00000075  00000-0  00000-0 0  9997
2 41861  54.6288 166.3026 0001412 266.1044  93.8455  1.70473557 19575
1 41861U 16069C   20014.21662150  .00000056  00000-0  00000+0 0  9992
2 41861  54.6294 166.1558 0001504 265.6754  94.2614  1.70473474 19664
1 41861U 16069C   20015.38979300  .00000057  00000-0  00000-0 0  9991
2 41861  54.6295 166.1233 0001540 265.7014  94.2389  1.70473535 19684
1 41861U 16069C   20016.56296670  .00000056  00000-0  00000+0 0  9992
2 41861  54.6294 166.0907 0001575 265.6801  94.2631  1.70473492 19706
1 41861U 16069C   20016.56296674  .00000056  00000-0  00000-0 0  9997
2 41861  54.6293 166.0907 0001578 265.5997  94.3434  1.70473489 19701
1 41861U 16069C   20018.90929470  .00000042  00000-0  00000+0 0  9998
2 41861  54.6296 166.0255 0001634 265.3460  94.5939  1.70473570 19743
1 41861U 16069C   20018.90929470  .00000042  00000-0  00000-0 0  9999
2 41861  54.6296 166.0255 0001634 265.3460  94.5939  1.70473570 19743
1 41861U 16069C   20019.49587379  .00000036  00000-0  00000-0 0  9995
2 41861  54.6296 166.0091 0001641 265.4207  94.5165  1.70473579 19750
1 41861U 16069C   20021.25560522  .00000017  00000-0  00000+0 0  9991
2 41861  54.6300 165.9602 0001663 265.0862  94.8403  1.70473674 19786
1 41861U 16069C   20021.25560910  .00000017  00000-0  00000-0 0  9993
2 41861  54.6304 165.9603 0001672 264.9262  95.0002  1.70473567 19782
1 41861U 16069C   20023.60192121  .00000004  00000-0  00000-0 0  9995
2 41861  54.6313 165.8952 0001768 264.6308  95.2839  1.70473737 19826
1 41861U 16069C   20023.60192296  .00000004  00000-0  00000+0 0  9997
2 41861  54.6313 165.8951 0001749 264.6994  95.2155  1.70473673 19825
1 41861U 16069C   20025.36167104  .00000006  00000-0  00000-0 0  9995
2 41861  54.6318 165.8463 0001819 264.7021  95.2119  1.70473748 19854
1 41861U 16069C   20026.53484348  .00000011  00000-0  00000+0 0  9992
2 41861  54.6321 165.8138 0001861 264.9303  94.9871  1.70473773 19870
1 41861U 16069C   20026.53484348  .00000011  00000-0  00000-0 0  9993
2 41861  54.6321 165.8138 0001861 264.9303  94.9871  1.70473773 19870
1 41861U 16069C   20028.29460752  .00000021  00000-0  00000-0 0  9992
2 41861  54.6323 165.7649 0001922 264.6429  95.2830  1.70473803 19909
1 41861U 16069C   20028.29460886  .00000021  00000-0  00000-0 0  9990
2 41861  54.6322 165.7649 0001904 264.7693  95.1568  1.70473760 19901
1 41861U 16069C   20030.05437194  .00000030  00000-0  00000+0 0  9992
2 41861  54.6325 165.7161 0001979 264.6679  95.2672  1.70473806 19939
1 41861U 16069C   20032.40071559  .00000037  00000-0  00000+0 0  9999
2 41861  54.6324 165.6507 0002039 264.8250  95.1166  1.70473766 19972
1 41861U 16069C   20034.74704032  .00000035  00000-0  00000+0 0  9995
2 41861  54.6325 165.5856 0002124 265.3531  94.5845  1.70473751 20010
1 41861U 16069C   20035.33361903  .00000033  00000-0  00000-0 0  9996
2 41861  54.6326 165.5694 0002154 265.5955  94.3396  1.70473734 20027
1 41861U 16069C   20035.33361947  .00000033  00000-0  00000-0 0  9994
2 41861  54.6326 165.5693 0002139 265.4811  94.4542  1.70473745 20025
1 41861U 16069C   20036.50677621  .00000027  00000-0  00000-0 0  9996
2 41861  54.6328 165.5368 0002172 265.7007  94.2295  1.70473754 20048
1 41861U 16069C   20042.37261886  .00000013  00000-0  00000+0 0  9994
2 41861  54.6334 165.3739 0002366 266.1049  93.8307  1.70473629 20142
1 41861U 16069C   20042.95920600  .00000014  00000-0  00000-0 0  9996
2 41861  54.6334 165.3576 0002409 266.2556  93.6829  1.70473650 20155
1 41861U 16069C   20045.89213299  .00000003  00000-0  00000+0 0  9998
2 41861  54.6338 165.2760 0002487 266.3553  93.5903  1.70473689 20207
1 41861U 16069C   20045.89213415  .00000003  00000-0  00000-0 0  9999
2 41861  54.6337 165.2760 0002497 266.3744  93.5710  1.70473650 20203
1 41861U 16069C   20047.06529417 -.00000008  00000-0  00000-0 0  9998
2 41861  54.6338 165.2434 0002519 266.3867  93.5558  1.70473711 20223
1 41861U 16069C   20048.82503039 -.00000025  00000-0  00000+0 0  9993
2 41861  54.6339 165.1945 0002584 266.3254  93.6097  1.70473773 20252
1 41861U 16069C   20049.41161067 -.00000029  00000-0  00000-0 0  9995
2 41861  54.6339 165.1783 0002611 266.3155  93.6173  1.70473762 20267
1 41861U 16069C   20053.51769702 -.00000026  00000-0  00000+0 0  9997
2 41861  54.6342 165.0642 0002787 266.4979  93.4388  1.70473893 20332
1 41861U 16069C   20053.51769721 -.00000026  00000-0  00000-0 0  9999
2 41861  54.6342 165.0642 0002784 266.4334  93.5034  1.70473884 20333
1 41861U 16069C   20055.27746405 -.00000015  00000-0  00000-0 0  9996
2 41861  54.6343 165.0154 0002867 266.6090  93.3393  1.70473942 20369
1 41861U 16069C   20057.03723264 -.00000004  00000-0  00000+0 0  9997
2 41861  54.6345 164.9665 0002918 266.7298  93.2313  1.70473954 20391
1 41861U 16069C   20062.31649493  .00000009  00000-0  00000+0 0  9999
2 41861  54.6347 164.8199 0003145 267.6256  92.3469  1.70473877 20487
1 41861U 16069C   20069.94208843  .00000001  00000-0  00000+0 0  9997
2 41861  54.6350 164.6079 0003390 268.4310  91.5528  1.70473792 20616
1 41861U 16069C   20070.52867744  .00000002  00000-0  00000-0 0  9996
2 41861  54.6350 164.5916 0003432 268.6013  91.3859  1.70473775 20621
1 41861U 16069C   20071.11526507  .00000002  00000-0  00000-0 0  9991
2 41861  54.6350 164.5753 0003458 268.7081  91.2822  1.70473784 20634
1 41861U 16069C   20071.70185051  .00000002  00000-0  00000-0 0  9991
2 41861  54.6350 164.5589 0003482 268.7254  91.2673  1.70473823 20649
1 41861U 16069C   20076.39450155 -.00000030  00000-0  00000+0 0  9992
2 41861  54.6353 164.4284 0003625 268.9729  91.0124  1.70473850 20729
1 41861U 16069C   20081.08717217 -.00000021  00000-0  00000+0 0  9999
2 41861  54.6356 164.2979 0003836 269.1862  90.8048  1.70473960 20809
1 41861U 16069C   20081.08717217 -.00000021  00000-0  00000-0 0  9990
2 41861  54.6356 164.2979 0003836 269.1862  90.8048  1.70473960 20809
1 41861U 16069C   20085.19329322  .00000011  00000-0  00000+0 0  9999
2 41861  54.6360 164.1838 0003961 269.5130  90.5061  1.70474037 20873
1 41861U 16069C   20086.36646751  .00000017  00000-0  00000-0 0  9994
2 41861  54.6361 164.1512 0004020 269.7391  90.2848  1.70473980 20899
1 41861U 16069C   20086.95305619  .00000020  00000-0  00000-0 0  9998
2 41861  54.6362 164.1350 0004046 269.8797  90.1456  1.70473858 20909
1 41861U 16069C   20091.05911842  .00000023  00000-0  00000+0 0  9998
2 41861  54.6366 164.0210 0004187 270.6311  89.3875  1.70473922 20979
1 41861U 16069C   20093.40544435  .00000019  00000-0  00000+0 0  9994
2 41861  54.6370 163.9557 0004248 270.8514  89.1628  1.70473798 21012
1 41861U 16069C   20095.16519837  .00000020  00000-0  00000-0 0  9990
2 41861  54.6380 163.9068 0004301 270.9350  89.0830  1.70473800 21040
1 41861U 16069C   20095.75178520  .00000022  00000-0  00000-0 0  9997
2 41861  54.6379 163.8905 0004341 271.0625  88.9580  1.70473784 21050
1 41861U 16069C   20097.51154976  .00000029  00000-0  00000-0 0  9999
2 41861  54.6384 163.8415 0004393 271.1991  88.8309  1.70473772 21084
1 41861U 16069C   20098.09813948  .00000030  00000-0  00000+0 0  9995
2 41861  54.6387 163.8253 0004406 271.1291  88.9038  1.70473707 21094
1 41861U 16069C   20099.27130779  .00000031  00000-0  00000-0 0  9992
2 41861  54.6394 163.7926 0004462 271.2493  88.7868  1.70473793 21112
1 41861U 16069C   20099.27130913  .00000031  00000-0  00000-0 0  9992
2 41861  54.6393 163.7926 0004444 271.1987  88.8376  1.70473764 21111
1 41861U 16069C   20101.61763475  .00000019  00000-0  00000+0 0  9994
2 41861  54.6396 163.7274 0004529 271.4076  88.6244  1.70473753 21150
1 41861U 16069C   20105.13710208 -.00000001  00000-0  00000+0 0  9993
2 41861  54.6400 163.6295 0004620 271.5837  88.4321  1.70473909 21210
1 41861U 16069C   20105.72368413 -.00000000  00000-0  00000-0 0  9995
2 41861  54.6400 163.6132 0004661 271.7095  88.3050  1.70473901 21224
1 41861U 16069C   20108.07002478  .00000013  00000-0  00000+0 0  9994
2 41861  54.6402 163.5480 0004739 271.9077  88.1105  1.70473869 21265
1 41861U 16069C   20109.82978532  .00000028  00000-0  00000-0 0  9998
2 41861  54.6405 163.4991 0004753 272.0295  87.9980  1.70473965 21292
1 41861U 16069C   20110.41637412  .00000033  00000-0  00000+0 0  9999
2 41861  54.6405 163.4828 0004766 272.0891  87.9416  1.70473953 21300
1 41861U 16069C   20112.17613834  .00000047  00000-0  00000-0 0  9992
2 41861  54.6408 163.4339 0004814 272.2657  87.7736  1.70473900 21334
1 41861U 16069C   20113.34930897  .00000054  00000-0  00000+0 0  9990
2 41861  54.6411 163.4013 0004849 272.4004  87.6422  1.70473898 21352
1 41861U 16069C   20113.93589337  .00000057  00000-0  00000-0 0  9998
2 41861  54.6414 163.3851 0004925 272.6772  87.3653  1.70473850 21376
1 41861U 16069C   20113.93589375  .00000057  00000-0  00000-0 0  9990
2 41861  54.6414 163.3851 0004909 272.6074  87.4353  1.70473855 21365
1 41861U 16069C   20116.28221718  .00000064  00000-0  00000+0 0  9992
2 41861  54.6418 163.3200 0004985 273.0048  87.0333  1.70473830 21409
1 41861U 16069C   20116.28221773  .00000064  00000-0  00000-0 0  9994
2 41861  54.6420 163.3200 0005005 273.1223  86.9155  1.70473791 21408
1 41861U 16069C   20118.62853912  .00000063  00000-0  00000+0 0  9998
2 41861  54.6424 163.2549 0005042 273.3929  86.6336  1.70473544 21441
1 41861U 16069C   20119.21510612  .00000061  00000-0  00000+0 0  9999
2 41861  54.6419 163.2385 0005001 273.2925  86.7318  1.70473846 21450
1 41861U 16069C   20119.21510612  .00000061  00000-0  00000-0 0  9990
2 41861  54.6419 163.2385 0005001 273.2925  86.7318  1.70473846 21450
1 41861U 16069C   20119.21510723  .00000061  00000-0  00000-0 0  9993
2 41861  54.6426 163.2385 0005053 273.4523  86.5714  1.70473808 21457
1 41861U 16069C   20119.80168753  .00000060  00000-0  00000-0 0  9999
2 41861  54.6419 163.2223 0005009 273.4095  86.6124  1.70473753 21461
1 41861U 16069C   20121.56143390  .00000060  00000-0  00000+0 0  9994
2 41861  54.6423 163.1734 0005025 273.4792  86.5397  1.70473681 21498
1 41861U 16069C   20126.25411776  .00000072  00000-0  00000+0 0  9994
2 41861  54.6431 163.0430 0005122 273.9164  86.1137  1.70473646 21573
1 41861U 16069C   20126.84070173  .00000071  00000-0  00000-0 0  9991
2 41861  54.6432 163.0267 0005134 273.9749  86.0548  1.70473614 21585
1 41861U 16069C   20126.84070207  .00000071  00000-0  00000-0 0  9999
2 41861  54.6431 163.0267 0005143 274.0247  86.0049  1.70473601 21581
1 41861U 16069C   20129.18701737  .00000057  00000-0  00000+0 0  9991
2 41861  54.6435 162.9615 0005176 274.1753  85.8438  1.70473649 21625
1 41861U 16069C   20129.18701737  .00000057  00000-0  00000-0 0  9992
2 41861  54.6435 162.9615 0005176 274.1753  85.8438  1.70473649 21625
1 41861U 16069C   20129.77359484  .00000052  00000-0  00000-0 0  9990
2 41861  54.6439 162.9452 0005200 274.2045  85.8101  1.70473626 21634
1 41861U 16069C   20130.94674688  .00000043  00000-0  00000-0 0  9997
2 41861  54.6443 162.9126 0005223 274.2483  85.7574  1.70473661 21652
1 41861U 16069C   20132.11990094  .00000038  00000-0  00000+0 0  9993
2 41861  54.6445 162.8800 0005229 274.2409  85.7576  1.70473701 21675
1 41861U 16069C   20133.87964267  .00000040  00000-0  00000-0 0  9994
2 41861  54.6449 162.8312 0005263 274.3681  85.6250  1.70473727 21708
1 41861U 16069C   20137.98574309  .00000070  00000-0  00000+0 0  9996
2 41861  54.6458 162.7172 0005318 274.7379  85.2651  1.70473784 21771
1 41861U 16069C   20137.98574309  .00000070  00000-0  00000-0 0  9997
2 41861  54.6458 162.7172 0005318 274.7379  85.2651  1.70473784 21771
1 41861U 16069C   20138.57233008  .00000074  00000-0  00000-0 0  9995
2 41861  54.6459 162.7009 0005320 274.7809  85.2241  1.70473774 21787
1 41861U 16069C   20139.15891612  .00000078  00000-0  00000-0 0  9995
2 41861  54.6460 162.6846 0005326 274.8316  85.1751  1.70473772 21791
1 41861U 16069C   20139.74550234  .00000081  00000-0  00000-0 0  9996
2 41861  54.6462 162.6684 0005332 274.8800  85.1278  1.70473739 21807
1 41861U 16069C   20140.33208712  .00000084  00000-0  00000+0 0  9996
2 41861  54.6463 162.6521 0005339 274.9546  85.0538  1.70473719 21810
1 41861U 16069C   20141.50525234  .00000089  00000-0  00000-0 0  9993
2 41861  54.6465 162.6196 0005346 274.9851  85.0226  1.70473714 21838
1 41861U 16069C   20142.09183354  .00000090  00000-0  00000-0 0  9993
2 41861  54.6467 162.6034 0005361 275.0752  84.9309  1.70473694 21848
1 41861U 16069C   20143.85157060  .00000092  00000-0  00000+0 0  9994
2 41861  54.6471 162.5545 0005379 275.3391  84.6590  1.70473662 21877
1 41861U 16069C   20145.61130342  .00000090  00000-0  00000-0 0  9993
2 41861  54.6476 162.5058 0005387 275.6735  84.3131  1.70473584 21900
1 41861U 16069C   20147.95761886  .00000084  00000-0  00000+0 0  9997
2 41861  54.6482 162.4406 0005389 275.8132  84.1613  1.70473526 21941
1 41861U 16069C   20150.30395222  .00000086  00000-0  00000-0 0  9990
2 41861  54.6488 162.3755 0005406 276.0897  83.8834  1.70473483 21981
1 41861U 16069C   20150.30395394  .00000086  00000-0  00000-0 0  9990
2 41861  54.6487 162.3755 0005405 276.1283  83.8448  1.70473444 21987
1 41861U 16069C   20153.23688170  .00000091  00000-0  00000-0 0  9998
2 41861  54.6495 162.2940 0005416 276.3092  83.6692  1.70473433 22037
1 41861U 16069C   20155.58320604  .00000080  00000-0  00000+0 0  9990
2 41861  54.6499 162.2289 0005413 276.4652  83.5057  1.70473438 22070
1 41861U 16069C   20160.86240634  .00000047  00000-0  00000+0 0  9994
2 41861  54.6511 162.0824 0005409 276.5983  83.3373  1.70473513 22164
1 41861U 16069C   20162.62215867  .00000055  00000-0  00000-0 0  9990
2 41861  54.6518 162.0336 0005414 276.6511  83.2842  1.70473557 22194
1 41861U 16069C   20167.31485284  .00000082  00000-0  00000+0 0  9992
2 41861  54.6528 161.9033 0005389 276.8072  83.1407  1.70473560 22271
1 41861U 16069C   20167.90143863  .00000084  00000-0  00000-0 0  9994
2 41861  54.6529 161.8871 0005383 277.0949  82.8533  1.70473519 22282
1 41861U 16069C   20169.07460494  .00000086  00000-0  00000-0 0  9998
2 41861  54.6529 161.8545 0005372 277.5049  82.4419  1.70473487 22300
1 41861U 16069C   20169.66118376  .00000087  00000-0  00000+0 0  9992
2 41861  54.6530 161.8383 0005373 277.5173  82.4276  1.70473539 22311
1 41861U 16069C   20170.24776505  .00000087  00000-0  00000-0 0  9993
2 41861  54.6531 161.8220 0005369 277.5398  82.4027  1.70473501 22320
1 41861U 16069C   20171.42092432  .00000086  00000-0  00000-0 0  9993
2 41861  54.6533 161.7895 0005364 277.6939  82.2424  1.70473438 22346
1 41861U 16069C   20172.00750430  .00000084  00000-0  00000+0 0  9994
2 41861  54.6535 161.7732 0005362 277.7310  82.2016  1.70473377 22350
1 41861U 16069C   20173.18066122  .00000081  00000-0  00000-0 0  9990
2 41861  54.6537 161.7407 0005339 277.9407  81.9848  1.70473356 22372
1 41861U 16069C   20173.76723893  .00000079  00000-0  00000-0 0  9996
2 41861  54.6539 161.7245 0005312 278.1306  81.7917  1.70473381 22380
1 41861U 16069C   20176.11356683  .00000072  00000-0  00000+0 0  9999
2 41861  54.6543 161.6594 0005279 278.2645  81.6504  1.70473275 22428
1 41861U 16069C   20176.70015293  .00000072  00000-0  00000-0 0  9994
2 41861  54.6544 161.6431 0005267 278.3874  81.5277  1.70473233 22432
1 41861U 16069C   20177.87332604  .00000073  00000-0  00000-0 0  9992
2 41861  54.6546 161.6105 0005253 278.4993  81.4180  1.70473212 22451
1 41861U 16069C   20180.21967590  .00000075  00000-0  00000+0 0  9993
2 41861  54.6550 161.5455 0005223 278.7447  81.1791  1.70473187 22497
1 41861U 16069C   20181.97942733  .00000068  00000-0  00000-0 0  9992
2 41861  54.6553 161.4966 0005222 278.7466  81.1757  1.70473204 22522
1 41861U 16069C   20182.56600921  .00000064  00000-0  00000+0 0  9993
2 41861  54.6554 161.4803 0005211 278.7733  81.1468  1.70473190 22532
1 41861U 16069C   20182.56600921  .00000064  00000-0  00000-0 0  9994
2 41861  54.6554 161.4803 0005211 278.7733  81.1468  1.70473190 22532
1 41861U 16069C   20184.91232439  .00000039  00000-0  00000+0 0  9991
2 41861  54.6558 161.4152 0005162 278.8907  81.0140  1.70473205 22579
1 41861U 16069C   20187.84522382  .00000021  00000-0  00000+0 0  9996
2 41861  54.6562 161.3339 0005125 278.9902  80.8994  1.70473285 22623
1 41861U 16069C   20190.19156911  .00000028  00000-0  00000+0 0  9996
2 41861  54.6566 161.2688 0005093 279.1885  80.7038  1.70473304 22664
1 41861U 16069C   20190.77815807  .00000032  00000-0  00000-0 0  9992
2 41861  54.6567 161.2526 0005080 279.1968  80.6980  1.70473315 22672
1 41861U 16069C   20191.95133619  .00000038  00000-0  00000-0 0  9993
2 41861  54.6569 161.2200 0005051 279.2721  80.6284  1.70473371 22690
1 41861U 16069C   20194.88428211  .00000050  00000-0  00000+0 0  9996
2 41861  54.6572 161.1387 0004989 279.5987  80.3134  1.70473286 22747
1 41861U 16069C   20197.23062073  .00000052  00000-0  00000+0 0  9990
2 41861  54.6575 161.0737 0004940 279.9510  79.9607  1.70473257 22782
1 41861U 16069C   20197.23062073  .00000052  00000-0  00000-0 0  9991
2 41861  54.6575 161.0737 0004940 279.9510  79.9607  1.70473257 22782
1 41861U 16069C   20197.81720306  .00000052  00000-0  00000-0 0  9995
2 41861  54.6575 161.0574 0004931 279.9971  79.9130  1.70473245 22791
1 41861U 16069C   20199.57694740  .00000047  00000-0  00000-0 0  9996
2 41861  54.6577 161.0086 0004887 280.2602  79.6431  1.70473185 22825
1 41861U 16069C   20200.16352650  .00000045  00000-0  00000+0 0  9992
2 41861  54.6578 160.9923 0004886 280.2382  79.6624  1.70473219 22831
1 41861U 16069C   20201.33669171  .00000041  00000-0  00000-0 0  9998
2 41861  54.6579 160.9598 0004847 280.3656  79.5310  1.70473136 22853
1 41861U 16069C   20201.92327676  .00000039  00000-0  00000-0 0  9991
2 41861  54.6579 160.9435 0004830 280.4131  79.4821  1.70473062 22869
1 41861U 16069C   20202.50986171  .00000037  00000-0  00000+0 0  9994
2 41861  54.6580 160.9272 0004814 280.4932  79.4014  1.70473036 22877
1 41861U 16069C   20203.09644575  .00000035  00000-0  00000-0 0  9997
2 41861  54.6580 160.9110 0004772 280.6025  79.2924  1.70473071 22884
1 41861U 16069C   20204.26962042  .00000034  00000-0  00000-0 0  9998
2 41861  54.6581 160.8785 0004734 280.7357  79.1620  1.70473052 22903
1 41861U 16069C   20206.02939044  .00000036  00000-0  00000-0 0  9992
2 41861  54.6583 160.8296 0004705 280.8561  79.0497  1.70473022 22939
1 41861U 16069C   20207.20257125  .00000037  00000-0  00000-0 0  9997
2 41861  54.6584 160.7970 0004679 280.9519  78.9597  1.70472998 22954
1 41861U 16069C   20209.54891943  .00000028  00000-0  00000+0 0  9997
2 41861  54.6586 160.7319 0004608 281.1454  78.7699  1.70472991 22994
1 41861U 16069C   20209.54891943  .00000028  00000-0  00000-0 0  9998
2 41861  54.6586 160.7319 0004608 281.1454  78.7699  1.70472991 22994
1 41861U 16069C   20211.89524601  .00000003  00000-0  00000-0 0  9996
2 41861  54.6588 160.6667 0004536 281.3189  78.5872  1.70473023 23032
1 41861U 16069C   20211.89524634  .00000003  00000-0  00000+0 0  9991
2 41861  54.6589 160.6668 0004527 281.3032  78.6030  1.70473024 23039
1 41861U 16069C   20214.24157424 -.00000016  00000-0  00000+0 0  9997
2 41861  54.6596 160.6016 0004459 281.4122  78.4843  1.70473029 23078
1 41861U 16069C   20216.00133167 -.00000018  00000-0  00000-0 0  9994
2 41861  54.6599 160.5528 0004414 281.5236  78.3738  1.70473090 23100
1 41861U 16069C   20220.10747531  .00000003  00000-0  00000+0 0  9998
2 41861  54.6604 160.4389 0004254 282.1036  77.8193  1.70473077 23179
1 41861U 16069C   20221.28065492  .00000008  00000-0  00000-0 0  9993
2 41861  54.6603 160.4064 0004217 282.1329  77.7975  1.70473177 23192
1 41861U 16069C   20223.04042574  .00000012  00000-0  00000+0 0  9999
2 41861  54.6606 160.3576 0004186 282.2351  77.7022  1.70473068 23229
1 41861U 16069C   20224.21359673  .00000013  00000-0  00000-0 0  9992
2 41861  54.6608 160.3250 0004169 282.3136  77.6253  1.70473117 23245
1 41861U 16069C   20224.80018292  .00000013  00000-0  00000-0 0  9996
2 41861  54.6608 160.3087 0004155 282.3725  77.5663  1.70473081 23257
1 41861U 16069C   20225.97334920  .00000012  00000-0  00000+0 0  9992
2 41861  54.6609 160.2762 0004102 282.6435  77.2941  1.70473139 23272
1 41861U 16069C   20226.55993482  .00000011  00000-0  00000-0 0  9991
2 41861  54.6609 160.2599 0004081 282.7363  77.2002  1.70473070 23280
1 41861U 16069C   20227.14651949  .00000009  00000-0  00000-0 0  9993
2 41861  54.6605 160.2436 0004043 282.8483  77.0872  1.70473040 23299
1 41861U 16069C   20228.31968790  .00000006  00000-0  00000+0 0  9994
2 41861  54.6606 160.2111 0003991 283.0008  76.9329  1.70473010 23312
1 41861U 16069C   20228.90627404  .00000004  00000-0  00000-0 0  9992
2 41861  54.6606 160.1949 0003964 283.0876  76.8459  1.70472970 23321
1 41861U 16069C   20230.07944671  .00000002  00000-0  00000-0 0  9999
2 41861  54.6608 160.1623 0003930 283.1820  76.7526  1.70472961 23341
1 41861U 16069C   20231.25262515  .00000001  00000-0  00000+0 0  9998
2 41861  54.6609 160.1298 0003887 283.2770  76.6619  1.70472943 23360
1 41861U 16069C   20231.25262515  .00000001  00000-0  00000-0 0  9999
2 41861  54.6609 160.1298 0003887 283.2770  76.6619  1.70472943 23360
1 41861U 16069C   20231.83921660  .00000002  00000-0  00000-0 0  9997
2 41861  54.6609 160.1135 0003868 283.3649  76.5773  1.70472925 23376
1 41861U 16069C   20238.87828451 -.00000019  00000-0  00000+0 0  9990
2 41861  54.6613 159.9179 0003604 283.8878  76.0768  1.70472890 23495
1 41861U 16069C   20240.05145026 -.00000030  00000-0  00000-0 0  9997
2 41861  54.6614 159.8853 0003558 283.9275  76.0330  1.70472885 23516
1 41861U 16069C   20241.81120438 -.00000040  00000-0  00000+0 0  9992
2 41861  54.6616 159.8364 0003494 283.9354  76.0222  1.70472892 23543
1 41861U 16069C   20245.91733725 -.00000024  00000-0  00000+0 0  9998
2 41861  54.6619 159.7225 0003359 284.1464  75.8326  1.70473077 23612
1 41861U 16069C   20247.09052660 -.00000016  00000-0  00000-0 0  9993
2 41861  54.6619 159.6900 0003306 284.2324  75.7566  1.70473056 23633
1 41861U 16069C   20248.26371396 -.00000009  00000-0  00000+0 0  9994
2 41861  54.6620 159.6575 0003251 284.3422  75.6561  1.70473051 23653
1 41861U 16069C   20250.02348684 -.00000002  00000-0  00000-0 0  9999
2 41861  54.6622 159.6087 0003188 284.5041  75.5042  1.70473069 23686
1 41861U 16069C   20251.19666559  .00000001  00000-0  00000+0 0  9999
2 41861  54.6623 159.5761 0003151 284.6275  75.3842  1.70473007 23706
1 41861U 16069C   20252.95642355  .00000002  00000-0  00000-0 0  9994
2 41861  54.6624 159.5273 0003092 284.9176  75.0947  1.70472999 23737
1 41861U 16069C   20255.88934834 -.00000000  00000-0  00000+0 0  9993
2 41861  54.6627 159.4459 0002966 285.3625  74.6473  1.70472943 23781
1 41861U 16069C   20257.06252048 -.00000001  00000-0  00000-0 0  9997
2 41861  54.6629 159.4133 0002916 285.4638  74.5474  1.70472970 23805
1 41861U 16069C   20258.23569915 -.00000000  00000-0  00000+0 0  9999
2 41861  54.6630 159.3807 0002869 285.5341  74.4812  1.70472944 23821
1 41861U 16069C   20258.23569915 -.00000000  00000-0  00000-0 0  9990
2 41861  54.6630 159.3807 0002869 285.5341  74.4812  1.70472944 23821
1 41861U 16069C   20260.58206980  .00000007  00000-0  00000+0 0  9996
2 41861  54.6633 159.3155 0002786 285.6598  74.3711  1.70472867 23868
1 41861U 16069C   20260.58206980  .00000007  00000-0  00000-0 0  9997
2 41861  54.6633 159.3155 0002786 285.6598  74.3711  1.70472867 23868
1 41861U 16069C   20264.68819793  .00000004  00000-0  00000+0 0  9990
2 41861  54.6636 159.2013 0002649 285.7424  74.3047  1.70472853 23935
1 41861U 16069C   20264.68819793  .00000004  00000-0  00000-0 0  9991
2 41861  54.6636 159.2013 0002649 285.7424  74.3047  1.70472853 23935
1 41861U 16069C   20265.27478001  .00000000  00000-0  00000-0 0  9996
2 41861  54.6636 159.1850 0002619 285.6953  74.3507  1.70472911 23943
1 41861U 16069C   20265.86136089 -.00000005  00000-0  00000-0 0  9994
2 41861  54.6637 159.1687 0002596 285.6592  74.3848  1.70472974 23953
1 41861U 16069C   20267.62110982 -.00000020  00000-0  00000-0 0  9991
2 41861  54.6639 159.1198 0002525 285.4855  74.5519  1.70472923 23988
1 41861U 16069C   20268.20769146 -.00000023  00000-0  00000-0 0  9991
2 41861  54.6640 159.1034 0002500 285.3834  74.6524  1.70472976 23994
1 41861U 16069C   20268.79427595 -.00000025  00000-0  00000-0 0  9996
2 41861  54.6641 159.0871 0002484 285.3536  74.6811  1.70472978 24007
1 41861U 16069C   20269.96744853 -.00000025  00000-0  00000+0 0  9994
2 41861  54.6643 159.0545 0002446 285.2965  74.7388  1.70473009 24028
1 41861U 16069C   20270.55403636 -.00000023  00000-0  00000-0 0  9991
2 41861  54.6644 159.0382 0002430 285.2780  74.7589  1.70473039 24033
1 41861U 16069C   20271.72721713 -.00000016  00000-0  00000-0 0  9992
2 41861  54.6646 159.0056 0002393 285.2751  74.7676  1.70473074 24057
1 41861U 16069C   20273.48699600 -.00000001  00000-0  00000-0 0  9990
2 41861  54.6648 158.9568 0002327 285.2349  74.8204  1.70473076 24088
1 41861U 16069C   20274.66018193  .00000008  00000-0  00000+0 0  9998
2 41861  54.6649 158.9242 0002287 285.1854  74.8788  1.70473076 24103
1 41861U 16069C   20274.66018193  .00000008  00000-0  00000-0 0  9999
2 41861  54.6649 158.9242 0002287 285.1854  74.8788  1.70473076 24103
1 41861U 16069C   20275.24677193  .00000012  00000-0  00000-0 0  9990
2 41861  54.6650 158.9079 0002254 285.1594  74.9089  1.70473150 24117
1 41861U 16069C   20278.17971840  .00000025  00000-0  00000+0 0  9994
2 41861  54.6655 158.8265 0002161 285.1915  74.8881  1.70473139 24163
1 41861U 16069C   20279.93947291  .00000030  00000-0  00000-0 0  9999
2 41861  54.6658 158.7777 0002110 285.4020  74.6769  1.70473141 24196
1 41861U 16069C   20280.52605654  .00000031  00000-0  00000+0 0  9990
2 41861  54.6658 158.7614 0002087 285.4486  74.6291  1.70473132 24207
1 41861U 16069C   20280.52605654  .00000031  00000-0  00000-0 0  9991
2 41861  54.6658 158.7614 0002087 285.4486  74.6291  1.70473132 24207
1 41861U 16069C   20281.11264027  .00000031  00000-0  00000-0 0  9992
2 41861  54.6659 158.7451 0002069 285.5327  74.5435  1.70473105 24212
1 41861U 16069C   20281.69922434  .00000031  00000-0  00000-0 0  9998
2 41861  54.6661 158.7288 0002025 285.6931  74.3819  1.70473075 24228
1 41861U 16069C   20282.87238940  .00000031  00000-0  00000-0 0  9991
2 41861  54.6663 158.6962 0001992 285.8693  74.2029  1.70473100 24240
1 41861U 16069C   20282.87239081  .00000031  00000-0  00000+0 0  9997
2 41861  54.6663 158.6962 0001995 285.7773  74.2949  1.70473056 24242
1 41861U 16069C   20285.21873200  .00000033  00000-0  00000-0 0  9998
2 41861  54.6668 158.6310 0001905 285.7508  74.3220  1.70473055 24287
1 41861U 16069C   20285.21873251  .00000033  00000-0  00000+0 0  9993
2 41861  54.6668 158.6310 0001909 285.7572  74.3156  1.70473047 24281
1 41861U 16069C   20285.21873251  .00000033  00000-0  00000-0 0  9994
2 41861  54.6668 158.6310 0001909 285.7572  74.3156  1.70473047 24281
1 41861U 16069C   20286.39190858  .00000037  00000-0  00000-0 0  9993
2 41861  54.6671 158.5984 0001887 285.6881  74.3888  1.70473077 24306
1 41861U 16069C   20288.15168125  .00000046  00000-0  00000-0 0  9991
2 41861  54.6674 158.5495 0001838 285.4451  74.6414  1.70473039 24332
1 41861U 16069C   20288.73827295  .00000048  00000-0  00000+0 0  9996
2 41861  54.6675 158.5332 0001812 285.3485  74.7412  1.70473009 24348
1 41861U 16069C   20289.91145095  .00000051  00000-0  00000-0 0  9993
2 41861  54.6677 158.5006 0001775 285.2335  74.8608  1.70473021 24363
1 41861U 16069C   20290.49803857  .00000051  00000-0  00000-0 0  9995
2 41861  54.6679 158.4843 0001753 285.1595  74.9358  1.70473011 24379
1 41861U 16069C   20294.01752759  .00000030  00000-0  00000-0 0  9998
2 41861  54.6685 158.3864 0001631 284.2925  75.7901  1.70473117 24437
1 41861U 16069C   20294.60410858  .00000026  00000-0  00000+0 0  9998
2 41861  54.6686 158.3701 0001613 284.0888  75.9901  1.70473080 24446
1 41861U 16069C   20294.60410858  .00000026  00000-0  00000-0 0  9999
2 41861  54.6686 158.3701 0001613 284.0888  75.9901  1.70473080 24446
1 41861U 16069C   20295.77726918  .00000019  00000-0  00000-0 0  9997
2 41861  54.6689 158.3375 0001582 283.7203  76.3526  1.70473110 24462
1 41861U 16069C   20296.95043669  .00000018  00000-0  00000+0 0  9991
2 41861  54.6692 158.3049 0001552 283.3422  76.7276  1.70473082 24486
1 41861U 16069C   20297.53701880  .00000020  00000-0  00000-0 0  9996
2 41861  54.6693 158.2886 0001540 283.1714  76.8981  1.70473179 24496
1 41861U 16069C   20298.12360473  .00000023  00000-0  00000-0 0  9994
2 41861  54.6694 158.2723 0001536 283.0872  76.9830  1.70473199 24504
1 41861U 16069C   20299.88337242  .00000036  00000-0  00000+0 0  9999
2 41861  54.6698 158.2235 0001493 282.6742  77.4024  1.70473205 24531
1 41861U 16069C   20301.05655424  .00000045  00000-0  00000-0 0  9998
2 41861  54.6701 158.1908 0001455 282.2902  77.7924  1.70473188 24558
1 41861U 16069C   20302.22972859  .00000054  00000-0  00000+0 0  9991
2 41861  54.6704 158.1582 0001424 282.0210  78.0674  1.70473352 24576
1 41861U 16069C   20302.81631729  .00000058  00000-0  00000-0 0  9999
2 41861  54.6705 158.1419 0001418 281.8931  78.1974  1.70473351 24580
1 41861U 16069C   20304.57607998  .00000067  00000-0  00000+0 0  9994
2 41861  54.6709 158.0931 0001386 281.1161  78.9777  1.70473281 24619
1 41861U 16069C   20307.50899314  .00000074  00000-0  00000+0 0  9993
2 41861  54.6717 158.0117 0001347 280.5319  79.5544  1.70473254 24663
1 41861U 16069C   20308.09557285  .00000075  00000-0  00000-0 0  9998
2 41861  54.6718 157.9955 0001314 280.3747  79.7090  1.70473275 24671
1 41861U 16069C   20308.68215287  .00000075  00000-0  00000-0 0  9996
2 41861  54.6719 157.9792 0001302 280.8788  79.2019  1.70473274 24684
1 41861U 16069C   20309.26873181  .00000075  00000-0  00000-0 0  9994
2 41861  54.6720 157.9629 0001286 280.7566  79.3212  1.70473299 24693
1 41861U 16069C   20309.85531422  .00000075  00000-0  00000+0 0  9997
2 41861  54.6722 157.9466 0001271 280.6440  79.4310  1.70473232 24707
1 41861U 16069C   20312.20164221  .00000077  00000-0  00000+0 0  9991
2 41861  54.6728 157.8814 0001220 279.7738  80.2947  1.70473224 24743
1 41861U 16069C   20315.72116363  .00000090  00000+0  00000+0 0  9999
2 41861  54.6737 157.7836 0001177 278.2518  81.8239  1.70473182 24808
1 41861U 16069C   20316.89433563  .00000093  00000+0  00000+0 0  9995
2 41861  54.6740 157.7509 0001153 277.5719  82.5063  1.70473233 24820
1 41861U 16069C   20319.82724775  .00000083  00000-0  00000-0 0  9990
2 41861  54.6747 157.6694 0001111 276.1256  83.9430  1.70473160 24873
1 41861U 16069C   20320.41382491  .00000078  00000-0  00000+0 0  9995
2 41861  54.6748 157.6531 0001103 275.7273  84.3367  1.70473175 24880
1 41861U 16069C   20320.41382491  .00000078  00000-0  00000-0 0  9996
2 41861  54.6748 157.6531 0001103 275.7273  84.3367  1.70473175 24880
1 41861U 16069C   20321.58697615  .00000067  00000-0  00000-0 0  9990
2 41861  54.6748 157.6205 0001078 274.2336  85.8204  1.70473260 24907
1 41861U 16069C   20323.93328898  .00000055  00000-0  00000+0 0  9991
2 41861  54.6752 157.5553 0001069 272.4879  87.5497  1.70473304 24945
1 41861U 16069C   20324.51987053  .00000055  00000-0  00000-0 0  9991
2 41861  54.6753 157.5390 0001069 272.4002  87.6353  1.70473308 24950
1 41861U 16069C   20326.27962298  .00000062  00000-0  00000+0 0  9997
2 41861  54.6759 157.4901 0001069 271.4092  88.6255  1.70473384 24980
1 41861U 16069C   20326.27962298  .00000062  00000-0  00000-0 0  9998
2 41861  54.6759 157.4901 0001069 271.4092  88.6255  1.70473384 24980
1 41861U 16069C   20328.62597309  .00000078  00000-0  00000+0 0  9992
2 41861  54.6765 157.4249 0001056 270.3235  89.7175  1.70473391 25022
1 41861U 16069C   20329.21256058  .00000082  00000-0  00000-0 0  9997
2 41861  54.6771 157.4086 0001044 270.4064  89.6364  1.70473405 25032
1 41861U 16069C   20331.55890124  .00000092  00000-0  00000+0 0  9995
2 41861  54.6776 157.3435 0001035 269.3406  90.7042  1.70473442 25072
1 41861U 16069C   20331.55890124  .00000092  00000-0  00000-0 0  9996
2 41861  54.6776 157.3435 0001035 269.3406  90.7042  1.70473442 25072
1 41861U 16069C   20332.14548173  .00000093  00000-0  00000-0 0  9997
2 41861  54.6778 157.3272 0001048 269.9088  90.1348  1.70473495 25081
1 41861U 16069C   20333.90522496  .00000095  00000-0  00000+0 0  9993
2 41861  54.6783 157.2784 0001058 269.8867  90.1499  1.70473449 25119
1 41861U 16069C   20334.49180457  .00000096  00000-0  00000-0 0  9997
2 41861  54.6784 157.2621 0001055 269.4280  90.6053  1.70473432 25126
1 41861U 16069C   20335.07838284  .00000096  00000-0  00000-0 0  9990
2 41861  54.6786 157.2459 0001055 269.3099  90.7198  1.70473429 25132
1 41861U 16069C   20336.25153910  .00000095  00000-0  00000+0 0  9995
2 41861  54.6790 157.2133 0001046 268.9434  91.0785  1.70473412 25154
1 41861U 16069C   20336.25153910  .00000095  00000-0  00000-0 0  9996
2 41861  54.6790 157.2133 0001046 268.9434  91.0785  1.70473412 25154
1 41861U 16069C   20338.01127562  .00000093  00000-0  00000-0 0  9994
2 41861  54.6794 157.1645 0001040 268.4120  91.5997  1.70473391 25185
1 41861U 16069C   20340.35760529  .00000093  00000-0  00000+0 0  9999
2 41861  54.6802 157.0994 0001043 266.9971  93.0089  1.70473320 25227
1 41861U 16069C   20340.35760529  .00000093  00000-0  00000-0 0  9990
2 41861  54.6802 157.0994 0001043 266.9971  93.0089  1.70473320 25227
1 41861U 16069C   20340.94419009  .00000094  00000-0  00000-0 0  9990
2 41861  54.6803 157.0831 0001048 266.5539  93.4523  1.70473309 25234
1 41861U 16069C   20341.53077638  .00000096  00000-0  00000-0 0  9996
2 41861  54.6804 157.0668 0001047 266.5708  93.4363  1.70473304 25248
1 41861U 16069C   20342.70394708  .00000099  00000-0  00000+0 0  9998
2 41861  54.6810 157.0342 0001069 263.9568  96.0526  1.70473345 25260
1 41861U 16069C   20342.70394708  .00000099  00000-0  00000-0 0  9999
2 41861  54.6810 157.0342 0001069 263.9568  96.0526  1.70473345 25260
1 41861U 16069C   20344.46370591  .00000102  00000-0  00000-0 0  9993
2 41861  54.6816 156.9853 0001078 263.2691  96.7420  1.70473277 25298
1 41861U 16069C   20346.22344905  .00000095  00000-0  00000+0 0  9999
2 41861  54.6820 156.9364 0001087 262.4137  97.5919  1.70473319 25329
1 41861U 16069C   20346.22344905  .00000095  00000-0  00000-0 0  9990
2 41861  54.6820 156.9364 0001087 262.4137  97.5919  1.70473319 25329
1 41861U 16069C   20349.15633103  .00000066  00000-0  00000+0 0  9993
2 41861  54.6831 156.8550 0001094 261.1376  98.8437  1.70473371 25378
1 41861U 16069C   20349.15633170  .00000066  00000-0  00000-0 0  9998
2 41861  54.6825 156.8550 0001097 260.6381  99.3431  1.70473353 25374
1 41861U 16069C   20352.67580660  .00000051  00000-0  00000+0 0  9997
2 41861  54.6831 156.7572 0001116 260.0038  99.9590  1.70473465 25432
1 41861U 16069C   20352.67580660  .00000051  00000-0  00000-0 0  9998
2 41861  54.6831 156.7572 0001116 260.0038  99.9590  1.70473465 25432
1 41861U 16069C   20354.43556326  .00000059  00000-0  00000-0 0  9994
2 41861  54.6838 156.7084 0001167 259.0109 100.9539  1.70473504 25463
1 41861U 16069C   20355.60873787  .00000065  00000-0  00000+0 0  9993
2 41861  54.6841 156.6758 0001182 258.4551 101.5132  1.70473540 25483
1 41861U 16069C   20355.60873787  .00000065  00000-0  00000-0 0  9994
2 41861  54.6841 156.6758 0001182 258.4551 101.5132  1.70473540 25483
1 41861U 16069C   20356.78191167  .00000071  00000-0  00000-0 0  9996
2 41861  54.6844 156.6432 0001200 258.1917 101.7799  1.70473548 25501
1 41861U 16069C   20357.95508360  .00000074  00000-0  00000+0 0  9995
2 41861  54.6847 156.6107 0001219 257.6357 102.3378  1.70473547 25526
1 41861U 16069C   20357.95508360  .00000074  00000-0  00000-0 0  9996
2 41861  54.6847 156.6107 0001219 257.6357 102.3378  1.70473547 25526
1 41861U 16069C   20358.54166773  .00000075  00000-0  00000-0 0  9991
2 41861  54.6848 156.5944 0001223 257.7778 102.1958  1.70473548 25532
1 41861U 16069C   20361.47457086  .00000074  00000-0  00000+0 0  9995
2 41861  54.6855 156.5130 0001289 257.7708 102.1941  1.70473613 25582
1 41861U 16069C   20361.47457086  .00000074  00000-0  00000-0 0  9996
2 41861  54.6855 156.5130 0001289 257.7708 102.1941  1.70473613 25582
1 41861U 16069C   20363.23430766  .00000071  00000-0  00000-0 0  9995
2 41861  54.6859 156.4643 0001323 258.0005 101.9544  1.70473561 25619
1 41861U 16069C   20363.82088663  .00000070  00000-0  00000+0 0  9993
2 41861  54.6861 156.4480 0001331 258.0241 101.9274  1.70473543 25623
1 41861U 16069C   20363.82088666  .00000070  00000-0  00000-0 0  9997
2 41861  54.6860 156.4480 0001346 257.8766 102.0747  1.70473526 25625
1 41861U 16069C   20365.58062563  .00000066  00000-0  00000-0 0  9995
2 41861  54.6864 156.3993 0001374 257.7062 102.2371  1.70473502 25658
1 41861U 16069C   20365.58062666  .00000066  00000-0  00000-0 0  9999
2 41861  54.6864 156.3992 0001363 257.7724 102.1711  1.70473490 25653

