1 41860U 16069B   20091.27980656  .00000022  00000-0  00000+0 0  9999
2 41860  54.6343 164.0112 0003771 310.8627  49.1707  1.70473865 20973
1 41860U 16069B   20093.03955079  .00000019  00000-0  00000-0 0  9993
2 41860  54.6346 163.9621 0003813 310.5703  49.4594  1.70473768 21002
1 41860U 16069B   20094.21271853  .00000019  00000-0  00000+0 0  9994
2 41860  54.6347 163.9294 0003828 310.4685  49.5622  1.70473749 21027
1 41860U 16069B   20095.38588823  .00000021  00000-0  00000-0 0  9995
2 41860  54.6345 163.8967 0003868 310.2282  49.8063  1.70473794 21040
1 41860U 16069B   20095.97247916  .00000023  00000-0  00000-0 0  9997
2 41860  54.6345 163.8805 0003894 310.0740  49.9633  1.70473676 21051
1 41860U 16069B   20098.31883062  .00000031  00000-0  00000+0 0  9994
2 41860  54.6349 163.8153 0003957 309.6458  50.4037  1.70473692 21098
1 41860U 16069B   20098.90541273  .00000031  00000-0  00000-0 0  9995
2 41860  54.6349 163.7990 0003997 309.3274  50.7236  1.70473788 21105
1 41860U 16069B   20100.07858234  .00000028  00000-0  00000-0 0  9991
2 41860  54.6351 163.7664 0004035 309.1032  50.9487  1.70473733 21122
1 41860U 16069B   20102.42490271  .00000012  00000-0  00000+0 0  9997
2 41860  54.6353 163.7011 0004081 308.7775  51.2662  1.70473713 21161
1 41860U 16069B   20105.35779393 -.00000001  00000-0  00000+0 0  9996
2 41860  54.6359 163.6196 0004159 308.0872  51.9436  1.70473837 21216
1 41860U 16069B   20105.94437596  .00000000  00000-0  00000-0 0  9996
2 41860  54.6360 163.6033 0004158 308.0318  51.9985  1.70473846 21222
1 41860U 16069B   20108.29071795  .00000015  00000-0  00000+0 0  9997
2 41860  54.6366 163.5380 0004243 307.5257  52.5093  1.70473835 21262
1 41860U 16069B   20108.29071838  .00000015  00000-0  00000-0 0  9996
2 41860  54.6366 163.5380 0004252 307.4536  52.5813  1.70473829 21264
1 41860U 16069B   20110.63706992  .00000035  00000-0  00000+0 0  9994
2 41860  54.6369 163.4729 0004293 307.2888  52.7588  1.70473872 21300
1 41860U 16069B   20112.39683182  .00000048  00000-0  00000-0 0  9999
2 41860  54.6372 163.4241 0004347 307.0898  52.9658  1.70473870 21333
1 41860U 16069B   20114.15658595  .00000058  00000-0  00000+0 0  9995
2 41860  54.6377 163.3752 0004391 306.9050  53.1538  1.70473845 21366
1 41860U 16069B   20114.15658658  .00000058  00000-0  00000-0 0  9996
2 41860  54.6376 163.3752 0004387 306.9389  53.1200  1.70473831 21366
1 41860U 16069B   20114.74316898  .00000060  00000-0  00000-0 0  9991
2 41860  54.6378 163.3590 0004421 306.8705  53.1879  1.70473803 21370
1 41860U 16069B   20118.26264486  .00000063  00000-0  00000-0 0  9990
2 41860  54.6387 163.2614 0004496 306.8460  53.1987  1.70473729 21430
1 41860U 16069B   20118.26264524  .00000063  00000-0  00000+0 0  9992
2 41860  54.6386 163.2614 0004489 306.8054  53.2394  1.70473733 21438
1 41860U 16069B   20120.02238271  .00000060  00000-0  00000-0 0  9997
2 41860  54.6390 163.2125 0004513 306.8091  53.2281  1.70473681 21469
1 41860U 16069B   20120.02238301  .00000060  00000-0  00000-0 0  9991
2 41860  54.6390 163.2125 0004525 306.8172  53.2199  1.70473653 21469
1 41860U 16069B   20122.95529937  .00000063  00000-0  00000+0 0  9995
2 41860  54.6397 163.1309 0004575 306.7214  53.3156  1.70473624 21518
1 41860U 16069B   20125.88823169  .00000072  00000-0  00000-0 0  9995
2 41860  54.6404 163.0494 0004643 306.4722  53.5733  1.70473570 21566
1 41860U 16069B   20125.88823236  .00000072  00000-0  00000+0 0  9999
2 41860  54.6404 163.0494 0004644 306.5139  53.5317  1.70473556 21562
1 41860U 16069B   20127.06139829  .00000070  00000-0  00000-0 0  9998
2 41860  54.6407 163.0168 0004669 306.4458  53.5993  1.70473562 21582
1 41860U 16069B   20127.06139921  .00000070  00000-0  00000-0 0  9991
2 41860  54.6406 163.0168 0004658 306.4683  53.5769  1.70473546 21582
1 41860U 16069B   20129.40771374  .00000055  00000-0  00000+0 0  9997
2 41860  54.6411 162.9516 0004697 306.3794  53.6540  1.70473585 21624
1 41860U 16069B   20132.34059995  .00000037  00000-0  00000+0 0  9992
2 41860  54.6418 162.8701 0004733 306.2229  53.7906  1.70473615 21675
1 41860U 16069B   20132.92717906  .00000037  00000-0  00000-0 0  9990
2 41860  54.6420 162.8539 0004760 306.0622  53.9487  1.70473649 21686
1 41860U 16069B   20132.92718018  .00000037  00000-0  00000-0 0  9995
2 41860  54.6419 162.8539 0004753 306.1384  53.8727  1.70473613 21689
1 41860U 16069B   20133.51376090  .00000038  00000-0  00000-0 0  9992
2 41860  54.6421 162.8376 0004768 306.0249  53.9846  1.70473645 21695
1 41860U 16069B   20135.27351211  .00000048  00000-0  00000+0 0  9995
2 41860  54.6426 162.7886 0004792 305.9617  54.0483  1.70473679 21729
1 41860U 16069B   20135.27351244  .00000048  00000-0  00000-0 0  9992
2 41860  54.6426 162.7886 0004797 305.9473  54.0626  1.70473685 21720
1 41860U 16069B   20137.61985914  .00000067  00000-0  00000-0 0  9990
2 41860  54.6432 162.7235 0004811 305.9927  54.0251  1.70473735 21760
1 41860U 16069B   20137.61986002  .00000067  00000-0  00000-0 0  9999
2 41860  54.6432 162.7235 0004810 305.9694  54.0484  1.70473697 21765
1 41860U 16069B   20138.20644665  .00000071  00000-0  00000-0 0  9996
2 41860  54.6433 162.7072 0004836 306.0430  53.9768  1.70473714 21777
1 41860U 16069B   20139.96620513  .00000082  00000-0  00000+0 0  9997
2 41860  54.6437 162.6583 0004841 306.0445  53.9798  1.70473691 21800
1 41860U 16069B   20141.13937299  .00000087  00000-0  00000-0 0  9997
2 41860  54.6439 162.6258 0004862 306.0993  53.9249  1.70473655 21825
1 41860U 16069B   20141.13937339  .00000087  00000-0  00000-0 0  9992
2 41860  54.6439 162.6258 0004855 306.0682  53.9561  1.70473651 21825
1 41860U 16069B   20142.31253629  .00000091  00000-0  00000+0 0  9990
2 41860  54.6442 162.5933 0004874 306.1180  53.9036  1.70473631 21840
1 41860U 16069B   20144.07227465  .00000092  00000-0  00000-0 0  9996
2 41860  54.6446 162.5445 0004910 306.3218  53.6910  1.70473535 21871
1 41860U 16069B   20148.17832567  .00000084  00000-0  00000+0 0  9996
2 41860  54.6457 162.4305 0004931 306.7130  53.2770  1.70473429 21947
1 41860U 16069B   20149.35149241  .00000084  00000-0  00000-0 0  9998
2 41860  54.6460 162.3979 0004942 306.7640  53.2245  1.70473374 21963
1 41860U 16069B   20151.69783581  .00000090  00000-0  00000+0 0  9995
2 41860  54.6466 162.3328 0004964 306.8759  53.1165  1.70473344 22006
1 41860U 16069B   20154.04417613  .00000090  00000-0  00000+0 0  9997
2 41860  54.6471 162.2677 0004976 307.0414  52.9523  1.70473316 22040
1 41860U 16069B   20156.97707128  .00000067  00000-0  00000+0 0  9998
2 41860  54.6477 162.1862 0004981 307.3487  52.6279  1.70473322 22097
1 41860U 16069B   20158.73680136  .00000052  00000-0  00000-0 0  9998
2 41860  54.6482 162.1374 0004981 307.4592  52.5030  1.70473364 22123
1 41860U 16069B   20161.08312140  .00000048  00000-0  00000+0 0  9991
2 41860  54.6488 162.0723 0004987 307.4908  52.4605  1.70473425 22162
1 41860U 16069B   20161.66970526  .00000050  00000-0  00000-0 0  9997
2 41860  54.6489 162.0560 0004986 307.5166  52.4342  1.70473423 22175
1 41860U 16069B   20162.84287632  .00000056  00000-0  00000-0 0  9993
2 41860  54.6491 162.0235 0004989 307.6072  52.3448  1.70473446 22190
1 41860U 16069B   20164.01605166  .00000064  00000-0  00000+0 0  9998
2 41860  54.6498 161.9910 0004989 307.6996  52.2557  1.70473440 22217
1 41860U 16069B   20166.36240266  .00000078  00000-0  00000+0 0  9999
2 41860  54.6503 161.9259 0004978 308.0033  51.9596  1.70473432 22259
1 41860U 16069B   20166.94898829  .00000080  00000-0  00000-0 0  9991
2 41860  54.6503 161.9096 0004980 307.9675  51.9964  1.70473442 22262
1 41860U 16069B   20168.70874262  .00000086  00000-0  00000+0 0  9997
2 41860  54.6506 161.8608 0004990 308.1202  51.8434  1.70473379 22296
1 41860U 16069B   20169.29532437  .00000087  00000-0  00000-0 0  9999
2 41860  54.6507 161.8446 0004991 308.1949  51.7673  1.70473382 22306
1 41860U 16069B   20169.88190718  .00000087  00000-0  00000-0 0  9996
2 41860  54.6508 161.8283 0004983 308.3375  51.6229  1.70473332 22314
1 41860U 16069B   20171.64164585  .00000085  00000-0  00000+0 0  9993
2 41860  54.6502 161.7795 0004984 308.6626  51.2887  1.70473305 22347
1 41860U 16069B   20173.40138398  .00000080  00000-0  00000-0 0  9998
2 41860  54.6506 161.7308 0004965 309.2511  50.6894  1.70473210 22379
1 41860U 16069B   20175.74770977  .00000073  00000-0  00000+0 0  9993
2 41860  54.6512 161.6657 0004942 309.7701  50.1616  1.70473141 22418
1 41860U 16069B   20176.33429434  .00000072  00000-0  00000-0 0  9998
2 41860  54.6514 161.6494 0004939 309.7883  50.1429  1.70473133 22420
1 41860U 16069B   20178.09405415  .00000073  00000-0  00000+0 0  9996
2 41860  54.6521 161.6006 0004929 310.0303  49.9038  1.70473116 22454
1 41860U 16069B   20178.68064309  .00000074  00000-0  00000-0 0  9996
2 41860  54.6522 161.5843 0004927 310.0937  49.8422  1.70473085 22466
1 41860U 16069B   20179.26723151  .00000075  00000-0  00000-0 0  9999
2 41860  54.6523 161.5680 0004924 310.1946  49.7431  1.70473072 22470
1 41860U 16069B   20181.02699270  .00000073  00000-0  00000+0 0  9997
2 41860  54.6526 161.5192 0004908 310.4810  49.4595  1.70473041 22504
1 41860U 16069B   20182.20015807  .00000067  00000-0  00000-0 0  9990
2 41860  54.6528 161.4866 0004892 310.7319  49.2063  1.70473088 22523
1 41860U 16069B   20182.78673904  .00000062  00000-0  00000-0 0  9996
2 41860  54.6529 161.4704 0004889 310.8159  49.1197  1.70473091 22536
1 41860U 16069B   20183.37332082  .00000056  00000-0  00000+0 0  9993
2 41860  54.6529 161.4541 0004875 310.9048  49.0274  1.70473044 22542
1 41860U 16069B   20183.37332082  .00000056  00000-0  00000-0 0  9994
2 41860  54.6529 161.4541 0004875 310.9048  49.0274  1.70473044 22542
1 41860U 16069B   20185.71963484  .00000031  00000-0  00000+0 0  9992
2 41860  54.6533 161.3890 0004838 311.3315  48.5841  1.70473091 22584
1 41860U 16069B   20186.30621393  .00000027  00000-0  00000-0 0  9994
2 41860  54.6534 161.3727 0004839 311.3388  48.5732  1.70473103 22599
1 41860U 16069B   20188.06596107  .00000021  00000-0  00000+0 0  9996
2 41860  54.6537 161.3239 0004815 311.6302  48.2757  1.70473131 22622
1 41860U 16069B   20189.23913343  .00000024  00000-0  00000-0 0  9995
2 41860  54.6539 161.2913 0004810 311.7064  48.1998  1.70473115 22643
1 41860U 16069B   20189.82572170  .00000026  00000-0  00000-0 0  9991
2 41860  54.6540 161.2750 0004805 311.8072  48.1005  1.70473118 22651
1 41860U 16069B   20190.41231006  .00000030  00000-0  00000+0 0  9992
2 41860  54.6541 161.2588 0004790 312.0394  47.8705  1.70473152 22666
1 41860U 16069B   20190.99890023  .00000033  00000-0  00000-0 0  9999
2 41860  54.6542 161.2426 0004782 312.1823  47.7302  1.70473147 22674
1 41860U 16069B   20193.34526032  .00000045  00000-0  00000+0 0  9999
2 41860  54.6546 161.1775 0004740 312.7999  47.1240  1.70473176 22710
1 41860U 16069B   20194.51843688  .00000049  00000-0  00000-0 0  9993
2 41860  54.6546 161.1449 0004723 313.0486  46.8795  1.70473195 22738
1 41860U 16069B   20195.69161265  .00000051  00000-0  00000+0 0  9999
2 41860  54.6548 161.1124 0004710 313.3132  46.6167  1.70473124 22752
1 41860U 16069B   20198.03794870  .00000051  00000-0  00000-0 0  9995
2 41860  54.6551 161.0473 0004688 313.8708  46.0554  1.70473067 22794
1 41860U 16069B   20198.62453044  .00000050  00000-0  00000+0 0  9993
2 41860  54.6551 161.0310 0004684 313.9452  45.9788  1.70473061 22800
1 41860U 16069B   20200.38427539  .00000044  00000-0  00000-0 0  9994
2 41860  54.6554 160.9822 0004651 314.6673  45.2495  1.70473019 22830
1 41860U 16069B   20200.97085834  .00000042  00000-0  00000+0 0  9994
2 41860  54.6554 160.9660 0004639 314.8691  45.0456  1.70472991 22842
1 41860U 16069B   20202.14402699  .00000038  00000-0  00000-0 0  9993
2 41860  54.6554 160.9335 0004611 315.3176  44.5944  1.70472915 22869
1 41860U 16069B   20203.90378656  .00000034  00000-0  00000+0 0  9998
2 41860  54.6557 160.8846 0004586 315.6703  44.2428  1.70472877 22892
1 41860U 16069B   20205.07696475  .00000035  00000-0  00000-0 0  9992
2 41860  54.6558 160.8521 0004566 316.0460  43.8718  1.70472877 22916
1 41860U 16069B   20208.00991745  .00000036  00000-0  00000+0 0  9996
2 41860  54.6560 160.7706 0004522 316.6342  43.2970  1.70472838 22966
1 41860U 16069B   20210.94284272  .00000014  00000-0  00000-0 0  9999
2 41860  54.6563 160.6892 0004456 317.5932  42.3345  1.70472832 23012
1 41860U 16069B   20212.11600649  .00000001  00000-0  00000-0 0  9996
2 41860  54.6562 160.6568 0004427 317.9927  41.9291  1.70472825 23036
1 41860U 16069B   20212.70258803 -.00000005  00000-0  00000-0 0  9997
2 41860  54.6562 160.6405 0004412 317.9296  41.9891  1.70472805 23044
1 41860U 16069B   20213.28916623 -.00000010  00000-0  00000+0 0  9997
2 41860  54.6563 160.6241 0004392 318.0634  41.8528  1.70472926 23059
1 41860U 16069B   20216.22209611 -.00000017  00000-0  00000+0 0  9993
2 41860  54.6566 160.5428 0004338 318.7394  41.1753  1.70472941 23104
1 41860U 16069B   20216.22209611 -.00000017  00000-0  00000-0 0  9994
2 41860  54.6566 160.5428 0004338 318.7394  41.1753  1.70472941 23104
1 41860U 16069B   20216.80868788 -.00000015  00000-0  00000-0 0  9992
2 41860  54.6568 160.5265 0004309 319.0654  40.8520  1.70472918 23119
1 41860U 16069B   20217.98187263 -.00000009  00000-0  00000-0 0  9997
2 41860  54.6575 160.4940 0004279 319.5653  40.3590  1.70472915 23137
1 41860U 16069B   20219.15506043 -.00000002  00000-0  00000+0 0  9991
2 41860  54.6576 160.4614 0004248 320.0487  39.8841  1.70472883 23152
1 41860U 16069B   20219.15506043 -.00000002  00000-0  00000-0 0  9992
2 41860  54.6576 160.4614 0004248 320.0487  39.8841  1.70472883 23152
1 41860U 16069B   20222.08801675  .00000010  00000-0  00000+0 0  9994
2 41860  54.6576 160.3801 0004185 320.9536  38.9975  1.70473007 23206
1 41860U 16069B   20223.26119625  .00000012  00000-0  00000-0 0  9995
2 41860  54.6577 160.3476 0004163 321.4013  38.5536  1.70472969 23224
1 41860U 16069B   20226.19412794  .00000012  00000-0  00000+0 0  9992
2 41860  54.6578 160.2662 0004095 322.7096  37.2449  1.70472862 23276
1 41860U 16069B   20226.78071190  .00000010  00000-0  00000-0 0  9997
2 41860  54.6579 160.2499 0004082 322.8535  37.0997  1.70472857 23281
1 41860U 16069B   20227.95388044  .00000007  00000-0  00000-0 0  9992
2 41860  54.6580 160.2174 0004052 323.4743  36.4769  1.70472847 23300
1 41860U 16069B   20229.12705237  .00000004  00000-0  00000+0 0  9996
2 41860  54.6581 160.1848 0004020 324.0237  35.9268  1.70472806 23323
1 41860U 16069B   20230.88681665  .00000001  00000-0  00000-0 0  9997
2 41860  54.6583 160.1360 0003983 324.7202  35.2342  1.70472799 23350
1 41860U 16069B   20231.47341125  .00000001  00000-0  00000+0 0  9996
2 41860  54.6583 160.1197 0003968 325.1872  34.7701  1.70472698 23361
1 41860U 16069B   20232.06000335  .00000002  00000-0  00000-0 0  9999
2 41860  54.6584 160.1034 0003955 325.4130  34.5478  1.70472690 23370
1 41860U 16069B   20234.99296658  .00000007  00000-0  00000+0 0  9992
2 41860  54.6585 160.0219 0003890 326.6437  33.3371  1.70472717 23421
1 41860U 16069B   20236.16614689  .00000004  00000-0  00000-0 0  9999
2 41860  54.6586 159.9893 0003859 327.1835  32.8018  1.70472718 23445
1 41860U 16069B   20237.33932268 -.00000004  00000-0  00000+0 0  9995
2 41860  54.6587 159.9567 0003827 327.7591  32.2268  1.70472674 23468
1 41860U 16069B   20239.09907351 -.00000021  00000-0  00000-0 0  9995
2 41860  54.6588 159.9078 0003779 328.6901  31.2912  1.70472728 23495
1 41860U 16069B   20239.68565684 -.00000027  00000-0  00000+0 0  9994
2 41860  54.6588 159.8915 0003767 328.8084  31.1707  1.70472719 23508
1 41860U 16069B   20239.68565684 -.00000027  00000-0  00000-0 0  9995
2 41860  54.6588 159.8915 0003767 328.8084  31.1707  1.70472719 23508
1 41860U 16069B   20242.03199575 -.00000041  00000-0  00000+0 0  9995
2 41860  54.6590 159.8264 0003708 329.6789  30.2961  1.70472784 23542
1 41860U 16069B   20243.20517461 -.00000040  00000-0  00000-0 0  9993
2 41860  54.6591 159.7938 0003683 330.0988  29.8791  1.70472781 23563
1 41860U 16069B   20246.13813821 -.00000022  00000-0  00000+0 0  9996
2 41860  54.6595 159.7124 0003620 331.4306  28.5676  1.70472889 23617
1 41860U 16069B   20246.72473273 -.00000018  00000-0  00000-0 0  9990
2 41860  54.6596 159.6961 0003604 331.7074  28.2959  1.70472895 23622
1 41860U 16069B   20253.17722733  .00000002  00000-0  00000+0 0  9996
2 41860  54.6604 159.5170 0003460 335.0939  24.9357  1.70472814 23738
1 41860U 16069B   20253.76381194  .00000002  00000-0  00000-0 0  9994
2 41860  54.6604 159.5007 0003469 335.1845  24.8442  1.70472813 23747
1 41860U 16069B   20254.35039685  .00000002  00000-0  00000-0 0  9995
2 41860  54.6605 159.4844 0003455 335.6575  24.3706  1.70472813 23755
1 41860U 16069B   20256.11015369 -.00000001  00000-0  00000+0 0  9993
2 41860  54.6608 159.4355 0003416 336.7200  23.3071  1.70472797 23787
1 41860U 16069B   20256.69674083 -.00000001  00000-0  00000-0 0  9991
2 41860  54.6608 159.4192 0003402 337.0659  22.9617  1.70472790 23798
1 41860U 16069B   20260.21628865  .00000005  00000-0  00000+0 0  9993
2 41860  54.6613 159.3215 0003331 338.9002  21.1451  1.70472725 23854
1 41860U 16069B   20260.80288220  .00000008  00000-0  00000-0 0  9999
2 41860  54.6613 159.3052 0003320 339.1887  20.8610  1.70472724 23868
1 41860U 16069B   20266.66876123 -.00000012  00000-0  00000+0 0  9999
2 41860  54.6619 159.1421 0003181 342.9302  17.1283  1.70472755 23961
1 41860U 16069B   20266.66876152 -.00000012  00000-0  00000-0 0  9992
2 41860  54.6619 159.1421 0003186 342.8732  17.1853  1.70472742 23961
1 41860U 16069B   20269.01509643 -.00000025  00000-0  00000-0 0  9996
2 41860  54.6623 159.0769 0003130 344.2780  15.7741  1.70472805 24004
1 41860U 16069B   20270.18827001 -.00000024  00000-0  00000-0 0  9996
2 41860  54.6624 159.0443 0003107 344.8479  15.2055  1.70472871 24027
1 41860U 16069B   20271.36145181 -.00000018  00000-0  00000-0 0  9992
2 41860  54.6626 159.0117 0003088 345.4500  14.6083  1.70472866 24047
1 41860U 16069B   20273.12122924 -.00000004  00000-0  00000-0 0  9993
2 41860  54.6629 158.9628 0003057 346.5243  13.5460  1.70472936 24075
1 41860U 16069B   20274.29441614  .00000005  00000-0  00000+0 0  9991
2 41860  54.6630 158.9303 0003029 347.4230  12.6564  1.70472964 24090
1 41860U 16069B   20274.29441614  .00000005  00000-0  00000-0 0  9992
2 41860  54.6630 158.9303 0003029 347.4230  12.6564  1.70472964 24090
1 41860U 16069B   20276.05419438  .00000016  00000-0  00000-0 0  9999
2 41860  54.6633 158.8814 0002976 349.3088  10.7826  1.70472967 24128
1 41860U 16069B   20277.81396042  .00000024  00000-0  00000+0 0  9997
2 41860  54.6637 158.8325 0002965 349.4369  10.6601  1.70472996 24155
1 41860U 16069B   20277.81396042  .00000024  00000-0  00000-0 0  9998
2 41860  54.6637 158.8325 0002965 349.4369  10.6601  1.70472996 24155
1 41860U 16069B   20277.81396186  .00000024  00000-0  00000-0 0  9997
2 41860  54.6633 158.8326 0002981 349.1614  10.9354  1.70472948 24155
1 41860U 16069B   20278.98713338  .00000028  00000-0  00000-0 0  9992
2 41860  54.6639 158.8000 0002963 349.8629  10.2347  1.70472996 24173
1 41860U 16069B   20280.74688804  .00000031  00000-0  00000+0 0  9991
2 41860  54.6637 158.7512 0002949 350.8793   9.2155  1.70472944 24208
1 41860U 16069B   20281.33347108  .00000031  00000-0  00000-0 0  9997
2 41860  54.6639 158.7349 0002940 351.3448   8.7486  1.70472952 24213
1 41860U 16069B   20281.92005548  .00000031  00000-0  00000-0 0  9991
2 41860  54.6639 158.7186 0002933 351.7767   8.3152  1.70472918 24221
1 41860U 16069B   20282.50664175  .00000031  00000-0  00000-0 0  9993
2 41860  54.6640 158.7023 0002923 352.2055   7.8850  1.70472838 24239
1 41860U 16069B   20283.67980783  .00000032  00000-0  00000-0 0  9999
2 41860  54.6648 158.6697 0002906 353.0759   7.0131  1.70472912 24253
1 41860U 16069B   20285.43956689  .00000034  00000-0  00000-0 0  9995
2 41860  54.6653 158.6208 0002880 354.1939   5.8972  1.70472949 24282
1 41860U 16069B   20286.02615893  .00000036  00000-0  00000+0 0  9991
2 41860  54.6656 158.6045 0002871 354.5236   5.5695  1.70472865 24295
1 41860U 16069B   20286.02615893  .00000036  00000-0  00000-0 0  9992
2 41860  54.6656 158.6045 0002871 354.5236   5.5695  1.70472865 24295
1 41860U 16069B   20288.37252346  .00000047  00000-0  00000+0 0  9993
2 41860  54.6661 158.5393 0002845 355.6197   4.4857  1.70472840 24331
1 41860U 16069B   20288.95911431  .00000049  00000-0  00000-0 0  9997
2 41860  54.6652 158.5230 0002826 356.2960   3.8127  1.70472848 24347
1 41860U 16069B   20290.71887892  .00000051  00000-0  00000+0 0  9999
2 41860  54.6654 158.4741 0002802 357.3605   2.7529  1.70472880 24370
1 41860U 16069B   20291.89204824  .00000046  00000-0  00000-0 0  9992
2 41860  54.6657 158.4414 0002783 358.1318   1.9798  1.70472880 24399
1 41860U 16069B   20293.06521157  .00000038  00000-0  00000-0 0  9995
2 41860  54.6654 158.4088 0002761 359.0165   1.0898  1.70472890 24415
1 41860U 16069B   20293.65179038  .00000033  00000-0  00000-0 0  9992
2 41860  54.6655 158.3925 0002749 359.4365   0.6664  1.70472940 24420
1 41860U 16069B   20294.82495102  .00000024  00000-0  00000-0 0  9995
2 41860  54.6658 158.3599 0002737   0.0330   0.0626  1.70472938 24449
1 41860U 16069B   20295.99811300  .00000019  00000-0  00000+0 0  9999
2 41860  54.6657 158.3272 0002716   0.6985 359.3916  1.70472979 24464
1 41860U 16069B   20297.75786620  .00000021  00000-0  00000-0 0  9995
2 41860  54.6661 158.2783 0002695   1.5330 358.5547  1.70473039 24497
1 41860U 16069B   20298.34445440  .00000024  00000-0  00000+0 0  9995
2 41860  54.6663 158.2620 0002686   1.7756 358.3131  1.70473033 24506
1 41860U 16069B   20298.93104274  .00000028  00000-0  00000-0 0  9992
2 41860  54.6664 158.2457 0002680   2.0718 358.0188  1.70473059 24519
1 41860U 16069B   20300.69081197  .00000042  00000-0  00000+0 0  9992
2 41860  54.6667 158.1968 0002661   3.0765 357.0224  1.70473140 24544
1 41860U 16069B   20305.38351751  .00000069  00000-0  00000+0 0  9998
2 41860  54.6676 158.0665 0002611   5.6370 354.4747  1.70473159 24622
1 41860U 16069B   20305.97010040  .00000071  00000-0  00000-0 0  9990
2 41860  54.6677 158.0503 0002606   5.9204 354.1902  1.70473178 24639
1 41860U 16069B   20307.14326430  .00000074  00000-0  00000-0 0  9997
2 41860  54.6680 158.0177 0002599   6.4793 353.6273  1.70473184 24654
1 41860U 16069B   20307.72984591  .00000074  00000-0  00000-0 0  9999
2 41860  54.6682 158.0014 0002603   6.7848 353.3192  1.70473165 24663
1 41860U 16069B   20308.31642737  .00000075  00000-0  00000-0 0  9999
2 41860  54.6680 157.9851 0002604   7.1795 352.9217  1.70473138 24679
1 41860U 16069B   20308.90300773  .00000075  00000-0  00000-0 0  9995
2 41860  54.6681 157.9688 0002601   7.3960 352.7022  1.70473131 24687
1 41860U 16069B   20315.35543799  .00000088  00000+0  00000+0 0  9991
2 41860  54.6705 157.7897 0002548   9.9155 350.1775  1.70473055 24792
1 41860U 16069B   20316.52861242  .00000092  00000+0  00000+0 0  9992
2 41860  54.6712 157.7571 0002549   9.6967 350.3991  1.70473066 24815
1 41860U 16069B   20318.28836614  .00000092  00000-0  00000-0 0  9994
2 41860  54.6713 157.7081 0002533  10.1260 349.9688  1.70473085 24849
1 41860U 16069B   20320.04810629  .00000081  00000-0  00000-0 0  9997
2 41860  54.6716 157.6591 0002508  10.9486 349.1364  1.70473095 24874
1 41860U 16069B   20321.22126103  .00000070  00000-0  00000+0 0  9992
2 41860  54.6719 157.6265 0002496  11.1276 348.9475  1.70473100 24890
1 41860U 16069B   20323.56757256  .00000055  00000-0  00000+0 0  9993
2 41860  54.6730 157.5613 0002460  11.9099 348.1476  1.70473158 24932
1 41860U 16069B   20323.56757256  .00000055  00000-0  00000-0 0  9994
2 41860  54.6730 157.5613 0002460  11.9099 348.1476  1.70473158 24932
1 41860U 16069B   20325.32731941  .00000057  00000-0  00000-0 0  9995
2 41860  54.6735 157.5124 0002442  12.0888 347.9635  1.70473210 24968
1 41860U 16069B   20327.08707813  .00000067  00000-0  00000+0 0  9991
2 41860  54.6741 157.4635 0002416  12.4933 347.5613  1.70473287 24996
1 41860U 16069B   20327.67366584  .00000072  00000-0  00000-0 0  9999
2 41860  54.6743 157.4473 0002417  12.6523 347.4041  1.70473293 25000
1 41860U 16069B   20328.84684248  .00000080  00000-0  00000-0 0  9998
2 41860  54.6746 157.4147 0002400  13.1038 346.9562  1.70473310 25024
1 41860U 16069B   20330.02001547  .00000086  00000-0  00000+0 0  9991
2 41860  54.6750 157.3822 0002390  13.4585 346.6042  1.70473352 25044
1 41860U 16069B   20330.60660156  .00000089  00000-0  00000-0 0  9996
2 41860  54.6751 157.3659 0002385  13.5169 346.5465  1.70473347 25059
1 41860U 16069B   20334.71267372  .00000096  00000-0  00000+0 0  9992
2 41860  54.6763 157.2520 0002356  13.6331 346.4173  1.70473342 25126
1 41860U 16069B   20334.71267372  .00000096  00000-0  00000-0 0  9993
2 41860  54.6763 157.2520 0002356  13.6331 346.4173  1.70473342 25126
1 41860U 16069B   20337.64556744  .00000093  00000-0  00000+0 0  9998
2 41860  54.6770 157.1706 0002336  14.1448 345.8871  1.70473303 25172
1 41860U 16069B   20337.64556744  .00000093  00000-0  00000-0 0  9999
2 41860  54.6770 157.1706 0002336  14.1448 345.8871  1.70473303 25172
1 41860U 16069B   20339.99189492  .00000093  00000-0  00000+0 0  9990
2 41860  54.6777 157.1054 0002301  14.4053 345.6193  1.70473248 25210
1 41860U 16069B   20340.57847928  .00000093  00000-0  00000-0 0  9992
2 41860  54.6779 157.0891 0002319  14.3762 345.6483  1.70473252 25223
1 41860U 16069B   20342.92482401  .00000100  00000-0  00000+0 0  9992
2 41860  54.6786 157.0240 0002289  14.0560 345.9723  1.70473242 25261
1 41860U 16069B   20342.92482401  .00000100  00000-0  00000-0 0  9993
2 41860  54.6786 157.0240 0002289  14.0560 345.9723  1.70473242 25261
1 41860U 16069B   20345.27116338  .00000100  00000-0  00000+0 0  9996
2 41860  54.6791 156.9588 0002274  13.9544 346.0739  1.70473231 25306
1 41860U 16069B   20345.27116338  .00000100  00000-0  00000-0 0  9997
2 41860  54.6791 156.9588 0002274  13.9544 346.0739  1.70473231 25306
1 41860U 16069B   20347.61747896  .00000082  00000-0  00000+0 0  9994
2 41860  54.6797 156.8936 0002244  13.9540 346.0599  1.70473243 25342
1 41860U 16069B   20347.61747896  .00000082  00000-0  00000-0 0  9995
2 41860  54.6797 156.8936 0002244  13.9540 346.0599  1.70473243 25342
1 41860U 16069B   20349.37720614  .00000063  00000-0  00000-0 0  9998
2 41860  54.6801 156.8447 0002217  13.8379 346.1598  1.70473287 25375
1 41860U 16069B   20351.72351927  .00000051  00000-0  00000+0 0  9993
2 41860  54.6808 156.7795 0002174  12.9897 346.9928  1.70473378 25415
1 41860U 16069B   20351.72351927  .00000051  00000-0  00000-0 0  9994
2 41860  54.6808 156.7795 0002174  12.9897 346.9928  1.70473378 25415
1 41860U 16069B   20352.89668448  .00000052  00000-0  00000-0 0  9993
2 41860  54.6811 156.7469 0002158  12.5472 347.4335  1.70473433 25436
1 41860U 16069B   20355.82961850  .00000066  00000-0  00000+0 0  9996
2 41860  54.6818 156.6654 0002133  11.9727 348.0147  1.70473475 25486
1 41860U 16069B   20355.82961850  .00000066  00000-0  00000-0 0  9997
2 41860  54.6818 156.6654 0002133  11.9727 348.0147  1.70473475 25486
1 41860U 16069B   20357.00279090  .00000071  00000-0  00000-0 0  9993
2 41860  54.6821 156.6329 0002120  11.6921 348.2985  1.70473538 25503
1 41860U 16069B   20357.58937742  .00000073  00000-0  00000-0 0  9993
2 41860  54.6822 156.6166 0002119  11.7469 348.2447  1.70473529 25513
1 41860U 16069B   20359.34912878  .00000075  00000-0  00000-0 0  9994
2 41860  54.6824 156.5677 0002113  11.2815 348.7098  1.70473557 25546
1 41860U 16069B   20359.34913019  .00000075  00000-0  00000+0 0  9991
2 41860  54.6825 156.5677 0002105  11.1646 348.8266  1.70473517 25543
1 41860U 16069B   20359.93571157  .00000075  00000-0  00000-0 0  9990
2 41860  54.6825 156.5515 0002105  10.8995 349.0903  1.70473527 25550
1 41860U 16069B   20362.28203086  .00000073  00000-0  00000+0 0  9992
2 41860  54.6831 156.4864 0002101  10.0570 349.9223  1.70473512 25592
1 41860U 16069B   20362.28203086  .00000073  00000-0  00000-0 0  9993
2 41860  54.6831 156.4864 0002101  10.0570 349.9223  1.70473512 25592
1 41860U 16069B   20362.86860917  .00000072  00000-0  00000-0 0  9998
2 41860  54.6836 156.4702 0002094   9.5452 350.4304  1.70473501 25608
1 41860U 16069B   20364.04176613  .00000069  00000-0  00000-0 0  9999
2 41860  54.6839 156.4376 0002092   9.3004 350.6687  1.70473500 25624
1 41860U 16069B   20364.62834308  .00000068  00000-0  00000+0 0  9993
2 41860  54.6840 156.4214 0002084   9.0565 350.9096  1.70473563 25634
1 41860U 16069B   20364.62834308  .00000068  00000-0  00000-0 0  9994
2 41860  54.6840 156.4214 0002084   9.0565 350.9096  1.70473563 25634
1 41860U 16069B   20365.80150608  .00000065  00000-0  00000-0 0  9996
2 41860  54.6842 156.3888 0002095   9.1790 350.7829  1.70473493 25651
1 41860U 16069B   20366.97467427  .00000064  00000-0  00000+0 0  9993
2 41860  54.6845 156.3562 0002072   8.1907 351.7692  1.70473397 25671
1 41860U 16069B   20366.97467427  .00000064  00000-0  00000-0 0  9994
2 41860  54.6845 156.3562 0002072   8.1907 351.7692  1.70473397 25671

