1 41328U 16007A   20001.08437317  .00000075  00000-0  00000+0 0  9999
2 41328  54.8210 183.1166 0035205 216.9851 142.7820  2.00564455 28570
1 41328U 16007A   20002.08152913  .00000088  00000-0  00000+0 0  9990
2 41328  54.8211 183.0770 0035239 216.9972 142.7718  2.00564384 28591
1 41328U 16007A   20002.58010660  .00000094  00000-0  00000+0 0  9994
2 41328  54.8212 183.0572 0035241 217.0001 142.7702  2.00564378 28608
1 41328U 16007A   20002.58010660  .00000094  00000-0  00000-0 0  9995
2 41328  54.8212 183.0572 0035241 217.0001 142.7702  2.00564378 28608
1 41328U 16007A   20003.07868537  .00000099  00000-0  00000-0 0  9999
2 41328  54.8212 183.0374 0035274 216.9915 142.7798  2.00564305 28612
1 41328U 16007A   20004.07583997  .00000106  00000-0  00000+0 0  9992
2 41328  54.8213 182.9978 0035325 216.9958 142.7771  2.00564263 28631
1 41328U 16007A   20005.57156991  .00000110  00000-0  00000+0 0  9993
2 41328  54.8214 182.9384 0035364 217.0218 142.7516  2.00564208 28666
1 41328U 16007A   20006.56872071  .00000108  00000-0  00000+0 0  9994
2 41328  54.8214 182.8988 0035421 217.0500 142.7213  2.00564121 28683
1 41328U 16007A   20006.56872071  .00000108  00000-0  00000-0 0  9995
2 41328  54.8214 182.8988 0035421 217.0500 142.7213  2.00564121 28683
1 41328U 16007A   20007.56586936  .00000104  00000-0  00000+0 0  9993
2 41328  54.8215 182.8592 0035454 217.0714 142.6962  2.00564045 28706
1 41328U 16007A   20007.56586936  .00000104  00000-0  00000-0 0  9994
2 41328  54.8215 182.8592 0035454 217.0714 142.6962  2.00564045 28706
1 41328U 16007A   20010.05873280  .00000086  00000-0  00000+0 0  9991
2 41328  54.8217 182.7602 0035516 217.1102 142.6420  2.00563911 28755
1 41328U 16007A   20011.05587870  .00000079  00000-0  00000+0 0  9991
2 41328  54.8218 182.7206 0035561 217.1271 142.6183  2.00563805 28773
1 41328U 16007A   20012.05302537  .00000076  00000-0  00000+0 0  9994
2 41328  54.8219 182.6810 0035604 217.1468 142.5929  2.00563756 28794
1 41328U 16007A   20013.05017500  .00000075  00000-0  00000+0 0  9997
2 41328  54.8221 182.6414 0035646 217.1578 142.5782  2.00563700 28814
1 41328U 16007A   20014.54590649  .00000080  00000-0  00000+0 0  9998
2 41328  54.8222 182.5820 0035676 217.1895 142.5453  2.00563648 28849
1 41328U 16007A   20016.54022239  .00000090  00000-0  00000-0 0  9997
2 41328  54.8223 182.5028 0035766 217.2455 142.4918  2.00563526 28887
1 41328U 16007A   20017.53738031  .00000090  00000-0  00000-0 0  9991
2 41328  54.8224 182.4632 0035809 217.2599 142.4785  2.00563466 28903
1 41328U 16007A   20019.03311176  .00000081  00000-0  00000-0 0  9995
2 41328  54.8225 182.4038 0035852 217.2957 142.4411  2.00563470 28934
1 41328U 16007A   20021.02741437  .00000053  00000-0  00000-0 0  9993
2 41328  54.8226 182.3246 0035946 217.3372 142.3906  2.00563354 28974
1 41328U 16007A   20021.02741451  .00000053  00000-0  00000+0 0  9998
2 41328  54.8226 182.3246 0035942 217.3381 142.3897  2.00563358 28973
1 41328U 16007A   20023.52028541  .00000019  00000-0  00000+0 0  9995
2 41328  54.8226 182.2256 0036037 217.3931 142.3199  2.00563354 29028
1 41328U 16007A   20023.52028541  .00000019  00000-0  00000-0 0  9996
2 41328  54.8226 182.2256 0036037 217.3931 142.3199  2.00563354 29028
1 41328U 16007A   20024.01886235  .00000015  00000-0  00000-0 0  9999
2 41328  54.8219 182.2058 0036067 217.4145 142.2959  2.00563281 29034
1 41328U 16007A   20025.01601440  .00000012  00000-0  00000-0 0  9990
2 41328  54.8219 182.1662 0036093 217.4542 142.2529  2.00563300 29051
1 41328U 16007A   20025.51459164  .00000013  00000-0  00000-0 0  9990
2 41328  54.8219 182.1465 0036130 217.4738 142.2321  2.00563288 29067
1 41328U 16007A   20027.01032872  .00000023  00000-0  00000-0 0  9991
2 41328  54.8216 182.0871 0036199 217.5258 142.1798  2.00563224 29097
1 41328U 16007A   20029.00465145  .00000046  00000-0  00000-0 0  9990
2 41328  54.8216 182.0079 0036283 217.5798 142.1307  2.00563172 29133
1 41328U 16007A   20030.50039633  .00000061  00000-0  00000+0 0  9992
2 41328  54.8219 181.9484 0036327 217.6132 142.1026  2.00563129 29169
1 41328U 16007A   20031.49756303  .00000066  00000-0  00000-0 0  9997
2 41328  54.8219 181.9089 0036381 217.6601 142.0584  2.00562948 29189
1 41328U 16007A   20031.99614057  .00000068  00000-0  00000-0 0  9993
2 41328  54.8218 181.8891 0036434 217.6986 142.0205  2.00563002 29196
1 41328U 16007A   20032.99330061  .00000068  00000-0  00000+0 0  9993
2 41328  54.8218 181.8495 0036450 217.7032 142.0173  2.00562970 29217
1 41328U 16007A   20034.48903909  .00000062  00000-0  00000-0 0  9991
2 41328  54.8218 181.7902 0036510 217.7626 141.9561  2.00562830 29242
1 41328U 16007A   20036.48334558  .00000048  00000-0  00000+0 0  9994
2 41328  54.8218 181.7110 0036601 217.8374 141.8733  2.00562756 29286
1 41328U 16007A   20037.97907742  .00000037  00000-0  00000-0 0  9999
2 41328  54.8218 181.6516 0036658 217.8829 141.8202  2.00562595 29318
1 41328U 16007A   20040.47196948  .00000031  00000-0  00000+0 0  9999
2 41328  54.8219 181.5527 0036753 217.9687 141.7271  2.00562489 29361
1 41328U 16007A   20040.97054809  .00000032  00000-0  00000-0 0  9995
2 41328  54.8219 181.5329 0036796 217.9942 141.7015  2.00562498 29379
1 41328U 16007A   20043.46346335  .00000043  00000-0  00000+0 0  9991
2 41328  54.8219 181.4340 0036915 218.1126 141.5894  2.00562319 29422
1 41328U 16007A   20044.95921084  .00000044  00000-0  00000-0 0  9998
2 41328  54.8222 181.3746 0036984 218.1732 141.5331  2.00562323 29458
1 41328U 16007A   20047.95069462  .00000013  00000-0  00000-0 0  9990
2 41328  54.8221 181.2558 0037145 218.3103 141.3927  2.00562192 29511
1 41328U 16007A   20047.95069506  .00000013  00000-0  00000+0 0  9998
2 41328  54.8222 181.2558 0037139 218.3099 141.3932  2.00562189 29511
1 41328U 16007A   20048.94785289 -.00000004  00000-0  00000-0 0  9993
2 41328  54.8222 181.2163 0037205 218.3437 141.3551  2.00562118 29534
1 41328U 16007A   20049.94500862 -.00000019  00000-0  00000-0 0  9992
2 41328  54.8221 181.1767 0037261 218.3845 141.3100  2.00562142 29556
1 41328U 16007A   20050.44358699 -.00000025  00000-0  00000+0 0  9994
2 41328  54.8223 181.1569 0037253 218.3826 141.3103  2.00562174 29567
1 41328U 16007A   20052.43790833 -.00000034  00000-0  00000-0 0  9996
2 41328  54.8225 181.0778 0037377 218.4821 141.2064  2.00562111 29604
1 41328U 16007A   20052.43790860 -.00000034  00000-0  00000-0 0  9996
2 41328  54.8226 181.0778 0037368 218.4754 141.2132  2.00562110 29605
1 41328U 16007A   20053.43507345 -.00000030  00000-0  00000+0 0  9996
2 41328  54.8225 181.0383 0037422 218.5253 141.1640  2.00562082 29625
1 41328U 16007A   20054.43224093 -.00000021  00000-0  00000-0 0  9994
2 41328  54.8225 180.9988 0037482 218.5804 141.1114  2.00562047 29641
1 41328U 16007A   20054.43224180 -.00000021  00000-0  00000-0 0  9991
2 41328  54.8225 180.9987 0037464 218.5660 141.1260  2.00562031 29645
1 41328U 16007A   20055.42941028 -.00000009  00000-0  00000-0 0  9994
2 41328  54.8225 180.9592 0037509 218.6151 141.0809  2.00562045 29668
1 41328U 16007A   20055.92799647 -.00000003  00000-0  00000+0 0  9990
2 41328  54.8225 180.9394 0037532 218.6379 141.0606  2.00562004 29677
1 41328U 16007A   20056.42658156  .00000003  00000-0  00000-0 0  9995
2 41328  54.8224 180.9196 0037556 218.6583 141.0428  2.00562007 29685
1 41328U 16007A   20056.92516818  .00000009  00000-0  00000-0 0  9994
2 41328  54.8224 180.8999 0037592 218.6787 141.0251  2.00561954 29696
1 41328U 16007A   20057.92234010  .00000018  00000-0  00000-0 0  9996
2 41328  54.8224 180.8603 0037623 218.7127 140.9965  2.00561922 29710
1 41328U 16007A   20058.91951006  .00000024  00000-0  00000+0 0  9993
2 41328  54.8223 180.8208 0037693 218.7696 140.9440  2.00561881 29732
1 41328U 16007A   20060.41526436  .00000026  00000-0  00000-0 0  9999
2 41328  54.8223 180.7614 0037743 218.8265 140.8919  2.00561808 29763
1 41328U 16007A   20061.91101377  .00000021  00000-0  00000+0 0  9992
2 41328  54.8221 180.7021 0037824 218.8887 140.8303  2.00561663 29792
1 41328U 16007A   20062.90817636  .00000015  00000-0  00000-0 0  9998
2 41328  54.8221 180.6626 0037879 218.9558 140.7613  2.00561616 29812
1 41328U 16007A   20063.40675694  .00000011  00000-0  00000-0 0  9996
2 41328  54.8221 180.6428 0037903 218.9774 140.7384  2.00561598 29825
1 41328U 16007A   20065.40107923 -.00000001  00000-0  00000+0 0  9992
2 41328  54.8221 180.5636 0037983 219.0653 140.6442  2.00561533 29868
1 41328U 16007A   20065.40107923 -.00000001  00000-0  00000-0 0  9993
2 41328  54.8221 180.5636 0037983 219.0653 140.6442  2.00561533 29868
1 41328U 16007A   20067.39540980 -.00000004  00000-0  00000-0 0  9990
2 41328  54.8220 180.4845 0038071 219.1474 140.5595  2.00561378 29909
1 41328U 16007A   20068.39257902 -.00000000  00000-0  00000+0 0  9995
2 41328  54.8220 180.4449 0038112 219.1885 140.5200  2.00561333 29927
1 41328U 16007A   20074.37561148  .00000000  00000-0  00000+0 0  9999
2 41328  54.8216 180.2075 0038396 219.4316 140.2968  2.00561103 30049
1 41328U 16007A   20074.37561299  .00000000  00000-0  00000-0 0  9997
2 41328  54.8216 180.2075 0038409 219.4598 140.2683  2.00561030 30049
1 41328U 16007A   20075.37277723 -.00000014  00000-0  00000-0 0  9990
2 41328  54.8215 180.1679 0038462 219.5346 140.1914  2.00561050 30068
1 41328U 16007A   20075.87135836 -.00000021  00000-0  00000-0 0  9991
2 41328  54.8215 180.1481 0038480 219.5527 140.1720  2.00561083 30072
1 41328U 16007A   20080.85719562 -.00000045  00000-0  00000+0 0  9994
2 41328  54.8213 179.9503 0038747 219.8053 139.9140  2.00560956 30175
1 41328U 16007A   20081.35578310 -.00000040  00000-0  00000-0 0  9990
2 41328  54.8212 179.9305 0038772 219.8326 139.8884  2.00560931 30183
1 41328U 16007A   20081.85436970 -.00000034  00000-0  00000-0 0  9993
2 41328  54.8212 179.9107 0038805 219.8704 139.8527  2.00560946 30191
1 41328U 16007A   20081.85436992 -.00000034  00000-0  00000-0 0  9997
2 41328  54.8212 179.9106 0038786 219.8569 139.8664  2.00560954 30198
1 41328U 16007A   20083.84872466 -.00000007  00000-0  00000+0 0  9997
2 41328  54.8211 179.8315 0038872 219.9401 139.7946  2.00560895 30231
1 41328U 16007A   20084.34731406 -.00000001  00000-0  00000-0 0  9996
2 41328  54.8211 179.8118 0038889 219.9544 139.7836  2.00560875 30245
1 41328U 16007A   20084.34731509 -.00000001  00000-0  00000-0 0  9990
2 41328  54.8211 179.8118 0038907 219.9776 139.7602  2.00560820 30244
1 41328U 16007A   20086.34167565  .00000016  00000-0  00000+0 0  9991
2 41328  54.8211 179.7327 0038980 220.0482 139.7010  2.00560585 30288
1 41328U 16007A   20086.84025736  .00000018  00000-0  00000-0 0  9992
2 41328  54.8210 179.7129 0039011 220.0874 139.6636  2.00560759 30295
1 41328U 16007A   20088.33601865  .00000018  00000-0  00000-0 0  9991
2 41328  54.8210 179.6536 0039082 220.1568 139.5980  2.00560662 30323
1 41328U 16007A   20089.33317649  .00000016  00000-0  00000+0 0  9993
2 41328  54.8210 179.6139 0039111 220.1760 139.5793  2.00561044 30348
1 41328U 16007A   20092.32469768  .00000003  00000-0  00000+0 0  9992
2 41328  54.8210 179.4954 0039253 220.3496 139.3986  2.00560233 30404
1 41328U 16007A   20093.32186847  .00000001  00000-0  00000-0 0  9996
2 41328  54.8209 179.4557 0039249 220.3119 139.4348  2.00560166 30428
1 41328U 16007A   20094.31903043  .00000001  00000-0  00000-0 0  9991
2 41328  54.8209 179.4161 0039358 220.4848 139.2598  2.00560402 30440
1 41328U 16007A   20095.31621175  .00000005  00000-0  00000+0 0  9998
2 41328  54.8210 179.3765 0039301 220.3346 139.4130  2.00560104 30466
1 41328U 16007A   20096.31337872  .00000012  00000-0  00000-0 0  9996
2 41328  54.8210 179.3369 0039359 220.4084 139.3420  2.00560365 30481
1 41328U 16007A   20098.30774377  .00000026  00000-0  00000+0 0  9996
2 41328  54.8210 179.2578 0039509 220.6210 139.1377  2.00560006 30528
1 41328U 16007A   20099.30491860  .00000030  00000-0  00000-0 0  9996
2 41328  54.8210 179.2182 0039552 220.6658 139.0973  2.00560107 30548
1 41328U 16007A   20100.30209559  .00000028  00000-0  00000-0 0  9998
2 41328  54.8209 179.1787 0039609 220.7176 139.0479  2.00560044 30568
1 41328U 16007A   20101.29926896  .00000021  00000-0  00000-0 0  9990
2 41328  54.8209 179.1390 0039642 220.7527 139.0133  2.00560051 30582
1 41328U 16007A   20101.29926956  .00000021  00000-0  00000+0 0  9996
2 41328  54.8209 179.1390 0039640 220.7577 139.0082  2.00560033 30588
1 41328U 16007A   20101.79785566  .00000015  00000-0  00000-0 0  9995
2 41328  54.8209 179.1193 0039680 220.7877 138.9775  2.00560061 30595
1 41328U 16007A   20104.29077886 -.00000018  00000-0  00000+0 0  9995
2 41328  54.8209 179.0203 0039780 220.8882 138.8689  2.00559981 30642
1 41328U 16007A   20105.28794921 -.00000027  00000-0  00000-0 0  9992
2 41328  54.8209 178.9808 0039837 220.9385 138.8152  2.00559932 30666
1 41328U 16007A   20106.28511971 -.00000031  00000-0  00000-0 0  9990
2 41328  54.8209 178.9412 0039888 220.9864 138.7653  2.00559943 30684
1 41328U 16007A   20107.28229426 -.00000028  00000-0  00000+0 0  9997
2 41328  54.8210 178.9016 0039929 221.0256 138.7260  2.00559913 30703
1 41328U 16007A   20107.28229426 -.00000028  00000-0  00000-0 0  9998
2 41328  54.8210 178.9016 0039929 221.0256 138.7260  2.00559913 30703
1 41328U 16007A   20108.27947264 -.00000020  00000-0  00000-0 0  9997
2 41328  54.8211 178.8620 0039977 221.0815 138.6718  2.00559844 30720
1 41328U 16007A   20109.27664982 -.00000007  00000-0  00000-0 0  9996
2 41328  54.8211 178.8225 0040015 221.1118 138.6450  2.00559900 30741
1 41328U 16007A   20109.27665001 -.00000007  00000-0  00000-0 0  9999
2 41328  54.8212 178.8225 0040039 221.1436 138.6128  2.00559875 30744
1 41328U 16007A   20110.77242253  .00000015  00000-0  00000-0 0  9994
2 41328  54.8213 178.7632 0040087 221.2068 138.5570  2.00559839 30774
1 41328U 16007A   20111.27101343  .00000022  00000-0  00000-0 0  9992
2 41328  54.8213 178.7434 0040111 221.2254 138.5410  2.00559827 30780
1 41328U 16007A   20112.26819744  .00000034  00000-0  00000-0 0  9996
2 41328  54.8213 178.7039 0040149 221.2520 138.5196  2.00559734 30809
1 41328U 16007A   20113.26537816  .00000043  00000-0  00000+0 0  9993
2 41328  54.8214 178.6643 0040198 221.3034 138.4726  2.00559710 30829
1 41328U 16007A   20113.76396842  .00000046  00000-0  00000-0 0  9994
2 41328  54.8214 178.6445 0040225 221.3339 138.4437  2.00559666 30838
1 41328U 16007A   20115.25973461  .00000050  00000-0  00000-0 0  9993
2 41328  54.8215 178.5852 0040282 221.3988 138.3817  2.00559645 30864
1 41328U 16007A   20116.25691081  .00000049  00000-0  00000+0 0  9996
2 41328  54.8216 178.5456 0040311 221.4413 138.3389  2.00559579 30884
1 41328U 16007A   20118.25125641  .00000042  00000-0  00000-0 0  9996
2 41328  54.8217 178.4664 0040385 221.5178 138.2569  2.00559445 30921
1 41328U 16007A   20118.74984051  .00000040  00000-0  00000+0 0  9995
2 41328  54.8217 178.4466 0040414 221.5461 138.2264  2.00559430 30936
1 41328U 16007A   20118.74984051  .00000040  00000-0  00000-0 0  9996
2 41328  54.8217 178.4466 0040414 221.5461 138.2264  2.00559430 30936
1 41328U 16007A   20119.74701378  .00000038  00000-0  00000-0 0  9993
2 41328  54.8217 178.4071 0040435 221.5708 138.1979  2.00559338 30956
1 41328U 16007A   20120.24560002  .00000037  00000-0  00000-0 0  9996
2 41328  54.8218 178.3873 0040464 221.5974 138.1693  2.00559280 30963
1 41328U 16007A   20121.24277267  .00000038  00000-0  00000+0 0  9995
2 41328  54.8219 178.3477 0040504 221.6401 138.1237  2.00559247 30984
1 41328U 16007A   20121.24277267  .00000038  00000-0  00000-0 0  9996
2 41328  54.8219 178.3477 0040504 221.6401 138.1237  2.00559247 30984
1 41328U 16007A   20122.23994755  .00000042  00000-0  00000-0 0  9999
2 41328  54.8220 178.3082 0040537 221.6763 138.0866  2.00559244 31003
1 41328U 16007A   20123.23712726  .00000048  00000-0  00000-0 0  9992
2 41328  54.8221 178.2686 0040578 221.7156 138.0482  2.00559167 31025
1 41328U 16007A   20123.73571793  .00000052  00000-0  00000-0 0  9999
2 41328  54.8222 178.2489 0040599 221.7275 138.0375  2.00559117 31039
1 41328U 16007A   20125.23149169  .00000064  00000-0  00000-0 0  9997
2 41328  54.8223 178.1895 0040648 221.7828 137.9872  2.00559077 31067
1 41328U 16007A   20126.22867552  .00000069  00000-0  00000+0 0  9994
2 41328  54.8224 178.1499 0040694 221.8483 137.9245  2.00558982 31087
1 41328U 16007A   20127.22585470  .00000070  00000-0  00000-0 0  9994
2 41328  54.8224 178.1103 0040731 221.8896 137.8848  2.00559004 31106
1 41328U 16007A   20127.72444349  .00000068  00000-0  00000-0 0  9995
2 41328  54.8225 178.0905 0040756 221.9037 137.8708  2.00558998 31118
1 41328U 16007A   20128.72162074  .00000060  00000-0  00000+0 0  9999
2 41328  54.8226 178.0510 0040777 221.9320 137.8410  2.00558968 31138
1 41328U 16007A   20129.22020826  .00000055  00000-0  00000-0 0  9998
2 41328  54.8226 178.0312 0040795 221.9485 137.8229  2.00558943 31142
1 41328U 16007A   20130.21738568  .00000041  00000-0  00000-0 0  9993
2 41328  54.8226 177.9916 0040840 221.9936 137.7731  2.00558759 31166
1 41328U 16007A   20130.71596989  .00000034  00000-0  00000-0 0  9999
2 41328  54.8227 177.9717 0040858 222.0168 137.7471  2.00558807 31170
1 41328U 16007A   20131.21454731  .00000028  00000-0  00000+0 0  9995
2 41328  54.8227 177.9518 0040880 222.0498 137.7112  2.00559062 31187
1 41328U 16007A   20133.20889604  .00000011  00000-0  00000-0 0  9990
2 41328  54.8229 177.8727 0040954 222.0880 137.6636  2.00558928 31222
1 41328U 16007A   20135.20325307  .00000018  00000-0  00000+0 0  9993
2 41328  54.8231 177.7936 0041025 222.1521 137.5963  2.00558834 31261
1 41328U 16007A   20135.20325307  .00000018  00000-0  00000-0 0  9994
2 41328  54.8231 177.7936 0041025 222.1521 137.5963  2.00558834 31261
1 41328U 16007A   20136.20043618  .00000029  00000-0  00000-0 0  9999
2 41328  54.8233 177.7540 0041056 222.1852 137.5645  2.00558773 31286
1 41328U 16007A   20137.19761904  .00000043  00000-0  00000-0 0  9999
2 41328  54.8234 177.7145 0041094 222.1992 137.5531  2.00558783 31303
1 41328U 16007A   20137.19761917  .00000043  00000-0  00000-0 0  9993
2 41328  54.8234 177.7145 0041098 222.2026 137.5497  2.00558772 31305
1 41328U 16007A   20138.19480341  .00000058  00000-0  00000-0 0  9999
2 41328  54.8235 177.6749 0041118 222.2325 137.5233  2.00558782 31321
1 41328U 16007A   20139.69058190  .00000076  00000-0  00000-0 0  9998
2 41328  54.8237 177.6156 0041174 222.2776 137.4832  2.00558701 31355
1 41328U 16007A   20141.18635572  .00000086  00000-0  00000+0 0  9990
2 41328  54.8238 177.5562 0041221 222.3320 137.4319  2.00558680 31384
1 41328U 16007A   20141.68494852  .00000088  00000-0  00000-0 0  9992
2 41328  54.8239 177.5364 0041232 222.3282 137.4363  2.00558584 31397
1 41328U 16007A   20143.18071855  .00000087  00000-0  00000-0 0  9992
2 41328  54.8240 177.4771 0041266 222.3685 137.3945  2.00558520 31423
1 41328U 16007A   20144.17789648  .00000085  00000-0  00000-0 0  9996
2 41328  54.8241 177.4375 0041303 222.4049 137.3548  2.00558423 31444
1 41328U 16007A   20147.66800776  .00000074  00000-0  00000+0 0  9996
2 41328  54.8245 177.2990 0041392 222.4988 137.2426  2.00558253 31512
1 41328U 16007A   20149.66236537  .00000078  00000-0  00000-0 0  9991
2 41328  54.8249 177.2200 0041458 222.5580 137.1769  2.00558097 31551
1 41328U 16007A   20153.15251278  .00000101  00000-0  00000+0 0  9995
2 41328  54.8254 177.0815 0041555 222.6391 137.0996  2.00557950 31622
1 41328U 16007A   20154.14969819  .00000103  00000-0  00000-0 0  9995
2 41328  54.8255 177.0420 0041586 222.6693 137.0701  2.00557892 31645
1 41328U 16007A   20154.64828995  .00000102  00000-0  00000-0 0  9998
2 41328  54.8255 177.0222 0041603 222.6726 137.0665  2.00557863 31650
1 41328U 16007A   20155.14688104  .00000099  00000-0  00000-0 0  9995
2 41328  54.8255 177.0024 0041616 222.6823 137.0559  2.00557843 31663
1 41328U 16007A   20156.14405994  .00000090  00000-0  00000+0 0  9990
2 41328  54.8256 176.9629 0041633 222.7027 137.0322  2.00557856 31683
1 41328U 16007A   20156.64264864  .00000083  00000-0  00000-0 0  9997
2 41328  54.8257 176.9431 0041636 222.7144 137.0180  2.00557851 31696
1 41328U 16007A   20157.14123715  .00000076  00000-0  00000-0 0  9994
2 41328  54.8258 176.9233 0041655 222.7215 137.0080  2.00557824 31708
1 41328U 16007A   20159.13558882  .00000048  00000-0  00000-0 0  9991
2 41328  54.8260 176.8442 0041707 222.7550 136.9610  2.00557754 31745
1 41328U 16007A   20160.13276525  .00000038  00000-0  00000+0 0  9992
2 41328  54.8261 176.8046 0041735 222.7702 136.9397  2.00557745 31760
1 41328U 16007A   20161.12994428  .00000035  00000-0  00000-0 0  9999
2 41328  54.8263 176.7651 0041760 222.7907 136.9148  2.00557734 31782
1 41328U 16007A   20162.12712552  .00000038  00000-0  00000-0 0  9999
2 41328  54.8264 176.7255 0041789 222.8117 136.8913  2.00557738 31804
1 41328U 16007A   20162.62571786  .00000042  00000-0  00000-0 0  9991
2 41328  54.8265 176.7057 0041809 222.8326 136.8698  2.00557717 31818
1 41328U 16007A   20164.12149840  .00000059  00000-0  00000-0 0  9998
2 41328  54.8268 176.6464 0041840 222.8572 136.8464  2.00557676 31848
1 41328U 16007A   20165.11868774  .00000073  00000-0  00000+0 0  9997
2 41328  54.8269 176.6069 0041863 222.8697 136.8361  2.00557640 31862
1 41328U 16007A   20165.11868774  .00000073  00000-0  00000-0 0  9998
2 41328  54.8269 176.6069 0041863 222.8697 136.8361  2.00557640 31862
1 41328U 16007A   20165.61728232  .00000079  00000-0  00000-0 0  9993
2 41328  54.8270 176.5871 0041867 222.8825 136.8246  2.00557635 31878
1 41328U 16007A   20167.61166063  .00000098  00000-0  00000-0 0  9994
2 41328  54.8272 176.5080 0041915 222.9024 136.8091  2.00557560 31918
1 41328U 16007A   20167.61166090  .00000098  00000-0  00000+0 0  9993
2 41328  54.8272 176.5080 0041914 222.8973 136.8143  2.00557543 31918
1 41328U 16007A   20169.10744176  .00000102  00000-0  00000-0 0  9993
2 41328  54.8272 176.4487 0041935 222.9193 136.7929  2.00557476 31945
1 41328U 16007A   20169.60603478  .00000102  00000-0  00000-0 0  9997
2 41328  54.8273 176.4289 0041953 222.9378 136.7736  2.00557419 31955
1 41328U 16007A   20170.10462664  .00000101  00000-0  00000-0 0  9993
2 41328  54.8274 176.4091 0041957 222.9483 136.7621  2.00557402 31964
1 41328U 16007A   20170.10462684  .00000101  00000-0  00000+0 0  9994
2 41328  54.8274 176.4091 0041953 222.9491 136.7613  2.00557403 31961
1 41328U 16007A   20171.10180891  .00000097  00000-0  00000-0 0  9997
2 41328  54.8275 176.3696 0041977 222.9750 136.7319  2.00557340 31981
1 41328U 16007A   20173.09616908  .00000087  00000-0  00000-0 0  9999
2 41328  54.8278 176.2905 0042017 223.0007 136.6955  2.00557210 32026
1 41328U 16007A   20174.09334860  .00000083  00000-0  00000+0 0  9999
2 41328  54.8279 176.2510 0042030 223.0080 136.6821  2.00557153 32045
1 41328U 16007A   20174.09334860  .00000083  00000-0  00000-0 0  9990
2 41328  54.8279 176.2510 0042030 223.0080 136.6821  2.00557153 32045
1 41328U 16007A   20174.09334865  .00000083  00000-0  00000-0 0  9995
2 41328  54.8279 176.2510 0042028 223.0033 136.6868  2.00557127 32042
1 41328U 16007A   20176.58630431  .00000082  00000-0  00000+0 0  9997
2 41328  54.8282 176.1521 0042062 223.0312 136.6480  2.00556998 32095
1 41328U 16007A   20176.58630431  .00000082  00000-0  00000-0 0  9998
2 41328  54.8282 176.1521 0042062 223.0312 136.6480  2.00556998 32095
1 41328U 16007A   20178.08208623  .00000089  00000-0  00000-0 0  9996
2 41328  54.8284 176.0928 0042085 223.0432 136.6349  2.00556922 32120
1 41328U 16007A   20178.58068104  .00000092  00000-0  00000-0 0  9993
2 41328  54.8285 176.0730 0042097 223.0413 136.6373  2.00556889 32134
1 41328U 16007A   20179.07927696  .00000095  00000-0  00000+0 0  9990
2 41328  54.8285 176.0532 0042119 223.0471 136.6322  2.00556870 32148
1 41328U 16007A   20180.07646896  .00000101  00000-0  00000-0 0  9991
2 41328  54.8286 176.0137 0042132 223.0554 136.6258  2.00556828 32160
1 41328U 16007A   20180.57506456  .00000102  00000-0  00000-0 0  9994
2 41328  54.8287 175.9939 0042154 223.0519 136.6300  2.00556787 32177
1 41328U 16007A   20181.57225386  .00000102  00000-0  00000+0 0  9994
2 41328  54.8288 175.9544 0042183 223.0509 136.6314  2.00556779 32199
1 41328U 16007A   20182.07084832  .00000099  00000-0  00000-0 0  9995
2 41328  54.8288 175.9346 0042188 223.0639 136.6179  2.00556763 32202
1 41328U 16007A   20183.06803503  .00000090  00000-0  00000-0 0  9990
2 41328  54.8289 175.8950 0042202 223.0530 136.6262  2.00556711 32228
1 41328U 16007A   20183.56662692  .00000084  00000-0  00000-0 0  9990
2 41328  54.8289 175.8753 0042204 223.0630 136.6141  2.00556713 32231
1 41328U 16007A   20184.56380924  .00000069  00000-0  00000+0 0  9998
2 41328  54.8290 175.8357 0042218 223.0636 136.6078  2.00556697 32256
1 41328U 16007A   20185.56099046  .00000052  00000-0  00000-0 0  9994
2 41328  54.8290 175.7962 0042240 223.0605 136.6042  2.00556663 32274
1 41328U 16007A   20186.55817194  .00000038  00000-0  00000-0 0  9990
2 41328  54.8291 175.7566 0042257 223.0601 136.5981  2.00556638 32294
1 41328U 16007A   20187.55535488  .00000028  00000-0  00000+0 0  9992
2 41328  54.8292 175.7171 0042279 223.0553 136.5973  2.00556616 32317
1 41328U 16007A   20187.55535488  .00000028  00000-0  00000-0 0  9993
2 41328  54.8292 175.7171 0042279 223.0553 136.5973  2.00556616 32317
1 41328U 16007A   20190.04832444  .00000030  00000-0  00000+0 0  9995
2 41328  54.8294 175.6182 0042328 223.0739 136.5731  2.00556583 32361
1 41328U 16007A   20191.04551712  .00000040  00000-0  00000-0 0  9994
2 41328  54.8295 175.5787 0042330 223.0750 136.5732  2.00556577 32384
1 41328U 16007A   20192.04271328  .00000052  00000-0  00000-0 0  9990
2 41328  54.8295 175.5392 0042342 223.0715 136.5793  2.00556506 32402
1 41328U 16007A   20192.04271346  .00000052  00000-0  00000-0 0  9990
2 41328  54.8295 175.5391 0042336 223.0744 136.5764  2.00556509 32407
1 41328U 16007A   20193.53850702  .00000068  00000-0  00000+0 0  9990
2 41328  54.8297 175.4798 0042355 223.0771 136.5785  2.00556482 32436
1 41328U 16007A   20195.53289743  .00000080  00000-0  00000-0 0  9998
2 41328  54.8298 175.4008 0042374 223.0584 136.6021  2.00556401 32473
1 41328U 16007A   20196.53009083  .00000079  00000-0  00000+0 0  9993
2 41328  54.8298 175.3612 0042387 223.0608 136.6002  2.00556332 32498
1 41328U 16007A   20197.02868719  .00000078  00000-0  00000-0 0  9997
2 41328  54.8298 175.3414 0042378 223.0534 136.6074  2.00556292 32502
1 41328U 16007A   20198.02587637  .00000074  00000-0  00000-0 0  9991
2 41328  54.8299 175.3019 0042385 223.0603 136.5986  2.00556269 32526
1 41328U 16007A   20199.02306479  .00000068  00000-0  00000+0 0  9997
2 41328  54.8300 175.2624 0042399 223.0601 136.5954  2.00556181 32543
1 41328U 16007A   20200.02025195  .00000062  00000-0  00000-0 0  9998
2 41328  54.8294 175.2229 0042406 223.0613 136.5896  2.00556110 32567
1 41328U 16007A   20202.01462500  .00000053  00000-0  00000-0 0  9994
2 41328  54.8295 175.1438 0042412 223.0432 136.5985  2.00556017 32605
1 41328U 16007A   20202.51321913  .00000052  00000-0  00000-0 0  9990
2 41328  54.8295 175.1240 0042412 223.0441 136.5957  2.00556006 32614
1 41328U 16007A   20202.51321955  .00000052  00000-0  00000-0 0  9996
2 41328  54.8295 175.1240 0042411 223.0273 136.6126  2.00555966 32619
1 41328U 16007A   20204.00900607  .00000053  00000-0  00000-0 0  9990
2 41328  54.8293 175.0647 0042425 223.0299 136.6068  2.00555914 32641
1 41328U 16007A   20204.50760445  .00000055  00000-0  00000-0 0  9991
2 41328  54.8293 175.0449 0042437 223.0281 136.6085  2.00555830 32652
1 41328U 16007A   20205.00620315  .00000057  00000-0  00000+0 0  9999
2 41328  54.8293 175.0251 0042442 223.0229 136.6143  2.00555790 32662
1 41328U 16007A   20207.00059897  .00000068  00000-0  00000-0 0  9995
2 41328  54.8294 174.9460 0042468 223.0165 136.6259  2.00555723 32709
1 41328U 16007A   20208.99499506  .00000068  00000-0  00000+0 0  9998
2 41328  54.8294 174.8669 0042488 222.9991 136.6481  2.00555652 32748
1 41328U 16007A   20210.98938256  .00000047  00000-0  00000-0 0  9998
2 41328  54.8293 174.7879 0042498 222.9511 136.6934  2.00555567 32791
1 41328U 16007A   20211.98657254  .00000031  00000-0  00000+0 0  9997
2 41328  54.8297 174.7483 0042510 222.9487 136.6914  2.00555542 32806
1 41328U 16007A   20212.98376268  .00000014  00000-0  00000-0 0  9993
2 41328  54.8298 174.7088 0042515 222.9290 136.7060  2.00555476 32826
1 41328U 16007A   20213.48235571  .00000006  00000-0  00000-0 0  9991
2 41328  54.8305 174.6890 0042520 222.9278 136.7046  2.00555511 32832
1 41328U 16007A   20214.97814058 -.00000011  00000-0  00000-0 0  9996
2 41328  54.8306 174.6297 0042539 222.9198 136.7065  2.00555516 32864
1 41328U 16007A   20215.47673928 -.00000013  00000-0  00000-0 0  9993
2 41328  54.8306 174.6099 0042547 222.8965 136.7287  2.00555436 32872
1 41328U 16007A   20217.96973302 -.00000003  00000-0  00000+0 0  9996
2 41328  54.8306 174.5111 0042564 222.8654 136.7621  2.00555441 32924
1 41328U 16007A   20218.96693428  .00000008  00000-0  00000-0 0  9990
2 41328  54.8311 174.4716 0042568 222.8517 136.7799  2.00555461 32942
1 41328U 16007A   20219.96413956  .00000020  00000-0  00000-0 0  9991
2 41328  54.8311 174.4320 0042558 222.8139 136.8229  2.00555391 32965
1 41328U 16007A   20223.95295176  .00000038  00000-0  00000+0 0  9995
2 41328  54.8306 174.2739 0042579 222.7498 136.9023  2.00555206 33049
1 41328U 16007A   20224.45155125  .00000036  00000-0  00000-0 0  9999
2 41328  54.8305 174.2542 0042579 222.7356 136.9171  2.00555167 33054
1 41328U 16007A   20226.94454333  .00000022  00000-0  00000+0 0  9992
2 41328  54.8305 174.1553 0042597 222.7074 136.9420  2.00555006 33107
1 41328U 16007A   20228.93893179  .00000013  00000-0  00000-0 0  9999
2 41328  54.8305 174.0763 0042590 222.6554 136.9886  2.00554926 33144
1 41328U 16007A   20230.43472731  .00000011  00000-0  00000-0 0  9992
2 41328  54.8305 174.0169 0042587 222.6216 137.0205  2.00554872 33175
1 41328U 16007A   20230.43472769  .00000011  00000-0  00000+0 0  9992
2 41328  54.8306 174.0169 0042594 222.6421 136.9998  2.00554864 33170
1 41328U 16007A   20231.93052938  .00000016  00000-0  00000-0 0  9996
2 41328  54.8305 173.9577 0042589 222.5854 137.0587  2.00554792 33203
1 41328U 16007A   20232.42913562  .00000019  00000-0  00000-0 0  9993
2 41328  54.8305 173.9378 0042589 222.5688 137.0771  2.00554636 33210
1 41328U 16007A   20232.92773982  .00000021  00000-0  00000+0 0  9990
2 41328  54.8305 173.9181 0042589 222.5555 137.0924  2.00554568 33220
1 41328U 16007A   20233.92494321  .00000027  00000-0  00000-0 0  9995
2 41328  54.8303 173.8785 0042600 222.5488 137.1039  2.00554641 33248
1 41328U 16007A   20234.42354919  .00000030  00000-0  00000-0 0  9993
2 41328  54.8300 173.8588 0042600 222.5431 137.1123  2.00554544 33251
1 41328U 16007A   20235.42075687  .00000032  00000-0  00000-0 0  9998
2 41328  54.8299 173.8192 0042608 222.5299 137.1302  2.00554485 33274
1 41328U 16007A   20236.91655963  .00000027  00000-0  00000+0 0  9997
2 41328  54.8298 173.7599 0042612 222.4995 137.1650  2.00554573 33308
1 41328U 16007A   20236.91655963  .00000027  00000-0  00000-0 0  9998
2 41328  54.8298 173.7599 0042612 222.4995 137.1650  2.00554573 33308
1 41328U 16007A   20238.91096151  .00000001  00000-0  00000-0 0  9990
2 41328  54.8297 173.6808 0042606 222.4232 137.2397  2.00554445 33347
1 41328U 16007A   20240.90535574 -.00000031  00000-0  00000-0 0  9993
2 41328  54.8296 173.6017 0042594 222.3390 137.3177  2.00554398 33386
1 41328U 16007A   20241.40395477 -.00000037  00000-0  00000-0 0  9991
2 41328  54.8296 173.5820 0042594 222.3206 137.3348  2.00554387 33392
1 41328U 16007A   20242.40115474 -.00000046  00000-0  00000-0 0  9999
2 41328  54.8296 173.5424 0042599 222.2902 137.3636  2.00554358 33410
1 41328U 16007A   20244.89416636 -.00000039  00000-0  00000+0 0  9999
2 41328  54.8295 173.4436 0042612 222.2254 137.4333  2.00554338 33465
1 41328U 16007A   20245.89137665 -.00000028  00000-0  00000-0 0  9991
2 41328  54.8292 173.4041 0042624 222.2103 137.4536  2.00554287 33480
1 41328U 16007A   20246.38998127 -.00000021  00000-0  00000-0 0  9997
2 41328  54.8292 173.3843 0042623 222.1935 137.4736  2.00554307 33496
1 41328U 16007A   20252.87185330  .00000005  00000-0  00000-0 0  9993
2 41328  54.8290 173.1274 0042322 221.5774 138.1243  2.00554015 33622
1 41328U 16007A   20253.86905735 -.00000000  00000-0  00000-0 0  9998
2 41328  54.8290 173.0879 0042411 221.6797 138.0200  2.00553807 33649
1 41328U 16007A   20254.86624538 -.00000005  00000-0  00000-0 0  9993
2 41328  54.8293 173.0483 0042696 222.0540 137.6397  2.00553900 33667
1 41328U 16007A   20256.86064936 -.00000009  00000-0  00000-0 0  9999
2 41328  54.8293 172.9692 0042699 221.9929 137.6986  2.00553822 33701
1 41328U 16007A   20259.35366763  .00000001  00000-0  00000-0 0  9990
2 41328  54.8293 172.8703 0042712 221.9260 137.7702  2.00553685 33756
1 41328U 16007A   20260.84948847  .00000012  00000-0  00000-0 0  9997
2 41328  54.8293 172.8110 0042710 221.8537 137.8507  2.00553555 33785
1 41328U 16007A   20263.34251408  .00000021  00000-0  00000+0 0  9994
2 41328  54.8293 172.7120 0042897 222.0499 137.6654  2.00553541 33833
1 41328U 16007A   20263.84112116  .00000020  00000-0  00000-0 0  9991
2 41328  54.8292 172.6922 0042848 221.9638 137.7541  2.00553514 33847
1 41328U 16007A   20265.83553735  .00000000  00000-0  00000+0 0  9995
2 41328  54.8292 172.6131 0042818 221.8168 137.9029  2.00553411 33886
1 41328U 16007A   20265.83553735  .00000000  00000-0  00000-0 0  9996
2 41328  54.8292 172.6131 0042818 221.8168 137.9029  2.00553411 33886
1 41328U 16007A   20270.82103444 -.00000046  00000-0  00000+0 0  9999
2 41328  54.8208 172.3926 0045300 222.5068 137.1808  2.00573415 33982
1 41328U 16007A   20270.82103444 -.00000046  00000-0  00000-0 0  9990
2 41328  54.8208 172.3926 0045300 222.5068 137.1808  2.00573415 33982
1 41328U 16007A   20276.80382444  .00000017  00000-0  00000+0 0  9999
2 41328  54.8085 172.1621 0043504 222.6876 137.0452  2.00573295 34102
1 41328U 16007A   20278.29951970  .00000021  00000-0  00000+0 0  9995
2 41328  54.8300 172.1185 0043354 222.1525 137.5906  2.00573252 34131
1 41328U 16007A   20278.29951970  .00000021  00000-0  00000-0 0  9996
2 41328  54.8300 172.1185 0043354 222.1525 137.5906  2.00573252 34131
1 41328U 16007A   20280.29374134  .00000017  00000-0  00000-0 0  9995
2 41328  54.8295 172.0395 0043289 222.0149 137.7316  2.00573189 34174
1 41328U 16007A   20280.79229504  .00000015  00000-0  00000+0 0  9997
2 41328  54.8296 172.0198 0043306 222.0356 137.7102  2.00573151 34189
1 41328U 16007A   20281.29085006  .00000014  00000-0  00000-0 0  9990
2 41328  54.8296 172.0000 0043301 221.9917 137.7537  2.00573084 34195
1 41328U 16007A   20282.78650787  .00000010  00000-0  00000-0 0  9995
2 41328  54.8296 171.9406 0043318 221.9868 137.7555  2.00573044 34226
1 41328U 16007A   20283.28506041  .00000010  00000-0  00000-0 0  9994
2 41328  54.8298 171.9209 0043355 222.1270 137.6132  2.00572967 34234
1 41328U 16007A   20284.28216901  .00000011  00000-0  00000-0 0  9999
2 41328  54.8297 171.8813 0043328 221.9629 137.7772  2.00572939 34250
1 41328U 16007A   20285.77783275  .00000018  00000-0  00000-0 0  9994
2 41328  54.8299 171.8220 0043348 221.9731 137.7675  2.00572891 34282
1 41328U 16007A   20286.77494918  .00000026  00000-0  00000-0 0  9997
2 41328  54.8299 171.7824 0043329 221.8644 137.8797  2.00572817 34309
1 41328U 16007A   20287.27350719  .00000030  00000-0  00000-0 0  9998
2 41328  54.8299 171.7626 0043333 221.8364 137.9099  2.00572784 34313
1 41328U 16007A   20287.77206642  .00000035  00000-0  00000-0 0  9993
2 41328  54.8299 171.7429 0043341 221.8244 137.9242  2.00572727 34328
1 41328U 16007A   20289.26774217  .00000047  00000-0  00000-0 0  9990
2 41328  54.8300 171.6835 0043357 221.7848 137.9716  2.00572681 34355
1 41328U 16007A   20290.76341777  .00000051  00000-0  00000-0 0  9993
2 41328  54.8301 171.6241 0043376 221.7529 138.0093  2.00572577 34381
1 41328U 16007A   20291.76052851  .00000047  00000-0  00000-0 0  9991
2 41328  54.8301 171.5846 0043383 221.7176 138.0460  2.00572613 34409
1 41328U 16007A   20294.25329603  .00000017  00000-0  00000+0 0  9996
2 41328  54.8302 171.4856 0043451 221.7264 138.0301  2.00572544 34456
1 41328U 16007A   20294.25329603  .00000017  00000-0  00000-0 0  9997
2 41328  54.8302 171.4856 0043451 221.7264 138.0301  2.00572544 34456
1 41328U 16007A   20296.24750794 -.00000006  00000-0  00000-0 0  9996
2 41328  54.8304 171.4064 0043466 221.6419 138.1066  2.00572503 34494
1 41328U 16007A   20296.24750923 -.00000006  00000-0  00000-0 0  9990
2 41328  54.8304 171.4064 0043450 221.6042 138.1446  2.00572480 34495
1 41328U 16007A   20297.24461755 -.00000010  00000-0  00000-0 0  9998
2 41328  54.8305 171.3668 0043468 221.5846 138.1619  2.00572469 34517
1 41328U 16007A   20300.23596327  .00000013  00000-0  00000+0 0  9997
2 41328  54.8307 171.2481 0043512 221.5059 138.2459  2.00572355 34570
1 41328U 16007A   20300.73452302  .00000020  00000-0  00000-0 0  9995
2 41328  54.8307 171.2283 0043493 221.4350 138.3196  2.00572375 34583
1 41328U 16007A   20303.72588135  .00000057  00000-0  00000+0 0  9990
2 41328  54.8310 171.1096 0043529 221.3440 138.4248  2.00572271 34648
1 41328U 16007A   20305.22155452  .00000063  00000-0  00000-0 0  9997
2 41328  54.8311 171.0503 0043559 221.3294 138.4429  2.00572255 34677
1 41328U 16007A   20305.22155570  .00000063  00000-0  00000-0 0  9998
2 41328  54.8311 171.0503 0043551 221.3095 138.4631  2.00572235 34671
1 41328U 16007A   20306.21866881  .00000063  00000-0  00000+0 0  9991
2 41328  54.8312 171.0107 0043579 221.3203 138.4525  2.00572198 34695
1 41328U 16007A   20306.21866881  .00000063  00000-0  00000-0 0  9992
2 41328  54.8312 171.0107 0043579 221.3203 138.4525  2.00572198 34695
1 41328U 16007A   20306.21866991  .00000063  00000-0  00000-0 0  9994
2 41328  54.8313 171.0108 0043574 221.3103 138.4625  2.00572164 34695
1 41328U 16007A   20307.21578174  .00000061  00000-0  00000-0 0  9996
2 41328  54.8314 170.9712 0043590 221.3058 138.4657  2.00572114 34715
1 41328U 16007A   20309.21000131  .00000056  00000-0  00000-0 0  9995
2 41328  54.8315 170.8921 0043606 221.2523 138.5132  2.00572006 34754
1 41328U 16007A   20311.70277526  .00000057  00000-0  00000+0 0  9996
2 41328  54.8319 170.7932 0043645 221.2116 138.5451  2.00571846 34801
1 41328U 16007A   20311.70277526  .00000057  00000-0  00000-0 0  9997
2 41328  54.8319 170.7932 0043645 221.2116 138.5451  2.00571846 34801
1 41328U 16007A   20313.69700340  .00000069  00000+0  00000+0 0  9993
2 41328  54.8321 170.7140 0043680 221.1861 138.5690  2.00571743 34845
1 41328U 16007A   20316.68836112  .00000094  00000+0  00000+0 0  9990
2 41328  54.8325 170.5952 0043738 221.1437 138.6190  2.00571597 34901
1 41328U 16007A   20317.68547974  .00000098  00000-0  00000-0 0  9992
2 41328  54.8326 170.5557 0043763 221.1286 138.6360  2.00571551 34924
1 41328U 16007A   20318.18403768  .00000098  00000-0  00000-0 0  9990
2 41328  54.8327 170.5359 0043771 221.1010 138.6640  2.00571543 34932
1 41328U 16007A   20319.67970959  .00000088  00000-0  00000-0 0  9995
2 41328  54.8328 170.4765 0043803 221.0957 138.6664  2.00571467 34962
1 41328U 16007A   20319.67970965  .00000088  00000-0  00000-0 0  9992
2 41328  54.8328 170.4765 0043807 221.0909 138.6712  2.00571457 34966
1 41328U 16007A   20320.67681949  .00000076  00000-0  00000-0 0  9992
2 41328  54.8329 170.4369 0043832 221.0557 138.7017  2.00571424 34989
1 41328U 16007A   20321.67392748  .00000062  00000-0  00000-0 0  9994
2 41328  54.8330 170.3973 0043847 221.0600 138.6910  2.00571415 35001
1 41328U 16007A   20322.17248123  .00000055  00000-0  00000-0 0  9999
2 41328  54.8331 170.3775 0043859 221.0518 138.6958  2.00571404 35014
1 41328U 16007A   20324.16669960  .00000036  00000-0  00000-0 0  9995
2 41328  54.8334 170.2983 0043921 221.0106 138.7253  2.00571339 35050
1 41328U 16007A   20326.65948739  .00000045  00000-0  00000+0 0  9994
2 41328  54.8337 170.1993 0043980 221.0203 138.7113  2.00571318 35104
1 41328U 16007A   20326.65948739  .00000045  00000-0  00000-0 0  9995
2 41328  54.8337 170.1993 0043980 221.0203 138.7113  2.00571318 35104
1 41328U 16007A   20328.65372982  .00000071  00000-0  00000-0 0  9997
2 41328  54.8340 170.1202 0044039 220.9978 138.7379  2.00571263 35141
1 41328U 16007A   20331.14653480  .00000097  00000-0  00000+0 0  9997
2 41328  54.8344 170.0212 0044088 220.9711 138.7707  2.00571170 35191
1 41328U 16007A   20331.14653480  .00000097  00000-0  00000-0 0  9998
2 41328  54.8344 170.0212 0044088 220.9711 138.7707  2.00571170 35191
1 41328U 16007A   20333.14077187  .00000100  00000-0  00000-0 0  9999
2 41328  54.8347 169.9421 0044154 220.9597 138.7814  2.00571065 35236
1 41328U 16007A   20335.63355834  .00000092  00000-0  00000+0 0  9992
2 41328  54.8351 169.8432 0044210 220.9614 138.7702  2.00570912 35286
1 41328U 16007A   20335.63355834  .00000092  00000-0  00000-0 0  9993
2 41328  54.8351 169.8432 0044210 220.9614 138.7702  2.00570912 35286
1 41328U 16007A   20338.12633907  .00000086  00000-0  00000-0 0  9993
2 41328  54.8354 169.7444 0044279 220.9258 138.7919  2.00570748 35333
1 41328U 16007A   20338.12633974  .00000086  00000-0  00000-0 0  9997
2 41328  54.8354 169.7444 0044269 220.9379 138.7798  2.00570758 35332
1 41328U 16007A   20339.12345331  .00000088  00000-0  00000-0 0  9997
2 41328  54.8357 169.7048 0044306 220.9182 138.7950  2.00570689 35354
1 41328U 16007A   20340.61912959  .00000095  00000-0  00000-0 0  9997
2 41328  54.8357 169.6454 0044335 220.9435 138.7658  2.00570617 35386
1 41328U 16007A   20341.61625080  .00000103  00000-0  00000-0 0  9994
2 41328  54.8359 169.6058 0044367 220.9414 138.7675  2.00570543 35400
1 41328U 16007A   20342.61337347  .00000111  00000-0  00000-0 0  9990
2 41328  54.8362 169.5663 0044400 220.9452 138.7645  2.00570492 35427
1 41328U 16007A   20350.59031238  .00000057  00000-0  00000+0 0  9994
2 41328  54.8380 169.2496 0044663 220.9589 138.7213  2.00570183 35585
1 41328U 16007A   20350.59031238  .00000057  00000-0  00000-0 0  9995
2 41328  54.8380 169.2496 0044663 220.9589 138.7213  2.00570183 35585
1 41328U 16007A   20351.08886928  .00000052  00000-0  00000-0 0  9999
2 41328  54.8382 169.2298 0044701 220.9485 138.7284  2.00570169 35598
1 41328U 16007A   20351.08886940  .00000052  00000-0  00000-0 0  9993
2 41328  54.8375 169.2298 0044694 220.9530 138.7238  2.00570152 35593
1 41328U 16007A   20353.08310496  .00000049  00000-0  00000-0 0  9999
2 41328  54.8378 169.1506 0044768 220.9791 138.6897  2.00570127 35635
1 41328U 16007A   20355.57591767  .00000073  00000-0  00000+0 0  9993
2 41328  54.8381 169.0516 0044846 221.0119 138.6582  2.00570047 35689
1 41328U 16007A   20355.57591767  .00000073  00000-0  00000-0 0  9994
2 41328  54.8381 169.0516 0044846 221.0119 138.6582  2.00570047 35689
1 41328U 16007A   20355.57591768  .00000073  00000-0  00000-0 0  9995
2 41328  54.8381 169.0517 0044858 221.0045 138.6655  2.00570043 35688
1 41328U 16007A   20357.57017256  .00000093  00000-0  00000-0 0  9994
2 41328  54.8384 168.9725 0044912 221.0194 138.6547  2.00569964 35721
1 41328U 16007A   20358.06873542  .00000096  00000-0  00000-0 0  9990
2 41328  54.8385 168.9528 0044940 221.0202 138.6545  2.00569956 35734
1 41328U 16007A   20360.06298370  .00000098  00000-0  00000-0 0  9995
2 41328  54.8388 168.8736 0045018 221.0499 138.6239  2.00569874 35775
1 41328U 16007A   20361.06010538  .00000094  00000-0  00000-0 0  9990
2 41328  54.8390 168.8341 0045055 221.0632 138.6080  2.00569814 35790
1 41328U 16007A   20362.05722494  .00000088  00000-0  00000-0 0  9994
2 41328  54.8392 168.7945 0045090 221.0835 138.5836  2.00569776 35813
1 41328U 16007A   20362.05722539  .00000088  00000-0  00000-0 0  9994
2 41328  54.8392 168.7945 0045091 221.0738 138.5933  2.00569749 35814
1 41328U 16007A   20363.55290374  .00000080  00000-0  00000-0 0  9999
2 41328  54.8392 168.7352 0045163 221.1049 138.5540  2.00569650 35840
1 41328U 16007A   20364.55002166  .00000076  00000-0  00000-0 0  9995
2 41328  54.8393 168.6957 0045196 221.1164 138.5368  2.00569592 35860
1 41328U 16007A   20365.04858135  .00000075  00000-0  00000-0 0  9994
2 41328  54.8394 168.6759 0045200 221.1205 138.5301  2.00569570 35877
1 41328U 16007A   20365.54714045  .00000074  00000-0  00000-0 0  9999
2 41328  54.8395 168.6562 0045221 221.1257 138.5223  2.00569544 35885
1 41328U 16007A   20366.54426119  .00000075  00000-0  00000-0 0  9993
2 41328  54.8396 168.6166 0045262 221.1316 138.5122  2.00569471 35907

