1 40294U 14068A   20092.38584513  .00000046  00000-0  00000+0 0  9997
2 40294  55.3047 119.9444 0025556  35.7900 324.4438  2.00573895 39700
1 40294U 14068A   20092.88440073  .00000050  00000-0  00000-0 0  9990
2 40294  55.3049 119.9245 0025560  35.7863 324.4484  2.00573895 39738
1 40294U 14068A   20094.38006911  .00000062  00000-0  00000-0 0  9999
2 40294  55.3057 119.8650 0025593  35.7995 324.4391  2.00573914 39760
1 40294U 14068A   20094.38007050  .00000062  00000-0  00000-0 0  9994
2 40294  55.3057 119.8650 0025597  35.7420 324.4964  2.00573858 39760
1 40294U 14068A   20094.87862124  .00000065  00000-0  00000+0 0  9991
2 40294  55.3060 119.8452 0025613  35.7332 324.5065  2.00574033 39753
1 40294U 14068A   20097.37138718  .00000066  00000-0  00000+0 0  9995
2 40294  55.3074 119.7460 0025668  35.7095 324.5305  2.00574191 39800
1 40294U 14068A   20097.37138752  .00000066  00000-0  00000-0 0  9994
2 40294  55.3074 119.7460 0025673  35.6903 324.5497  2.00574180 39825
1 40294U 14068A   20098.36848642  .00000059  00000-0  00000-0 0  9992
2 40294  55.3079 119.7063 0025692  35.6694 324.5667  2.00574287 39846
1 40294U 14068A   20099.36558369  .00000048  00000-0  00000-0 0  9995
2 40294  55.3085 119.6666 0025717  35.6819 324.5485  2.00574370 39861
1 40294U 14068A   20099.36558380  .00000048  00000-0  00000-0 0  9998
2 40294  55.3085 119.6665 0025714  35.6653 324.5650  2.00574354 39869
1 40294U 14068A   20101.35977509  .00000023  00000-0  00000-0 0  9992
2 40294  55.3096 119.5872 0025756  35.6738 324.5431  2.00574497 39900
1 40294U 14068A   20101.35977530  .00000023  00000-0  00000+0 0  9995
2 40294  55.3096 119.5872 0025746  35.6685 324.5483  2.00574471 39886
1 40294U 14068A   20101.85832273  .00000019  00000-0  00000-0 0  9990
2 40294  55.3099 119.5673 0025756  35.6616 324.5522  2.00574531 39918
1 40294U 14068A   20102.35687058  .00000015  00000-0  00000-0 0  9991
2 40294  55.3102 119.5475 0025777  35.6569 324.5545  2.00574616 39923
1 40294U 14068A   20103.35396954  .00000011  00000-0  00000-0 0  9990
2 40294  55.3108 119.5078 0025788  35.6384 324.5694  2.00574680 39943
1 40294U 14068A   20103.85251981  .00000011  00000-0  00000+0 0  9994
2 40294  55.3111 119.4880 0025810  35.6358 324.5712  2.00574759 39931
1 40294U 14068A   20105.34817446  .00000019  00000-0  00000-0 0  9993
2 40294  55.3120 119.4285 0025842  35.6117 324.5956  2.00574899 39988
1 40294U 14068A   20106.34528012  .00000029  00000-0  00000+0 0  9992
2 40294  55.3126 119.3889 0025860  35.6231 324.5864  2.00574991 39981
1 40294U 14068A   20106.34528012  .00000029  00000-0  00000-0 0  9993
2 40294  55.3126 119.3889 0025860  35.6231 324.5864  2.00574991 40006
1 40294U 14068A   20108.33949160  .00000048  00000-0  00000-0 0  9996
2 40294  55.3137 119.3096 0025910  35.6376 324.5770  2.00575159 40041
1 40294U 14068A   20108.33949176  .00000048  00000-0  00000-0 0  9993
2 40294  55.3137 119.3097 0025910  35.6430 324.5717  2.00575166 40042
1 40294U 14068A   20109.33659509  .00000055  00000-0  00000-0 0  9990
2 40294  55.3143 119.2700 0025937  35.6537 324.5626  2.00575255 40066
1 40294U 14068A   20109.33659512  .00000055  00000-0  00000+0 0  9993
2 40294  55.3143 119.2700 0025931  35.6396 324.5766  2.00575233 40042
1 40294U 14068A   20112.32789067  .00000056  00000-0  00000-0 0  9997
2 40294  55.3160 119.1512 0026027  35.6319 324.5807  2.00575491 40102
1 40294U 14068A   20113.32498399  .00000052  00000-0  00000-0 0  9999
2 40294  55.3165 119.1116 0026060  35.6230 324.5857  2.00575590 40145
1 40294U 14068A   20114.32207903  .00000049  00000-0  00000-0 0  9995
2 40294  55.3171 119.0720 0026105  35.6155 324.5887  2.00575597 40160
1 40294U 14068A   20115.31917223  .00000047  00000-0  00000+0 0  9995
2 40294  55.3176 119.0324 0026136  35.6251 324.5744  2.00575633 40169
1 40294U 14068A   20116.31626449  .00000047  00000-0  00000-0 0  9994
2 40294  55.3182 118.9928 0026158  35.6470 324.5482  2.00575706 40206
1 40294U 14068A   20117.31335790  .00000049  00000-0  00000-0 0  9993
2 40294  55.3187 118.9532 0026181  35.6660 324.5259  2.00575769 40222
1 40294U 14068A   20117.31335802  .00000049  00000-0  00000-0 0  9997
2 40294  55.3187 118.9532 0026190  35.6748 324.5172  2.00575781 40227
1 40294U 14068A   20119.30755075  .00000059  00000-0  00000+0 0  9996
2 40294  55.3199 118.8740 0026253  35.6877 324.5022  2.00575912 40245
1 40294U 14068A   20119.30755075  .00000059  00000-0  00000-0 0  9997
2 40294  55.3199 118.8740 0026253  35.6877 324.5022  2.00575912 40267
1 40294U 14068A   20120.30465035  .00000066  00000-0  00000-0 0  9991
2 40294  55.3204 118.8344 0026270  35.7080 324.4830  2.00575929 40286
1 40294U 14068A   20121.30174993  .00000073  00000-0  00000-0 0  9990
2 40294  55.3209 118.7947 0026296  35.7240 324.4691  2.00576003 40307
1 40294U 14068A   20121.80029936  .00000075  00000-0  00000+0 0  9992
2 40294  55.3212 118.7749 0026303  35.7343 324.4599  2.00576043 40293
1 40294U 14068A   20122.29884882  .00000078  00000-0  00000-0 0  9999
2 40294  55.3215 118.7551 0026314  35.7326 324.4624  2.00576072 40325
1 40294U 14068A   20123.29594698  .00000080  00000-0  00000-0 0  9996
2 40294  55.3220 118.7155 0026345  35.7573 324.4389  2.00576130 40344
1 40294U 14068A   20123.79449514  .00000080  00000-0  00000-0 0  9997
2 40294  55.3223 118.6956 0026360  35.7631 324.4329  2.00576169 40354
1 40294U 14068A   20125.29013277  .00000071  00000-0  00000+0 0  9996
2 40294  55.3230 118.6362 0026407  35.7936 324.3985  2.00576275 40369
1 40294U 14068A   20126.28722157  .00000060  00000-0  00000-0 0  9999
2 40294  55.3236 118.5965 0026430  35.8383 324.3486  2.00576331 40400
1 40294U 14068A   20127.28430604  .00000047  00000-0  00000-0 0  9998
2 40294  55.3241 118.5569 0026437  35.8592 324.3208  2.00576425 40423
1 40294U 14068A   20128.28139214  .00000033  00000-0  00000+0 0  9996
2 40294  55.3247 118.5172 0026479  35.8886 324.2845  2.00576513 40425
1 40294U 14068A   20129.27847755  .00000022  00000-0  00000-0 0  9991
2 40294  55.3252 118.4776 0026503  35.9302 324.2369  2.00576599 40461
1 40294U 14068A   20130.27556559  .00000015  00000-0  00000-0 0  9994
2 40294  55.3258 118.4379 0026525  35.9404 324.2225  2.00576673 40489
1 40294U 14068A   20130.77411075  .00000013  00000-0  00000+0 0  9999
2 40294  55.3261 118.4181 0026539  35.9611 324.2005  2.00576727 40474
1 40294U 14068A   20131.27265672  .00000013  00000-0  00000-0 0  9996
2 40294  55.3263 118.3983 0026553  35.9701 324.1909  2.00576762 40506
1 40294U 14068A   20132.76829817  .00000020  00000-0  00000-0 0  9996
2 40294  55.3272 118.3389 0026599  36.0059 324.1562  2.00576928 40536
1 40294U 14068A   20134.26394137  .00000032  00000-0  00000+0 0  9997
2 40294  55.3280 118.2795 0026639  36.0783 324.0880  2.00577084 40541
1 40294U 14068A   20135.26103814  .00000041  00000-0  00000-0 0  9999
2 40294  55.3285 118.2399 0026667  36.1183 324.0510  2.00577154 40584
1 40294U 14068A   20136.25813259  .00000047  00000-0  00000-0 0  9996
2 40294  55.3290 118.2003 0026702  36.1615 324.0102  2.00577255 40604
1 40294U 14068A   20137.25522581  .00000050  00000-0  00000-0 0  9996
2 40294  55.3295 118.1607 0026731  36.2013 323.9716  2.00577318 40602
1 40294U 14068A   20137.25522596  .00000050  00000-0  00000-0 0  9992
2 40294  55.3295 118.1606 0026737  36.2000 323.9729  2.00577337 40620
1 40294U 14068A   20137.75377155  .00000050  00000-0  00000-0 0  9996
2 40294  55.3297 118.1408 0026752  36.2180 323.9549  2.00577371 40637
1 40294U 14068A   20138.25231680  .00000049  00000-0  00000-0 0  9992
2 40294  55.3300 118.1210 0026761  36.2438 323.9289  2.00577375 40645
1 40294U 14068A   20139.74794665  .00000044  00000-0  00000+0 0  9998
2 40294  55.3307 118.0617 0026808  36.2840 323.8858  2.00577529 40654
1 40294U 14068A   20140.24649003  .00000042  00000-0  00000-0 0  9999
2 40294  55.3310 118.0419 0026823  36.2957 323.8726  2.00577541 40685
1 40294U 14068A   20141.24357463  .00000037  00000-0  00000-0 0  9990
2 40294  55.3315 118.0024 0026869  36.3471 323.8177  2.00577614 40708
1 40294U 14068A   20141.74211745  .00000035  00000-0  00000-0 0  9995
2 40294  55.3317 117.9826 0026896  36.3618 323.8012  2.00577637 40715
1 40294U 14068A   20142.24065929  .00000034  00000-0  00000+0 0  9990
2 40294  55.3320 117.9628 0026908  36.3926 323.7685  2.00577653 40707
1 40294U 14068A   20143.23774230  .00000032  00000-0  00000-0 0  9991
2 40294  55.3325 117.9232 0026928  36.4156 323.7418  2.00577723 40747
1 40294U 14068A   20147.72464005  .00000048  00000-0  00000-0 0  9992
2 40294  55.3346 117.7451 0027066  36.6350 323.5223  2.00577928 40832
1 40294U 14068A   20147.72464019  .00000048  00000-0  00000+0 0  9996
2 40294  55.3346 117.7451 0027054  36.6210 323.5361  2.00577905 40810
1 40294U 14068A   20148.72173052  .00000053  00000-0  00000-0 0  9998
2 40294  55.3351 117.7055 0027100  36.6860 323.4747  2.00578030 40850
1 40294U 14068A   20149.71882155  .00000057  00000-0  00000-0 0  9993
2 40294  55.3356 117.6659 0027118  36.7139 323.4499  2.00578089 40873
1 40294U 14068A   20150.71591226  .00000058  00000-0  00000+0 0  9991
2 40294  55.3360 117.6263 0027154  36.7720 323.3940  2.00578126 40877
1 40294U 14068A   20152.21154109  .00000051  00000-0  00000-0 0  9997
2 40294  55.3368 117.5668 0027203  36.8613 323.3042  2.00578197 40905
1 40294U 14068A   20152.21154109  .00000051  00000-0  00000-0 0  9997
2 40294  55.3368 117.5668 0027203  36.8613 323.3042  2.00578197 40927
1 40294U 14068A   20154.20570079  .00000028  00000-0  00000-0 0  9990
2 40294  55.3378 117.4875 0027269  37.0150 323.1427  2.00578355 40963
1 40294U 14068A   20155.20277684  .00000013  00000-0  00000-0 0  9991
2 40294  55.3379 117.4479 0027286  37.0592 323.0928  2.00578481 40980
1 40294U 14068A   20155.20277715  .00000013  00000-0  00000+0 0  9995
2 40294  55.3381 117.4479 0027289  37.0665 323.0856  2.00578457 40968
1 40294U 14068A   20156.19985412 -.00000000  00000-0  00000-0 0  9992
2 40294  55.3386 117.4082 0027313  37.1177 323.0294  2.00578554 41000
1 40294U 14068A   20157.19693329 -.00000010  00000-0  00000-0 0  9997
2 40294  55.3391 117.3686 0027336  37.1626 322.9810  2.00578638 41026
1 40294U 14068A   20158.19401501 -.00000014  00000-0  00000-0 0  9991
2 40294  55.3396 117.3290 0027362  37.2159 322.9265  2.00578743 41024
1 40294U 14068A   20159.19110086 -.00000014  00000-0  00000-0 0  9997
2 40294  55.3401 117.2894 0027397  37.2881 322.8556  2.00578821 41063
1 40294U 14068A   20161.18527607 -.00000001  00000-0  00000-0 0  9996
2 40294  55.3411 117.2102 0027453  37.3740 322.7771  2.00579038 41108
1 40294U 14068A   20162.18236240  .00000006  00000-0  00000-0 0  9991
2 40294  55.3415 117.1705 0027488  37.4574 322.6986  2.00579216 41121
1 40294U 14068A   20163.67799693  .00000015  00000-0  00000+0 0  9991
2 40294  55.3420 117.1111 0027543  37.5929 322.5695  2.00579253 41133
1 40294U 14068A   20164.17653980  .00000016  00000-0  00000-0 0  9997
2 40294  55.3423 117.0913 0027556  37.6356 322.5283  2.00579281 41161
1 40294U 14068A   20165.17362259  .00000016  00000-0  00000-0 0  9994
2 40294  55.3427 117.0517 0027582  37.6841 322.4818  2.00579388 41164
1 40294U 14068A   20165.67216319  .00000014  00000-0  00000-0 0  9992
2 40294  55.3429 117.0319 0027585  37.6875 322.4787  2.00579403 41192
1 40294U 14068A   20165.67216395  .00000014  00000-0  00000-0 0  9996
2 40294  55.3429 117.0319 0027594  37.7047 322.4616  2.00579406 41198
1 40294U 14068A   20166.17070368  .00000013  00000-0  00000-0 0  9999
2 40294  55.3432 117.0121 0027610  37.7370 322.4295  2.00579467 41203
1 40294U 14068A   20167.16778280  .00000008  00000-0  00000-0 0  9991
2 40294  55.3436 116.9725 0027644  37.7967 322.3691  2.00579547 41224
1 40294U 14068A   20168.16486105  .00000003  00000-0  00000+0 0  9998
2 40294  55.3440 116.9329 0027678  37.8513 322.3131  2.00579584 41224
1 40294U 14068A   20170.15901583 -.00000005  00000-0  00000-0 0  9996
2 40294  55.3449 116.8537 0027745  37.9736 322.1871  2.00579663 41289
1 40294U 14068A   20172.15317055 -.00000003  00000-0  00000-0 0  9991
2 40294  55.3458 116.7746 0027819  38.1356 322.0246  2.00579831 41308
1 40294U 14068A   20173.15025089  .00000000  00000-0  00000-0 0  9991
2 40294  55.3462 116.7349 0027848  38.2274 321.9347  2.00579896 41349
1 40294U 14068A   20174.64587473  .00000009  00000-0  00000+0 0  9994
2 40294  55.3469 116.6755 0027881  38.3082 321.8593  2.00579968 41354
1 40294U 14068A   20176.14150314  .00000017  00000-0  00000-0 0  9991
2 40294  55.3475 116.6161 0027938  38.4368 321.7388  2.00580016 41406
1 40294U 14068A   20178.13566776  .00000022  00000-0  00000+0 0  9990
2 40294  55.3484 116.5368 0027989  38.5637 321.6208  2.00580156 41427
1 40294U 14068A   20179.13293620  .00000018  00000-0  00000+0 0  9991
2 40294  55.3488 116.4969 0028144  39.0537 321.1353  2.00575339 41441
1 40294U 14068A   20179.13293620  .00000018  00000-0  00000-0 0  9992
2 40294  55.3488 116.4969 0028144  39.0537 321.1353  2.00575339 41463
1 40294U 14068A   20179.13296243  .00000018  00000-0  00000+0 0  9995
2 40294  55.3488 116.4968 0027932  38.3861 321.7985  2.00574037 41447
1 40294U 14068A   20180.13006898  .00000010  00000-0  00000+0 0  9994
2 40294  55.3492 116.4571 0027937  38.4016 321.7822  2.00573470 41462
1 40294U 14068A   20181.12739726 -.00000003  00000-0  00000+0 0  9990
2 40294  55.3496 116.4179 0028662  40.7522 319.4441  2.00550255 41483
1 40294U 14068A   20182.12461283 -.00000017  00000-0  00000-0 0  9997
2 40294  55.3500 116.3782 0028679  40.7872 319.4053  2.00549984 41525
1 40294U 14068A   20183.12180950 -.00000031  00000-0  00000+0 0  9992
2 40294  55.3505 116.3384 0028675  40.8274 319.3613  2.00549024 41527
1 40294U 14068A   20183.12180950 -.00000031  00000-0  00000-0 0  9993
2 40294  55.3505 116.3384 0028675  40.8274 319.3613  2.00549024 41527
1 40294U 14068A   20185.61487959 -.00000049  00000-0  00000+0 0  9996
2 40294  55.3516 116.2394 0028748  41.0144 319.1727  2.00549399 41573
1 40294U 14068A   20186.11349347 -.00000049  00000-0  00000-0 0  9991
2 40294  55.3518 116.2196 0028723  40.9511 319.2366  2.00549495 41582
1 40294U 14068A   20186.11349347 -.00000049  00000-0  00000-0 0  9991
2 40294  55.3518 116.2196 0028723  40.9511 319.2366  2.00549495 41605
1 40294U 14068A   20190.10244324 -.00000023  00000-0  00000+0 0  9995
2 40294  55.3536 116.0611 0028872  41.3500 318.8612  2.00549807 41665
1 40294U 14068A   20190.60106073 -.00000020  00000-0  00000-0 0  9996
2 40294  55.3539 116.0414 0028888  41.3913 318.8228  2.00549863 41692
1 40294U 14068A   20191.09967880 -.00000019  00000-0  00000-0 0  9999
2 40294  55.3541 116.0214 0028900  41.4290 318.7875  2.00549874 41685
1 40294U 14068A   20192.09689094 -.00000017  00000-0  00000+0 0  9995
2 40294  55.3546 115.9812 0027998  41.5225 318.6912  2.00550015 41700
1 40294U 14068A   20192.09690990 -.00000017  00000-0  00000-0 0  9993
2 40294  55.3545 115.9818 0028927  41.4952 318.7254  2.00550011 41722
1 40294U 14068A   20193.09417084 -.00000019  00000-0  00000+0 0  9996
2 40294  55.3550 115.9416 0028885  44.7648 315.4714  2.00548540 41722
1 40294U 14068A   20193.09417084 -.00000019  00000-0  00000-0 0  9997
2 40294  55.3550 115.9416 0028885  44.7648 315.4714  2.00548540 41744
1 40294U 14068A   20194.58998416 -.00000025  00000-0  00000+0 0  9991
2 40294  55.3555 115.8828 0029016  41.9023 318.3235  2.00550084 41755
1 40294U 14068A   20195.08859376 -.00000028  00000-0  00000-0 0  9992
2 40294  55.3558 115.8631 0029007  41.7097 318.5150  2.00550233 41786
1 40294U 14068A   20195.58720740 -.00000030  00000-0  00000-0 0  9992
2 40294  55.3560 115.8432 0029024  41.7453 318.4793  2.00550233 41796
1 40294U 14068A   20196.08581954 -.00000032  00000-0  00000-0 0  9992
2 40294  55.3562 115.8234 0029043  41.7828 318.4416  2.00550277 41807
1 40294U 14068A   20197.08304456 -.00000035  00000-0  00000+0 0  9995
2 40294  55.3566 115.7838 0029074  41.8532 318.3709  2.00550324 41804
1 40294U 14068A   20198.08026914 -.00000035  00000-0  00000-0 0  9997
2 40294  55.3571 115.7441 0029101  41.9183 318.3060  2.00550394 41845
1 40294U 14068A   20200.07472188 -.00000029  00000-0  00000-0 0  9991
2 40294  55.3579 115.6649 0029163  42.0843 318.1440  2.00550554 41887
1 40294U 14068A   20200.07472189 -.00000029  00000-0  00000+0 0  9991
2 40294  55.3579 115.6649 0029163  42.0844 318.1439  2.00550554 41864
1 40294U 14068A   20200.07472189 -.00000029  00000-0  00000-0 0  9992
2 40294  55.3579 115.6649 0029163  42.0844 318.1439  2.00550554 41864
1 40294U 14068A   20205.06087740 -.00000001  00000-0  00000-0 0  9991
2 40294  55.3601 115.4666 0029315  42.5045 317.7523  2.00550821 41961
1 40294U 14068A   20206.05810544 -.00000002  00000-0  00000-0 0  9998
2 40294  55.3605 115.4270 0029340  42.5833 317.6773  2.00550857 42000
1 40294U 14068A   20206.55671713 -.00000004  00000-0  00000-0 0  9998
2 40294  55.3608 115.4071 0029359  42.6369 317.6248  2.00550918 42013
1 40294U 14068A   20208.05254860 -.00000017  00000-0  00000+0 0  9998
2 40294  55.3615 115.3476 0029399  42.7649 317.4964  2.00551024 42028
1 40294U 14068A   20209.04976593 -.00000029  00000-0  00000-0 0  9996
2 40294  55.3619 115.3079 0029422  42.8465 317.4124  2.00551106 42068
1 40294U 14068A   20209.54837469 -.00000036  00000-0  00000-0 0  9997
2 40294  55.3621 115.2881 0029438  42.9160 317.3416  2.00551157 42071
1 40294U 14068A   20213.03864205 -.00000063  00000-0  00000-0 0  9994
2 40294  55.3638 115.1493 0029516  43.1599 317.0956  2.00551416 42123
1 40294U 14068A   20213.53725404 -.00000062  00000-0  00000-0 0  9995
2 40294  55.3641 115.1295 0029532  43.2206 317.0368  2.00551482 42154
1 40294U 14068A   20216.03032166 -.00000044  00000-0  00000+0 0  9998
2 40294  55.3654 115.0304 0029593  43.4306 316.8417  2.00551714 42181
1 40294U 14068A   20221.01643842 -.00000028  00000-0  00000+0 0  9993
2 40294  55.3679 114.8324 0029740  43.8667 316.4284  2.00552148 42286
1 40294U 14068A   20222.01365394 -.00000031  00000-0  00000-0 0  9992
2 40294  55.3684 114.7927 0029771  43.9404 316.3553  2.00552266 42306
1 40294U 14068A   20222.51226264 -.00000033  00000-0  00000-0 0  9991
2 40294  55.3686 114.7729 0029786  43.9900 316.3058  2.00552285 42339
1 40294U 14068A   20223.01087064 -.00000035  00000-0  00000-0 0  9992
2 40294  55.3689 114.7531 0029801  44.0445 316.2512  2.00552303 42343
1 40294U 14068A   20223.01087134 -.00000035  00000-0  00000-0 0  9990
2 40294  55.3689 114.7531 0029800  44.0332 316.2625  2.00552280 42346
1 40294U 14068A   20223.50947974 -.00000036  00000-0  00000-0 0  9992
2 40294  55.3691 114.7333 0029815  44.0709 316.2245  2.00552278 42359
1 40294U 14068A   20224.00808644 -.00000037  00000-0  00000-0 0  9999
2 40294  55.3693 114.7135 0029833  44.1083 316.1870  2.00552331 42361
1 40294U 14068A   20226.00251933 -.00000035  00000-0  00000+0 0  9991
2 40294  55.3704 114.6342 0029892  44.2712 316.0248  2.00552374 42385
1 40294U 14068A   20226.99972990 -.00000030  00000-0  00000-0 0  9998
2 40294  55.3709 114.5945 0029885  44.2935 316.0041  2.00552607 42422
1 40294U 14068A   20228.99416716 -.00000014  00000-0  00000+0 0  9990
2 40294  55.3719 114.5152 0029919  44.3870 315.9186  2.00552733 42440
1 40294U 14068A   20228.99416979 -.00000014  00000-0  00000-0 0  9992
2 40294  55.3719 114.5152 0029917  44.3961 315.9095  2.00552654 42462
1 40294U 14068A   20229.99138973 -.00000006  00000-0  00000-0 0  9999
2 40294  55.3724 114.4755 0029941  44.4614 315.8499  2.00552744 42488
1 40294U 14068A   20230.98861191  .00000002  00000-0  00000-0 0  9990
2 40294  55.3729 114.4359 0029966  44.5415 315.7760  2.00552768 42509
1 40294U 14068A   20231.48722155  .00000005  00000-0  00000+0 0  9994
2 40294  55.3732 114.4160 0029980  44.5767 315.7436  2.00552814 42499
1 40294U 14068A   20231.98583031  .00000007  00000-0  00000-0 0  9990
2 40294  55.3734 114.3961 0029987  44.6115 315.7114  2.00552869 42521
1 40294U 14068A   20232.48443898  .00000009  00000-0  00000-0 0  9994
2 40294  55.3737 114.3763 0029999  44.6501 315.6749  2.00552911 42538
1 40294U 14068A   20232.98304908  .00000009  00000-0  00000-0 0  9997
2 40294  55.3739 114.3564 0030013  44.6877 315.6390  2.00552881 42543
1 40294U 14068A   20233.98026076  .00000007  00000-0  00000+0 0  9992
2 40294  55.3744 114.3167 0030033  44.7462 315.5819  2.00553012 42543
1 40294U 14068A   20234.97747244 -.00000000  00000-0  00000-0 0  9994
2 40294  55.3750 114.2771 0030056  44.8210 315.5063  2.00553032 42562
1 40294U 14068A   20235.97467920 -.00000010  00000-0  00000-0 0  9996
2 40294  55.3755 114.2374 0030075  44.8967 315.4279  2.00553114 42600
1 40294U 14068A   20236.97188421 -.00000022  00000-0  00000-0 0  9996
2 40294  55.3760 114.1977 0030091  44.9598 315.3609  2.00553200 42605
1 40294U 14068A   20236.97188421 -.00000022  00000-0  00000-0 0  9996
2 40294  55.3760 114.1977 0030091  44.9598 315.3609  2.00553200 42627
1 40294U 14068A   20238.96629645 -.00000041  00000-0  00000-0 0  9996
2 40294  55.3772 114.1184 0030134  45.1893 315.1263  2.00553394 42649
1 40294U 14068A   20239.96350774 -.00000044  00000-0  00000-0 0  9994
2 40294  55.3777 114.0787 0030155  45.2642 315.0514  2.00553430 42669
1 40294U 14068A   20239.96350774 -.00000044  00000-0  00000-0 0  9994
2 40294  55.3777 114.0787 0030155  45.2642 315.0514  2.00553430 42681
1 40294U 14068A   20240.96072503 -.00000041  00000-0  00000-0 0  9994
2 40294  55.3783 114.0391 0030172  45.3375 314.9803  2.00553358 42680
1 40294U 14068A   20243.95236490 -.00000016  00000-0  00000-0 0  9995
2 40294  55.3798 113.9200 0030245  45.6438 314.6893  2.00553870 42761
1 40294U 14068A   20243.95236545 -.00000016  00000-0  00000+0 0  9995
2 40294  55.3798 113.9200 0030237  45.5797 314.7530  2.00553823 42744
1 40294U 14068A   20244.94957914 -.00000008  00000-0  00000-0 0  9997
2 40294  55.3803 113.8804 0030266  45.7437 314.5944  2.00553973 42782
1 40294U 14068A   20245.94679509 -.00000003  00000-0  00000-0 0  9994
2 40294  55.3809 113.8407 0030286  45.8237 314.5182  2.00553944 42780
1 40294U 14068A   20246.94400478 -.00000001  00000-0  00000-0 0  9990
2 40294  55.3814 113.8011 0030305  45.8864 314.4576  2.00554038 42809
1 40294U 14068A   20246.94400478 -.00000001  00000-0  00000-0 0  9990
2 40294  55.3814 113.8011 0030305  45.8864 314.4576  2.00554038 42821
1 40294U 14068A   20250.93282395 -.00000010  00000-0  00000+0 0  9999
2 40294  55.3836 113.6426 0030419  46.2228 314.1183  2.00554384 42889
1 40294U 14068A   20250.93282395 -.00000010  00000-0  00000-0 0  9990
2 40294  55.3836 113.6426 0030419  46.2228 314.1183  2.00554384 42889
1 40294U 14068A   20253.92443284 -.00000002  00000-0  00000+0 0  9998
2 40294  55.3854 113.5238 0030463  46.4456 313.8924  2.00554576 42942
1 40294U 14068A   20253.92443284 -.00000002  00000-0  00000-0 0  9999
2 40294  55.3854 113.5238 0030463  46.4456 313.8924  2.00554576 42964
1 40294U 14068A   20254.92163879  .00000005  00000-0  00000-0 0  9991
2 40294  55.3860 113.4841 0030479  46.4347 313.9042  2.00554597 42983
1 40294U 14068A   20255.91884526  .00000014  00000-0  00000-0 0  9990
2 40294  55.3866 113.4445 0030494  46.4880 313.8535  2.00554677 42983
1 40294U 14068A   20256.91605331  .00000023  00000-0  00000-0 0  9996
2 40294  55.3873 113.4048 0030508  46.5218 313.8233  2.00554751 43026
1 40294U 14068A   20257.91326299  .00000032  00000-0  00000-0 0  9990
2 40294  55.3878 113.3650 0030518  46.5373 313.8118  2.00554747 43029
1 40294U 14068A   20260.90487918  .00000043  00000-0  00000-0 0  9991
2 40294  55.3895 113.2459 0030564  46.7161 313.6399  2.00554938 43089
1 40294U 14068A   20261.90207587  .00000039  00000-0  00000-0 0  9999
2 40294  55.3901 113.2063 0030577  46.7876 313.5666  2.00555080 43103
1 40294U 14068A   20262.89927237  .00000030  00000-0  00000-0 0  9990
2 40294  55.3907 113.1666 0030588  46.9046 313.4457  2.00555128 43122
1 40294U 14068A   20263.89646560  .00000019  00000-0  00000-0 0  9995
2 40294  55.3913 113.1269 0030603  46.9435 313.4012  2.00555194 43162
1 40294U 14068A   20264.89365802  .00000008  00000-0  00000-0 0  9991
2 40294  55.3919 113.0872 0030613  47.0014 313.3376  2.00555274 43186
1 40294U 14068A   20265.89085313 -.00000001  00000-0  00000-0 0  9992
2 40294  55.3921 113.0475 0030625  47.0824 313.2519  2.00555313 43182
1 40294U 14068A   20266.38945130 -.00000004  00000-0  00000-0 0  9992
2 40294  55.3924 113.0277 0030631  47.1109 313.2217  2.00555333 43210
1 40294U 14068A   20267.88524685 -.00000005  00000-0  00000-0 0  9997
2 40294  55.3935 112.9683 0030645  47.1884 313.1423  2.00555509 43220
1 40294U 14068A   20267.88524685 -.00000005  00000-0  00000-0 0  9997
2 40294  55.3935 112.9683 0030645  47.1884 313.1423  2.00555509 43242
1 40294U 14068A   20269.38104960  .00000004  00000-0  00000-0 0  9992
2 40294  55.3946 112.9089 0030661  47.2669 313.0665  2.00555637 43254
1 40294U 14068A   20269.38104960  .00000004  00000-0  00000-0 0  9992
2 40294  55.3946 112.9089 0030661  47.2669 313.0665  2.00555637 43276
1 40294U 14068A   20271.37545581  .00000023  00000-0  00000-0 0  9993
2 40294  55.3958 112.8297 0030679  47.3695 312.9704  2.00555781 43292
1 40294U 14068A   20271.87405631  .00000027  00000-0  00000-0 0  9993
2 40294  55.3961 112.8099 0030691  47.4245 312.9169  2.00555896 43306
1 40294U 14068A   20272.87125701  .00000033  00000-0  00000-0 0  9998
2 40294  55.3967 112.7703 0030705  47.4820 312.8616  2.00555953 43320
1 40294U 14068A   20273.86845459  .00000036  00000-0  00000-0 0  9990
2 40294  55.3974 112.7307 0030715  47.5365 312.8077  2.00556055 43363
1 40294U 14068A   20274.36705327  .00000036  00000-0  00000-0 0  9995
2 40294  55.3977 112.7109 0030719  47.5706 312.7733  2.00556077 43372
1 40294U 14068A   20274.86565046  .00000035  00000-0  00000-0 0  9991
2 40294  55.3981 112.6911 0030725  47.5847 312.7585  2.00556122 43365
1 40294U 14068A   20275.86284385  .00000032  00000-0  00000-0 0  9993
2 40294  55.3986 112.6515 0030732  47.6350 312.7059  2.00556201 43407
1 40294U 14068A   20276.86003528  .00000029  00000-0  00000-0 0  9998
2 40294  55.3991 112.6119 0030741  47.6606 312.6768  2.00556250 43407
1 40294U 14068A   20276.86003528  .00000029  00000-0  00000-0 0  9998
2 40294  55.3991 112.6119 0030741  47.6606 312.6768  2.00556250 43429
1 40294U 14068A   20277.85722617  .00000026  00000-0  00000-0 0  9992
2 40294  55.3997 112.5724 0030764  47.7159 312.6178  2.00556335 43446
1 40294U 14068A   20278.35582054  .00000025  00000-0  00000-0 0  9996
2 40294  55.4001 112.5526 0030776  47.7343 312.5974  2.00556390 43434
1 40294U 14068A   20278.35582054  .00000025  00000-0  00000-0 0  9996
2 40294  55.4001 112.5526 0030776  47.7343 312.5974  2.00556390 43456
1 40294U 14068A   20280.84879650  .00000030  00000-0  00000+0 0  9999
2 40294  55.4017 112.4536 0030804  47.8475 312.4766  2.00556552 43483
1 40294U 14068A   20280.84879650  .00000030  00000-0  00000-0 0  9990
2 40294  55.4017 112.4536 0030804  47.8475 312.4766  2.00556552 43483
1 40294U 14068A   20281.84599064  .00000036  00000-0  00000-0 0  9995
2 40294  55.4023 112.4140 0030819  47.9019 312.4212  2.00556588 43522
1 40294U 14068A   20282.84318582  .00000044  00000-0  00000-0 0  9999
2 40294  55.4030 112.3744 0030825  47.9478 312.3757  2.00556622 43527
1 40294U 14068A   20283.84038113  .00000053  00000-0  00000-0 0  9999
2 40294  55.4037 112.3348 0030828  47.9915 312.3337  2.00556694 43560
1 40294U 14068A   20284.83757713  .00000062  00000-0  00000-0 0  9993
2 40294  55.4043 112.2952 0030835  48.0090 312.3185  2.00556778 43565
1 40294U 14068A   20284.83757713  .00000062  00000-0  00000-0 0  9993
2 40294  55.4043 112.2952 0030835  48.0090 312.3185  2.00556778 43587
1 40294U 14068A   20287.33056482  .00000075  00000-0  00000+0 0  9999
2 40294  55.4058 112.1961 0030857  48.1009 312.2304  2.00556886 43613
1 40294U 14068A   20287.33056482  .00000075  00000-0  00000-0 0  9990
2 40294  55.4058 112.1961 0030857  48.1009 312.2304  2.00556886 43635
1 40294U 14068A   20287.82916033  .00000075  00000-0  00000-0 0  9991
2 40294  55.4061 112.1763 0030860  48.1240 312.2068  2.00556915 43629
1 40294U 14068A   20288.32775470  .00000074  00000-0  00000-0 0  9994
2 40294  55.4064 112.1564 0030862  48.1471 312.1827  2.00556953 43656
1 40294U 14068A   20288.82634906  .00000072  00000-0  00000-0 0  9995
2 40294  55.4067 112.1366 0030867  48.1678 312.1603  2.00556962 43644
1 40294U 14068A   20290.32212472  .00000059  00000-0  00000-0 0  9998
2 40294  55.4077 112.0771 0030873  48.2356 312.0844  2.00557076 43671
1 40294U 14068A   20290.82071537  .00000053  00000-0  00000-0 0  9992
2 40294  55.4081 112.0573 0030872  48.2612 312.0553  2.00557116 43706
1 40294U 14068A   20291.31930636  .00000047  00000-0  00000-0 0  9994
2 40294  55.4083 112.0375 0030867  48.2747 312.0381  2.00557115 43697
1 40294U 14068A   20291.81789701  .00000041  00000-0  00000-0 0  9998
2 40294  55.4087 112.0176 0030871  48.2937 312.0154  2.00557174 43701
1 40294U 14068A   20292.81507849  .00000030  00000-0  00000-0 0  9998
2 40294  55.4093 111.9780 0030880  48.3292 311.9733  2.00557235 43723
1 40294U 14068A   20293.81226084  .00000023  00000-0  00000-0 0  9990
2 40294  55.4100 111.9384 0030875  48.3519 311.9453  2.00557359 43746
1 40294U 14068A   20296.30523033  .00000026  00000-0  00000+0 0  9993
2 40294  55.4117 111.8393 0030889  48.4265 311.8677  2.00557575 43799
1 40294U 14068A   20296.30523033  .00000026  00000-0  00000-0 0  9994
2 40294  55.4117 111.8393 0030889  48.4265 311.8677  2.00557575 43812
1 40294U 14068A   20297.30242123  .00000033  00000-0  00000-0 0  9991
2 40294  55.4124 111.7997 0030889  48.4446 311.8512  2.00557655 43839
1 40294U 14068A   20298.29961413  .00000041  00000-0  00000-0 0  9999
2 40294  55.4130 111.7601 0030897  48.4833 311.8146  2.00557762 43851
1 40294U 14068A   20299.79539897  .00000051  00000-0  00000+0 0  9992
2 40294  55.4139 111.7007 0030894  48.5402 311.7600  2.00557867 43861
1 40294U 14068A   20299.79539897  .00000051  00000-0  00000-0 0  9993
2 40294  55.4139 111.7007 0030894  48.5402 311.7600  2.00557867 43861
1 40294U 14068A   20300.79258725  .00000053  00000-0  00000-0 0  9996
2 40294  55.4146 111.6611 0030897  48.5853 311.7149  2.00557964 43880
1 40294U 14068A   20301.78977258  .00000052  00000-0  00000-0 0  9994
2 40294  55.4152 111.6215 0030903  48.6034 311.6953  2.00558044 43902
1 40294U 14068A   20302.78695578  .00000049  00000-0  00000-0 0  9993
2 40294  55.4158 111.5820 0030903  48.6042 311.6915  2.00558135 43929
1 40294U 14068A   20302.78695578  .00000049  00000-0  00000-0 0  9993
2 40294  55.4158 111.5820 0030903  48.6042 311.6915  2.00558135 43941
1 40294U 14068A   20304.28272621  .00000041  00000-0  00000-0 0  9992
2 40294  55.4167 111.5226 0030911  48.6258 311.6637  2.00558231 43958
1 40294U 14068A   20305.27990594  .00000037  00000-0  00000-0 0  9993
2 40294  55.4173 111.4831 0030923  48.6493 311.6357  2.00558321 43993
1 40294U 14068A   20306.27708573  .00000035  00000-0  00000-0 0  9996
2 40294  55.4179 111.4435 0030932  48.6702 311.6103  2.00558379 43994
1 40294U 14068A   20306.27708573  .00000035  00000-0  00000-0 0  9996
2 40294  55.4179 111.4435 0030932  48.6702 311.6103  2.00558379 44018
1 40294U 14068A   20308.77003839  .00000041  00000-0  00000+0 0  9992
2 40294  55.4194 111.3446 0030942  48.7153 311.5580  2.00558519 44045
1 40294U 14068A   20308.77003839  .00000041  00000-0  00000-0 0  9993
2 40294  55.4194 111.3446 0030942  48.7153 311.5580  2.00558519 44045
1 40294U 14068A   20309.76722282  .00000047  00000-0  00000-0 0  9999
2 40294  55.4200 111.3050 0030941  48.7375 311.5353  2.00558571 44067
1 40294U 14068A   20309.76722282  .00000047  00000-0  00000-0 0  9999
2 40294  55.4200 111.3050 0030941  48.7375 311.5353  2.00558571 44089
1 40294U 14068A   20310.76440855  .00000055  00000-0  00000-0 0  9993
2 40294  55.4206 111.2655 0030955  48.7346 311.5392  2.00558634 44081
1 40294U 14068A   20311.76159459  .00000063  00000-0  00000-0 0  9990
2 40294  55.4212 111.2259 0030939  48.7445 311.5310  2.00558696 44101
1 40294U 14068A   20315.25174025  .00000075  00000+0  00000+0 0  9995
2 40294  55.4233 111.0873 0030941  48.7905 311.4886  2.00558877 44195
1 40294U 14068A   20319.73902462  .00000029  00000-0  00000-0 0  9997
2 40294  55.4259 110.9090 0030922  48.8439 311.4099  2.00559141 44263
1 40294U 14068A   20319.73902462  .00000029  00000-0  00000-0 0  9997
2 40294  55.4259 110.9090 0030922  48.8439 311.4099  2.00559141 44285
1 40294U 14068A   20321.73337269  .00000013  00000-0  00000-0 0  9990
2 40294  55.4273 110.8298 0030890  48.8310 311.4136  2.00559345 44303
1 40294U 14068A   20321.73337269  .00000013  00000-0  00000-0 0  9990
2 40294  55.4273 110.8298 0030890  48.8310 311.4136  2.00559345 44325
1 40294U 14068A   20324.72491265  .00000022  00000-0  00000+0 0  9998
2 40294  55.4279 110.7112 0030804  48.4920 311.7529  2.00559164 44365
1 40294U 14068A   20324.72491265  .00000022  00000-0  00000-0 0  9999
2 40294  55.4279 110.7112 0030804  48.4920 311.7529  2.00559164 44365
1 40294U 14068A   20326.22070190  .00000031  00000-0  00000-0 0  9996
2 40294  55.4301 110.6510 0030857  49.0548 311.1968  2.00559862 44392
1 40294U 14068A   20326.22070190  .00000031  00000-0  00000-0 0  9996
2 40294  55.4301 110.6510 0030857  49.0548 311.1968  2.00559862 44415
1 40294U 14068A   20327.71646024  .00000035  00000-0  00000-0 0  9990
2 40294  55.4308 110.5922 0030887  48.8752 311.3782  2.00559887 44429
1 40294U 14068A   20328.71363891  .00000034  00000-0  00000-0 0  9998
2 40294  55.4314 110.5526 0030887  48.8651 311.3880  2.00559931 44467
1 40294U 14068A   20329.21222744  .00000032  00000-0  00000-0 0  9993
2 40294  55.4317 110.5328 0030889  48.8634 311.3892  2.00559934 44458
1 40294U 14068A   20329.71081629  .00000030  00000-0  00000-0 0  9991
2 40294  55.4319 110.5130 0030878  48.8407 311.4107  2.00559957 44463
1 40294U 14068A   20330.70798670  .00000024  00000-0  00000-0 0  9996
2 40294  55.4325 110.4735 0030881  48.8124 311.4362  2.00560138 44488
1 40294U 14068A   20331.20657242  .00000020  00000-0  00000-0 0  9997
2 40294  55.4328 110.4537 0030882  48.8042 311.4427  2.00560189 44513
1 40294U 14068A   20332.70232861  .00000012  00000-0  00000-0 0  9990
2 40294  55.4337 110.3944 0030887  48.8071 311.4346  2.00560294 44541
1 40294U 14068A   20333.20091587  .00000010  00000-0  00000-0 0  9992
2 40294  55.4340 110.3746 0030885  48.7747 311.4652  2.00560292 44539
1 40294U 14068A   20334.69667307  .00000009  00000-0  00000-0 0  9993
2 40294  55.4348 110.3152 0030883  48.7344 311.5015  2.00560445 44588
1 40294U 14068A   20335.19526184  .00000010  00000-0  00000-0 0  9998
2 40294  55.4350 110.2954 0030889  48.7365 311.4987  2.00560411 44590
1 40294U 14068A   20335.69384784  .00000012  00000-0  00000-0 0  9993
2 40294  55.4353 110.2756 0030888  48.7454 311.4895  2.00560479 44582
1 40294U 14068A   20336.69102408  .00000017  00000-0  00000-0 0  9990
2 40294  55.4359 110.2360 0030888  48.7550 311.4804  2.00560490 44624
1 40294U 14068A   20337.68820326  .00000023  00000-0  00000-0 0  9993
2 40294  55.4364 110.1965 0030887  48.7289 311.5084  2.00560510 44644
1 40294U 14068A   20338.18679075  .00000027  00000-0  00000-0 0  9996
2 40294  55.4366 110.1767 0030874  48.7135 311.5251  2.00560585 44639
1 40294U 14068A   20338.18679075  .00000027  00000-0  00000-0 0  9996
2 40294  55.4366 110.1767 0030874  48.7135 311.5251  2.00560585 44651
1 40294U 14068A   20338.68538073  .00000031  00000-0  00000-0 0  9998
2 40294  55.4369 110.1569 0030872  48.7000 311.5402  2.00560596 44664
1 40294U 14068A   20339.68255921  .00000037  00000-0  00000-0 0  9993
2 40294  55.4374 110.1174 0030866  48.6693 311.5745  2.00560673 44668
1 40294U 14068A   20339.68255921  .00000037  00000-0  00000-0 0  9993
2 40294  55.4374 110.1174 0030866  48.6693 311.5745  2.00560673 44680
1 40294U 14068A   20343.67125959  .00000036  00000-0  00000-0 0  9993
2 40294  55.4396 109.9589 0030840  48.6058 311.6426  2.00560843 44740
1 40294U 14068A   20343.67125959  .00000036  00000-0  00000-0 0  9993
2 40294  55.4396 109.9589 0030840  48.6058 311.6426  2.00560843 44762
1 40294U 14068A   20345.16700933  .00000019  00000-0  00000-0 0  9991
2 40294  55.4404 109.8995 0030825  48.5666 311.6755  2.00560970 44798
1 40294U 14068A   20346.16417379  .00000006  00000-0  00000+0 0  9996
2 40294  55.4410 109.8598 0030817  48.5482 311.6885  2.00561041 44795
1 40294U 14068A   20346.16417379  .00000006  00000-0  00000-0 0  9997
2 40294  55.4410 109.8598 0030817  48.5482 311.6885  2.00561041 44818
1 40294U 14068A   20348.65708953 -.00000020  00000-0  00000+0 0  9990
2 40294  55.4424 109.7608 0030804  48.4967 311.7306  2.00561217 44844
1 40294U 14068A   20348.65708953 -.00000020  00000-0  00000-0 0  9991
2 40294  55.4424 109.7608 0030804  48.4967 311.7306  2.00561217 44866
1 40294U 14068A   20350.15284569 -.00000023  00000-0  00000-0 0  9994
2 40294  55.4433 109.7014 0030793  48.4514 311.7764  2.00561338 44897
1 40294U 14068A   20351.64860818 -.00000017  00000-0  00000-0 0  9999
2 40294  55.4442 109.6420 0030786  48.4116 311.8212  2.00561461 44927
1 40294U 14068A   20352.64578268 -.00000011  00000-0  00000-0 0  9999
2 40294  55.4447 109.6024 0030782  48.3864 311.8509  2.00561595 44946
1 40294U 14068A   20353.64295777 -.00000006  00000-0  00000-0 0  9995
2 40294  55.4453 109.5628 0030777  48.3536 311.8880  2.00561713 44968
1 40294U 14068A   20354.64013360 -.00000003  00000-0  00000-0 0  9999
2 40294  55.4458 109.5232 0030763  48.3178 311.9269  2.00561704 44985
1 40294U 14068A   20355.13871855 -.00000003  00000-0  00000-0 0  9995
2 40294  55.4461 109.5034 0030759  48.2834 311.9625  2.00561825 44993
1 40294U 14068A   20356.63447301 -.00000007  00000-0  00000-0 0  9990
2 40294  55.4469 109.4440 0030739  48.2364 312.0108  2.00561904 45028
1 40294U 14068A   20358.62880504 -.00000020  00000-0  00000-0 0  9992
2 40294  55.4479 109.3648 0030751  48.1295 312.1155  2.00562103 45041
1 40294U 14068A   20360.62313324 -.00000030  00000-0  00000-0 0  9997
2 40294  55.4491 109.2856 0030774  48.2295 312.0131  2.00562268 45103
1 40294U 14068A   20362.61746466 -.00000029  00000-0  00000-0 0  9993
2 40294  55.4501 109.2064 0030752  48.0158 312.2255  2.00562388 45144
1 40294U 14068A   20363.11604984 -.00000027  00000-0  00000-0 0  9995
2 40294  55.4504 109.1866 0030703  47.9968 312.2448  2.00562396 45153
1 40294U 14068A   20363.11605001 -.00000027  00000-0  00000-0 0  9996
2 40294  55.4503 109.1866 0030750  47.9885 312.2535  2.00562386 45158

