1 43873U 18109A   20001.32805069  .00000079  00000-0  00000+0 0  9995
2 43873  55.0008 185.3430 0005754 225.6435 204.0708  2.00556758  7711
1 43873U 18109A   20001.78440623  .00000085  00000-0  00000-0 0  9994
2 43873  55.0008 185.3250 0005761 225.5794 173.6365  2.00556773  7814
1 43873U 18109A   20002.50109510  .00000093  00000-0  00000+0 0  9990
2 43873  55.0009 185.2967 0005779 225.4697 331.2155  2.00556775  7731
1 43873U 18109A   20002.72549470  .00000096  00000-0  00000-0 0  9991
2 43873  55.0009 185.2879 0005782 225.4631 133.2450  2.00556782  7821
1 43873U 18109A   20003.27597955  .00000101  00000-0  00000+0 0  9999
2 43873  55.0010 185.2661 0005799 225.3705 170.8032  2.00556796  7751
1 43873U 18109A   20003.72132706  .00000105  00000-0  00000-0 0  9993
2 43873  55.0010 185.2486 0005809 225.3299 132.3974  2.00556808  7848
1 43873U 18109A   20004.52976803  .00000110  00000-0  00000+0 0  9991
2 43873  55.0011 185.2166 0005826 225.2312 356.2134  2.00556825  7774
1 43873U 18109A   20004.70048080  .00000110  00000-0  00000-0 0  9999
2 43873  55.0011 185.2099 0005828 225.2402 119.4639  2.00556829  7864
1 43873U 18109A   20005.54007358  .00000112  00000-0  00000+0 0  9996
2 43873  55.0012 185.1767 0005840 225.1652   5.7488  2.00556846  7796
1 43873U 18109A   20005.77008068  .00000112  00000-0  00000+0 0  9990
2 43873  55.0012 185.1676 0005841 225.1701 171.8156  2.00556846  7800
1 43873U 18109A   20005.77008068  .00000112  00000-0  00000-0 0  9991
2 43873  55.0012 185.1676 0005841 225.1701 171.8156  2.00556846  7899
1 43873U 18109A   20006.77522278  .00000110  00000-0  00000-0 0  9994
2 43873  55.0013 185.1279 0005838 225.1223 177.6047  2.00556859  7914
1 43873U 18109A   20007.33955237  .00000108  00000-0  00000+0 0  9998
2 43873  55.0014 185.1056 0005843 225.0673 225.1218  2.00556864  7838
1 43873U 18109A   20007.72674269  .00000106  00000-0  00000+0 0  9992
2 43873  55.0014 185.0903 0005844 225.0488 144.7026  2.00556863  7846
1 43873U 18109A   20008.20521031  .00000103  00000-0  00000+0 0  9991
2 43873  55.0015 185.0714 0005860 225.0027 130.2159  2.00556860  7859
1 43873U 18109A   20008.67573111  .00000099  00000-0  00000-0 0  9993
2 43873  55.0016 185.0527 0005857 224.9692 109.9781  2.00556818  7941
1 43873U 18109A   20009.01268589  .00000097  00000-0  00000+0 0  9999
2 43873  55.0017 185.0394 0005863 224.9365 353.3018  2.00556816  7865
1 43873U 18109A   20010.24042248  .00000087  00000-0  00000+0 0  9997
2 43873  55.0019 184.9908 0005865 224.8813 159.8174  2.00556791  7892
1 43873U 18109A   20010.77221887  .00000084  00000-0  00000-0 0  9991
2 43873  55.0019 184.9698 0005867 224.8514 183.8193  2.00556777  7991
1 43873U 18109A   20011.64146209  .00000079  00000-0  00000+0 0  9995
2 43873  55.0021 184.9354 0005873 224.8324  91.4564  2.00556759  7917
1 43873U 18109A   20011.78911623  .00000079  00000-0  00000-0 0  9991
2 43873  55.0021 184.9296 0005874 224.8191 198.0802  2.00556754  8011
1 43873U 18109A   20012.49697873  .00000077  00000-0  00000+0 0  9995
2 43873  55.0021 184.9016 0005881 224.8152 349.1807  2.00556741  7936
1 43873U 18109A   20012.72686270  .00000077  00000-0  00000-0 0  9991
2 43873  55.0022 184.8925 0005880 224.7930 155.1857  2.00556739  8036
1 43873U 18109A   20013.51208441  .00000078  00000-0  00000+0 0  9999
2 43873  55.0022 184.8614 0005888 224.7470   2.1840  2.00556731  7953
1 43873U 18109A   20014.52323286  .00000082  00000-0  00000+0 0  9991
2 43873  55.0023 184.8214 0005899 224.6532  12.3556  2.00556740  7979
1 43873U 18109A   20014.76100490  .00000083  00000-0  00000-0 0  9999
2 43873  55.0023 184.8120 0005893 224.6129 184.0739  2.00556742  8075
1 43873U 18109A   20015.53663407  .00000087  00000-0  00000-0 0  9991
2 43873  55.0024 184.7813 0005898 224.4770  24.2360  2.00556762  8087
1 43873U 18109A   20015.99216691  .00000090  00000-0  00000-0 0  9994
2 43873  55.0024 184.7633 0005921 224.4116 353.2087  2.00556760  8098
1 43873U 18109A   20017.73963714  .00000093  00000-0  00000+0 0  9995
2 43873  55.0026 184.6942 0005934 224.0574 175.2864  2.00556859  8049
1 43873U 18109A   20018.27817091  .00000091  00000-0  00000-0 0  9990
2 43873  55.0026 184.6729 0005945 223.9406 204.2400  2.00556894  8145
1 43873U 18109A   20018.74505615  .00000088  00000-0  00000-0 0  9994
2 43873  55.0026 184.6544 0005957 223.8440 181.4411  2.00556929  8158
1 43873U 18109A   20019.52335911  .00000080  00000-0  00000-0 0  9993
2 43873  55.0027 184.6237 0005981 223.7064  23.5355  2.00556969  8164
1 43873U 18109A   20019.99563769  .00000074  00000-0  00000+0 0  9990
2 43873  55.0027 184.6051 0005993 223.6317   4.6089  2.00557004  8087
1 43873U 18109A   20020.53450480  .00000066  00000-0  00000-0 0  9999
2 43873  55.0027 184.5838 0006011 223.5612  33.7572  2.00557050  8180
1 43873U 18109A   20020.70275565  .00000063  00000-0  00000-0 0  9994
2 43873  55.0028 184.5772 0006013 223.5552 155.2452  2.00557061  8193
1 43873U 18109A   20021.17871613  .00000056  00000-0  00000-0 0  9994
2 43873  55.0028 184.5584 0006027 223.4736 138.9843  2.00557102  8202
1 43873U 18109A   20021.61821160  .00000048  00000-0  00000-0 0  9996
2 43873  55.0028 184.5410 0006043 223.3880  96.3986  2.00557139  8202
1 43873U 18109A   20022.01911031  .00000042  00000-0  00000+0 0  9991
2 43873  55.0028 184.5251 0006053 223.2907  25.9565  2.00557171  8123
1 43873U 18109A   20022.60127427  .00000033  00000-0  00000-0 0  9995
2 43873  55.0028 184.5021 0006069 223.1990  86.3879  2.00557221  8222
1 43873U 18109A   20023.50821144  .00000023  00000-0  00000-0 0  9991
2 43873  55.0028 184.4663 0006099 223.0479  21.3747  2.00557297  8245
1 43873U 18109A   20024.61188735  .00000016  00000-0  00000-0 0  9998
2 43873  55.0028 184.4227 0006145 222.9429  98.3666  2.00557357  8269
1 43873U 18109A   20024.75448059  .00000015  00000-0  00000+0 0  9999
2 43873  55.0028 184.4171 0006147 222.9192 201.3469  2.00557363  8181
1 43873U 18109A   20025.46715102  .00000016  00000-0  00000-0 0  9996
2 43873  55.0028 184.3890 0006174 222.8241 356.0116  2.00557419  8282
1 43873U 18109A   20026.24687483  .00000019  00000-0  00000-0 0  9996
2 43873  55.0028 184.3582 0006191 222.7200 199.1002  2.00557466  8308
1 43873U 18109A   20026.71457962  .00000023  00000-0  00000-0 0  9990
2 43873  55.0028 184.3397 0006207 222.6784 176.8390  2.00557494  8310
1 43873U 18109A   20027.26285118  .00000028  00000-0  00000+0 0  9997
2 43873  55.0027 184.3181 0006224 222.6271 212.7594  2.00557525  8232
1 43873U 18109A   20027.73085111  .00000033  00000-0  00000-0 0  9997
2 43873  55.0027 184.2996 0006234 222.5739 190.7230  2.00557547  8331
1 43873U 18109A   20027.96276865  .00000036  00000-0  00000-0 0  9993
2 43873  55.0028 184.2905 0006246 222.5687 358.1798  2.00557561  8332
1 43873U 18109A   20028.74399083  .00000045  00000-0  00000-0 0  9998
2 43873  55.0028 184.2597 0006268 222.5358 202.2794  2.00557588  8354
1 43873U 18109A   20028.97837817  .00000048  00000-0  00000-0 0  9998
2 43873  55.0028 184.2504 0006279 222.5370  11.5130  2.00557598  8354
1 43873U 18109A   20029.76242807  .00000056  00000-0  00000+0 0  9993
2 43873  55.0027 184.2194 0006281 222.4281 217.7306  2.00557618  8281
1 43873U 18109A   20030.46339084  .00000063  00000-0  00000-0 0  9995
2 43873  55.0028 184.1917 0006305 222.4393   3.8363  2.00557635  8382
1 43873U 18109A   20031.57384948  .00000070  00000-0  00000-0 0  9995
2 43873  55.0029 184.1480 0006331 222.4324  85.6293  2.00557657  8408
1 43873U 18109A   20031.71348377  .00000070  00000-0  00000-0 0  9997
2 43873  55.0029 184.1425 0006333 222.4435 186.4385  2.00557658  8416
1 43873U 18109A   20032.48940256  .00000072  00000-0  00000+0 0  9997
2 43873  55.0029 184.1119 0006365 222.5235  26.5954  2.00557624  8330
1 43873U 18109A   20033.20219880  .00000072  00000-0  00000-0 0  9991
2 43873  55.0030 184.0838 0006379 222.5740 181.2061  2.00557632  8444
1 43873U 18109A   20033.63937286  .00000071  00000-0  00000-0 0  9994
2 43873  55.0030 184.0665 0006386 222.5852 136.8483  2.00557640  8447
1 43873U 18109A   20033.74291677  .00000070  00000-0  00000-0 0  9992
2 43873  55.0030 184.0624 0006387 222.5869 211.6086  2.00557640  8453
1 43873U 18109A   20033.97518111  .00000069  00000-0  00000-0 0  9990
2 43873  55.0030 184.0533 0006392 222.5913  19.3063  2.00557643  8459
1 43873U 18109A   20034.98829506  .00000064  00000-0  00000+0 0  9999
2 43873  55.0031 184.0133 0006400 222.5949  30.8029  2.00557659  8384
1 43873U 18109A   20035.46180701  .00000060  00000-0  00000-0 0  9997
2 43873  55.0031 183.9946 0006409 222.6243  12.6640  2.00557660  8481
1 43873U 18109A   20036.00172480  .00000056  00000-0  00000-0 0  9998
2 43873  55.0032 183.9732 0006415 222.6397  42.4862  2.00557665  8495
1 43873U 18109A   20036.70841181  .00000051  00000-0  00000-0 0  9991
2 43873  55.0033 183.9453 0006419 222.6126 192.7635  2.00557662  8517
1 43873U 18109A   20037.18836760  .00000047  00000-0  00000-0 0  9996
2 43873  55.0033 183.9264 0006428 222.6475 179.2717  2.00557658  8521
1 43873U 18109A   20037.48823282  .00000044  00000-0  00000+0 0  9990
2 43873  55.0033 183.9145 0006433 222.6625  35.7688  2.00557659  8436
1 43873U 18109A   20038.19947888  .00000039  00000-0  00000-0 0  9993
2 43873  55.0034 183.8864 0006443 222.6989 189.2743  2.00557646  8543
1 43873U 18109A   20038.67333498  .00000037  00000-0  00000-0 0  9990
2 43873  55.0034 183.8677 0006449 222.7123 171.3999  2.00557640  8552
1 43873U 18109A   20039.14647219  .00000035  00000-0  00000-0 0  9990
2 43873  55.0034 183.8490 0006457 222.7515 152.9806  2.00557632  8563
1 43873U 18109A   20039.72789355  .00000033  00000-0  00000+0 0  9999
2 43873  55.0034 183.8259 0006457 222.7108 212.8258  2.00557623  8482
1 43873U 18109A   20040.15730010  .00000033  00000-0  00000-0 0  9993
2 43873  55.0034 183.8089 0006464 222.7346 162.8470  2.00557618  8580
1 43873U 18109A   20040.45656296  .00000033  00000-0  00000-0 0  9999
2 43873  55.0034 183.7971 0006471 222.7684  18.8903  2.00557612  8587
1 43873U 18109A   20041.57011297  .00000036  00000-0  00000-0 0  9992
2 43873  55.0034 183.7530 0006492 222.7702 102.9067  2.00557614  8603
1 43873U 18109A   20041.94246464  .00000038  00000-0  00000+0 0  9990
2 43873  55.0034 183.7383 0006500 222.7892  11.7372  2.00557615  8527
1 43873U 18109A   20042.57047317  .00000041  00000-0  00000-0 0  9991
2 43873  55.0034 183.7135 0006506 222.7137 105.2548  2.00557632  8624
1 43873U 18109A   20042.65840932  .00000042  00000-0  00000-0 0  9995
2 43873  55.0034 183.7100 0006508 222.7184 168.7427  2.00557634  8633
1 43873U 18109A   20043.36021750  .00000045  00000-0  00000-0 0  9996
2 43873  55.0034 183.6823 0006532 222.7572 315.4306  2.00557591  8642
1 43873U 18109A   20043.97507854  .00000047  00000-0  00000+0 0  9998
2 43873  55.0034 183.6579 0006543 222.6309  39.5062  2.00557636  8563
1 43873U 18109A   20044.44494666  .00000048  00000-0  00000-0 0  9999
2 43873  55.0034 183.6393 0006554 222.5890  18.8078  2.00557661  8669
1 43873U 18109A   20044.79558354  .00000047  00000-0  00000-0 0  9991
2 43873  55.0034 183.6255 0006553 222.5288 272.0389  2.00557679  8675
1 43873U 18109A   20045.55519344  .00000045  00000-0  00000-0 0  9990
2 43873  55.0034 183.5954 0006578 222.4594 100.5708  2.00557739  8684
1 43873U 18109A   20045.70029094  .00000044  00000-0  00000-0 0  9994
2 43873  55.0034 183.5897 0006580 222.4541 205.3411  2.00557744  8697
1 43873U 18109A   20046.46965240  .00000037  00000-0  00000+0 0  9991
2 43873  55.0034 183.5593 0006608 222.3781  40.9207  2.00557810  8618
1 43873U 18109A   20046.56370740  .00000036  00000-0  00000-0 0  9997
2 43873  55.0034 183.5556 0006612 222.3919 108.8176  2.00557818  8702
1 43873U 18109A   20046.71092979  .00000035  00000-0  00000-0 0  9998
2 43873  55.0034 183.5498 0006614 222.3830 215.1259  2.00557824  8713
1 43873U 18109A   20047.56205742  .00000023  00000-0  00000-0 0  9993
2 43873  55.0033 183.5162 0006648 222.3321 109.7183  2.00557899  8729
1 43873U 18109A   20048.42649410  .00000009  00000-0  00000-0 0  9997
2 43873  55.0033 183.4820 0006680 222.2608  13.9410  2.00557965  8747
1 43873U 18109A   20048.66637015  .00000005  00000-0  00000+0 0  9996
2 43873  55.0033 183.4725 0006688 222.2769 187.1232  2.00557984  8665
1 43873U 18109A   20049.44170061 -.00000007  00000-0  00000-0 0  9990
2 43873  55.0032 183.4419 0006718 222.1960  27.0181  2.00558045  8765
1 43873U 18109A   20049.68593899 -.00000011  00000-0  00000-0 0  9999
2 43873  55.0032 183.4323 0006726 222.2134 203.3490  2.00558064  8776
1 43873U 18109A   20050.55185420 -.00000022  00000-0  00000-0 0  9996
2 43873  55.0031 183.3981 0006755 222.1124 108.6695  2.00558135  8788
1 43873U 18109A   20051.08938346 -.00000027  00000-0  00000+0 0  9992
2 43873  55.0031 183.3768 0006774 222.0776 136.8183  2.00558178  8719
1 43873U 18109A   20052.59097705 -.00000032  00000-0  00000-0 0  9991
2 43873  55.0030 183.3176 0006832 222.0298 141.0670  2.00558294  8836
1 43873U 18109A   20053.42647605 -.00000028  00000-0  00000+0 0  9998
2 43873  55.0030 183.2847 0006865 222.0051  24.3502  2.00558361  8756
1 43873U 18109A   20053.66129802 -.00000026  00000-0  00000-0 0  9997
2 43873  55.0029 183.2754 0006861 221.9654 193.9393  2.00558373  8859
1 43873U 18109A   20054.54986826 -.00000018  00000-0  00000-0 0  9993
2 43873  55.0029 183.2403 0006894 221.9487 115.5340  2.00558437  8864
1 43873U 18109A   20054.82781564 -.00000015  00000-0  00000-0 0  9993
2 43873  55.0028 183.2294 0006905 221.9471 316.2231  2.00558450  8872
1 43873U 18109A   20055.15573347 -.00000011  00000-0  00000-0 0  9994
2 43873  55.0028 183.2164 0006916 221.9684 192.9698  2.00558469  8883
1 43873U 18109A   20055.45260743 -.00000008  00000-0  00000+0 0  9995
2 43873  55.0028 183.2047 0006929 221.9687  47.3227  2.00558490  8795
1 43873U 18109A   20055.83280407 -.00000003  00000-0  00000-0 0  9992
2 43873  55.0028 183.1897 0006942 221.9829 321.8235  2.00558503  8895
1 43873U 18109A   20056.55245626  .00000006  00000-0  00000-0 0  9998
2 43873  55.0028 183.1613 0006964 222.0004 121.4199  2.00558538  8905
1 43873U 18109A   20056.70141200  .00000007  00000-0  00000-0 0  9999
2 43873  55.0027 183.1555 0006968 222.0073 228.9641  2.00558540  8918
1 43873U 18109A   20057.49091358  .00000016  00000-0  00000+0 0  9993
2 43873  55.0027 183.1243 0006984 221.9779  79.0410  2.00558569  8832
1 43873U 18109A   20058.12689537  .00000021  00000-0  00000-0 0  9993
2 43873  55.0027 183.0993 0007003 222.0398 178.1799  2.00558579  8949
1 43873U 18109A   20058.57863878  .00000024  00000-0  00000-0 0  9997
2 43873  55.0027 183.0815 0007017 222.0853 144.3088  2.00558586  8958
1 43873U 18109A   20059.45252105  .00000027  00000-0  00000-0 0  9993
2 43873  55.0027 183.0471 0007037 222.1293  55.2381  2.00558596  8965
1 43873U 18109A   20059.68208922  .00000028  00000-0  00000+0 0  9996
2 43873  55.0027 183.0380 0007042 222.1489 220.9748  2.00558600  8882
1 43873U 18109A   20060.44757171  .00000028  00000-0  00000-0 0  9998
2 43873  55.0027 183.0079 0007064 222.2397  53.5888  2.00558604  8980
1 43873U 18109A   20060.92899576  .00000027  00000-0  00000-0 0  9996
2 43873  55.0027 182.9889 0007075 222.2881  41.1454  2.00558609  8995
1 43873U 18109A   20061.55768038  .00000025  00000-0  00000-0 0  9992
2 43873  55.0027 182.9641 0007088 222.3538 135.0120  2.00558617  9000
1 43873U 18109A   20061.65829081  .00000025  00000-0  00000-0 0  9999
2 43873  55.0027 182.9601 0007097 222.4053 207.6045  2.00558613  9018
1 43873U 18109A   20061.93355684  .00000023  00000-0  00000+0 0  9990
2 43873  55.0027 182.9492 0007102 222.4211  46.3403  2.00558618  8929
1 43873U 18109A   20062.41328196  .00000021  00000-0  00000-0 0  9991
2 43873  55.0027 182.9303 0007110 222.4601  32.6796  2.00558626  9026
1 43873U 18109A   20062.64755503  .00000019  00000-0  00000-0 0  9999
2 43873  55.0027 182.9211 0007114 222.4911 201.8020  2.00558626  9033
1 43873U 18109A   20063.55790674  .00000013  00000-0  00000-0 0  9992
2 43873  55.0027 182.8851 0007127 222.5645 139.0343  2.00558639  9057
1 43873U 18109A   20064.51138597  .00000007  00000-0  00000-0 0  9992
2 43873  55.0027 182.8476 0007141 222.6346 107.4096  2.00558648  9060
1 43873U 18109A   20064.67536080  .00000006  00000-0  00000-0 0  9997
2 43873  55.0027 182.8411 0007143 222.6440 225.7956  2.00558644  9072
1 43873U 18109A   20065.15043484  .00000003  00000-0  00000-0 0  9999
2 43873  55.0027 182.8223 0007151 222.6819 208.7779  2.00558646  9089
1 43873U 18109A   20066.45156997 -.00000002  00000-0  00000+0 0  9996
2 43873  55.0027 182.7709 0007173 222.7864  68.1384  2.00558641  9010
1 43873U 18109A   20066.63158932 -.00000003  00000-0  00000-0 0  9999
2 43873  55.0027 182.7638 0007169 222.7477 198.1574  2.00558638  9118
1 43873U 18109A   20066.93419399 -.00000003  00000-0  00000-0 0  9999
2 43873  55.0027 182.7519 0007176 222.7894  56.6067  2.00558635  9119
1 43873U 18109A   20067.87971215 -.00000002  00000-0  00000-0 0  9992
2 43873  55.0026 182.7145 0007191 222.8671  19.2262  2.00558624  9136
1 43873U 18109A   20068.67006751  .00000001  00000-0  00000+0 0  9992
2 43873  55.0025 182.6832 0007203 222.9058 229.8518  2.00558624  9066
1 43873U 18109A   20069.42397943  .00000006  00000-0  00000-0 0  9998
2 43873  55.0025 182.6534 0007214 222.9049  54.2037  2.00558634  9165
1 43873U 18109A   20069.67671253  .00000007  00000-0  00000-0 0  9995
2 43873  55.0025 182.6434 0007219 222.9283 236.6625  2.00558636  9171
1 43873U 18109A   20070.15021981  .00000010  00000-0  00000-0 0  9991
2 43873  55.0024 182.6247 0007230 222.9354 218.5442  2.00558645  9181
1 43873U 18109A   20070.91701722  .00000014  00000-0  00000+0 0  9996
2 43873  55.0024 182.5943 0007245 222.8910  52.2434  2.00558672  9102
1 43873U 18109A   20070.91701722  .00000014  00000-0  00000-0 0  9997
2 43873  55.0024 182.5943 0007245 222.8910  52.2434  2.00558672  9191
1 43873U 18109A   20071.16240480  .00000015  00000-0  00000-0 0  9995
2 43873  55.0024 182.5846 0007249 222.9007 229.4123  2.00558681  9200
1 43873U 18109A   20071.62612951  .00000017  00000-0  00000-0 0  9994
2 43873  55.0024 182.5662 0007254 222.8296 204.3092  2.00558706  9217
1 43873U 18109A   20072.64089466  .00000016  00000-0  00000-0 0  9995
2 43873  55.0024 182.5260 0007285 222.7949 217.0404  2.00558771  9231
1 43873U 18109A   20073.50851958  .00000011  00000-0  00000+0 0  9998
2 43873  55.0023 182.4917 0007315 222.7630 123.5285  2.00558843  9158
1 43873U 18109A   20073.65876238  .00000010  00000-0  00000-0 0  9992
2 43873  55.0023 182.4858 0007318 222.7541 232.0180  2.00558849  9253
1 43873U 18109A   20074.90580008 -.00000005  00000-0  00000-0 0  9993
2 43873  55.0023 182.4365 0007364 222.6931  52.4851  2.00558960  9274
1 43873U 18109A   20075.61977758 -.00000015  00000-0  00000+0 0  9994
2 43873  55.0022 182.4083 0007387 222.7007 207.9952  2.00559018  9207
1 43873U 18109A   20076.63166160 -.00000030  00000-0  00000-0 0  9992
2 43873  55.0021 182.3683 0007424 222.6708 218.6423  2.00559095  9319
1 43873U 18109A   20077.49391390 -.00000042  00000-0  00000-0 0  9995
2 43873  55.0020 182.3343 0007456 222.6358 121.2553  2.00559165  9329
1 43873U 18109A   20077.64655546 -.00000043  00000-0  00000+0 0  9998
2 43873  55.0020 182.3282 0007459 222.6352 231.4687  2.00559173  9240
1 43873U 18109A   20079.68749112 -.00000053  00000-0  00000+0 0  9998
2 43873  55.0019 182.2477 0007526 222.5248 265.2108  2.00559322  9284
1 43873U 18109A   20080.61590668 -.00000048  00000-0  00000-0 0  9998
2 43873  55.0018 182.2111 0007557 222.5082 215.5783  2.00559393  9395
1 43873U 18109A   20081.52728632 -.00000040  00000-0  00000-0 0  9995
2 43873  55.0018 182.1751 0007590 222.5274 153.6097  2.00559462  9414
1 43873U 18109A   20081.62285715 -.00000038  00000-0  00000-0 0  9993
2 43873  55.0017 182.1714 0007593 222.5284 222.6144  2.00559465  9419
1 43873U 18109A   20081.86194701 -.00000036  00000-0  00000+0 0  9990
2 43873  55.0017 182.1620 0007603 222.5230  35.2517  2.00559487  9324
1 43873U 18109A   20082.64073155 -.00000025  00000-0  00000-0 0  9995
2 43873  55.0017 182.1313 0007626 222.5575 237.5296  2.00559537  9439
1 43873U 18109A   20084.12576994 -.00000005  00000-0  00000+0 0  9996
2 43873  55.0016 182.0728 0007673 222.6476 229.6941  2.00559616  9370
1 43873U 18109A   20084.59693774  .00000000  00000-0  00000-0 0  9998
2 43873  55.0015 182.0542 0007687 222.6808 209.8622  2.00559636  9476
1 43873U 18109A   20086.39592348  .00000015  00000-0  00000+0 0  9998
2 43873  55.0015 181.9833 0007734 222.8014  68.6790  2.00559689  9410
1 43873U 18109A   20086.86005051  .00000017  00000-0  00000-0 0  9993
2 43873  55.0015 181.9651 0007745 222.8536  43.7444  2.00559695  9517
1 43873U 18109A   20087.33424781  .00000019  00000-0  00000-0 0  9993
2 43873  55.0015 181.9464 0007756 222.8943  26.0927  2.00559702  9523
1 43873U 18109A   20087.58199956  .00000019  00000-0  00000-0 0  9993
2 43873  55.0015 181.9366 0007759 222.9187 204.9547  2.00559708  9530
1 43873U 18109A   20087.87130076  .00000019  00000-0  00000-0 0  9993
2 43873  55.0015 181.9252 0007766 222.9392  53.8209  2.00559709  9537
1 43873U 18109A   20088.45734130  .00000018  00000-0  00000+0 0  9997
2 43873  55.0015 181.9021 0007778 222.9978 116.9064  2.00559717  9454
1 43873U 18109A   20088.88421462  .00000017  00000-0  00000-0 0  9995
2 43873  55.0015 181.8852 0007785 223.0260  65.0974  2.00559723  9551
1 43873U 18109A   20089.11820220  .00000017  00000-0  00000-0 0  9997
2 43873  55.0015 181.8760 0007788 223.0535 234.0181  2.00559724  9567
1 43873U 18109A   20089.83235164  .00000014  00000-0  00000-0 0  9990
2 43873  55.0015 181.8478 0007799 223.1008  29.6146  2.00559736  9574
1 43873U 18109A   20090.07590986  .00000013  00000-0  00000-0 0  9993
2 43873  55.0015 181.8382 0007803 223.1360 205.4380  2.00559739  9583
1 43873U 18109A   20090.37497691  .00000011  00000-0  00000-0 0  9993
2 43873  55.0015 181.8264 0007807 223.1462  61.3658  2.00559746  9584
1 43873U 18109A   20090.84423105  .00000009  00000-0  00000-0 0  9991
2 43873  55.0015 181.8078 0007814 223.1810  40.1509  2.00559753  9502
1 43873U 18109A   20091.85926491  .00000004  00000-0  00000-0 0  9994
2 43873  55.0015 181.7678 0007829 223.2671  52.9591  2.00559768  9619
1 43873U 18109A   20092.86961109  .00000000  00000-0  00000+0 0  9996
2 43873  55.0015 181.7278 0007844 223.3562  62.3795  2.00559780  9549
1 43873U 18109A   20093.59253472 -.00000001  00000-0  00000-0 0  9997
2 43873  55.0016 181.6993 0007856 223.4305 224.2845  2.00559781  9650
1 43873U 18109A   20094.54370721  .00000000  00000-0  00000-0 0  9998
2 43873  55.0016 181.6617 0007872 223.5209 190.9780  2.00559785  9678
1 43873U 18109A   20094.82811486  .00000001  00000-0  00000-0 0  9998
2 43873  55.0016 181.6505 0007877 223.5453  36.3071  2.00559779  9679
1 43873U 18109A   20095.06335425  .00000002  00000-0  00000+0 0  9999
2 43873  55.0016 181.6412 0007880 223.5609 206.1435  2.00559784  9591
1 43873U 18109A   20095.84484230  .00000006  00000-0  00000-0 0  9999
2 43873  55.0016 181.6103 0007892 223.6075  50.3620  2.00559783  9694
1 43873U 18109A   20096.31555466  .00000009  00000-0  00000-0 0  9995
2 43873  55.0015 181.5917 0007898 223.6180  30.2244  2.00559786  9702
1 43873U 18109A   20096.61811699  .00000012  00000-0  00000-0 0  9995
2 43873  55.0015 181.5797 0007902 223.6266 248.6779  2.00559790  9713
1 43873U 18109A   20097.32630326  .00000017  00000-0  00000+0 0  9994
2 43873  55.0015 181.5517 0007910 223.6029  40.0401  2.00559806  9634
1 43873U 18109A   20097.86718677  .00000021  00000-0  00000-0 0  9995
2 43873  55.0015 181.5303 0007918 223.5820  70.6004  2.00559827  9735
1 43873U 18109A   20098.36369062  .00000024  00000-0  00000-0 0  9994
2 43873  55.0015 181.5107 0007928 223.5693  69.1086  2.00559849  9744
1 43873U 18109A   20098.81405847  .00000027  00000-0  00000-0 0  9999
2 43873  55.0015 181.4929 0007935 223.5388  34.3227  2.00559871  9751
1 43873U 18109A   20099.50577171  .00000028  00000-0  00000+0 0  9996
2 43873  55.0015 181.4655 0007952 223.5355 173.7707  2.00559911  9688
1 43873U 18109A   20099.82692362  .00000028  00000-0  00000-0 0  9992
2 43873  55.0015 181.4528 0007960 223.4950  45.6957  2.00559937  9778
1 43873U 18109A   20100.06147222  .00000028  00000-0  00000-0 0  9991
2 43873  55.0015 181.4435 0007965 223.5111 215.0331  2.00559949  9783
1 43873U 18109A   20100.59896045  .00000025  00000-0  00000-0 0  9990
2 43873  55.0016 181.4223 0007979 223.4891 243.1432  2.00559993  9792
1 43873U 18109A   20101.07686035  .00000022  00000-0  00000-0 0  9997
2 43873  55.0016 181.4034 0007993 223.4772 228.2181  2.00560035  9802
1 43873U 18109A   20101.85379124  .00000014  00000-0  00000-0 0  9992
2 43873  55.0016 181.3726 0008024 223.4545  69.2163  2.00560114  9815
1 43873U 18109A   20102.02907639  .00000012  00000-0  00000+0 0  9997
2 43873  55.0016 181.3657 0008027 223.4720 195.7619  2.00560129  9734
1 43873U 18109A   20102.79841263  .00000002  00000-0  00000-0 0  9991
2 43873  55.0016 181.3353 0008055 223.4205  31.3055  2.00560203  9839
1 43873U 18109A   20103.46484130 -.00000007  00000-0  00000-0 0  9998
2 43873  55.0016 181.3089 0008076 223.4527 152.4621  2.00560267  9851
1 43873U 18109A   20103.57587549 -.00000009  00000-0  00000-0 0  9990
2 43873  55.0016 181.3045 0008077 223.4350 232.6510  2.00560275  9855
1 43873U 18109A   20103.81313868 -.00000012  00000-0  00000-0 0  9992
2 43873  55.0016 181.2952 0008088 223.4092  43.9905  2.00560296  9850
1 43873U 18109A   20104.40883950 -.00000020  00000-0  00000+0 0  9990
2 43873  55.0015 181.2716 0008107 223.4166 114.1038  2.00560349  9779
1 43873U 18109A   20104.58640698 -.00000022  00000-0  00000-0 0  9992
2 43873  55.0015 181.2646 0008111 223.4146 242.3168  2.00560363  9879
1 43873U 18109A   20105.48850583 -.00000030  00000-0  00000-0 0  9997
2 43873  55.0015 181.2290 0008142 223.3941 173.6902  2.00560433  9892
1 43873U 18109A   20105.59656733 -.00000030  00000-0  00000-0 0  9990
2 43873  55.0015 181.2247 0008143 223.3755 251.7338  2.00560442  9899
1 43873U 18109A   20106.48547392 -.00000033  00000-0  00000+0 0  9991
2 43873  55.0015 181.1896 0008173 223.3626 173.5744  2.00560506  9824
1 43873U 18109A   20106.48547392 -.00000033  00000-0  00000-0 0  9992
2 43873  55.0015 181.1896 0008173 223.3626 173.5744  2.00560506  9914
1 43873U 18109A   20107.40854106 -.00000030  00000-0  00000-0 0  9996
2 43873  55.0015 181.1532 0008204 223.3375 120.0928  2.00560577  9927
1 43873U 18109A   20108.46630650 -.00000021  00000-0  00000-0 0  9999
2 43873  55.0015 181.1115 0008240 223.3706 163.8113  2.00560658  9956
1 43873U 18109A   20108.57396999 -.00000019  00000-0  00000+0 0  9992
2 43873  55.0015 181.1072 0008241 223.3609 241.5586  2.00560664  9866
1 43873U 18109A   20109.52541706 -.00000007  00000-0  00000-0 0  9994
2 43873  55.0015 181.0697 0008271 223.3945 208.5105  2.00560740  9971
1 43873U 18109A   20109.58641564 -.00000006  00000-0  00000-0 0  9992
2 43873  55.0015 181.0673 0008270 223.3797 252.5689  2.00560744  9979
1 43873U 18109A   20110.06332574  .00000001  00000-0  00000-0 0  9999
2 43873  55.0015 181.0485 0008282 223.3907 236.9076  2.00560780  9983
1 43873U 18109A   20110.83636333  .00000013  00000-0  00000+0 0  9996
2 43873  55.0015 181.0180 0008306 223.4070  75.0577  2.00560840  9901
1 43873U 18109A   20110.83636333  .00000013  00000-0  00000-0 0  9997
2 43873  55.0015 181.0180 0008306 223.4070  75.0577  2.00560840  9990
1 43873U 18109A   20111.30819385  .00000019  00000-0  00000-0 0  9996
2 43873  55.0015 180.9994 0008316 223.4180  55.7287  2.00560869 10002
1 43873U 18109A   20112.02558428  .00000029  00000-0  00000-0 0  9995
2 43873  55.0015 180.9711 0008331 223.4807 213.6531  2.00560908 10025
1 43873U 18109A   20112.79471858  .00000037  00000-0  00000-0 0  9999
2 43873  55.0015 180.9408 0008353 223.5318  48.9504  2.00560944 10030
1 43873U 18109A   20113.02905250  .00000039  00000-0  00000+0 0  9995
2 43873  55.0016 180.9315 0008356 223.5516 218.1299  2.00560954  9953
1 43873U 18109A   20113.55514928  .00000043  00000-0  00000-0 0  9997
2 43873  55.0016 180.9108 0008372 223.6186 237.9277  2.00560973 10054
1 43873U 18109A   20113.81141691  .00000044  00000-0  00000-0 0  9990
2 43873  55.0016 180.9007 0008380 223.6340  62.9487  2.00560980 10050
1 43873U 18109A   20114.46500802  .00000047  00000-0  00000-0 0  9998
2 43873  55.0017 180.8749 0008392 223.7117 174.7924  2.00560998 10078
1 43873U 18109A   20115.29344035  .00000048  00000-0  00000+0 0  9994
2 43873  55.0018 180.8422 0008407 223.7553  52.9131  2.00561015  9995
1 43873U 18109A   20115.77064399  .00000048  00000-0  00000-0 0  9990
2 43873  55.0018 180.8234 0008413 223.7948  37.4357  2.00561023 10091
1 43873U 18109A   20116.45725605  .00000047  00000-0  00000-0 0  9999
2 43873  55.0019 180.7963 0008419 223.8450 173.1496  2.00561034 10112
1 43873U 18109A   20116.78084698  .00000046  00000-0  00000-0 0  9994
2 43873  55.0019 180.7836 0008422 223.8462  46.7952  2.00561041 10118
1 43873U 18109A   20117.33156948  .00000044  00000-0  00000+0 0  9991
2 43873  55.0019 180.7618 0008432 223.9204  84.3668  2.00561048 10032
1 43873U 18109A   20117.79334251  .00000043  00000-0  00000-0 0  9996
2 43873  55.0020 180.7436 0008435 223.9327  57.7750  2.00561056 10137
1 43873U 18109A   20118.36806723  .00000040  00000-0  00000-0 0  9995
2 43873  55.0020 180.7209 0008439 223.9600 112.7242  2.00561064 10141
1 43873U 18109A   20118.80747532  .00000039  00000-0  00000-0 0  9994
2 43873  55.0021 180.7036 0008441 223.9784  69.9779  2.00561073 10155
1 43873U 18109A   20119.03818052  .00000038  00000-0  00000-0 0  9995
2 43873  55.0021 180.6945 0008441 223.9948 236.5409  2.00561073 10168
1 43873U 18109A   20119.45038757  .00000037  00000-0  00000+0 0  9995
2 43873  55.0021 180.6782 0008444 224.0345 174.1328  2.00561081 10080
1 43873U 18109A   20119.53926887  .00000036  00000-0  00000-0 0  9994
2 43873  55.0021 180.6747 0008444 224.0368 238.3068  2.00561080 10179
1 43873U 18109A   20120.05311545  .00000035  00000-0  00000-0 0  9991
2 43873  55.0022 180.6544 0008448 224.0571 249.3063  2.00561087 10180
1 43873U 18109A   20120.76443095  .00000035  00000-0  00000-0 0  9995
2 43873  55.0023 180.6263 0008456 224.1189  42.8458  2.00561097 10190
1 43873U 18109A   20121.00438175  .00000035  00000-0  00000-0 0  9996
2 43873  55.0023 180.6168 0008457 224.1357 216.0840  2.00561099 10206
1 43873U 18109A   20121.77876928  .00000037  00000-0  00000+0 0  9993
2 43873  55.0024 180.5862 0008466 224.1703  55.1914  2.00561105 10125
1 43873U 18109A   20121.77876928  .00000037  00000-0  00000-0 0  9994
2 43873  55.0024 180.5862 0008466 224.1703  55.1914  2.00561105 10215
1 43873U 18109A   20122.01448299  .00000037  00000-0  00000-0 0  9998
2 43873  55.0024 180.5769 0008467 224.1825 225.3749  2.00561106 10226
1 43873U 18109A   20122.78986132  .00000042  00000-0  00000-0 0  9991
2 43873  55.0025 180.5462 0008477 224.2220  65.1929  2.00561110 10234
1 43873U 18109A   20123.45202205  .00000046  00000-0  00000-0 0  9992
2 43873  55.0025 180.5201 0008480 224.2303 183.2940  2.00561118 10256
1 43873U 18109A   20123.50890083  .00000047  00000-0  00000-0 0  9996
2 43873  55.0025 180.5178 0008480 224.2320 224.3614  2.00561118 10253
1 43873U 18109A   20124.52375243  .00000055  00000-0  00000+0 0  9993
2 43873  55.0026 180.4777 0008485 224.1892 237.1721  2.00561137 10180
1 43873U 18109A   20125.53423951  .00000063  00000-0  00000-0 0  9995
2 43873  55.0027 180.4377 0008496 224.1832 246.7948  2.00561170 10299
1 43873U 18109A   20125.76272955  .00000064  00000-0  00000-0 0  9997
2 43873  55.0027 180.4287 0008499 224.1407  51.8174  2.00561185 10292
1 43873U 18109A   20126.00344486  .00000066  00000-0  00000-0 0  9996
2 43873  55.0027 180.4191 0008502 224.1443 225.6211  2.00561193 10305
1 43873U 18109A   20126.53351492  .00000068  00000-0  00000+0 0  9990
2 43873  55.0028 180.3981 0008510 224.1252 248.3746  2.00561224 10220
1 43873U 18109A   20126.77666889  .00000068  00000-0  00000-0 0  9996
2 43873  55.0028 180.3885 0008517 224.0739  63.9940  2.00561247 10311
1 43873U 18109A   20127.78938806  .00000066  00000-0  00000-0 0  9997
2 43873  55.0029 180.3485 0008541 224.0405  75.2563  2.00561324 10330
1 43873U 18109A   20127.96221556  .00000065  00000-0  00000-0 0  9993
2 43873  55.0029 180.3416 0008544 224.0552 200.0308  2.00561334 10347
1 43873U 18109A   20128.55524559  .00000061  00000-0  00000+0 0  9993
2 43873  55.0030 180.3182 0008557 224.0107 268.2699  2.00561388 10268
1 43873U 18109A   20129.75254641  .00000047  00000-0  00000-0 0  9993
2 43873  55.0031 180.2709 0008598 223.9928  52.7934  2.00561514 10378
1 43873U 18109A   20130.40921731  .00000038  00000-0  00000-0 0  9998
2 43873  55.0032 180.2449 0008616 224.0087 166.9239  2.00561582 10392
1 43873U 18109A   20130.76133550  .00000033  00000-0  00000+0 0  9995
2 43873  55.0032 180.2310 0008630 223.9711  61.2071  2.00561620 10302
1 43873U 18109A   20130.86507413  .00000032  00000-0  00000-0 0  9999
2 43873  55.0032 180.2269 0008632 223.9917 136.0905  2.00561630 10404
1 43873U 18109A   20131.63518017  .00000022  00000-0  00000-0 0  9996
2 43873  55.0032 180.1964 0008648 223.8814 332.2530  2.00561709 10419
1 43873U 18109A   20132.48648836  .00000013  00000-0  00000-0 0  9993
2 43873  55.0032 180.1628 0008672 223.9035 226.9150  2.00561786 10433
1 43873U 18109A   20132.72100480  .00000012  00000-0  00000-0 0  9997
2 43873  55.0033 180.1535 0008679 223.8489  36.3014  2.00561808 10437
1 43873U 18109A   20133.34056340  .00000009  00000-0  00000+0 0  9996
2 43873  55.0033 180.1290 0008695 223.8184 123.6822  2.00561857 10357
1 43873U 18109A   20133.73121878  .00000008  00000-0  00000-0 0  9998
2 43873  55.0033 180.1136 0008706 223.7739  45.7982  2.00561891 10454
1 43873U 18109A   20134.51681611  .00000010  00000-0  00000-0 0  9994
2 43873  55.0033 180.0826 0008728 223.7519 253.0587  2.00561949 10470
1 43873U 18109A   20135.44651194  .00000017  00000-0  00000-0 0  9997
2 43873  55.0034 180.0459 0008759 223.7916 204.3033  2.00562016 10491
1 43873U 18109A   20136.44655906  .00000029  00000-0  00000+0 0  9995
2 43873  55.0035 180.0065 0008784 223.7773 206.3992  2.00562087 10421
1 43873U 18109A   20137.46315152  .00000044  00000-0  00000-0 0  9992
2 43873  55.0036 179.9664 0008809 223.8091 220.3958  2.00562160 10538
1 43873U 18109A   20137.71743257  .00000048  00000-0  00000-0 0  9995
2 43873  55.0036 179.9564 0008816 223.7925  44.0156  2.00562184 10537
1 43873U 18109A   20138.45652041  .00000058  00000-0  00000+0 0  9997
2 43873  55.0037 179.9273 0008828 223.8043 217.6609  2.00562232 10467
1 43873U 18109A   20138.72910976  .00000062  00000-0  00000-0 0  9997
2 43873  55.0037 179.9165 0008834 223.7847  54.5032  2.00562254 10557
1 43873U 18109A   20139.50376253  .00000071  00000-0  00000-0 0  9998
2 43873  55.0038 179.8859 0008843 223.7687 253.8563  2.00562303 10579
1 43873U 18109A   20139.83796124  .00000075  00000-0  00000-0 0  9991
2 43873  55.0038 179.8728 0008850 223.7867 135.1459  2.00562321 10578
1 43873U 18109A   20140.41306870  .00000080  00000-0  00000-0 0  9998
2 43873  55.0039 179.8501 0008853 223.7696 190.4187  2.00562353 10590
1 43873U 18109A   20140.69481240  .00000082  00000-0  00000+0 0  9994
2 43873  55.0039 179.8390 0008858 223.7605  33.8604  2.00562364 10508
1 43873U 18109A   20141.52703466  .00000086  00000-0  00000-0 0  9999
2 43873  55.0041 179.8061 0008866 223.8342 274.6927  2.00562461 10617
1 43873U 18109A   20141.76964049  .00000087  00000-0  00000-0 0  9992
2 43873  55.0041 179.7965 0008870 223.8542  89.8460  2.00562467 10610
1 43873U 18109A   20142.33042419  .00000087  00000-0  00000-0 0  9994
2 43873  55.0042 179.7744 0008874 223.8746 134.7389  2.00562484 10626
1 43873U 18109A   20143.43759433  .00000086  00000-0  00000-0 0  9996
2 43873  55.0044 179.7308 0008882 223.9286 214.1159  2.00562506 10569
1 43873U 18109A   20144.32859801  .00000084  00000-0  00000-0 0  9993
2 43873  55.0046 179.6956 0008886 223.9611 137.4318  2.00562515 10671
1 43873U 18109A   20144.74089051  .00000082  00000-0  00000-0 0  9999
2 43873  55.0047 179.6793 0008887 223.9658  75.1225  2.00562522 10676
1 43873U 18109A   20145.28051142  .00000080  00000-0  00000-0 0  9997
2 43873  55.0047 179.6581 0008889 223.9842 104.7369  2.00562526 10681
1 43873U 18109A   20146.52442361  .00000075  00000-0  00000-0 0  9996
2 43873  55.0049 179.6090 0008893 224.0240 282.8628  2.00562528 10629
1 43873U 18109A   20147.71649760  .00000073  00000-0  00000-0 0  9998
2 43873  55.0051 179.5619 0008895 224.0426  63.5804  2.00562537 10738
1 43873U 18109A   20148.44294285  .00000073  00000-0  00000-0 0  9997
2 43873  55.0053 179.5333 0008901 224.0953 228.0568  2.00562537 10753
1 43873U 18109A   20148.66633924  .00000073  00000-0  00000+0 0  9997
2 43873  55.0053 179.5244 0008901 224.0836  29.3718  2.00562538 10664
1 43873U 18109A   20148.81084236  .00000073  00000-0  00000-0 0  9991
2 43873  55.0053 179.5187 0008900 224.0848 133.7089  2.00562540 10756
1 43873U 18109A   20149.39710845  .00000075  00000-0  00000-0 0  9999
2 43873  55.0054 179.4956 0008901 224.0871 197.0196  2.00562541 10772
1 43873U 18109A   20149.81592976  .00000077  00000-0  00000-0 0  9991
2 43873  55.0055 179.4790 0008902 224.0899 139.4264  2.00562540 10786
1 43873U 18109A   20150.51236172  .00000081  00000-0  00000-0 0  9998
2 43873  55.0056 179.4515 0008903 224.0676 282.3070  2.00562545 10795
1 43873U 18109A   20151.05406015  .00000085  00000-0  00000+0 0  9996
2 43873  55.0057 179.4301 0008904 224.0496 313.4579  2.00562548 10715
1 43873U 18109A   20151.40304185  .00000088  00000-0  00000-0 0  9994
2 43873  55.0057 179.4163 0008904 224.0320 205.4576  2.00562553 10811
1 43873U 18109A   20151.52139112  .00000089  00000-0  00000-0 0  9994
2 43873  55.0057 179.4117 0008903 224.0096 290.9340  2.00562556 10810
1 43873U 18109A   20152.39592612  .00000096  00000-0  00000-0 0  9996
2 43873  55.0058 179.3771 0008904 223.9293 202.4719  2.00562575 10835
1 43873U 18109A   20153.26191773  .00000101  00000-0  00000-0 0  9993
2 43873  55.0059 179.3429 0008908 223.8194 107.8708  2.00562609 10754
1 43873U 18109A   20153.72301591  .00000102  00000-0  00000-0 0  9996
2 43873  55.0060 179.3246 0008912 223.7631  80.8629  2.00562634 10854
1 43873U 18109A   20154.41933667  .00000102  00000-0  00000-0 0  9998
2 43873  55.0061 179.2971 0008918 223.7060 223.6984  2.00562673 10877
1 43873U 18109A   20154.73673111  .00000101  00000-0  00000-0 0  9997
2 43873  55.0061 179.2845 0008924 223.6559  92.9232  2.00562701 10871
1 43873U 18109A   20155.46111432  .00000097  00000-0  00000+0 0  9994
2 43873  55.0063 179.2558 0008934 223.6824 255.9387  2.00562824 10801
1 43873U 18109A   20155.54058184  .00000096  00000-0  00000-0 0  9997
2 43873  55.0063 179.2527 0008936 223.6980 313.3027  2.00562828 10895
1 43873U 18109A   20156.54564353  .00000085  00000-0  00000-0 0  9996
2 43873  55.0064 179.2130 0008956 223.5852 319.1207  2.00562922 10917
1 43873U 18109A   20156.69788821  .00000083  00000-0  00000-0 0  9998
2 43873  55.0064 179.2069 0008963 223.5731  69.0612  2.00562942 10915
1 43873U 18109A   20157.46849781  .00000072  00000-0  00000-0 0  9995
2 43873  55.0065 179.1765 0008975 223.5402 265.5133  2.00563015 10931
1 43873U 18109A   20157.64916111  .00000070  00000-0  00000+0 0  9994
2 43873  55.0065 179.1693 0008983 223.4776  36.0240  2.00563037 10847
1 43873U 18109A   20158.31989024  .00000060  00000-0  00000-0 0  9992
2 43873  55.0066 179.1428 0008995 223.4562 160.3461  2.00563105 10864
1 43873U 18109A   20158.31989024  .00000060  00000-0  00000-0 0  9992
2 43873  55.0066 179.1428 0008995 223.4562 160.3461  2.00563105 10954
1 43873U 18109A   20159.36636365  .00000046  00000-0  00000-0 0  9999
2 43873  55.0067 179.1015 0009016 223.4489 195.9609  2.00563213 10970
1 43873U 18109A   20160.28111490  .00000038  00000-0  00000-0 0  9990
2 43873  55.0067 179.0653 0009035 223.3756 136.5318  2.00563298 10997
1 43873U 18109A   20161.03519170  .00000035  00000-0  00000+0 0  9997
2 43873  55.0067 179.0355 0009046 223.2483 321.1418  2.00563368 10917
1 43873U 18109A   20161.45587448  .00000035  00000-0  00000-0 0  9997
2 43873  55.0068 179.0189 0009051 223.2061 264.9391  2.00563402 11016
1 43873U 18109A   20161.69661378  .00000036  00000-0  00000-0 0  9999
2 43873  55.0068 179.0094 0009059 223.1587  78.8130  2.00563423 11017
1 43873U 18109A   20162.28109549  .00000039  00000-0  00000-0 0  9995
2 43873  55.0068 178.9863 0009068 223.1210 140.8771  2.00563464 11030
1 43873U 18109A   20162.40535764  .00000039  00000-0  00000-0 0  9991
2 43873  55.0068 178.9814 0009068 223.1210 230.6008  2.00563472 11036
1 43873U 18109A   20163.47613735  .00000050  00000-0  00000+0 0  9996
2 43873  55.0069 178.9392 0009086 223.0340 283.8473  2.00563547 10961
1 43873U 18109A   20163.47613735  .00000050  00000-0  00000-0 0  9997
2 43873  55.0069 178.9392 0009086 223.0340 283.8473  2.00563547 11052
1 43873U 18109A   20164.35533535  .00000061  00000-0  00000-0 0  9996
2 43873  55.0070 178.9045 0009096 223.0240 198.6850  2.00563606 11079
1 43873U 18109A   20164.66995684  .00000065  00000-0  00000-0 0  9991
2 43873  55.0070 178.8921 0009103 222.9867  65.8956  2.00563630 11072
1 43873U 18109A   20165.51854594  .00000077  00000-0  00000-0 0  9993
2 43873  55.0071 178.8587 0009114 222.9538 318.6550  2.00563679 11092
1 43873U 18109A   20165.67703664  .00000079  00000-0  00000+0 0  9992
2 43873  55.0072 178.8524 0009119 222.9261  73.1216  2.00563691 11009
1 43873U 18109A   20166.24471875  .00000086  00000-0  00000-0 0  9991
2 43873  55.0072 178.8300 0009123 222.9857 122.9587  2.00563721 11106
1 43873U 18109A   20166.62849865  .00000090  00000-0  00000-0 0  9996
2 43873  55.0073 178.8149 0009127 222.9535  40.1006  2.00563742 11116
1 43873U 18109A   20167.45911656  .00000097  00000-0  00000-0 0  9993
2 43873  55.0074 178.7821 0009131 222.9591 279.8456  2.00563785 11139
1 43873U 18109A   20167.70385948  .00000098  00000-0  00000+0 0  9990
2 43873  55.0074 178.7725 0009135 222.9671  96.5551  2.00563795 11046
1 43873U 18109A   20168.25451741  .00000101  00000-0  00000-0 0  9992
2 43873  55.0075 178.7508 0009137 222.9668 134.1600  2.00563818 11145
1 43873U 18109A   20168.64960049  .00000102  00000-0  00000-0 0  9992
2 43873  55.0076 178.7352 0009145 222.9636  59.4353  2.00563883 11154
1 43873U 18109A   20169.42948964  .00000103  00000-0  00000-0 0  9992
2 43873  55.0078 178.7045 0009148 222.8873 262.6337  2.00563914 11177
1 43873U 18109A   20169.60611458  .00000103  00000-0  00000-0 0  9997
2 43873  55.0078 178.6975 0009150 222.8761  30.1777  2.00563918 11177
1 43873U 18109A   20169.98992679  .00000103  00000-0  00000+0 0  9994
2 43873  55.0079 178.6824 0009146 222.8907 307.2963  2.00563931 11099
1 43873U 18109A   20170.49523896  .00000101  00000-0  00000-0 0  9992
2 43873  55.0080 178.6625 0009144 222.8966 312.1531  2.00563945 11195
1 43873U 18109A   20170.67442795  .00000101  00000-0  00000-0 0  9990
2 43873  55.0080 178.6554 0009147 222.8923  81.5416  2.00563948 11194
1 43873U 18109A   20171.25326573  .00000098  00000-0  00000-0 0  9995
2 43873  55.0081 178.6326 0009140 222.9413 139.4449  2.00563958 11213
1 43873U 18109A   20171.50967264  .00000097  00000-0  00000-0 0  9990
2 43873  55.0082 178.6224 0009139 222.9126 324.6133  2.00563966 11217
1 43873U 18109A   20172.15958483  .00000094  00000-0  00000+0 0  9991
2 43873  55.0083 178.5968 0009139 222.8877  73.9101  2.00563972 11131
1 43873U 18109A   20172.46706059  .00000092  00000-0  00000-0 0  9994
2 43873  55.0083 178.5847 0009137 222.8879 295.9241  2.00563971 11238
1 43873U 18109A   20172.76643628  .00000091  00000-0  00000-0 0  9998
2 43873  55.0084 178.5728 0009133 222.9056 152.0719  2.00563971 11245
1 43873U 18109A   20173.52664670  .00000087  00000-0  00000-0 0  9998
2 43873  55.0085 178.5428 0009132 222.8744 341.0163  2.00563974 11252
1 43873U 18109A   20173.64732295  .00000086  00000-0  00000-0 0  9999
2 43873  55.0085 178.5381 0009131 222.8698  68.1558  2.00563974 11252
1 43873U 18109A   20174.31876598  .00000084  00000-0  00000+0 0  9996
2 43873  55.0086 178.5116 0009126 222.9051 192.9387  2.00563969 11189
1 43873U 18109A   20174.53966233  .00000083  00000-0  00000-0 0  9996
2 43873  55.0087 178.5029 0009126 222.8892 352.4539  2.00563971 11270
1 43873U 18109A   20175.13948490  .00000082  00000-0  00000-0 0  9997
2 43873  55.0088 178.4792 0009122 222.8737  65.5739  2.00563968 11282
1 43873U 18109A   20175.61487253  .00000081  00000-0  00000-0 0  9994
2 43873  55.0088 178.4604 0009122 222.8686  48.8347  2.00563966 11295
1 43873U 18109A   20176.37975781  .00000082  00000-0  00000+0 0  9996
2 43873  55.0089 178.4302 0009120 222.8496 241.1425  2.00563965 11225
1 43873U 18109A   20176.73470238  .00000083  00000-0  00000-0 0  9995
2 43873  55.0090 178.4162 0009117 222.8411 137.4403  2.00563963 11326
1 43873U 18109A   20177.57812073  .00000087  00000-0  00000-0 0  9999
2 43873  55.0091 178.3829 0009111 222.8076  26.4678  2.00563963 11339
1 43873U 18109A   20177.63504493  .00000087  00000-0  00000-0 0  9990
2 43873  55.0091 178.3807 0009114 222.7960  67.5818  2.00563964 11332
1 43873U 18109A   20178.52507721  .00000092  00000-0  00000+0 0  9991
2 43873  55.0092 178.3456 0009104 222.7337 350.2958  2.00563972 11268
1 43873U 18109A   20178.64579610  .00000093  00000-0  00000-0 0  9992
2 43873  55.0092 178.3408 0009108 222.7124  77.4827  2.00563973 11357
1 43873U 18109A   20179.11901826  .00000096  00000-0  00000-0 0  9996
2 43873  55.0092 178.3221 0009103 222.6166  59.2715  2.00564023 11362
1 43873U 18109A   20179.53811668  .00000099  00000-0  00000-0 0  9999
2 43873  55.0093 178.3056 0009102 222.5573   1.9427  2.00564035 11377
1 43873U 18109A   20180.61140334  .00000103  00000-0  00000+0 0  9990
2 43873  55.0094 178.2632 0009095 222.4193  57.0525  2.00564073 11301
1 43873U 18109A   20180.90578027  .00000104  00000-0  00000-0 0  9998
2 43873  55.0094 178.2515 0009089 222.3873 269.6408  2.00564084 11402
1 43873U 18109A   20181.18010323  .00000104  00000-0  00000-0 0  9999
2 43873  55.0094 178.2407 0009098 222.3612 107.7433  2.00564102 11404
1 43873U 18109A   20182.57530043  .00000098  00000-0  00000-0 0  9991
2 43873  55.0095 178.1855 0009108 222.1386  35.3753  2.00564196 11436
1 43873U 18109A   20182.96569760  .00000094  00000-0  00000+0 0  9997
2 43873  55.0096 178.1701 0009108 222.0899 317.3124  2.00564224 11353
1 43873U 18109A   20183.46430902  .00000089  00000-0  00000-0 0  9993
2 43873  55.0096 178.1504 0009115 222.0322 317.3951  2.00564265 11457
1 43873U 18109A   20184.33883727  .00000076  00000-0  00000-0 0  9993
2 43873  55.0097 178.1159 0009125 221.9558 228.9295  2.00564343 11471
1 43873U 18109A   20185.33302199  .00000060  00000-0  00000+0 0  9995
2 43873  55.0097 178.0766 0009136 221.8429 226.8992  2.00564440 11404
1 43873U 18109A   20185.70753083  .00000053  00000-0  00000-0 0  9991
2 43873  55.0097 178.0618 0009150 221.8022 137.3564  2.00564478 11496
1 43873U 18109A   20186.49311182  .00000042  00000-0  00000-0 0  9996
2 43873  55.0098 178.0307 0009159 221.6552 344.7385  2.00564631 11516
1 43873U 18109A   20186.61664483  .00000040  00000-0  00000-0 0  9993
2 43873  55.0098 178.0258 0009166 221.6523  73.9392  2.00564643 11519
1 43873U 18109A   20187.38380074  .00000032  00000-0  00000+0 0  9999
2 43873  55.0098 177.9955 0009170 221.5395 267.9821  2.00564717 11448
1 43873U 18109A   20187.50596326  .00000031  00000-0  00000-0 0  9992
2 43873  55.0098 177.9907 0009170 221.5063 356.2237  2.00564732 11537
1 43873U 18109A   20187.62767751  .00000030  00000-0  00000-0 0  9996
2 43873  55.0098 177.9858 0009177 221.5060  84.1087  2.00564742 11537
1 43873U 18109A   20188.52025174  .00000026  00000-0  00000-0 0  9997
2 43873  55.0098 177.9506 0009183 221.3635   8.7407  2.00564824 11551
1 43873U 18109A   20189.47075878  .00000028  00000-0  00000+0 0  9999
2 43873  55.0099 177.9131 0009195 221.2421 335.1829  2.00564902 11485
1 43873U 18109A   20189.53221431  .00000028  00000-0  00000-0 0  9995
2 43873  55.0099 177.9106 0009198 221.2369  19.5625  2.00564908 11574
1 43873U 18109A   20190.47986646  .00000035  00000-0  00000-0 0  9994
2 43873  55.0099 177.8732 0009201 221.1249 343.9341  2.00564975 11594
1 43873U 18109A   20190.89796632  .00000039  00000-0  00000-0 0  9998
2 43873  55.0099 177.8568 0009207 221.0929 285.8585  2.00565001 11608
1 43873U 18109A   20191.43461012  .00000046  00000-0  00000-0 0  9998
2 43873  55.0100 177.8356 0009211 221.0431 313.3963  2.00565036 11615
1 43873U 18109A   20191.55751826  .00000047  00000-0  00000+0 0  9996
2 43873  55.0100 177.8308 0009216 221.0369  42.1494  2.00565046 11524
1 43873U 18109A   20192.50371679  .00000059  00000-0  00000-0 0  9990
2 43873  55.0100 177.7935 0009219 220.9570   5.4398  2.00565102 11634
1 43873U 18109A   20193.45650082  .00000069  00000-0  00000-0 0  9994
2 43873  55.0101 177.7559 0009228 220.9076 333.4551  2.00565153 11651
1 43873U 18109A   20194.26807365  .00000076  00000-0  00000+0 0  9999
2 43873  55.0102 177.7239 0009234 220.8815 199.4844  2.00565190 11582
1 43873U 18109A   20194.87564372  .00000080  00000-0  00000-0 0  9990
2 43873  55.0103 177.7000 0009235 220.8375 278.2297  2.00565221 11685
1 43873U 18109A   20195.54363462  .00000082  00000-0  00000-0 0  9994
2 43873  55.0103 177.6737 0009235 220.8296  40.5666  2.00565251 11697
1 43873U 18109A   20195.68543387  .00000083  00000-0  00000-0 0  9996
2 43873  55.0104 177.6681 0009235 220.8364 142.9472  2.00565255 11700
1 43873U 18109A   20196.42586983  .00000083  00000-0  00000+0 0  9997
2 43873  55.0104 177.6390 0009232 220.7733 317.6487  2.00565286 11625
1 43873U 18109A   20196.55516385  .00000083  00000-0  00000-0 0  9991
2 43873  55.0104 177.6339 0009235 220.7655  51.0145  2.00565289 11717
1 43873U 18109A   20196.84642706  .00000082  00000-0  00000-0 0  9999
2 43873  55.0105 177.6224 0009230 220.7489 261.3403  2.00565300 11729
1 43873U 18109A   20197.32582493  .00000081  00000-0  00000-0 0  9998
2 43873  55.0105 177.6035 0009223 220.7233 247.5195  2.00565314 11738
1 43873U 18109A   20198.16993637  .00000077  00000-0  00000-0 0  9992
2 43873  55.0106 177.5702 0009218 220.6780 137.0632  2.00565331 11748
1 43873U 18109A   20199.16682872  .00000072  00000-0  00000+0 0  9993
2 43873  55.0108 177.5309 0009213 220.6166 136.9398  2.00565347 11683
1 43873U 18109A   20199.25781396  .00000071  00000-0  00000-0 0  9994
2 43873  55.0108 177.5273 0009210 220.6107 202.6425  2.00565348 11778
1 43873U 18109A   20200.33532045  .00000064  00000-0  00000-0 0  9993
2 43873  55.0109 177.4848 0009188 220.4888 260.7886  2.00565381 11799
1 43873U 18109A   20200.54114705  .00000063  00000-0  00000-0 0  9994
2 43873  55.0109 177.4767 0009189 220.4777  49.4187  2.00565384 11796
1 43873U 18109A   20201.41011427  .00000059  00000-0  00000+0 0  9992
2 43873  55.0110 177.4424 0009169 220.3871 316.9552  2.00565379 11725
1 43873U 18109A   20201.55262911  .00000058  00000-0  00000-0 0  9993
2 43873  55.0110 177.4368 0009176 220.3940  59.8526  2.00565381 11814
1 43873U 18109A   20202.38905177  .00000056  00000-0  00000-0 0  9991
2 43873  55.0112 177.4039 0009166 220.3045 303.8903  2.00565429 11832
1 43873U 18109A   20202.92182484  .00000055  00000-0  00000-0 0  9998
2 43873  55.0112 177.3828 0009126 220.1188 328.7697  2.00565419 11845
1 43873U 18109A   20203.33117647  .00000055  00000-0  00000-0 0  9993
2 43873  55.0112 177.3667 0009122 220.0936 264.3711  2.00565414 11850
1 43873U 18109A   20203.43971848  .00000055  00000-0  00000+0 0  9994
2 43873  55.0112 177.3624 0009120 220.0846 342.7540  2.00565413 11761
1 43873U 18109A   20203.43971848  .00000055  00000-0  00000-0 0  9995
2 43873  55.0112 177.3624 0009120 220.0846 342.7540  2.00565413 11851
1 43873U 18109A   20204.34750866  .00000057  00000-0  00000-0 0  9993
2 43873  55.0112 177.3266 0009107 219.9886 278.3285  2.00565405 11872
1 43873U 18109A   20204.65830979  .00000058  00000-0  00000-0 0  9992
2 43873  55.0113 177.3143 0009128 220.0446 142.6897  2.00565409 11882
1 43873U 18109A   20205.14632484  .00000060  00000-0  00000-0 0  9991
2 43873  55.0113 177.2950 0009122 219.9836 135.1266  2.00565409 11888
1 43873U 18109A   20205.89650053  .00000064  00000-0  00000+0 0  9998
2 43873  55.0113 177.2654 0009111 219.8682 316.9136  2.00565419 11814
1 43873U 18109A   20206.34395113  .00000067  00000-0  00000-0 0  9996
2 43873  55.0113 177.2477 0009133 219.9158 279.9522  2.00565431 11912
1 43873U 18109A   20207.13261240  .00000071  00000-0  00000-0 0  9992
2 43873  55.0113 177.2165 0009122 219.7563 129.5724  2.00565450 11928
1 43873U 18109A   20207.79593869  .00000073  00000-0  00000-0 0  9991
2 43873  55.0113 177.1903 0009114 219.6112 248.6788  2.00565478 11942
1 43873U 18109A   20208.31151098  .00000073  00000-0  00000-0 0  9994
2 43873  55.0113 177.1699 0009113 219.4982 261.0661  2.00565503 11865
1 43873U 18109A   20208.51013149  .00000073  00000-0  00000-0 0  9990
2 43873  55.0113 177.1621 0009115 219.4523  44.5280  2.00565517 11959
1 43873U 18109A   20209.45800215  .00000069  00000-0  00000-0 0  9997
2 43873  55.0113 177.1246 0009115 219.2520   9.1479  2.00565573 11978
1 43873U 18109A   20209.52287374  .00000069  00000-0  00000-0 0  9990
2 43873  55.0113 177.1221 0009117 219.2461  55.9950  2.00565578 11975
1 43873U 18109A   20210.47004670  .00000059  00000-0  00000-0 0  9991
2 43873  55.0113 177.0847 0009123 219.0682  20.0890  2.00565645 11902
1 43873U 18109A   20210.76289962  .00000055  00000-0  00000-0 0  9998
2 43873  55.0113 177.0731 0009125 219.0442 231.5705  2.00565664 12007
1 43873U 18109A   20211.23478525  .00000048  00000-0  00000-0 0  9998
2 43873  55.0113 177.0545 0009132 218.9754 212.3694  2.00565702 12010
1 43873U 18109A   20211.77768381  .00000040  00000-0  00000-0 0  9991
2 43873  55.0113 177.0330 0009131 218.8617 244.4888  2.00565750 12023
1 43873U 18109A   20212.49467671  .00000027  00000-0  00000-0 0  9994
2 43873  55.0113 177.0047 0009142 218.7253  42.3379  2.00565816 12039
1 43873U 18109A   20212.73535329  .00000023  00000-0  00000+0 0  9992
2 43873  55.0113 176.9952 0009142 218.7091 216.1373  2.00565836 11959
1 43873U 18109A   20213.37379872  .00000012  00000-0  00000-0 0  9991
2 43873  55.0112 176.9700 0009148 218.5577 317.2856  2.00565900 12055
1 43873U 18109A   20213.73383721  .00000007  00000-0  00000-0 0  9993
2 43873  55.0112 176.9557 0009152 218.5178 217.2954  2.00565932 12061
1 43873U 18109A   20214.25301847  .00000000  00000-0  00000-0 0  9993
2 43873  55.0112 176.9353 0009158 218.4215 232.2725  2.00565982 12071
1 43873U 18109A   20214.45383191 -.00000002  00000-0  00000-0 0  9990
2 43873  55.0111 176.9272 0009159 218.3783  17.3164  2.00566065 12072
1 43873U 18109A   20214.99047463 -.00000007  00000-0  00000-0 0  9993
2 43873  55.0111 176.9060 0009164 218.2784  44.9056  2.00566116 11996
1 43873U 18109A   20215.75996194 -.00000011  00000-0  00000-0 0  9997
2 43873  55.0111 176.8756 0009166 218.1345 240.6671  2.00566185 12109
1 43873U 18109A   20216.47943976 -.00000010  00000-0  00000-0 0  9996
2 43873  55.0111 176.8472 0009174 218.0020  40.3075  2.00566254 12113
1 43873U 18109A   20217.29123935 -.00000007  00000-0  00000+0 0  9997
2 43873  55.0111 176.8152 0009173 217.8399 266.6397  2.00566318 12046
1 43873U 18109A   20217.49233578 -.00000005  00000-0  00000-0 0  9993
2 43873  55.0111 176.8073 0009181 217.8293  51.8546  2.00566338 12132
1 43873U 18109A   20217.85204866 -.00000002  00000-0  00000-0 0  9998
2 43873  55.0110 176.7931 0009175 217.7324 311.6867  2.00566362 12141
1 43873U 18109A   20218.28810623  .00000002  00000-0  00000-0 0  9999
2 43873  55.0110 176.7759 0009174 217.6604 266.6198  2.00566389 12154
1 43873U 18109A   20219.50717703  .00000016  00000-0  00000+0 0  9994
2 43873  55.0110 176.7279 0009199 217.5799  66.9466  2.00566476 12080
1 43873U 18109A   20219.50717703  .00000016  00000-0  00000-0 0  9995
2 43873  55.0110 176.7279 0009199 217.5799  66.9466  2.00566476 12170
1 43873U 18109A   20220.23943376  .00000025  00000-0  00000-0 0  9994
2 43873  55.0110 176.6990 0009199 217.4988 235.7634  2.00566513 12195
1 43873U 18109A   20221.28800632  .00000034  00000-0  00000-0 0  9997
2 43873  55.0111 176.6577 0009196 217.3614 273.0369  2.00566563 12217
1 43873U 18109A   20222.18414951  .00000040  00000-0  00000+0 0  9998
2 43873  55.0111 176.6225 0009200 217.2864 200.1844  2.00566600 12142
1 43873U 18109A   20222.28445227  .00000040  00000-0  00000-0 0  9990
2 43873  55.0111 176.6185 0009197 217.2530 272.6429  2.00566609 12234
1 43873U 18109A   20223.27172687  .00000042  00000-0  00000-0 0  9999
2 43873  55.0112 176.5798 0009190 217.1665 265.6047  2.00566647 12257
1 43873U 18109A   20224.16358837  .00000041  00000-0  00000-0 0  9990
2 43873  55.0112 176.5446 0009184 217.0762 189.6761  2.00566672 12275
1 43873U 18109A   20224.27932913  .00000041  00000-0  00000+0 0  9994
2 43873  55.0112 176.5401 0009179 217.0367 273.2879  2.00566681 12181
1 43873U 18109A   20224.84725427  .00000039  00000-0  00000-0 0  9995
2 43873  55.0113 176.5177 0009172 216.9534 323.4496  2.00566699 12282
1 43873U 18109A   20225.46305892  .00000035  00000-0  00000-0 0  9990
2 43873  55.0113 176.4935 0009160 216.8461  48.2075  2.00566718 12296
1 43873U 18109A   20225.93509753  .00000033  00000-0  00000-0 0  9992
2 43873  55.0113 176.4748 0009151 216.7573  29.1387  2.00566733 12304
1 43873U 18109A   20226.28960596  .00000031  00000-0  00000+0 0  9994
2 43873  55.0114 176.4609 0009143 216.6983 285.1755  2.00566740 12228
1 43873U 18109A   20226.70092720  .00000028  00000-0  00000-0 0  9993
2 43873  55.0114 176.4446 0009135 216.6379 222.2363  2.00566746 12321
1 43873U 18109A   20227.47725569  .00000023  00000-0  00000-0 0  9997
2 43873  55.0114 176.4140 0009120 216.4931  62.9404  2.00566762 12332
1 43873U 18109A   20228.34354715  .00000019  00000-0  00000+0 0  9999
2 43873  55.0114 176.3799 0009104 216.3472 328.6045  2.00566768 12263
1 43873U 18109A   20228.48995700  .00000018  00000-0  00000-0 0  9999
2 43873  55.0114 176.3740 0009105 216.3387  74.3304  2.00566769 12359
1 43873U 18109A   20229.33370853  .00000015  00000-0  00000-0 0  9997
2 43873  55.0115 176.3407 0009092 216.2097 323.7023  2.00566765 12379
1 43873U 18109A   20229.44761927  .00000015  00000-0  00000-0 0  9995
2 43873  55.0115 176.3362 0009090 216.1961  45.9669  2.00566764 12374
1 43873U 18109A   20230.45900958  .00000014  00000-0  00000+0 0  9995
2 43873  55.0115 176.2963 0009074 216.0452  56.4067  2.00566752 12305
1 43873U 18109A   20230.45900958  .00000014  00000-0  00000-0 0  9996
2 43873  55.0115 176.2963 0009074 216.0452  56.4067  2.00566752 12394
1 43873U 18109A   20230.93245291  .00000015  00000-0  00000-0 0  9992
2 43873  55.0114 176.2776 0009068 215.9718  38.3367  2.00566748 12400
1 43873U 18109A   20231.25900817  .00000015  00000-0  00000-0 0  9990
2 43873  55.0114 176.2647 0009064 215.9375 274.1650  2.00566747 12417
1 43873U 18109A   20231.69810588  .00000017  00000-0  00000-0 0  9995
2 43873  55.0114 176.2474 0009063 215.9030 231.2564  2.00566748 12422
1 43873U 18109A   20232.41899514  .00000020  00000-0  00000-0 0  9996
2 43873  55.0113 176.2189 0009057 215.7930  31.8952  2.00566751 12434
1 43873U 18109A   20232.47483115  .00000020  00000-0  00000+0 0  9997
2 43873  55.0113 176.2166 0009061 215.8048  72.2007  2.00566751 12345
1 43873U 18109A   20233.32688547  .00000025  00000-0  00000-0 0  9994
2 43873  55.0113 176.1829 0009078 215.8273 327.4166  2.00566767 12458
1 43873U 18109A   20234.44423319  .00000032  00000-0  00000-0 0  9990
2 43873  55.0112 176.1387 0009065 215.5550  54.4866  2.00566802 12473
1 43873U 18109A   20234.81014057  .00000033  00000-0  00000+0 0  9996
2 43873  55.0112 176.1242 0009060 215.4556 318.7948  2.00566817 12397
1 43873U 18109A   20235.45844963  .00000034  00000-0  00000-0 0  9996
2 43873  55.0112 176.0986 0009055 215.2676  67.1043  2.00566850 12495
1 43873U 18109A   20236.47022922  .00000032  00000-0  00000-0 0  9990
2 43873  55.0111 176.0587 0009051 215.0057  77.9369  2.00566909 12516
1 43873U 18109A   20237.15032522  .00000028  00000-0  00000+0 0  9997
2 43873  55.0111 176.0318 0009054 214.8785 209.1377  2.00566950 12442
1 43873U 18109A   20237.41640424  .00000025  00000-0  00000-0 0  9990
2 43873  55.0111 176.0213 0009057 214.7884  41.3544  2.00566976 12538
1 43873U 18109A   20238.42845324  .00000012  00000-0  00000-0 0  9994
2 43873  55.0110 175.9815 0009059 214.5568  52.3517  2.00567054 12554
1 43873U 18109A   20239.44234863 -.00000004  00000-0  00000+0 0  9998
2 43873  55.0110 175.9415 0009065 214.3219  64.6857  2.00567136 12484
1 43873U 18109A   20239.81267889 -.00000010  00000-0  00000-0 0  9991
2 43873  55.0110 175.9268 0009064 214.2235 332.1870  2.00567167 12589
1 43873U 18109A   20240.16157875 -.00000016  00000-0  00000-0 0  9990
2 43873  55.0110 175.9131 0009067 214.1750 224.1642  2.00567194 12590
1 43873U 18109A   20240.30431875 -.00000018  00000-0  00000-0 0  9993
2 43873  55.0109 175.9075 0009067 214.1156 327.2914  2.00567208 12598
1 43873U 18109A   20241.40072205 -.00000034  00000-0  00000-0 0  9991
2 43873  55.0109 175.8642 0009073 213.8319  39.2511  2.00567302 12612
1 43873U 18109A   20241.71720854 -.00000038  00000-0  00000+0 0  9998
2 43873  55.0109 175.8517 0009073 213.7691 267.8381  2.00567327 12537
1 43873U 18109A   20242.41403862 -.00000043  00000-0  00000-0 0  9990
2 43873  55.0109 175.8242 0009079 213.5712  51.1939  2.00567390 12634
1 43873U 18109A   20243.42751104 -.00000046  00000-0  00000-0 0  9990
2 43873  55.0108 175.7842 0009087 213.3352  63.2248  2.00567481 12655
1 43873U 18109A   20243.79361953 -.00000045  00000-0  00000-0 0  9998
2 43873  55.0108 175.7698 0009086 213.2345 327.6803  2.00567515 12667
1 43873U 18109A   20244.11713407 -.00000044  00000-0  00000+0 0  9998
2 43873  55.0108 175.7568 0009118 213.4470 201.0675  2.00567542 12583
1 43873U 18109A   20244.44071274 -.00000042  00000-0  00000-0 0  9992
2 43873  55.0108 175.7441 0009125 213.3821  74.7779  2.00567576 12677
1 43873U 18109A   20245.38514097 -.00000033  00000-0  00000-0 0  9991
2 43873  55.0107 175.7068 0009132 213.1957  36.9054  2.00567658 12696
1 43873U 18109A   20245.92177887 -.00000027  00000-0  00000-0 0  9996
2 43873  55.0107 175.6856 0009135 213.1082  64.4818  2.00567698 12702
1 43873U 18109A   20246.21599497 -.00000023  00000-0  00000+0 0  9999
2 43873  55.0107 175.6741 0009133 213.0552 276.9787  2.00567716 12621
1 43873U 18109A   20246.39840014 -.00000021  00000-0  00000-0 0  9991
2 43873  55.0107 175.6669 0009137 213.0146  48.7284  2.00567734 12710
1 43873U 18109A   20247.41168983 -.00000009  00000-0  00000-0 0  9999
2 43873  55.0107 175.6270 0009141 212.8646  60.5426  2.00567800 12731
1 43873U 18109A   20247.88314868 -.00000003  00000-0  00000-0 0  9999
2 43873  55.0107 175.6084 0009145 212.7873  41.0454  2.00567827 12744
1 43873U 18109A   20248.42518434  .00000002  00000-0  00000+0 0  9992
2 43873  55.0107 175.5871 0009145 212.7008  72.5187  2.00567854 12660
1 43873U 18109A   20249.42710663  .00000009  00000-0  00000-0 0  9999
2 43873  55.0107 175.5477 0009143 212.5458  76.1302  2.00567899 12777
1 43873U 18109A   20249.89919028  .00000011  00000-0  00000-0 0  9999
2 43873  55.0107 175.5291 0009139 212.4700  57.0828  2.00567918 12789
1 43873U 18109A   20250.13664564  .00000012  00000-0  00000-0 0  9991
2 43873  55.0107 175.5197 0009136 212.4430 228.5689  2.00567927 12792
1 43873U 18109A   20250.38190476  .00000012  00000-0  00000-0 0  9994
2 43873  55.0108 175.5101 0009136 212.3739  45.7320  2.00567937 12791
1 43873U 18109A   20251.10561410  .00000012  00000-0  00000+0 0  9994
2 43873  55.0108 175.4816 0009130 212.2993 208.3746  2.00567961 12727
1 43873U 18109A   20251.39600729  .00000012  00000-0  00000-0 0  9993
2 43873  55.0108 175.4701 0009129 212.2422  58.1155  2.00567971 12811
1 43873U 18109A   20251.89611324  .00000011  00000-0  00000-0 0  9990
2 43873  55.0108 175.4504 0009126 212.1744  59.2942  2.00567988 12820
1 43873U 18109A   20252.40918671  .00000009  00000-0  00000-0 0  9990
2 43873  55.0108 175.4302 0009121 212.0907  69.8523  2.00568001 12831
1 43873U 18109A   20256.11325451 -.00000007  00000-0  00000+0 0  9998
2 43873  55.0109 175.2842 0009077 211.5438 224.9918  2.00568077 12826
1 43873U 18109A   20256.39335132 -.00000007  00000-0  00000-0 0  9996
2 43873  55.0109 175.2731 0009075 211.4934  67.2916  2.00568081 12912
1 43873U 18109A   20256.61970830 -.00000008  00000-0  00000-0 0  9992
2 43873  55.0109 175.2642 0009072 211.4589 230.7714  2.00568078 12926
1 43873U 18109A   20257.14866559 -.00000008  00000-0  00000-0 0  9993
2 43873  55.0109 175.2433 0009065 211.3603 252.8139  2.00568082 12934
1 43873U 18109A   20257.90392752 -.00000007  00000-0  00000-0 0  9995
2 43873  55.0109 175.2135 0009057 211.2249  78.3008  2.00568079 12942
1 43873U 18109A   20258.40999512 -.00000005  00000-0  00000-0 0  9996
2 43873  55.0109 175.1935 0009052 211.1360  83.8056  2.00568074 12957
1 43873U 18109A   20259.36341044  .00000000  00000-0  00000-0 0  9997
2 43873  55.0108 175.1558 0009043 210.9435  52.4300  2.00568073 12972
1 43873U 18109A   20259.90407992  .00000004  00000-0  00000-0 0  9996
2 43873  55.0108 175.1344 0009038 210.8238  82.9506  2.00568073 12986
1 43873U 18109A   20260.37810444  .00000007  00000-0  00000+0 0  9991
2 43873  55.0107 175.1157 0009034 210.7105  65.3425  2.00568078 12907
1 43873U 18109A   20260.84977437  .00000011  00000-0  00000-0 0  9995
2 43873  55.0107 175.0970 0009030 210.5853  46.0462  2.00568086 13001
1 43873U 18109A   20261.39082495  .00000015  00000-0  00000-0 0  9991
2 43873  55.0107 175.0757 0009026 210.4256  76.8821  2.00568099 13010
1 43873U 18109A   20261.86056416  .00000017  00000-0  00000-0 0  9999
2 43873  55.0107 175.0571 0009024 210.2880  56.2041  2.00568115 13029
1 43873U 18109A   20262.12963559  .00000019  00000-0  00000-0 0  9996
2 43873  55.0106 175.0465 0009023 210.2291 250.5512  2.00568121 13035
1 43873U 18109A   20263.11266060  .00000021  00000-0  00000+0 0  9991
2 43873  55.0106 175.0076 0009023 209.9360 240.6569  2.00568166 12967
1 43873U 18109A   20263.34858500  .00000021  00000-0  00000-0 0  9993
2 43873  55.0106 174.9983 0009026 209.8511  51.0957  2.00568184 13058
1 43873U 18109A   20264.36295392  .00000017  00000-0  00000-0 0  9995
2 43873  55.0106 174.9581 0009036 209.6146  63.7774  2.00568244 13071
1 43873U 18109A   20265.13660410  .00000010  00000-0  00000+0 0  9990
2 43873  55.0106 174.9276 0009044 209.4474 262.5741  2.00568294 13004
1 43873U 18109A   20265.37454913  .00000008  00000-0  00000-0 0  9993
2 43873  55.0106 174.9182 0009051 209.3956  74.4389  2.00568314 13092
1 43873U 18109A   20265.84805882  .00000001  00000-0  00000-0 0  9993
2 43873  55.0106 174.8994 0009058 209.2903  56.4513  2.00568348 13108
1 43873U 18109A   20266.38969612 -.00000007  00000-0  00000-0 0  9992
2 43873  55.0106 174.8780 0009066 209.1811  87.6607  2.00568385 13119
1 43873U 18109A   20266.85966911 -.00000014  00000-0  00000-0 0  9991
2 43873  55.0106 174.8595 0009073 209.0716  67.1238  2.00568419 13126
1 43873U 18109A   20267.14671963 -.00000018  00000-0  00000+0 0  9997
2 43873  55.0105 174.8481 0009073 209.0071 274.4588  2.00568438 13046
1 43873U 18109A   20267.33273206 -.00000021  00000-0  00000-0 0  9991
2 43873  55.0105 174.8407 0009078 208.9398  48.8403  2.00568453 13135
1 43873U 18109A   20268.34496316 -.00000035  00000-0  00000-0 0  9997
2 43873  55.0105 174.8007 0009093 208.7095  59.9731  2.00568523 13157
1 43873U 18109A   20269.35051639 -.00000045  00000-0  00000+0 0  9994
2 43873  55.0105 174.7610 0009107 208.4620  66.3013  2.00568597 13081
1 43873U 18109A   20269.83032329 -.00000048  00000-0  00000-0 0  9996
2 43873  55.0105 174.7421 0009114 208.3484  52.8696  2.00568634 13186
1 43873U 18109A   20270.37207840 -.00000049  00000-0  00000-0 0  9990
2 43873  55.0105 174.7207 0009122 208.2298  84.1741  2.00568675 13194
1 43873U 18109A   20270.89262448 -.00000048  00000-0  00000-0 0  9991
2 43873  55.0105 174.7001 0009129 208.1107 100.1647  2.00568717 13204
1 43873U 18109A   20271.38425997 -.00000045  00000-0  00000+0 0  9992
2 43873  55.0105 174.6808 0009137 208.0012  95.2701  2.00568758 13122
1 43873U 18109A   20271.86057125 -.00000041  00000-0  00000-0 0  9996
2 43873  55.0105 174.6620 0009144 207.9005  79.3017  2.00568801 13225
1 43873U 18109A   20272.32951552 -.00000037  00000-0  00000-0 0  9990
2 43873  55.0105 174.6436 0009153 207.8294  57.9842  2.00568841 13232
1 43873U 18109A   20272.87185211 -.00000030  00000-0  00000-0 0  9994
2 43873  55.0105 174.6222 0009159 207.7336  89.6860  2.00568885 13248
1 43873U 18109A   20273.34520698 -.00000024  00000-0  00000-0 0  9992
2 43873  55.0105 174.6035 0009165 207.6648  71.5511  2.00568922 13258
1 43873U 18109A   20274.09535331 -.00000013  00000-0  00000+0 0  9992
2 43873  55.0105 174.5739 0009169 207.5396 253.3361  2.00568974 13183
1 43873U 18109A   20274.09535331 -.00000013  00000-0  00000-0 0  9993
2 43873  55.0105 174.5739 0009169 207.5396 253.3361  2.00568974 13273
1 43873U 18109A   20275.07548852 -.00000000  00000-0  00000-0 0  9990
2 43873  55.0105 174.5353 0009176 207.3788 241.2255  2.00569038 13298
1 43873U 18109A   20276.07733015  .00000010  00000-0  00000-0 0  9998
2 43873  55.0105 174.4958 0009181 207.2148 244.7919  2.00569091 13310
1 43873U 18109A   20276.70258000  .00000015  00000-0  00000+0 0  9998
2 43873  55.0105 174.4712 0009184 207.1099 336.3727  2.00569119 13232
1 43873U 18109A   20276.85694212  .00000016  00000-0  00000-0 0  9995
2 43873  55.0106 174.4651 0009185 207.0943  87.8491  2.00569121 13322
1 43873U 18109A   20277.32657671  .00000018  00000-0  00000-0 0  9998
2 43873  55.0106 174.4466 0009186 207.0239  67.0298  2.00569138 13339
1 43873U 18109A   20277.89678376  .00000020  00000-0  00000-0 0  9998
2 43873  55.0106 174.4242 0009185 206.9305 118.8541  2.00569150 13343
1 43873U 18109A   20278.33994008  .00000020  00000-0  00000-0 0  9991
2 43873  55.0106 174.4068 0009188 206.8691  78.9067  2.00569163 13353
1 43873U 18109A   20278.81315259  .00000020  00000-0  00000+0 0  9998
2 43873  55.0107 174.3881 0009187 206.7947  60.6750  2.00569177 13271
1 43873U 18109A   20279.58157339  .00000019  00000-0  00000-0 0  9995
2 43873  55.0107 174.3578 0009179 206.6422 255.6834  2.00569192 13380
1 43873U 18109A   20280.19493921  .00000017  00000-0  00000-0 0  9992
2 43873  55.0108 174.3336 0009178 206.5338 338.6867  2.00569208 13394
1 43873U 18109A   20280.36547544  .00000017  00000-0  00000-0 0  9992
2 43873  55.0108 174.3269 0009177 206.5159 101.8442  2.00569205 13395
1 43873U 18109A   20281.11602733  .00000014  00000-0  00000+0 0  9994
2 43873  55.0108 174.2973 0009172 206.3811 283.9324  2.00569222 13327
1 43873U 18109A   20281.84768904  .00000012  00000-0  00000-0 0  9996
2 43873  55.0108 174.2685 0009168 206.2518  92.3750  2.00569237 13427
1 43873U 18109A   20282.32527207  .00000010  00000-0  00000-0 0  9997
2 43873  55.0109 174.2496 0009166 206.1894  77.2872  2.00569243 13437
1 43873U 18109A   20282.68799277  .00000010  00000-0  00000-0 0  9994
2 43873  55.0109 174.2353 0009163 206.1117 339.2758  2.00569251 13448
1 43873U 18109A   20283.13483735  .00000009  00000-0  00000+0 0  9991
2 43873  55.0109 174.2177 0009163 206.0659 301.9761  2.00569253 13365
1 43873U 18109A   20283.33861201  .00000009  00000-0  00000-0 0  9992
2 43873  55.0109 174.2097 0009162 206.0325  89.1497  2.00569256 13459
1 43873U 18109A   20284.07190081  .00000009  00000-0  00000-0 0  9995
2 43873  55.0110 174.1807 0009159 205.9132 258.7572  2.00569258 13471
1 43873U 18109A   20284.88565708  .00000011  00000-0  00000-0 0  9999
2 43873  55.0110 174.1486 0009154 205.7084 126.5536  2.00569257 13485
1 43873U 18109A   20285.17009149  .00000012  00000-0  00000+0 0  9994
2 43873  55.0111 174.1374 0009155 205.6695 331.9749  2.00569256 13409
1 43873U 18109A   20285.29673549  .00000013  00000-0  00000-0 0  9990
2 43873  55.0110 174.1324 0009154 205.6534  63.4373  2.00569254 13491
1 43873U 18109A   20285.90079259  .00000016  00000-0  00000-0 0  9999
2 43873  55.0111 174.1086 0009152 205.5461 139.7181  2.00569247 13501
1 43873U 18109A   20286.30927813  .00000019  00000-0  00000-0 0  9995
2 43873  55.0111 174.0924 0009152 205.4733  74.7474  2.00569244 13513
1 43873U 18109A   20286.91909020  .00000024  00000-0  00000-0 0  9998
2 43873  55.0111 174.0683 0009150 205.3510 155.1986  2.00569236 13530
1 43873U 18109A   20287.77964197  .00000032  00000-0  00000+0 0  9997
2 43873  55.0111 174.0343 0009147 205.1318  56.7993  2.00569238 13450
1 43873U 18109A   20287.77964197  .00000032  00000-0  00000-0 0  9998
2 43873  55.0111 174.0343 0009147 205.1318  56.7993  2.00569238 13540
1 43873U 18109A   20288.33556373  .00000036  00000-0  00000-0 0  9998
2 43873  55.0111 174.0123 0009148 204.9990  98.3484  2.00569240 13461
1 43873U 18109A   20289.34364303  .00000044  00000-0  00000-0 0  9999
2 43873  55.0111 173.9725 0009154 204.7613 106.4933  2.00569258 13575
1 43873U 18109A   20289.92752328  .00000047  00000-0  00000-0 0  9994
2 43873  55.0111 173.9494 0009157 204.5983 168.2608  2.00569275 13595
1 43873U 18109A   20290.29477152  .00000048  00000-0  00000-0 0  9996
2 43873  55.0111 173.9348 0009162 204.4966  73.5428  2.00569293 13597
1 43873U 18109A   20291.17771406  .00000048  00000-0  00000+0 0  9992
2 43873  55.0112 173.8999 0009174 204.2934 351.2955  2.00569335 13526
1 43873U 18109A   20291.83065427  .00000045  00000-0  00000-0 0  9992
2 43873  55.0112 173.8741 0009186 204.1212 102.9387  2.00569373 13625
1 43873U 18109A   20292.32302571  .00000041  00000-0  00000-0 0  9997
2 43873  55.0113 173.8546 0009195 204.0162  98.5721  2.00569404 13630
1 43873U 18109A   20292.85019101  .00000036  00000-0  00000-0 0  9993
2 43873  55.0113 173.8337 0009206 203.9122 119.3284  2.00569438 13649
1 43873U 18109A   20293.14834084  .00000032  00000-0  00000-0 0  9997
2 43873  55.0113 173.8219 0009214 203.8323 334.6944  2.00569457 13656
1 43873U 18109A   20293.33379529  .00000030  00000-0  00000+0 0  9993
2 43873  55.0113 173.8146 0009219 203.8294 108.6092  2.00569469 13563
1 43873U 18109A   20293.83800549  .00000023  00000-0  00000-0 0  9992
2 43873  55.0114 173.7947 0009230 203.7281 112.7876  2.00569503 13666
1 43873U 18109A   20294.27737436  .00000016  00000-0  00000-0 0  9997
2 43873  55.0114 173.7773 0009242 203.6561  70.1163  2.00569531 13584
1 43873U 18109A   20295.06418615  .00000005  00000-0  00000-0 0  9998
2 43873  55.0114 173.7461 0009258 203.5140 278.3949  2.00569583 13690
1 43873U 18109A   20296.53114206 -.00000010  00000-0  00000-0 0  9997
2 43873  55.0115 173.6882 0009289 203.2249 257.9355  2.00569674 13727
1 43873U 18109A   20296.78425562 -.00000011  00000-0  00000-0 0  9995
2 43873  55.0115 173.6781 0009296 203.1165  80.8109  2.00569693 13720
1 43873U 18109A   20297.38656044 -.00000013  00000-0  00000-0 0  9995
2 43873  55.0115 173.6544 0009308 203.0079 155.8288  2.00569727 13734
1 43873U 18109A   20297.78866465 -.00000013  00000-0  00000-0 0  9999
2 43873  55.0115 173.6384 0009318 202.9254  86.2607  2.00569760 13740
1 43873U 18109A   20298.12590851 -.00000012  00000-0  00000-0 0  9990
2 43873  55.0116 173.6251 0009324 202.8682 329.8332  2.00569783 13752
1 43873U 18109A   20298.83900778 -.00000007  00000-0  00000+0 0  9994
2 43873  55.0116 173.5970 0009341 202.7321 124.8806  2.00569832 13672
1 43873U 18109A   20299.50115642 -.00000000  00000-0  00000-0 0  9991
2 43873  55.0116 173.5709 0009354 202.6084 243.1255  2.00569877 13785
1 43873U 18109A   20299.89757812  .00000005  00000-0  00000-0 0  9998
2 43873  55.0117 173.5553 0009363 202.5548 169.4256  2.00569909 13795
1 43873U 18109A   20300.82638319  .00000018  00000-0  00000-0 0  9998
2 43873  55.0117 173.5186 0009381 202.4517 120.1960  2.00569980 13809
1 43873U 18109A   20301.29971678  .00000025  00000-0  00000+0 0  9995
2 43873  55.0118 173.5000 0009389 202.3954 102.0351  2.00570014 13721
1 43873U 18109A   20301.53030612  .00000028  00000-0  00000-0 0  9990
2 43873  55.0118 173.4909 0009391 202.3646 268.5688  2.00570028 13826
1 43873U 18109A   20301.84768307  .00000032  00000-0  00000-0 0  9998
2 43873  55.0118 173.4784 0009398 202.3067 137.7970  2.00570052 13829
1 43873U 18109A   20302.37202149  .00000040  00000-0  00000-0 0  9993
2 43873  55.0119 173.4577 0009405 202.2472 156.4687  2.00570084 13837
1 43873U 18109A   20303.36993921  .00000051  00000-0  00000-0 0  9990
2 43873  55.0120 173.4183 0009415 202.0907 157.1979  2.00570139 13859
1 43873U 18109A   20304.13630889  .00000057  00000-0  00000+0 0  9992
2 43873  55.0120 173.3882 0009422 201.9766 350.6894  2.00570178 13784
1 43873U 18109A   20304.78890705  .00000060  00000-0  00000-0 0  9993
2 43873  55.0121 173.3624 0009427 201.9165 101.9754  2.00570197 13881
1 43873U 18109A   20305.51560372  .00000062  00000-0  00000-0 0  9991
2 43873  55.0122 173.3338 0009431 201.8537 266.7686  2.00570214 13908
1 43873U 18109A   20305.85565066  .00000062  00000-0  00000-0 0  9993
2 43873  55.0123 173.3204 0009434 201.8248 152.3375  2.00570218 13902
1 43873U 18109A   20306.29955375  .00000062  00000-0  00000+0 0  9997
2 43873  55.0123 173.3029 0009435 201.7590 112.9352  2.00570225 13823
1 43873U 18109A   20306.77979003  .00000061  00000-0  00000-0 0  9994
2 43873  55.0124 173.2840 0009437 201.7092  99.7523  2.00570234 13926
1 43873U 18109A   20307.13115834  .00000060  00000-0  00000-0 0  9998
2 43873  55.0125 173.2701 0009435 201.5778 353.5986  2.00570241 13933
1 43873U 18109A   20307.77431716  .00000058  00000-0  00000-0 0  9995
2 43873  55.0126 173.2447 0009443 201.5712  98.0152  2.00570249 13943
1 43873U 18109A   20308.05993454  .00000058  00000-0  00000-0 0  9999
2 43873  55.0126 173.2335 0009444 201.5340 304.2899  2.00570251 13951
1 43873U 18109A   20308.73447584  .00000056  00000-0  00000+0 0  9999
2 43873  55.0127 173.2069 0009443 201.4467  71.4478  2.00570258 13878
1 43873U 18109A   20309.49947108  .00000054  00000-0  00000-0 0  9999
2 43873  55.0128 173.1767 0009443 201.3568 263.9227  2.00570260 13989
1 43873U 18109A   20309.77305508  .00000054  00000-0  00000-0 0  9992
2 43873  55.0128 173.1659 0009439 201.1729 101.6553  2.00570265 13986
1 43873U 18109A   20310.51311926  .00000053  00000-0  00000-0 0  9996
2 43873  55.0129 173.1367 0009438 201.0871 276.1237  2.00570249 14002
1 43873U 18109A   20311.10013660  .00000054  00000-0  00000+0 0  9996
2 43873  55.0130 173.1135 0009440 201.0186 340.0638  2.00570256 13923
1 43873U 18109A   20311.29946722  .00000054  00000-0  00000-0 0  9991
2 43873  55.0130 173.1057 0009440 200.9978 124.0166  2.00570254 14018
1 43873U 18109A   20311.76905453  .00000055  00000-0  00000-0 0  9990
2 43873  55.0131 173.0871 0009441 200.9255 103.1671  2.00570257 14024
1 43873U 18109A   20312.31097524  .00000057  00000-0  00000-0 0  9995
2 43873  55.0132 173.0657 0009443 200.8730 134.5277  2.00570252 14032
1 43873U 18109A   20312.78306069  .00000060  00000-0  00000-0 0  9997
2 43873  55.0132 173.0471 0009445 200.8181 115.4646  2.00570250 14045
1 43873U 18109A   20315.75479934  .00000085  00000+0  00000+0 0  9994
2 43873  55.0135 172.9298 0009469 200.3618 101.7439  2.00570218 14108
1 43873U 18109A   20316.76668416  .00000092  00000+0  00000+0 0  9999
2 43873  55.0135 172.8898 0009483 200.1708 112.5934  2.00570229 14121
1 43873U 18109A   20317.31013976  .00000095  00000+0  00000+0 0  9999
2 43873  55.0136 172.8683 0009493 200.0696 145.1115  2.00570242 14139
1 43873U 18109A   20318.25221000  .00000096  00000-0  00000-0 0  9995
2 43873  55.0137 172.8309 0009518 199.9457 105.4826  2.00570279 14154
1 43873U 18109A   20318.83040397  .00000094  00000-0  00000-0 0  9995
2 43873  55.0138 172.8080 0009533 199.8436 163.0854  2.00570309 14171
1 43873U 18109A   20319.80118244  .00000087  00000-0  00000-0 0  9992
2 43873  55.0140 172.7696 0009562 199.5874 144.3184  2.00570363 14180
1 43873U 18109A   20320.28302788  .00000081  00000-0  00000-0 0  9998
2 43873  55.0140 172.7505 0009574 199.4062 132.4290  2.00570393 14190
1 43873U 18109A   20320.75029278  .00000075  00000-0  00000-0 0  9993
2 43873  55.0141 172.7320 0009589 199.4505 109.7861  2.00570427 14205
1 43873U 18109A   20321.44648174  .00000065  00000-0  00000+0 0  9990
2 43873  55.0142 172.7045 0009607 199.4140 252.5249  2.00570475 14138
1 43873U 18109A   20322.46722068  .00000051  00000-0  00000-0 0  9994
2 43873  55.0143 172.6641 0009637 199.2621 269.7293  2.00570546 14245
1 43873U 18109A   20322.78514360  .00000047  00000-0  00000-0 0  9998
2 43873  55.0143 172.6516 0009647 199.2359 139.3205  2.00570566 14242
1 43873U 18109A   20323.31466685  .00000041  00000-0  00000-0 0  9998
2 43873  55.0144 172.6306 0009661 199.0822 161.8312  2.00570597 14264
1 43873U 18109A   20323.57063289  .00000038  00000-0  00000+0 0  9994
2 43873  55.0144 172.6205 0009669 199.0318 346.7089  2.00570620 14172
1 43873U 18109A   20324.78174000  .00000033  00000-0  00000-0 0  9998
2 43873  55.0145 172.5725 0009706 198.9008 141.3529  2.00570633 14289
1 43873U 18109A   20325.55784241  .00000034  00000-0  00000-0 0  9999
2 43873  55.0146 172.5417 0009726 198.7797 341.8807  2.00570685 14309
1 43873U 18109A   20326.22436556  .00000039  00000-0  00000+0 0  9991
2 43873  55.0147 172.5154 0009746 198.7245 103.2180  2.00570726 14229
1 43873U 18109A   20326.76392039  .00000044  00000-0  00000-0 0  9994
2 43873  55.0148 172.4942 0009758 198.6689 132.8744  2.00570753 14323
1 43873U 18109A   20327.46239021  .00000053  00000-0  00000-0 0  9993
2 43873  55.0148 172.4666 0009774 198.6199 277.2736  2.00570799 14347
1 43873U 18109A   20327.86669190  .00000058  00000-0  00000-0 0  9996
2 43873  55.0149 172.4507 0009784 198.6146 209.2166  2.00570826 14359
1 43873U 18109A   20329.74022950  .00000083  00000-0  00000-0 0  9990
2 43873  55.0152 172.3768 0009830 198.4234 122.2503  2.00570967 14297
1 43873U 18109A   20330.20849101  .00000088  00000-0  00000-0 0  9993
2 43873  55.0153 172.3583 0009838 198.4035 100.3922  2.00570994 14393
1 43873U 18109A   20330.75563736  .00000093  00000-0  00000-0 0  9996
2 43873  55.0153 172.3368 0009845 198.3908 135.4879  2.00571019 14401
1 43873U 18109A   20331.44791314  .00000098  00000-0  00000-0 0  9993
2 43873  55.0154 172.3095 0009854 198.3546 275.4019  2.00571047 14421
1 43873U 18109A   20331.76757017  .00000099  00000-0  00000+0 0  9990
2 43873  55.0155 172.2969 0009861 198.3023 146.2720  2.00571058 14335
1 43873U 18109A   20332.28738076  .00000100  00000-0  00000-0 0  9996
2 43873  55.0156 172.2764 0009868 198.2668 161.6523  2.00571077 14445
1 43873U 18109A   20332.70692722  .00000101  00000-0  00000-0 0  9991
2 43873  55.0157 172.2599 0009873 198.2452 104.6198  2.00571091 14440
1 43873U 18109A   20333.40823854  .00000100  00000-0  00000-0 0  9990
2 43873  55.0158 172.2322 0009878 198.2073 251.0602  2.00571106 14465
1 43873U 18109A   20334.27022374  .00000098  00000-0  00000+0 0  9999
2 43873  55.0160 172.1982 0009881 198.1538 153.5352  2.00571059 14395
1 43873U 18109A   20334.53055758  .00000097  00000-0  00000-0 0  9990
2 43873  55.0160 172.1879 0009890 198.0797 341.5910  2.00571072 14480
1 43873U 18109A   20334.73724939  .00000096  00000-0  00000-0 0  9995
2 43873  55.0161 172.1798 0009891 198.0756 130.8431  2.00571071 14483
1 43873U 18109A   20335.28410931  .00000094  00000-0  00000-0 0  9998
2 43873  55.0162 172.1582 0009893 198.0593 165.7358  2.00571069 14501
1 43873U 18109A   20335.74883500  .00000092  00000-0  00000-0 0  9993
2 43873  55.0163 172.1398 0009900 197.9192 141.4451  2.00571079 14505
1 43873U 18109A   20336.30740328  .00000090  00000-0  00000+0 0  9993
2 43873  55.0164 172.1178 0009900 197.9075 184.7875  2.00571074 14439
1 43873U 18109A   20336.77360123  .00000089  00000-0  00000-0 0  9994
2 43873  55.0165 172.0994 0009902 197.8738 161.4532  2.00571078 14528
1 43873U 18109A   20337.23344840  .00000088  00000-0  00000-0 0  9993
2 43873  55.0166 172.0812 0009905 197.8458 133.5275  2.00571078 14535
1 43873U 18109A   20337.70566216  .00000087  00000-0  00000-0 0  9997
2 43873  55.0166 172.0626 0009907 197.8185 114.5308  2.00571078 14544
1 43873U 18109A   20338.24766833  .00000087  00000-0  00000-0 0  9994
2 43873  55.0167 172.0413 0009909 197.8028 145.9181  2.00571075 14552
1 43873U 18109A   20340.04578102  .00000092  00000-0  00000+0 0  9990
2 43873  55.0170 171.9703 0009927 197.7095   4.3920  2.00571066 14503
1 43873U 18109A   20340.04578102  .00000092  00000-0  00000-0 0  9991
2 43873  55.0170 171.9703 0009927 197.7095   4.3920  2.00571066 14592
1 43873U 18109A   20340.81994174  .00000096  00000-0  00000-0 0  9991
2 43873  55.0171 171.9398 0009935 197.6404 203.4667  2.00571054 14615
1 43873U 18109A   20341.22198726  .00000099  00000-0  00000-0 0  9999
2 43873  55.0172 171.9239 0009939 197.6185 133.7975  2.00571048 14610
1 43873U 18109A   20341.75920661  .00000103  00000-0  00000-0 0  9994
2 43873  55.0173 171.9027 0009947 197.5802 161.7508  2.00571039 14545
1 43873U 18109A   20341.75920661  .00000103  00000-0  00000-0 0  9994
2 43873  55.0173 171.9027 0009947 197.5802 161.7508  2.00571039 14624
1 43873U 18109A   20342.24111940  .00000107  00000-0  00000-0 0  9995
2 43873  55.0173 171.8837 0009953 197.5360 149.7744  2.00571034 14632
1 43873U 18109A   20342.37926538  .00000108  00000-0  00000-0 0  9997
2 43873  55.0173 171.8782 0009956 197.5140 249.5488  2.00571032 14643
1 43873U 18109A   20342.67513102  .00000111  00000-0  00000-0 0  9993
2 43873  55.0174 171.8665 0009964 197.4593 103.2421  2.00571032 14647
1 43873U 18109A   20343.70305715  .00000118  00000-0  00000-0 0  9994
2 43873  55.0175 171.8259 0009985 197.3186 125.6275  2.00571032 14664
1 43873U 18109A   20344.03688189  .00000120  00000-0  00000+0 0  9992
2 43873  55.0175 171.8127 0009989 197.3260   6.6678  2.00571030 14589
1 43873U 18109A   20344.77224347  .00000122  00000-0  00000-0 0  9998
2 43873  55.0176 171.7836 0010007 197.2466 177.7370  2.00571040 14698
1 43873U 18109A   20345.42849178  .00000122  00000-0  00000-0 0  9996
2 43873  55.0177 171.7577 0010025 197.1821 291.6651  2.00571057 14703
1 43873U 18109A   20345.76827083  .00000121  00000-0  00000-0 0  9993
2 43873  55.0178 171.7442 0010037 197.1536 177.0413  2.00571071 14711
1 43873U 18109A   20346.37477671  .00000117  00000-0  00000+0 0  9999
2 43873  55.0178 171.7202 0010055 197.1050 255.0356  2.00571099 14630
1 43873U 18109A   20346.53572366  .00000116  00000-0  00000-0 0  9994
2 43873  55.0179 171.7139 0010060 197.1017  11.2554  2.00571111 14726
1 43873U 18109A   20346.76136975  .00000114  00000-0  00000-0 0  9999
2 43873  55.0179 171.7049 0010066 197.1290 174.1625  2.00571119 14732
1 43873U 18109A   20347.66342622  .00000103  00000-0  00000-0 0  9995
2 43873  55.0180 171.6691 0010101 197.0216 105.6276  2.00571192 14746
1 43873U 18109A   20347.98947691  .00000098  00000-0  00000-0 0  9990
2 43873  55.0181 171.6562 0010110 197.0167 341.0671  2.00571211 14757
1 43873U 18109A   20348.71558694  .00000086  00000-0  00000+0 0  9999
2 43873  55.0181 171.6276 0010140 197.0043 145.3878  2.00571205 14673
1 43873U 18109A   20348.71558694  .00000086  00000-0  00000-0 0  9990
2 43873  55.0181 171.6276 0010140 197.0043 145.3878  2.00571205 14763
1 43873U 18109A   20349.27423531  .00000077  00000-0  00000-0 0  9993
2 43873  55.0182 171.6056 0010155 196.9993 188.7817  2.00571249 14782
1 43873U 18109A   20350.52022432  .00000060  00000-0  00000-0 0  9990
2 43873  55.0184 171.5562 0010199 196.9177   8.5675  2.00571350 14804
1 43873U 18109A   20350.66189184  .00000058  00000-0  00000-0 0  9990
2 43873  55.0184 171.5506 0010212 196.8987 110.8819  2.00571360 14804
1 43873U 18109A   20351.23760296  .00000053  00000-0  00000+0 0  9997
2 43873  55.0185 171.5279 0010230 196.8630 166.6276  2.00571403 14733
1 43873U 18109A   20351.23760296  .00000053  00000-0  00000-0 0  9998
2 43873  55.0185 171.5279 0010230 196.8630 166.6276  2.00571403 14823
1 43873U 18109A   20351.66767434  .00000050  00000-0  00000-0 0  9993
2 43873  55.0185 171.5109 0010256 196.8089 117.2281  2.00571439 14828
1 43873U 18109A   20352.47579958  .00000048  00000-0  00000-0 0  9992
2 43873  55.0186 171.4789 0010284 196.7563 340.8126  2.00571496 14846
1 43873U 18109A   20352.65009115  .00000048  00000-0  00000-0 0  9995
2 43873  55.0186 171.4720 0010294 196.7472 106.6744  2.00571508 14849
1 43873U 18109A   20353.48084661  .00000052  00000-0  00000+0 0  9990
2 43873  55.0187 171.4392 0010320 196.7186 346.5761  2.00571560 14771
1 43873U 18109A   20353.78671812  .00000054  00000-0  00000-0 0  9996
2 43873  55.0188 171.4271 0010310 196.7322 207.4266  2.00571570 14876
1 43873U 18109A   20354.34387788  .00000059  00000-0  00000-0 0  9990
2 43873  55.0188 171.4051 0010326 196.7384 249.7349  2.00571595 14886
1 43873U 18109A   20354.72859027  .00000063  00000-0  00000-0 0  9997
2 43873  55.0189 171.3899 0010333 196.7536 167.5133  2.00571617 14897
1 43873U 18109A   20355.27575971  .00000069  00000-0  00000-0 0  9997
2 43873  55.0190 171.3683 0010352 196.7511 202.6168  2.00571649 14900
1 43873U 18109A   20355.77009816  .00000075  00000-0  00000+0 0  9998
2 43873  55.0191 171.3488 0010356 196.7702 199.5506  2.00571678 14823
1 43873U 18109A   20355.77009816  .00000075  00000-0  00000-0 0  9999
2 43873  55.0191 171.3488 0010356 196.7702 199.5506  2.00571678 14913
1 43873U 18109A   20356.30185358  .00000082  00000-0  00000-0 0  9993
2 43873  55.0191 171.3278 0010372 196.7701 223.5216  2.00571710 14921
1 43873U 18109A   20356.65325473  .00000086  00000-0  00000-0 0  9999
2 43873  55.0192 171.3139 0010384 196.7749 117.2572  2.00571733 14922
1 43873U 18109A   20357.31498275  .00000092  00000-0  00000-0 0  9991
2 43873  55.0193 171.2878 0010401 196.7726 235.0814  2.00571766 14943
1 43873U 18109A   20358.01725266  .00000097  00000-0  00000+0 0  9996
2 43873  55.0195 171.2602 0010429 196.7987  22.1513  2.00571780 14867
1 43873U 18109A   20358.25257319  .00000099  00000-0  00000-0 0  9994
2 43873  55.0195 171.2509 0010432 196.8132 192.0576  2.00571790 14968
1 43873U 18109A   20359.60378477  .00000102  00000-0  00000-0 0  9998
2 43873  55.0198 171.1977 0010436 196.8034  87.7532  2.00571843 14987
1 43873U 18109A   20360.28637462  .00000101  00000-0  00000+0 0  9994
2 43873  55.0200 171.1708 0010448 196.8063 220.6365  2.00571864 14916
1 43873U 18109A   20360.51799602  .00000100  00000-0  00000-0 0  9995
2 43873  55.0200 171.1617 0010453 196.8036  27.8888  2.00571872 15008
1 43873U 18109A   20360.68083764  .00000099  00000-0  00000-0 0  9995
2 43873  55.0200 171.1553 0010451 196.8155 145.4620  2.00571874 15000
1 43873U 18109A   20361.44825294  .00000096  00000-0  00000-0 0  9999
2 43873  55.0203 171.1250 0010474 196.8335 339.5810  2.00571890 15029
1 43873U 18109A   20361.75980042  .00000094  00000-0  00000-0 0  9994
2 43873  55.0202 171.1126 0010475 196.8249 204.5521  2.00571844 15035
1 43873U 18109A   20362.45331983  .00000090  00000-0  00000+0 0  9991
2 43873  55.0203 171.0853 0010484 196.8184 345.3367  2.00571856 14955
1 43873U 18109A   20362.45331983  .00000090  00000-0  00000-0 0  9992
2 43873  55.0203 171.0853 0010484 196.8184 345.3367  2.00571856 15046
1 43873U 18109A   20363.18205528  .00000086  00000-0  00000-0 0  9993
2 43873  55.0205 171.0565 0010487 196.8209 151.5412  2.00571859 15051
1 43873U 18109A   20363.69145528  .00000083  00000-0  00000-0 0  9999
2 43873  55.0205 171.0365 0010490 196.8063 159.3847  2.00571859 15060
1 43873U 18109A   20364.50142024  .00000080  00000-0  00000+0 0  9994
2 43873  55.0207 171.0045 0010503 196.8138  24.2386  2.00571858 14993
1 43873U 18109A   20364.50142024  .00000080  00000-0  00000-0 0  9995
2 43873  55.0207 171.0045 0010503 196.8138  24.2386  2.00571858 15084
1 43873U 18109A   20364.69647080  .00000079  00000-0  00000-0 0  9995
2 43873  55.0207 170.9968 0010503 196.8094 165.0856  2.00571856 15092
1 43873U 18109A   20365.28003413  .00000078  00000-0  00000-0 0  9996
2 43873  55.0208 170.9738 0010514 196.8179 226.4579  2.00571850 15104
1 43873U 18109A   20365.67259545  .00000077  00000-0  00000-0 0  9997
2 43873  55.0208 170.9583 0010513 196.8119 149.9255  2.00571848 15102
1 43873U 18109A   20365.98642446  .00000077  00000-0  00000-0 0  9997
2 43873  55.0209 170.9459 0010523 196.8374  16.5104  2.00571844 15118
1 43873U 18109A   20366.69378437  .00000078  00000-0  00000+0 0  9992
2 43873  55.0210 170.9180 0010522 196.8104 167.3096  2.00571840 15044
1 43873U 18109A   20366.69378437  .00000078  00000-0  00000-0 0  9993
2 43873  55.0210 170.9180 0010522 196.8104 167.3096  2.00571840 15134

