1 26605U 00071A   21001.32173632  .00000082  00000-0  00000-0 0  9998
2 26605  55.0413 173.6494 0118636 250.8444 286.5732  2.00557314147579
1 26605U 00071A   21001.57636348  .00000083  00000-0  00000+0 0  9993
2 26605  55.0414 173.6394 0118642 250.8444 110.4218  2.00557301147576
1 26605U 00071A   21001.57636348  .00000083  00000-0  00000-0 0  9994
2 26605  55.0414 173.6394 0118642 250.8444 110.4218  2.00557301147587
1 26605U 00071A   21002.32426367  .00000087  00000-0  00000-0 0  9990
2 26605  55.0413 173.6099 0118669 250.8465 290.4263  2.00557261147595
1 26605U 00071A   21003.28167119  .00000093  00000-0  00000-0 0  9990
2 26605  55.0413 173.5721 0118705 250.8493 261.7006  2.00557211147612
1 26605U 00071A   21003.81917624  .00000096  00000-0  00000-0 0  9996
2 26605  55.0414 173.5509 0118729 250.8511 289.7936  2.00557182147624
1 26605U 00071A   21004.31796113  .00000100  00000-0  00000-0 0  9996
2 26605  55.0414 173.5313 0118751 250.8526 289.9296  2.00557159147634
1 26605U 00071A   21005.53398153  .00000106  00000-0  00000-0 0  9999
2 26605  55.0416 173.4833 0118804 250.8561  87.9290  2.00557098147654
1 26605U 00071A   21006.53650844  .00000106  00000-0  00000-0 0  9998
2 26605  55.0416 173.4438 0118844 250.8593  91.7801  2.00557060147676
1 26605U 00071A   21007.30211870  .00000103  00000-0  00000-0 0  9993
2 26605  55.0417 173.4136 0118876 250.8636 284.5691  2.00557033147696
1 26605U 00071A   21008.52081316  .00000091  00000-0  00000-0 0  9994
2 26605  55.0418 173.3655 0118919 250.8652  84.5008  2.00556993147715
1 26605U 00071A   21009.28703500  .00000080  00000-0  00000-0 0  9992
2 26605  55.0418 173.3353 0118948 250.8680 277.7325  2.00556969147736
1 26605U 00071A   21010.30084551  .00000062  00000-0  00000-0 0  9995
2 26605  55.0419 173.2953 0118989 250.8697 289.7317  2.00556944147754
1 26605U 00071A   21010.54883336  .00000058  00000-0  00000-0 0  9994
2 26605  55.0419 173.2855 0119001 250.8687 108.7872  2.00556939147761
1 26605U 00071A   21011.29811084  .00000045  00000-0  00000-0 0  9994
2 26605  55.0419 173.2560 0119034 250.8714 289.7846  2.00556922147775
1 26605U 00071A   21012.55414703  .00000029  00000-0  00000-0 0  9993
2 26605  55.0420 173.2065 0119092 250.8741 116.6764  2.00556898147804
1 26605U 00071A   21012.79170215  .00000027  00000-0  00000-0 0  9994
2 26605  55.0421 173.1971 0119102 250.8755 288.1967  2.00556894147803
1 26605U 00071A   21013.53818493  .00000022  00000-0  00000-0 0  9999
2 26605  55.0421 173.1676 0119138 250.8778 107.1765  2.00556882147813
1 26605U 00071A   21014.52846948  .00000022  00000-0  00000-0 0  9995
2 26605  55.0422 173.1286 0119184 250.8823 102.1859  2.00556868147838
1 26605U 00071A   21015.56708824  .00000028  00000-0  00000-0 0  9996
2 26605  55.0423 173.0876 0119234 250.8874 132.0935  2.00556858147864
1 26605U 00071A   21016.52222836  .00000037  00000-0  00000-0 0  9997
2 26605  55.0424 173.0500 0119276 250.8920 101.7272  2.00556845147871
1 26605U 00071A   21017.52055365  .00000048  00000-0  00000-0 0  9991
2 26605  55.0424 173.0107 0119323 250.8968 102.5416  2.00556827147890
1 26605U 00071A   21018.28287569  .00000056  00000-0  00000-0 0  9997
2 26605  55.0425 172.9806 0119356 250.8981 292.9583  2.00556811147911
1 26605U 00071A   21019.52123604  .00000065  00000-0  00000-0 0  9994
2 26605  55.0426 172.9317 0119409 250.9043 107.0834  2.00556782147932
1 26605U 00071A   21020.20809769  .00000067  00000-0  00000-0 0  9996
2 26605  55.0426 172.9047 0119442 250.9055 243.0154  2.00556758147953
1 26605U 00071A   21021.52509531  .00000065  00000-0  00000-0 0  9994
2 26605  55.0427 172.8527 0119497 250.9132 113.9171  2.00556712147989
1 26605U 00071A   21022.53232400  .00000061  00000-0  00000-0 0  9990
2 26605  55.0428 172.8130 0119548 250.9196 121.1578  2.00556664148009
1 26605U 00071A   21022.96385515  .00000058  00000-0  00000-0 0  9999
2 26605  55.0428 172.7960 0119571 250.9233  72.7316  2.00556642148004
1 26605U 00071A   21023.50256368  .00000054  00000-0  00000-0 0  9999
2 26605  55.0429 172.7747 0119597 250.9270 101.6903  2.00556614148011
1 26605U 00071A   21024.52573280  .00000048  00000-0  00000-0 0  9990
2 26605  55.0429 172.7344 0119652 250.9344 120.4393  2.00556566148049
1 26605U 00071A   21025.52371241  .00000042  00000-0  00000+0 0  9997
2 26605  55.0430 172.6951 0119701 250.9415 121.0009  2.00556509148057
1 26605U 00071A   21025.52371241  .00000042  00000-0  00000-0 0  9998
2 26605  55.0430 172.6951 0119701 250.9415 121.0009  2.00556509148068
1 26605U 00071A   21026.52069061  .00000038  00000-0  00000-0 0  9998
2 26605  55.0431 172.6558 0119744 250.9473 120.8402  2.00556443148086
1 26605U 00071A   21026.86411125  .00000037  00000-0  00000-0 0  9996
2 26605  55.0433 172.6422 0119762 250.9498   8.7967  2.00556426148086
1 26605U 00071A   21027.51852573  .00000037  00000-0  00000-0 0  9995
2 26605  55.0433 172.6164 0119790 250.9527 121.2990  2.00556393148106
1 26605U 00071A   21027.93467271  .00000037  00000-0  00000-0 0  9998
2 26605  55.0433 172.6000 0119809 250.9554  61.7656  2.00556368148105
1 26605U 00071A   21028.50299778  .00000038  00000-0  00000-0 0  9998
2 26605  55.0434 172.5776 0119836 250.9580 112.1089  2.00556333148129
1 26605U 00071A   21029.49555057  .00000042  00000-0  00000-0 0  9997
2 26605  55.0434 172.5384 0119884 250.9636 108.7529  2.00556279148140
1 26605U 00071A   21030.50560809  .00000048  00000-0  00000-0 0  9998
2 26605  55.0434 172.4987 0119935 250.9700 118.0350  2.00556233148165
1 26605U 00071A   21031.74154465  .00000056  00000-0  00000-0 0  9991
2 26605  55.0434 172.4499 0120002 250.9795 290.4043  2.00556167148186
1 26605U 00071A   21032.50428583  .00000059  00000-0  00000-0 0  9994
2 26605  55.0435 172.4199 0120044 250.9837 121.1195  2.00556142148201
1 26605U 00071A   21033.22815209  .00000061  00000-0  00000-0 0  9992
2 26605  55.0435 172.3913 0120082 250.9898 283.7638  2.00556112148218
1 26605U 00071A   21034.45366378  .00000058  00000-0  00000-0 0  9992
2 26605  55.0435 172.3430 0120143 250.9967  88.6081  2.00556056148230
1 26605U 00071A   21035.47323821  .00000049  00000-0  00000-0 0  9991
2 26605  55.0435 172.3028 0120194 251.0027 104.7614  2.00556020148253
1 26605U 00071A   21036.47446958  .00000036  00000-0  00000-0 0  9995
2 26605  55.0435 172.2633 0120251 251.0090 107.6699  2.00555985148285
1 26605U 00071A   21037.45869209  .00000019  00000-0  00000-0 0  9993
2 26605  55.0436 172.2245 0120304 251.0150  98.2978  2.00555954148293
1 26605U 00071A   21038.46547125  .00000001  00000-0  00000-0 0  9996
2 26605  55.0436 172.1848 0120361 251.0207 105.2124  2.00555930148316
1 26605U 00071A   21039.50309285 -.00000014  00000-0  00000-0 0  9990
2 26605  55.0436 172.1439 0120420 251.0275 134.3949  2.00555908148349
1 26605U 00071A   21040.45936637 -.00000022  00000-0  00000-0 0  9992
2 26605  55.0437 172.1062 0120475 251.0343 104.8418  2.00555892148354
1 26605U 00071A   21040.71390299 -.00000024  00000-0  00000-0 0  9991
2 26605  55.0436 172.0962 0120489 251.0364 288.6215  2.00555888148361
1 26605U 00071A   21041.45521931 -.00000025  00000-0  00000-0 0  9993
2 26605  55.0436 172.0669 0120533 251.0418 103.8652  2.00555877148377
1 26605U 00071A   21042.47699488 -.00000021  00000-0  00000-0 0  9995
2 26605  55.0437 172.0267 0120598 251.0506 121.6043  2.00555872148402
1 26605U 00071A   21043.46007419 -.00000012  00000-0  00000-0 0  9992
2 26605  55.0437 171.9880 0120654 251.0592 111.4035  2.00555858148423
1 26605U 00071A   21044.49456236 -.00000001  00000-0  00000-0 0  9999
2 26605  55.0437 171.9472 0120712 251.0676 138.3214  2.00555846148444
1 26605U 00071A   21045.46804348  .00000009  00000-0  00000-0 0  9995
2 26605  55.0437 171.9088 0120763 251.0750 121.1914  2.00555821148468
1 26605U 00071A   21046.45367628  .00000017  00000-0  00000-0 0  9999
2 26605  55.0438 171.8700 0120814 251.0819 112.8354  2.00555790148484
1 26605U 00071A   21047.45029660  .00000021  00000-0  00000-0 0  9996
2 26605  55.0438 171.8307 0120869 251.0889 112.4129  2.00555768148508
1 26605U 00071A   21048.18934466  .00000022  00000-0  00000-0 0  9997
2 26605  55.0438 171.8016 0120920 251.0949 286.0179  2.00555752148517
1 26605U 00071A   21049.45211058  .00000018  00000-0  00000-0 0  9998
2 26605  55.0438 171.7519 0120990 251.1074 117.7533  2.00555705148546
