1 26690U 01004A   21001.15728310 -.00000004  00000-0  00000+0 0  9993
2 26690  53.5601 106.6147 0001555 271.7893 261.1360  1.91595419145332
1 26690U 01004A   21002.48864439  .00000002  00000-0  00000-0 0  9991
2 26690  53.5610 106.5645 0001609 271.7537  99.5027  1.91595356145387
1 26690U 01004A   21003.51287833  .00000002  00000-0  00000+0 0  9992
2 26690  53.5616 106.5259 0001654 271.5721  86.1683  1.91595329145376
1 26690U 01004A   21003.51287833  .00000002  00000-0  00000-0 0  9993
2 26690  53.5616 106.5259 0001654 271.5721  86.1683  1.91595329145398
1 26690U 01004A   21004.63151975 -.00000002  00000-0  00000-0 0  9995
2 26690  53.5623 106.4836 0001707 271.3157 138.0280  1.91595319145407
1 26690U 01004A   21005.62985605 -.00000010  00000-0  00000-0 0  9999
2 26690  53.5629 106.4459 0001759 271.1442 106.8200  1.91595312145448
1 26690U 01004A   21006.12047062 -.00000016  00000-0  00000-0 0  9997
2 26690  53.5633 106.4273 0001783 271.0505  85.3239  1.91595312145446
1 26690U 01004A   21006.69922351 -.00000023  00000-0  00000-0 0  9990
2 26690  53.5636 106.4055 0001811 270.9461 124.6336  1.91595313145466
1 26690U 01004A   21007.82415270 -.00000037  00000-0  00000-0 0  9998
2 26690  53.5644 106.3629 0001857 270.6793 180.8406  1.91595315145482
1 26690U 01004A   21009.30319528 -.00000052  00000-0  00000-0 0  9999
2 26690  53.5654 106.3070 0001923 270.2999 121.4161  1.91595303145511
1 26690U 01004A   21010.49098163 -.00000057  00000-0  00000-0 0  9995
2 26690  53.5662 106.2621 0001969 269.9265 221.0865  1.91595308145537
1 26690U 01004A   21011.41494113 -.00000057  00000-0  00000-0 0  9993
2 26690  53.5668 106.2273 0002008 269.7131 138.6176  1.91595308145551
1 26690U 01004A   21012.46518083 -.00000053  00000-0  00000-0 0  9998
2 26690  53.5675 106.1876 0002050 269.5983 143.1545  1.91595340145576
1 26690U 01004A   21013.42498684 -.00000047  00000-0  00000-0 0  9992
2 26690  53.5682 106.1514 0002086 269.7537  85.0431  1.91595385145587
1 26690U 01004A   21014.49970374 -.00000040  00000-0  00000-0 0  9994
2 26690  53.5689 106.1109 0002123 270.0811 106.0215  1.91595456145613
1 26690U 01004A   21015.54617943 -.00000036  00000-0  00000-0 0  9996
2 26690  53.5696 106.0715 0002158 270.6638 107.2649  1.91595534145637
1 26690U 01004A   21016.56239579 -.00000035  00000-0  00000-0 0  9993
2 26690  53.5703 106.0333 0002185 271.3654  87.5177  1.91595613145643
1 26690U 01004A   21017.71862176 -.00000037  00000-0  00000-0 0  9998
2 26690  53.5709 105.9898 0002216 272.2384 164.1734  1.91595679145674
1 26690U 01004A   21018.22443453 -.00000039  00000-0  00000-0 0  9990
2 26690  53.5712 105.9708 0002227 272.6632 152.6427  1.91595703145680
1 26690U 01004A   21018.89109384 -.00000043  00000-0  00000-0 0  9990
2 26690  53.5716 105.9458 0002244 273.3149 251.8319  1.91595728145696
1 26690U 01004A   21019.17400507 -.00000045  00000-0  00000-0 0  9995
2 26690  53.5717 105.9351 0002249 273.5128  86.7775  1.91595728145706
1 26690U 01004A   21020.19903074 -.00000050  00000-0  00000-0 0  9992
2 26690  53.5723 105.8966 0002276 274.4355  72.8860  1.91595729145719
1 26690U 01004A   21021.24482579 -.00000054  00000-0  00000-0 0  9995
2 26690  53.5729 105.8573 0002302 275.3403  73.3383  1.91595709145739
1 26690U 01004A   21021.78563716 -.00000055  00000-0  00000-0 0  9998
2 26690  53.5732 105.8370 0002316 275.7954  85.9182  1.91595692145757
1 26690U 01004A   21022.26332927 -.00000056  00000-0  00000-0 0  9991
2 26690  53.5735 105.8191 0002324 276.1556  55.0554  1.91595680145751
1 26690U 01004A   21023.43593984 -.00000053  00000-0  00000-0 0  9990
2 26690  53.5742 105.7751 0002354 277.0455 142.9960  1.91595648145785
1 26690U 01004A   21024.52989316 -.00000047  00000-0  00000-0 0  9992
2 26690  53.5747 105.7339 0002385 277.7648 176.8519  1.91595630145807
1 26690U 01004A   21025.54124147 -.00000039  00000-0  00000+0 0  9998
2 26690  53.5753 105.6959 0002415 278.3743 153.8391  1.91595618145807
1 26690U 01004A   21025.54124147 -.00000039  00000-0  00000-0 0  9999
2 26690  53.5753 105.6959 0002415 278.3743 153.8391  1.91595618145829
1 26690U 01004A   21026.46638456 -.00000031  00000-0  00000-0 0  9996
2 26690  53.5758 105.6611 0002443 278.8684  71.4800  1.91595616145838
1 26690U 01004A   21027.54817387 -.00000020  00000-0  00000+0 0  9995
2 26690  53.5764 105.6203 0002477 279.3540  97.1790  1.91595606145849
1 26690U 01004A   21027.54817387 -.00000020  00000-0  00000-0 0  9996
2 26690  53.5764 105.6203 0002477 279.3540  97.1790  1.91595606145861
1 26690U 01004A   21028.60596619 -.00000012  00000-0  00000-0 0  9997
2 26690  53.5770 105.5804 0002511 279.6927 106.4725  1.91595583145883
1 26690U 01004A   21029.59421519 -.00000006  00000-0  00000-0 0  9995
2 26690  53.5776 105.5431 0002545 279.8288  67.9998  1.91595550145892
1 26690U 01004A   21029.84908876 -.00000005  00000-0  00000-0 0  9998
2 26690  53.5778 105.5335 0002554 279.9244 243.7080  1.91595551145909
1 26690U 01004A   21030.64586216 -.00000003  00000-0  00000-0 0  9996
2 26690  53.5783 105.5034 0002588 279.8775  73.3441  1.91595497145914
1 26690U 01004A   21031.69522233 -.00000004  00000-0  00000-0 0  9992
2 26690  53.5790 105.4637 0002636 279.8312  77.2058  1.91595427145933
1 26690U 01004A   21032.22266069 -.00000007  00000-0  00000-0 0  9997
2 26690  53.5793 105.4438 0002661 279.7750  81.0723  1.91595394145955
1 26690U 01004A   21033.21029023 -.00000014  00000-0  00000-0 0  9992
2 26690  53.5800 105.4064 0002709 279.6231  42.4596  1.91595334145969
1 26690U 01004A   21034.43966788 -.00000027  00000-0  00000-0 0  9999
2 26690  53.5809 105.3599 0002760 279.4147 170.6533  1.91595284145993
1 26690U 01004A   21035.36901104 -.00000037  00000-0  00000-0 0  9994
2 26690  53.5815 105.3248 0002802 279.2140  91.8850  1.91595264146017
1 26690U 01004A   21036.45233427 -.00000046  00000-0  00000-0 0  9991
2 26690  53.5823 105.2838 0002841 278.9412 119.3994  1.91595283146039
1 26690U 01004A   21037.52949699 -.00000051  00000-0  00000-0 0  9991
2 26690  53.5831 105.2431 0002878 278.7140 142.6190  1.91595331146056
1 26690U 01004A   21038.48706226 -.00000051  00000-0  00000-0 0  9994
2 26690  53.5838 105.2069 0002912 278.6728  83.1582  1.91595383146073
1 26690U 01004A   21039.52982799 -.00000046  00000-0  00000-0 0  9995
2 26690  53.5846 105.1676 0002949 278.7200  82.3776  1.91595445146098
1 26690U 01004A   21040.12691910 -.00000042  00000-0  00000-0 0  9991
2 26690  53.5850 105.1451 0002972 278.7917 134.1603  1.91595478146108
1 26690U 01004A   21040.62492295 -.00000039  00000-0  00000-0 0  9997
2 26690  53.5854 105.1263 0002989 278.9360 117.5232  1.91595501146116
1 26690U 01004A   21041.07324128 -.00000035  00000-0  00000-0 0  9992
2 26690  53.5857 105.1094 0003004 279.1126  66.5825  1.91595522146117
1 26690U 01004A   21041.61716067 -.00000031  00000-0  00000-0 0  9995
2 26690  53.5861 105.0889 0003021 279.3142  81.5593  1.91595542146135
1 26690U 01004A   21042.21492812 -.00000028  00000-0  00000-0 0  9997
2 26690  53.5865 105.0664 0003040 279.5668 133.6279  1.91595560146147
1 26690U 01004A   21042.60824654 -.00000026  00000-0  00000-0 0  9991
2 26690  53.5868 105.0516 0003051 279.7766  44.7168  1.91595575146144
1 26690U 01004A   21043.21703177 -.00000023  00000-0  00000-0 0  9992
2 26690  53.5872 105.0287 0003065 280.0647 104.3496  1.91595581146168
1 26690U 01004A   21044.21594681 -.00000023  00000-0  00000-0 0  9991
2 26690  53.5879 104.9912 0003087 280.5971  72.8375  1.91595600146175
1 26690U 01004A   21044.75307888 -.00000023  00000-0  00000-0 0  9991
2 26690  53.5882 104.9710 0003102 280.9108  83.0207  1.91595606146195
1 26690U 01004A   21045.20862789 -.00000025  00000-0  00000-0 0  9990
2 26690  53.5885 104.9539 0003117 281.2037  36.9513  1.91595618146198
1 26690U 01004A   21046.33481925 -.00000030  00000-0  00000-0 0  9990
2 26690  53.5892 104.9116 0003141 281.8520  93.1147  1.91595642146226
1 26690U 01004A   21047.37346968 -.00000034  00000-0  00000-0 0  9996
2 26690  53.5898 104.8725 0003164 282.4776  88.9179  1.91595679146241
1 26690U 01004A   21048.41465885 -.00000038  00000-0  00000-0 0  9996
2 26690  53.5904 104.8334 0003186 283.1305  86.4450  1.91595720146269
1 26690U 01004A   21048.64934601 -.00000038  00000-0  00000-0 0  9998
2 26690  53.5906 104.8246 0003193 283.2937 248.1618  1.91595732146269
1 26690U 01004A   21049.47171015 -.00000038  00000-0  00000-0 0  9992
2 26690  53.5911 104.7937 0003212 283.8402  94.8568  1.91595756146284
1 26690U 01004A   21050.52212514 -.00000035  00000-0  00000-0 0  9997
2 26690  53.5916 104.7542 0003237 284.5426  98.6982  1.91595774146307
1 26690U 01004A   21051.57702252 -.00000029  00000-0  00000-0 0  9999
2 26690  53.5923 104.7146 0003265 285.2396 105.6368  1.91595768146322
1 26690U 01004A   21052.13377502 -.00000024  00000-0  00000-0 0  9993
2 26690  53.5926 104.6937 0003281 285.5942 129.3129  1.91595754146334
1 26690U 01004A   21052.81917240 -.00000018  00000-0  00000+0 0  9999
2 26690  53.5931 104.6679 0003295 285.9967 241.6763  1.91595735146329
1 26690U 01004A   21052.81917240 -.00000018  00000-0  00000-0 0  9990
2 26690  53.5931 104.6679 0003295 285.9967 241.6763  1.91595735146341
1 26690U 01004A   21053.11279027 -.00000015  00000-0  00000-0 0  9995
2 26690  53.5932 104.6569 0003307 286.1216  84.0800  1.91595715146354
1 26690U 01004A   21053.83196823 -.00000007  00000-0  00000-0 0  9997
2 26690  53.5937 104.6298 0003327 286.5091 219.7590  1.91595678146367
1 26690U 01004A   21054.20877262 -.00000003  00000-0  00000-0 0  9998
2 26690  53.5939 104.6156 0003340 286.6525 119.5235  1.91595647146370
1 26690U 01004A   21054.66258403  .00000001  00000-0  00000-0 0  9995
2 26690  53.5942 104.5985 0003352 286.7794  72.4216  1.91595617146378
1 26690U 01004A   21055.29784581  .00000008  00000-0  00000-0 0  9993
2 26690  53.5946 104.5746 0003367 286.9996 150.3852  1.91595574146395
1 26690U 01004A   21056.24245542  .00000016  00000-0  00000-0 0  9997
2 26690  53.5952 104.5388 0003393 287.1426  81.8042  1.91595510146416
1 26690U 01004A   21056.71355198  .00000019  00000-0  00000-0 0  9991
2 26690  53.5956 104.5211 0003404 287.1898  46.7046  1.91595482146413
1 26690U 01004A   21057.53099450  .00000023  00000-0  00000-0 0  9993
2 26690  53.5962 104.4902 0003427 287.2041 250.5363  1.91595453146439
1 26690U 01004A   21058.33747465  .00000024  00000-0  00000-0 0  9999
2 26690  53.5968 104.4597 0003454 287.1363  86.8885  1.91595417146452
1 26690U 01004A   21059.38452013  .00000022  00000-0  00000-0 0  9995
2 26690  53.5976 104.4201 0003491 287.0123  89.2313  1.91595400146474
1 26690U 01004A   21059.88568153  .00000019  00000-0  00000-0 0  9999
2 26690  53.5980 104.4012 0003509 286.9548  74.9739  1.91595395146485
1 26690U 01004A   21060.43090784  .00000015  00000-0  00000-0 0  9998
2 26690  53.5984 104.3806 0003529 286.8906  91.1178  1.91595392146494
1 26690U 01004A   21061.52140476  .00000005  00000-0  00000-0 0  9992
2 26690  53.5993 104.3393 0003566 286.7935 123.4047  1.91595384146492
1 26690U 01004A   21062.49726312 -.00000004  00000-0  00000-0 0  9998
2 26690  53.6000 104.3024 0003595 286.7170  76.5970  1.91595375146534
1 26690U 01004A   21063.08681772 -.00000009  00000-0  00000-0 0  9999
2 26690  53.6006 104.2801 0003608 286.6370 123.3327  1.91595366146546
1 26690U 01004A   21063.60449086 -.00000013  00000-0  00000-0 0  9992
2 26690  53.6010 104.2606 0003621 286.5874 120.4566  1.91595358146552
1 26690U 01004A   21064.18562466 -.00000016  00000-0  00000-0 0  9997
2 26690  53.6015 104.2386 0003633 286.5382 161.3532  1.91595354146563
1 26690U 01004A   21064.82732414 -.00000018  00000-0  00000-0 0  9992
2 26690  53.6020 104.2144 0003649 286.4879 244.0272  1.91595347146571
1 26690U 01004A   21065.07805060 -.00000019  00000-0  00000-0 0  9999
2 26690  53.6022 104.2049 0003656 286.4748  56.9832  1.91595338146572
1 26690U 01004A   21065.87433874 -.00000017  00000-0  00000-0 0  9995
2 26690  53.6029 104.1748 0003674 286.4277 246.2843  1.91595342146594
1 26690U 01004A   21066.23800262 -.00000016  00000-0  00000-0 0  9994
2 26690  53.6031 104.1611 0003683 286.4262 137.1294  1.91595337146604
1 26690U 01004A   21066.92014380 -.00000012  00000-0  00000-0 0  9994
2 26690  53.6037 104.1354 0003700 286.4451 247.6296  1.91595350146619
1 26690U 01004A   21067.27985022 -.00000010  00000-0  00000-0 0  9991
2 26690  53.6039 104.1218 0003707 286.4764 135.7122  1.91595352146622
1 26690U 01004A   21068.48948892 -.00000001  00000-0  00000-0 0  9999
2 26690  53.6049 104.0763 0003738 286.6915 249.8671  1.91595401146644
1 26690U 01004A   21069.29811696  .00000005  00000-0  00000-0 0  9993
2 26690  53.6055 104.0459 0003751 286.9203  87.4041  1.91595446146669
1 26690U 01004A   21069.80196727  .00000007  00000-0  00000-0 0  9993
2 26690  53.6058 104.0270 0003760 287.0946  74.7697  1.91595481146675
1 26690U 01004A   21070.34442398  .00000009  00000-0  00000-0 0  9994
2 26690  53.6062 104.0066 0003768 287.2864  88.7474  1.91595519146683
1 26690U 01004A   21071.10119029  .00000011  00000-0  00000-0 0  9994
2 26690  53.6068 103.9782 0003785 287.6142 250.4131  1.91595573146693
1 26690U 01004A   21071.39086167  .00000011  00000-0  00000-0 0  9991
2 26690  53.6070 103.9673 0003782 287.7430  90.0905  1.91595596146707
1 26690U 01004A   21072.43975407  .00000008  00000-0  00000-0 0  9997
2 26690  53.6077 103.9279 0003795 288.2765  93.0501  1.91595664146720
1 26690U 01004A   21073.56460616  .00000004  00000-0  00000-0 0  9999
2 26690  53.6086 103.8857 0003813 288.9249 148.2895  1.91595714146743
1 26690U 01004A   21074.07865097  .00000001  00000-0  00000-0 0  9995
2 26690  53.6089 103.8665 0003820 289.2389 142.5476  1.91595731146752
1 26690U 01004A   21075.79194157 -.00000006  00000-0  00000-0 0  9993
2 26690  53.6101 103.8023 0003844 290.3325 243.2284  1.91595751146785
1 26690U 01004A   21077.21774557 -.00000005  00000-0  00000-0 0  9999
2 26690  53.6111 103.7488 0003865 291.1545 145.8816  1.91595716146819
1 26690U 01004A   21078.26715510 -.00000001  00000-0  00000-0 0  9995
2 26690  53.6118 103.7094 0003880 291.7049 149.1811  1.91595681146836
1 26690U 01004A   21078.70175428  .00000002  00000-0  00000-0 0  9992
2 26690  53.6121 103.6931 0003888 291.9163  88.7425  1.91595666146849
1 26690U 01004A   21079.44800187  .00000008  00000-0  00000+0 0  9996
2 26690  53.6126 103.6651 0003897 292.2848 243.1122  1.91595643146832
1 26690U 01004A   21079.44800187  .00000008  00000-0  00000-0 0  9997
2 26690  53.6126 103.6651 0003897 292.2848 243.1122  1.91595643146854
1 26690U 01004A   21080.24137891  .00000016  00000-0  00000-0 0  9991
2 26690  53.6131 103.6353 0003914 292.6106  70.0330  1.91595620146875
1 26690U 01004A   21081.22751080  .00000026  00000-0  00000-0 0  9993
2 26690  53.6137 103.5983 0003931 292.9785  29.8679  1.91595601146882
1 26690U 01004A   21081.80465809  .00000032  00000-0  00000-0 0  9995
2 26690  53.6141 103.5766 0003940 293.1715  67.7731  1.91595588146909
1 26690U 01004A   21082.34571765  .00000037  00000-0  00000-0 0  9999
2 26690  53.6145 103.5562 0003947 293.3175  80.8329  1.91595576146913
1 26690U 01004A   21083.36646620  .00000046  00000-0  00000-0 0  9995
2 26690  53.6152 103.5178 0003961 293.5450  64.6856  1.91595555146921
1 26690U 01004A   21084.45137124  .00000053  00000-0  00000-0 0  9998
2 26690  53.6161 103.4769 0003974 293.6569  92.9068  1.91595522146958
1 26690U 01004A   21085.69451451  .00000055  00000-0  00000-0 0  9999
2 26690  53.6171 103.4300 0003994 293.7082 230.3364  1.91595482146977
1 26690U 01004A   21086.56473052  .00000053  00000-0  00000-0 0  9995
2 26690  53.6178 103.3971 0004016 293.6394 110.6522  1.91595427146995
1 26690U 01004A   21086.74453828  .00000053  00000-0  00000-0 0  9994
2 26690  53.6180 103.3903 0004016 293.6528 234.6645  1.91595426146994
1 26690U 01004A   21087.53918387  .00000048  00000-0  00000-0 0  9992
2 26690  53.6187 103.3604 0004036 293.5397  62.8984  1.91595367147008
1 26690U 01004A   21088.84619413  .00000036  00000-0  00000-0 0  9992
2 26690  53.6197 103.3109 0004059 293.4593 244.5122  1.91595288147039
1 26690U 01004A   21089.89062416  .00000025  00000-0  00000-0 0  9991
2 26690  53.6206 103.2715 0004072 293.3313 245.0540  1.91595233147058
1 26690U 01004A   21090.15078442  .00000023  00000-0  00000-0 0  9996
2 26690  53.6209 103.2617 0004077 293.2850  64.5502  1.91595221147051
1 26690U 01004A   21091.21442655  .00000014  00000-0  00000-0 0  9995
2 26690  53.6218 103.2216 0004080 293.1454  78.3552  1.91595198147083
1 26690U 01004A   21091.45390720  .00000013  00000-0  00000-0 0  9995
2 26690  53.6220 103.2125 0004080 293.0890 243.5976  1.91595197147083
1 26690U 01004A   21092.48810394  .00000010  00000-0  00000-0 0  9990
2 26690  53.6229 103.1735 0004085 292.9453 237.0964  1.91595218147108
1 26690U 01004A   21092.76232354  .00000010  00000-0  00000-0 0  9995
2 26690  53.6232 103.1632 0004086 292.9549  66.2346  1.91595230147105
1 26690U 01004A   21093.31064395  .00000011  00000-0  00000-0 0  9996
2 26690  53.6236 103.1425 0004089 292.9078  84.4953  1.91595257147126
1 26690U 01004A   21094.35236485  .00000015  00000-0  00000-0 0  9996
2 26690  53.6245 103.1033 0004096 292.9323  83.0160  1.91595321147141
1 26690U 01004A   21095.37388637  .00000022  00000-0  00000-0 0  9994
2 26690  53.6253 103.0649 0004105 293.1256  67.4353  1.91595392147161
1 26690U 01004A   21096.65266256  .00000029  00000-0  00000-0 0  9995
2 26690  53.6264 103.0169 0004120 293.4903 229.1291  1.91595468147183
1 26690U 01004A   21097.70575741  .00000033  00000-0  00000-0 0  9999
2 26690  53.6272 102.9774 0004125 293.9006 235.1099  1.91595513147203
1 26690U 01004A   21098.11142939  .00000033  00000-0  00000-0 0  9994
2 26690  53.6275 102.9622 0004123 294.0705 154.7596  1.91595523147214
1 26690U 01004A   21099.19514344  .00000031  00000-0  00000-0 0  9994
2 26690  53.6283 102.9215 0004123 294.5843 181.7572  1.91595540147234
1 26690U 01004A   21099.80206904  .00000029  00000-0  00000-0 0  9999
2 26690  53.6287 102.8988 0004124 294.9039 240.0754  1.91595545147243
1 26690U 01004A   21100.60820131  .00000024  00000-0  00000-0 0  9999
2 26690  53.6293 102.8686 0004123 295.2972  75.7265  1.91595550147262
1 26690U 01004A   21100.84558345  .00000023  00000-0  00000-0 0  9999
2 26690  53.6294 102.8597 0004122 295.4456 239.3167  1.91595544147264
1 26690U 01004A   21101.37675619  .00000019  00000-0  00000-0 0  9997
2 26690  53.6298 102.8399 0004123 295.7045 245.4438  1.91595548147270
1 26690U 01004A   21101.88920678  .00000016  00000-0  00000-0 0  9998
2 26690  53.6301 102.8207 0004123 295.9751 238.6453  1.91595554147288
1 26690U 01004A   21102.26462828  .00000014  00000-0  00000-0 0  9997
2 26690  53.6304 102.8066 0004121 296.1544 137.4198  1.91595562147297
1 26690U 01004A   21104.50619887  .00000010  00000-0  00000-0 0  9991
2 26690  53.6319 102.7228 0004124 297.3486 242.3901  1.91595632147334
1 26690U 01004A   21105.54296358  .00000013  00000-0  00000-0 0  9993
2 26690  53.6325 102.6839 0004125 297.8945 236.9719  1.91595659147351
1 26690U 01004A   21106.36676809  .00000018  00000-0  00000-0 0  9992
2 26690  53.6331 102.6531 0004127 298.2785  84.8223  1.91595670147371
1 26690U 01004A   21107.42449916  .00000027  00000-0  00000-0 0  9997
2 26690  53.6339 102.6135 0004133 298.7596  93.9307  1.91595654147399
1 26690U 01004A   21107.61068473  .00000028  00000-0  00000-0 0  9994
2 26690  53.6340 102.6065 0004131 298.8735 222.2416  1.91595646147396
1 26690U 01004A   21107.89468505  .00000031  00000-0  00000-0 0  9998
2 26690  53.6342 102.5958 0004134 298.9560  58.0536  1.91595640147390
1 26690U 01004A   21108.67016323  .00000038  00000-0  00000-0 0  9999
2 26690  53.6347 102.5668 0004134 299.3027 232.6071  1.91595597147414
1 26690U 01004A   21109.71883770  .00000048  00000-0  00000-0 0  9994
2 26690  53.6354 102.5275 0004135 299.6378 235.6142  1.91595524147433
1 26690U 01004A   21110.09339932  .00000051  00000-0  00000-0 0  9997
2 26690  53.6357 102.5134 0004138 299.7285 133.8842  1.91595492147442
1 26690U 01004A   21111.80576947  .00000061  00000-0  00000-0 0  9997
2 26690  53.6369 102.4491 0004131 299.9394 234.8112  1.91595356147470
1 26690U 01004A   21112.22880014  .00000062  00000-0  00000+0 0  9997
2 26690  53.6372 102.4331 0004130 299.9878 166.5557  1.91595324147461
1 26690U 01004A   21112.22880014  .00000062  00000-0  00000-0 0  9998
2 26690  53.6372 102.4331 0004130 299.9878 166.5557  1.91595324147483
1 26690U 01004A   21112.65723295  .00000062  00000-0  00000-0 0  9992
2 26690  53.6376 102.4170 0004129 299.9580 102.1044  1.91595295147491
1 26690U 01004A   21113.22409459  .00000061  00000-0  00000-0 0  9998
2 26690  53.6380 102.3957 0004127 299.9111 133.1540  1.91595267147502
1 26690U 01004A   21113.71155456  .00000060  00000-0  00000-0 0  9996
2 26690  53.6384 102.3773 0004128 299.8566 109.4425  1.91595248147514
1 26690U 01004A   21114.42341437  .00000056  00000-0  00000-0 0  9996
2 26690  53.6390 102.3505 0004129 299.7546 240.5620  1.91595231147529
1 26690U 01004A   21115.45713998  .00000047  00000-0  00000-0 0  9995
2 26690  53.6399 102.3115 0004130 299.6321 233.7145  1.91595217147549
1 26690U 01004A   21115.72925240  .00000044  00000-0  00000-0 0  9997
2 26690  53.6401 102.3013 0004131 299.5797  61.4611  1.91595216147551
1 26690U 01004A   21116.23599632  .00000038  00000-0  00000-0 0  9999
2 26690  53.6405 102.2822 0004129 299.5327  51.0434  1.91595216147556
1 26690U 01004A   21117.54019773  .00000024  00000-0  00000-0 0  9992
2 26690  53.6416 102.2330 0004121 299.4256 230.7457  1.91595210147560
1 26690U 01004A   21118.57154740  .00000015  00000-0  00000-0 0  9990
2 26690  53.6425 102.1941 0004111 299.3233 222.2390  1.91595205147601
1 26690U 01004A   21119.64661885  .00000010  00000-0  00000-0 0  9997
2 26690  53.6434 102.1535 0004099 299.2244 243.8867  1.91595195147624
1 26690U 01004A   21120.67803773  .00000010  00000-0  00000-0 0  9996
2 26690  53.6443 102.1147 0004090 299.1596 235.3903  1.91595189147645

