1 26360U 00025A   21001.39510253 -.00000009  00000-0  00000+0 0  9995
2 26360  53.6561 100.9368 0058017 163.1895 191.8692  2.00563962151293
1 26360U 00025A   21001.50491758 -.00000009  00000-0  00000-0 0  9997
2 26360  53.6561 100.9323 0058019 163.1979 271.1536  2.00563958151305
1 26360U 00025A   21001.89701208 -.00000007  00000-0  00000-0 0  9991
2 26360  53.6564 100.9160 0058019 163.2221 194.2440  2.00563947151305
1 26360U 00025A   21002.52442448 -.00000006  00000-0  00000-0 0  9999
2 26360  53.6568 100.8899 0058022 163.2638 287.2300  2.00563932151327
1 26360U 00025A   21002.82340010 -.00000005  00000-0  00000-0 0  9993
2 26360  53.6569 100.8774 0058022 163.2810 143.0903  2.00563922151329
1 26360U 00025A   21003.48110029 -.00000006  00000-0  00000+0 0  9991
2 26360  53.6574 100.8501 0058029 163.3234 257.9451  2.00563905151336
1 26360U 00025A   21003.53656420 -.00000006  00000-0  00000-0 0  9998
2 26360  53.6574 100.8478 0058029 163.3276 297.9890  2.00563903151345
1 26360U 00025A   21003.83793920 -.00000007  00000-0  00000-0 0  9999
2 26360  53.6576 100.8352 0058031 163.3443 155.5822  2.00563895151341
1 26360U 00025A   21004.53979757 -.00000010  00000-0  00000-0 0  9995
2 26360  53.6580 100.8060 0058036 163.3910 302.3173  2.00563872151353
1 26360U 00025A   21005.49840395 -.00000018  00000-0  00000-0 0  9994
2 26360  53.6586 100.7661 0058045 163.4525 274.4241  2.00563847151388
1 26360U 00025A   21006.52020639 -.00000028  00000-0  00000-0 0  9991
2 26360  53.6592 100.7235 0058053 163.5196 292.1567  2.00563828151406
1 26360U 00025A   21007.42366872 -.00000038  00000-0  00000-0 0  9994
2 26360  53.6598 100.6859 0058060 163.5782 224.4490  2.00563804151421
1 26360U 00025A   21007.82084098 -.00000042  00000-0  00000-0 0  9990
2 26360  53.6601 100.6694 0058062 163.6027 151.2054  2.00563801151428
1 26360U 00025A   21008.51092330 -.00000049  00000-0  00000-0 0  9992
2 26360  53.6605 100.6407 0058064 163.6514 289.4356  2.00563796151441
1 26360U 00025A   21008.83278471 -.00000051  00000-0  00000-0 0  9992
2 26360  53.6607 100.6273 0058066 163.6708 161.8185  2.00563801151441
1 26360U 00025A   21009.48206573 -.00000056  00000-0  00000-0 0  9993
2 26360  53.6612 100.6002 0058068 163.7159 270.5912  2.00563794151469
1 26360U 00025A   21009.85928911 -.00000057  00000-0  00000-0 0  9992
2 26360  53.6614 100.5845 0058070 163.7390 182.9447  2.00563795151465
1 26360U 00025A   21010.46053332 -.00000058  00000-0  00000-0 0  9998
2 26360  53.6618 100.5595 0058070 163.7798 257.0366  2.00563798151482
1 26360U 00025A   21010.79507128 -.00000058  00000-0  00000-0 0  9991
2 26360  53.6620 100.5456 0058071 163.7991 138.5727  2.00563804151489
1 26360U 00025A   21011.54864788 -.00000057  00000-0  00000-0 0  9992
2 26360  53.6625 100.5142 0058070 163.8482 322.6488  2.00563808151508
1 26360U 00025A   21011.87458576 -.00000056  00000-0  00000-0 0  9991
2 26360  53.6627 100.5006 0058073 163.8679 197.9747  2.00563809151513
1 26360U 00025A   21012.45980708 -.00000053  00000-0  00000-0 0  9990
2 26360  53.6631 100.4763 0058074 163.9038 260.5017  2.00563810151528
1 26360U 00025A   21012.83512733 -.00000051  00000-0  00000-0 0  9999
2 26360  53.6633 100.4607 0058075 163.9257 171.4823  2.00563815151521
1 26360U 00025A   21013.37017832 -.00000048  00000-0  00000-0 0  9995
2 26360  53.6637 100.4384 0058078 163.9570 197.7881  2.00563816151546
1 26360U 00025A   21014.47937207 -.00000042  00000-0  00000-0 0  9998
2 26360  53.6644 100.3923 0058082 164.0221 278.6237  2.00563829151562
1 26360U 00025A   21014.77635500 -.00000041  00000-0  00000-0 0  9991
2 26360  53.6646 100.3799 0058084 164.0398 133.0445  2.00563832151561
1 26360U 00025A   21015.37681859 -.00000039  00000-0  00000-0 0  9993
2 26360  53.6650 100.3550 0058085 164.0753 206.5778  2.00563842151585
1 26360U 00025A   21015.93349958 -.00000039  00000-0  00000-0 0  9996
2 26360  53.6653 100.3318 0058087 164.1082 248.5000  2.00563845151596
1 26360U 00025A   21016.50628963 -.00000039  00000-0  00000-0 0  9996
2 26360  53.6657 100.3080 0058090 164.1407 302.0543  2.00563849151605
1 26360U 00025A   21017.51555404 -.00000042  00000-0  00000-0 0  9991
2 26360  53.6663 100.2660 0058091 164.2012 310.7400  2.00563861151623
1 26360U 00025A   21018.35660595 -.00000045  00000-0  00000-0 0  9995
2 26360  53.6668 100.2310 0058088 164.2526 197.9757  2.00563864151641
1 26360U 00025A   21018.76207403 -.00000047  00000-0  00000-0 0  9997
2 26360  53.6671 100.2141 0058086 164.2775 130.7217  2.00563869151642
1 26360U 00025A   21019.47233347 -.00000051  00000-0  00000-0 0  9997
2 26360  53.6675 100.1845 0058085 164.3158 283.5308  2.00563862151664
1 26360U 00025A   21019.77448112 -.00000052  00000-0  00000-0 0  9999
2 26360  53.6677 100.1720 0058083 164.3349 141.6794  2.00563860151669
1 26360U 00025A   21020.50005014 -.00000055  00000-0  00000-0 0  9995
2 26360  53.6682 100.1418 0058081 164.3742 305.5420  2.00563859151681
1 26360U 00025A   21020.84704163 -.00000056  00000-0  00000-0 0  9994
2 26360  53.6684 100.1273 0058078 164.3935 196.0702  2.00563858151698
1 26360U 00025A   21021.49916219 -.00000057  00000-0  00000-0 0  9994
2 26360  53.6688 100.1002 0058078 164.4295 306.9020  2.00563843151703
1 26360U 00025A   21021.79993958 -.00000058  00000-0  00000-0 0  9993
2 26360  53.6690 100.0877 0058074 164.4463 164.0633  2.00563840151708
1 26360U 00025A   21022.50743426 -.00000057  00000-0  00000-0 0  9995
2 26360  53.6695 100.0582 0058077 164.4835 314.8773  2.00563831151724
1 26360U 00025A   21022.91753053 -.00000055  00000-0  00000-0 0  9995
2 26360  53.6697 100.0412 0058076 164.5048 250.9687  2.00563827151734
1 26360U 00025A   21023.52781531 -.00000053  00000-0  00000-0 0  9993
2 26360  53.6701 100.0158 0058077 164.5396 331.5939  2.00563812151745
1 26360U 00025A   21023.92692910 -.00000050  00000-0  00000-0 0  9996
2 26360  53.6704  99.9992 0058076 164.5604 259.7557  2.00563804151750
1 26360U 00025A   21024.47333965 -.00000047  00000-0  00000-0 0  9995
2 26360  53.6707  99.9765 0058078 164.5902 294.2650  2.00563787151763
1 26360U 00025A   21024.77052462 -.00000044  00000-0  00000-0 0  9995
2 26360  53.6709  99.9641 0058076 164.6079 148.8315  2.00563779151765
1 26360U 00025A   21025.48765955 -.00000038  00000-0  00000+0 0  9994
2 26360  53.6714  99.9343 0058078 164.6514 306.5998  2.00563764151771
1 26360U 00025A   21025.48765955 -.00000038  00000-0  00000-0 0  9995
2 26360  53.6714  99.9343 0058078 164.6514 306.5998  2.00563764151782
1 26360U 00025A   21025.78245584 -.00000036  00000-0  00000-0 0  9997
2 26360  53.6716  99.9220 0058075 164.6684 159.4423  2.00563754151780
1 26360U 00025A   21026.49185788 -.00000029  00000-0  00000-0 0  9997
2 26360  53.6720  99.8925 0058077 164.7107 311.6280  2.00563726151804
1 26360U 00025A   21026.79422951 -.00000027  00000-0  00000-0 0  9994
2 26360  53.6722  99.8799 0058074 164.7277 169.9402  2.00563716151809
1 26360U 00025A   21027.40746493 -.00000021  00000-0  00000-0 0  9997
2 26360  53.6726  99.8544 0058074 164.7659 252.6923  2.00563689151824
1 26360U 00025A   21027.74583067 -.00000018  00000-0  00000+0 0  9995
2 26360  53.6728  99.8403 0058071 164.7862 136.9908  2.00563672151822
1 26360U 00025A   21027.93404062 -.00000017  00000-0  00000-0 0  9993
2 26360  53.6730  99.8325 0058073 164.7980 272.8773  2.00563665151834
1 26360U 00025A   21028.45117656 -.00000013  00000-0  00000-0 0  9997
2 26360  53.6733  99.8109 0058072 164.8291 286.2473  2.00563649151841
1 26360U 00025A   21028.75647247 -.00000011  00000-0  00000-0 0  9992
2 26360  53.6735  99.7982 0058069 164.8453 146.6717  2.00563638151845
1 26360U 00025A   21029.47668365 -.00000008  00000-0  00000-0 0  9992
2 26360  53.6740  99.7683 0058070 164.8895 306.6601  2.00563603151865
1 26360U 00025A   21029.81953602 -.00000006  00000-0  00000-0 0  9999
2 26360  53.6742  99.7540 0058070 164.9067 194.2014  2.00563588151862
1 26360U 00025A   21030.41506090 -.00000005  00000-0  00000-0 0  9991
2 26360  53.6746  99.7292 0058071 164.9425 264.1677  2.00563562151885
1 26360U 00025A   21031.79277103 -.00000008  00000-0  00000-0 0  9996
2 26360  53.6755  99.6718 0058074 165.0199 178.8737  2.00563514151908
1 26360U 00025A   21032.44192108 -.00000012  00000-0  00000-0 0  9995
2 26360  53.6759  99.6448 0058075 165.0601 287.5558  2.00563487151921
1 26360U 00025A   21033.45050022 -.00000020  00000-0  00000-0 0  9994
2 26360  53.6766  99.6028 0058078 165.1200 295.7459  2.00563455151940
1 26360U 00025A   21034.30613600 -.00000028  00000-0  00000-0 0  9994
2 26360  53.6772  99.5672 0058082 165.1686 193.5140  2.00563439151959
1 26360U 00025A   21035.41187686 -.00000038  00000-0  00000-0 0  9998
2 26360  53.6780  99.5211 0058083 165.2378 271.8509  2.00563418151986
1 26360U 00025A   21035.88821250 -.00000041  00000-0  00000-0 0  9995
2 26360  53.6783  99.5013 0058084 165.2660 255.7633  2.00563404151999
1 26360U 00025A   21036.42808647 -.00000045  00000-0  00000-0 0  9995
2 26360  53.6787  99.4788 0058083 165.2978 285.5503  2.00563397152003
1 26360U 00025A   21036.72622566 -.00000046  00000-0  00000-0 0  9993
2 26360  53.6789  99.4664 0058085 165.3117 140.8091  2.00563388152001
1 26360U 00025A   21037.43650479 -.00000048  00000-0  00000-0 0  9998
2 26360  53.6794  99.4368 0058083 165.3559 293.6256  2.00563376152025
1 26360U 00025A   21037.81890220 -.00000048  00000-0  00000-0 0  9990
2 26360  53.6796  99.4209 0058084 165.3767 209.7166  2.00563369152034
1 26360U 00025A   21038.45515719 -.00000047  00000-0  00000-0 0  9997
2 26360  53.6801  99.3945 0058081 165.4135 309.0910  2.00563364152041
1 26360U 00025A   21038.75017377 -.00000046  00000-0  00000-0 0  9996
2 26360  53.6803  99.3822 0058082 165.4281 162.0946  2.00563365152047
1 26360U 00025A   21039.46594851 -.00000042  00000-0  00000-0 0  9998
2 26360  53.6808  99.3524 0058079 165.4691 318.8823  2.00563363152067
1 26360U 00025A   21039.79694444 -.00000040  00000-0  00000-0 0  9991
2 26360  53.6810  99.3386 0058080 165.4864 197.8623  2.00563364152075
1 26360U 00025A   21040.46899560 -.00000036  00000-0  00000-0 0  9998
2 26360  53.6815  99.3106 0058079 165.5220 323.0844  2.00563362152082
1 26360U 00025A   21040.71090333 -.00000034  00000-0  00000-0 0  9995
2 26360  53.6817  99.3006 0058081 165.5333 137.7437  2.00563361152088
1 26360U 00025A   21041.47821361 -.00000030  00000-0  00000-0 0  9998
2 26360  53.6822  99.2687 0058082 165.5725 331.7448  2.00563365152109
1 26360U 00025A   21041.72303937 -.00000028  00000-0  00000-0 0  9997
2 26360  53.6824  99.2585 0058084 165.5843 148.5106  2.00563367152108
1 26360U 00025A   21042.43310843 -.00000025  00000-0  00000-0 0  9997
2 26360  53.6829  99.2289 0058082 165.6231 301.1805  2.00563367152129
1 26360U 00025A   21042.81999444 -.00000024  00000-0  00000-0 0  9998
2 26360  53.6831  99.2128 0058082 165.6426 220.5139  2.00563368152136
1 26360U 00025A   21043.45207524 -.00000023  00000-0  00000-0 0  9999
2 26360  53.6836  99.1866 0058085 165.6742 316.8793  2.00563372152144
1 26360U 00025A   21043.71758950 -.00000023  00000-0  00000-0 0  9992
2 26360  53.6838  99.1755 0058085 165.6885 148.5809  2.00563375152142
1 26360U 00025A   21044.45735378 -.00000024  00000-0  00000-0 0  9994
2 26360  53.6843  99.1447 0058082 165.7280 322.6916  2.00563372152166
1 26360U 00025A   21044.75988299 -.00000025  00000-0  00000-0 0  9990
2 26360  53.6845  99.1322 0058081 165.7442 181.1181  2.00563375152164
1 26360U 00025A   21045.47525385 -.00000028  00000-0  00000-0 0  9996
2 26360  53.6850  99.1024 0058082 165.7791 337.6196  2.00563357152183
1 26360U 00025A   21045.70900627 -.00000029  00000-0  00000-0 0  9999
2 26360  53.6851  99.0927 0058079 165.7919 146.3888  2.00563360152180
1 26360U 00025A   21046.47540442 -.00000032  00000-0  00000-0 0  9993
2 26360  53.6857  99.0608 0058075 165.8308 339.7314  2.00563359152204
1 26360U 00025A   21046.71990635 -.00000033  00000-0  00000-0 0  9994
2 26360  53.6858  99.0506 0058071 165.8435 156.2624  2.00563361152208
1 26360U 00025A   21047.43377872 -.00000036  00000-0  00000-0 0  9999
2 26360  53.6863  99.0209 0058068 165.8774 311.6833  2.00563354152229
1 26360U 00025A   21048.43837477 -.00000038  00000-0  00000-0 0  9994
2 26360  53.6870  98.9791 0058062 165.9244 317.0093  2.00563341152244
1 26360U 00025A   21049.39113236 -.00000038  00000-0  00000-0 0  9990
2 26360  53.6877  98.9395 0058060 165.9650 284.9114  2.00563319152263
1 26360U 00025A   21049.86822399 -.00000036  00000-0  00000-0 0  9997
2 26360  53.6880  98.9196 0058059 165.9859 269.3767  2.00563312152270
1 26360U 00025A   21050.40679576 -.00000034  00000-0  00000-0 0  9994
2 26360  53.6884  98.8973 0058059 166.0107 298.2301  2.00563310152288
1 26360U 00025A   21051.42159079 -.00000027  00000-0  00000-0 0  9990
2 26360  53.6892  98.8550 0058059 166.0581 310.9197  2.00563280152308
1 26360U 00025A   21051.71733307 -.00000025  00000-0  00000-0 0  9992
2 26360  53.6894  98.8427 0058055 166.0722 164.4476  2.00563274152301
1 26360U 00025A   21052.43001361 -.00000019  00000-0  00000-0 0  9993
2 26360  53.6899  98.8131 0058058 166.1074 319.0063  2.00563249152326
1 26360U 00025A   21052.92173896 -.00000014  00000-0  00000-0 0  9995
2 26360  53.6902  98.7926 0058057 166.1331 314.0327  2.00563223152338
1 26360U 00025A   21052.99942209 -.00000013  00000-0  00000+0 0  9992
2 26360  53.6903  98.7894 0058056 166.1384  10.1187  2.00563217152320
1 26360U 00025A   21053.44498781 -.00000009  00000-0  00000-0 0  9990
2 26360  53.6906  98.7709 0058056 166.1601 331.8195  2.00563200152346
1 26360U 00025A   21054.39364272  .00000001  00000-0  00000-0 0  9993
2 26360  53.6913  98.7314 0058053 166.2084 296.7513  2.00563164152363
1 26360U 00025A   21054.68936632  .00000003  00000-0  00000-0 0  9992
2 26360  53.6915  98.7191 0058049 166.2225 150.2655  2.00563155152361
1 26360U 00025A   21055.45573578  .00000010  00000-0  00000-0 0  9992
2 26360  53.6921  98.6872 0058050 166.2631 343.5849  2.00563119152380
1 26360U 00025A   21055.89609743  .00000013  00000-0  00000-0 0  9997
2 26360  53.6924  98.6689 0058049 166.2843 301.5285  2.00563098152397
1 26360U 00025A   21056.46656122  .00000017  00000-0  00000-0 0  9998
2 26360  53.6928  98.6452 0058046 166.3125 353.4056  2.00563070152404
1 26360U 00025A   21056.71385264  .00000018  00000-0  00000-0 0  9993
2 26360  53.6930  98.6349 0058046 166.3211 171.9547  2.00563060152405
1 26360U 00025A   21057.43128765  .00000021  00000-0  00000-0 0  9998
2 26360  53.6935  98.6050 0058047 166.3578 329.9445  2.00563025152421
1 26360U 00025A   21058.43105772  .00000022  00000-0  00000-0 0  9993
2 26360  53.6942  98.5634 0058050 166.4038 331.7860  2.00562983152448
1 26360U 00025A   21059.44579622  .00000018  00000-0  00000-0 0  9999
2 26360  53.6950  98.5212 0058055 166.4501 344.4349  2.00562936152462
1 26360U 00025A   21059.92245764  .00000016  00000-0  00000-0 0  9997
2 26360  53.6953  98.5013 0058058 166.4724 328.5876  2.00562920152476
1 26360U 00025A   21060.45617111  .00000012  00000-0  00000-0 0  9992
2 26360  53.6957  98.4791 0058060 166.4970 353.9325  2.00562898152484
1 26360U 00025A   21060.98254110  .00000008  00000-0  00000-0 0  9991
2 26360  53.6961  98.4572 0058062 166.5216  13.9752  2.00562882152493
1 26360U 00025A   21061.96539182 -.00000001  00000-0  00000-0 0  9999
2 26360  53.6969  98.4163 0058067 166.5689   3.5981  2.00562843152515
1 26360U 00025A   21062.47984889 -.00000005  00000-0  00000-0 0  9998
2 26360  53.6972  98.3949 0058069 166.5927  15.0395  2.00562829152529
1 26360U 00025A   21063.26876910 -.00000011  00000-0  00000-0 0  9998
2 26360  53.6979  98.3621 0058075 166.6307 224.6437  2.00562808152547
1 26360U 00025A   21064.47628709 -.00000016  00000-0  00000-0 0  9998
2 26360  53.6988  98.3119 0058076 166.6863  16.4800  2.00562788152567
1 26360U 00025A   21064.68429009 -.00000016  00000-0  00000-0 0  9993
2 26360  53.6990  98.3032 0058079 166.6954 166.6600  2.00562786152562
1 26360U 00025A   21065.39668271 -.00000016  00000-0  00000-0 0  9998
2 26360  53.6995  98.2736 0058076 166.7303 321.0101  2.00562775152586
1 26360U 00025A   21065.96751478 -.00000014  00000-0  00000-0 0  9991
2 26360  53.7000  98.2499 0058077 166.7539  13.1574  2.00562773152594
1 26360U 00025A   21066.45875943 -.00000012  00000-0  00000-0 0  9998
2 26360  53.7003  98.2295 0058078 166.7753   7.8404  2.00562765152605
1 26360U 00025A   21066.96549762 -.00000009  00000-0  00000-0 0  9997
2 26360  53.7007  98.2084 0058080 166.7962  13.7111  2.00562764152611
1 26360U 00025A   21067.41967990 -.00000007  00000-0  00000-0 0  9993
2 26360  53.7011  98.1895 0058083 166.8149 341.6357  2.00562753152620
1 26360U 00025A   21067.96224595 -.00000003  00000-0  00000-0 0  9996
2 26360  53.7015  98.1669 0058085 166.8358  13.3760  2.00562753152639
1 26360U 00025A   21069.43801630  .00000005  00000-0  00000-0 0  9992
2 26360  53.7026  98.1056 0058094 166.8929 358.9026  2.00562753152661
1 26360U 00025A   21069.95662813  .00000006  00000-0  00000-0 0  9998
2 26360  53.7030  98.0840 0058096 166.9133  13.3470  2.00562748152676
1 26360U 00025A   21070.44053703  .00000007  00000-0  00000-0 0  9997
2 26360  53.7034  98.0639 0058098 166.9333   2.7346  2.00562750152688
1 26360U 00025A   21070.80425580  .00000007  00000-0  00000-0 0  9993
2 26360  53.7036  98.0488 0058100 166.9473 265.3447  2.00562751152692
1 26360U 00025A   21071.21843366  .00000007  00000-0  00000-0 0  9995
2 26360  53.7040  98.0316 0058101 166.9638 204.3862  2.00562751152707
1 26360U 00025A   21071.38237808  .00000007  00000-0  00000-0 0  9991
2 26360  53.7041  98.0248 0058103 166.9706 322.7558  2.00562747152702
1 26360U 00025A   21075.68055556 -.00000009  00000-0  00000+0 0  9998
2 26360  53.5917  98.1238 0059931 174.3899 182.4921  2.00794740152781
1 26360U 00025A   21075.68055556 -.00000009  00000-0  00000-0 0  9999
2 26360  53.5917  98.1238 0059931 174.3899 182.4921  2.00794740152781
1 26360U 00025A   21077.35514222 -.00000007  00000-0  00000-0 0  9993
2 26360  53.7085  97.7768 0058104 167.1808 315.1936  2.00562731152822
1 26360U 00025A   21078.68166817  .00000001  00000-0  00000+0 0  9995
2 26360  53.7091  97.7206 0059866 174.4693 191.9013  2.00794832152842
1 26360U 00025A   21079.62070993  .00000008  00000-0  00000-0 0  9997
2 26360  53.7100  97.6811 0059958 174.5470 150.6433  2.00794788152860
1 26360U 00025A   21079.86007458  .00000011  00000-0  00000-0 0  9993
2 26360  53.7102  97.6711 0059956 174.5550 323.6690  2.00794763152879
1 26360U 00025A   21080.31820845  .00000015  00000-0  00000-0 0  9992
2 26360  53.7106  97.6520 0059944 174.5639 294.8394  2.00794751152884
1 26360U 00025A   21080.93435120  .00000021  00000-0  00000-0 0  9995
2 26360  53.7110  97.6264 0059935 174.5900  20.2149  2.00794707152896
1 26360U 00025A   21081.39178675  .00000025  00000-0  00000-0 0  9999
2 26360  53.7114  97.6073 0059943 174.6128 350.8665  2.00794700152898
1 26360U 00025A   21081.79531875  .00000029  00000-0  00000-0 0  9992
2 26360  53.7117  97.5905 0059946 174.6271 282.5604  2.00794683152913
1 26360U 00025A   21082.62604744  .00000036  00000-0  00000-0 0  9999
2 26360  53.7123  97.5559 0059957 174.6615 163.0491  2.00794652152923
1 26360U 00025A   21083.22211464  .00000041  00000-0  00000-0 0  9995
2 26360  53.7128  97.5311 0059962 174.6830 233.9169  2.00794619152943
1 26360U 00025A   21083.89700356  .00000044  00000-0  00000-0 0  9994
2 26360  53.7133  97.5030 0059966 174.7114   1.7569  2.00794583152953
1 26360U 00025A   21084.27044039  .00000046  00000-0  00000-0 0  9998
2 26360  53.7136  97.4874 0059971 174.7214 271.6995  2.00794563152968
1 26360U 00025A   21085.24963326  .00000048  00000-0  00000-0 0  9997
2 26360  53.7143  97.4466 0059978 174.7541 259.5125  2.00794515152982
1 26360U 00025A   21085.89397337  .00000047  00000-0  00000-0 0  9990
2 26360  53.7148  97.4198 0059983 174.7774   5.2740  2.00794477152990
1 26360U 00025A   21086.33714624  .00000046  00000-0  00000-0 0  9991
2 26360  53.7151  97.4013 0059990 174.7924 325.6226  2.00794448153004
1 26360U 00025A   21086.88447867  .00000043  00000-0  00000-0 0  9990
2 26360  53.7155  97.3785 0059993 174.8104   1.2639  2.00794419153011
1 26360U 00025A   21087.39663351  .00000040  00000-0  00000-0 0  9992
2 26360  53.7159  97.3571 0059997 174.8259  11.4782  2.00794392153026
1 26360U 00025A   21087.80255591  .00000037  00000-0  00000-0 0  9997
2 26360  53.7163  97.3402 0060004 174.8399 304.8999  2.00794373153039
1 26360U 00025A   21088.88273208  .00000027  00000-0  00000-0 0  9990
2 26360  53.7171  97.2952 0060012 174.8772   5.7071  2.00794318153050
1 26360U 00025A   21089.87041395  .00000018  00000-0  00000-0 0  9990
2 26360  53.7179  97.2541 0060021 174.9122 359.6537  2.00794279153078
1 26360U 00025A   21090.37282117  .00000014  00000-0  00000-0 0  9992
2 26360  53.7183  97.2332 0060025 174.9292   2.8197  2.00794253153085
1 26360U 00025A   21091.21376763  .00000009  00000-0  00000-0 0  9991
2 26360  53.7190  97.1982 0060035 174.9584 250.6990  2.00794222153101
1 26360U 00025A   21091.86317132  .00000007  00000-0  00000-0 0  9995
2 26360  53.7195  97.1711 0060037 174.9811   0.1208  2.00794197153113
1 26360U 00025A   21092.39314624  .00000006  00000-0  00000-0 0  9996
2 26360  53.7200  97.1491 0060040 174.9981  23.2151  2.00794181153124
1 26360U 00025A   21092.75256427  .00000007  00000-0  00000-0 0  9993
2 26360  53.7202  97.1341 0060045 175.0108 283.0206  2.00794171153135
1 26360U 00025A   21093.34926137  .00000008  00000-0  00000-0 0  9992
2 26360  53.7207  97.1093 0060047 175.0286 354.3464  2.00794151153140
1 26360U 00025A   21093.76079969  .00000009  00000-0  00000-0 0  9991
2 26360  53.7210  97.0922 0060051 175.0412 291.8289  2.00794142153151
1 26360U 00025A   21094.24733156  .00000011  00000-0  00000-0 0  9993
2 26360  53.7214  97.0719 0060055 175.0556 283.5213  2.00794131153166
1 26360U 00025A   21095.10472388  .00000016  00000-0  00000-0 0  9991
2 26360  53.7221  97.0362 0060061 175.0781 183.2951  2.00794107153174
1 26360U 00025A   21095.84430222  .00000019  00000-0  00000-0 0  9996
2 26360  53.7226  97.0055 0060067 175.0997 357.9036  2.00794091153191
1 26360U 00025A   21096.22025299  .00000021  00000-0  00000-0 0  9996
2 26360  53.7229  96.9898 0060071 175.1085 269.6641  2.00794084153206
1 26360U 00025A   21096.85285312  .00000023  00000-0  00000-0 0  9991
2 26360  53.7234  96.9635 0060076 175.1257   6.9440  2.00794070153212
1 26360U 00025A   21097.22998552  .00000023  00000-0  00000-0 0  9990
2 26360  53.7237  96.9478 0060081 175.1357 279.5574  2.00794065153228
1 26360U 00025A   21097.84001076  .00000024  00000-0  00000-0 0  9995
2 26360  53.7241  96.9224 0060085 175.1530   0.5181  2.00794049153238
1 26360U 00025A   21098.28693281  .00000023  00000-0  00000-0 0  9998
2 26360  53.7245  96.9038 0060088 175.1634 323.5808  2.00794037153245
1 26360U 00025A   21098.82114861  .00000022  00000-0  00000-0 0  9999
2 26360  53.7249  96.8816 0060092 175.1787 349.7420  2.00794027153256
1 26360U 00025A   21099.29359051  .00000020  00000-0  00000-0 0  9991
2 26360  53.7252  96.8620 0060095 175.1922 331.2496  2.00794017153266
1 26360U 00025A   21099.83208267  .00000017  00000-0  00000-0 0  9999
2 26360  53.7256  96.8396 0060097 175.2084   0.5011  2.00794004153278
1 26360U 00025A   21100.60696654  .00000012  00000-0  00000-0 0  9993
2 26360  53.7262  96.8074 0060097 175.2265 200.6346  2.00793983153290
1 26360U 00025A   21100.82943672  .00000011  00000-0  00000-0 0  9991
2 26360  53.7264  96.7981 0060099 175.2353   1.4460  2.00793978153296
1 26360U 00025A   21101.22253854  .00000009  00000-0  00000-0 0  9999
2 26360  53.7267  96.7818 0060099 175.2435 285.6051  2.00793969153303
1 26360U 00025A   21101.82470412  .00000005  00000-0  00000-0 0  9992
2 26360  53.7271  96.7568 0060100 175.2611   0.8835  2.00793949153315
1 26360U 00025A   21102.38518983  .00000003  00000-0  00000-0 0  9998
2 26360  53.7275  96.7335 0060099 175.2740  46.0369  2.00793932153328
1 26360U 00025A   21104.34402515  .00000001  00000-0  00000-0 0  9997
2 26360  53.7289  96.6521 0060105 175.3136  22.0081  2.00793854153369
1 26360U 00025A   21105.24434486  .00000004  00000-0  00000-0 0  9992
2 26360  53.7296  96.6147 0060113 175.3304 312.8178  2.00793809153386
1 26360U 00025A   21105.81331919  .00000007  00000-0  00000-0 0  9995
2 26360  53.7300  96.5910 0060116 175.3454   4.1050  2.00793776153392
1 26360U 00025A   21106.23953073  .00000010  00000-0  00000-0 0  9997
2 26360  53.7303  96.5733 0060121 175.3538 312.1980  2.00793755153400
1 26360U 00025A   21106.84417897  .00000014  00000-0  00000-0 0  9997
2 26360  53.7308  96.5482 0060122 175.3712  29.2708  2.00793715153412
1 26360U 00025A   21107.38286351  .00000019  00000-0  00000-0 0  9991
2 26360  53.7312  96.5258 0060124 175.3847  58.6634  2.00793684153429
1 26360U 00025A   21107.80004431  .00000022  00000-0  00000-0 0  9999
2 26360  53.7315  96.5084 0060130 175.3965   0.2247  2.00793658153432
1 26360U 00025A   21108.21970944  .00000026  00000-0  00000-0 0  9990
2 26360  53.7318  96.4910 0060134 175.4057 303.5844  2.00793631153443
1 26360U 00025A   21108.86613497  .00000031  00000-0  00000-0 0  9994
2 26360  53.7323  96.4641 0060133 175.4259  50.8543  2.00793587153452
1 26360U 00025A   21109.23104369  .00000034  00000-0  00000-0 0  9992
2 26360  53.7326  96.4489 0060140 175.4347 314.6319  2.00793561153466
1 26360U 00025A   21109.79762590  .00000039  00000-0  00000-0 0  9994
2 26360  53.7330  96.4254 0060140 175.4520   4.1870  2.00793515153477
1 26360U 00025A   21110.24103906  .00000042  00000-0  00000-0 0  9990
2 26360  53.7333  96.4069 0060145 175.4620 324.7128  2.00793483153482
1 26360U 00025A   21110.73741520  .00000045  00000-0  00000-0 0  9997
2 26360  53.7337  96.3863 0060147 175.4742 323.5222  2.00793443153493
1 26360U 00025A   21111.61626228  .00000048  00000-0  00000-0 0  9995
2 26360  53.7343  96.3498 0060154 175.4893 238.8104  2.00793375153513
1 26360U 00025A   21111.78974977  .00000048  00000-0  00000-0 0  9990
2 26360  53.7345  96.3425 0060152 175.4991   4.2116  2.00793361153515
1 26360U 00025A   21112.13839417  .00000049  00000-0  00000-0 0  9990
2 26360  53.7347  96.3280 0060159 175.5023 256.2373  2.00793336153527
1 26360U 00025A   21112.71154969  .00000048  00000-0  00000-0 0  9995
2 26360  53.7351  96.3042 0060164 175.5188 310.5447  2.00793287153538
1 26360U 00025A   21113.09967617  .00000048  00000-0  00000-0 0  9999
2 26360  53.7354  96.2880 0060168 175.5210 231.1122  2.00793257153546
1 26360U 00025A   21114.22586723  .00000042  00000-0  00000-0 0  9994
2 26360  53.7362  96.2411 0060179 175.5507 325.1859  2.00793179153562
1 26360U 00025A   21114.75915282  .00000038  00000-0  00000-0 0  9993
2 26360  53.7366  96.2189 0060184 175.5633 350.6757  2.00793135153577
1 26360U 00025A   21115.52743587  .00000031  00000-0  00000-0 0  9999
2 26360  53.7372  96.1870 0060195 175.5750 186.0418  2.00793081153599
1 26360U 00025A   21115.76789306  .00000029  00000-0  00000-0 0  9991
2 26360  53.7374  96.1770 0060195 175.5867 359.8521  2.00793062153593
1 26360U 00025A   21116.36383431  .00000023  00000-0  00000-0 0  9991
2 26360  53.7378  96.1522 0060199 175.5973  70.6365  2.00793025153609
1 26360U 00025A   21116.83692201  .00000019  00000-0  00000-0 0  9996
2 26360  53.7382  96.1325 0060205 175.6101  52.6098  2.00792991153612
1 26360U 00025A   21117.59094778  .00000012  00000-0  00000-0 0  9998
2 26360  53.7387  96.1011 0060218 175.6278 237.6633  2.00792946153630
1 26360U 00025A   21117.77077678  .00000010  00000-0  00000-0 0  9996
2 26360  53.7389  96.0936 0060215 175.6347   7.6513  2.00792935153631
1 26360U 00025A   21118.86099152  .00000003  00000-0  00000-0 0  9990
2 26360  53.7397  96.0483 0060224 175.6578  75.7238  2.00792874153657
1 26360U 00025A   21119.15882965  .00000002  00000-0  00000-0 0  9994
2 26360  53.7399  96.0359 0060231 175.6682 291.0149  2.00792857153661
1 26360U 00025A   21119.80922000  .00000001  00000-0  00000-0 0  9990
2 26360  53.7404  96.0088 0060231 175.6806  41.1570  2.00792819153676
1 26360U 00025A   21120.34671997  .00000001  00000-0  00000-0 0  9997
2 26360  53.7408  95.9865 0060234 175.6904  69.6956  2.00792794153689
1 26360U 00025A   21120.73971549  .00000001  00000-0  00000-0 0  9996
2 26360  53.7411  95.9701 0060239 175.7010 353.7738  2.00792777153693

