1 38833U 12053A   21002.99335060  .00000073  00000-0  00000+0 0  9995
2 38833  53.6029 225.1176 0106303  40.1401 320.7159  2.00569094 60399
1 38833U 12053A   21002.99335060  .00000073  00000-0  00000-0 0  9996
2 38833  53.6029 225.1176 0106303  40.1401 320.7159  2.00569094 59612
1 38833U 12053A   21003.99046862  .00000073  00000-0  00000-0 0  9996
2 38833  53.6027 225.0765 0106340  40.1596 320.6922  2.00569094 59638
1 38833U 12053A   21004.98758916  .00000076  00000-0  00000-0 0  9999
2 38833  53.6026 225.0354 0106384  40.1817 320.6678  2.00569098 59659
1 38833U 12053A   21005.98471253  .00000081  00000-0  00000-0 0  9992
2 38833  53.6025 224.9944 0106423  40.1994 320.6497  2.00569105 59671
1 38833U 12053A   21007.48040236  .00000092  00000-0  00000-0 0  9994
2 38833  53.6023 224.9327 0106479  40.2335 320.6186  2.00569123 60481
1 38833U 12053A   21008.47753015  .00000097  00000-0  00000-0 0  9995
2 38833  53.6021 224.8917 0106517  40.2557 320.5994  2.00569139 59720
1 38833U 12053A   21009.47465690  .00000098  00000-0  00000-0 0  9996
2 38833  53.6019 224.8506 0106566  40.2752 320.5822  2.00569164 59742
1 38833U 12053A   21009.97321958  .00000097  00000-0  00000-0 0  9998
2 38833  53.6019 224.8300 0106584  40.2892 320.5689  2.00569175 59753
1 38833U 12053A   21010.97034243  .00000090  00000-0  00000-0 0  9991
2 38833  53.6017 224.7890 0106625  40.3086 320.5491  2.00569204 59772
1 38833U 12053A   21011.46890265  .00000085  00000-0  00000-0 0  9994
2 38833  53.6017 224.7684 0106650  40.3189 320.5377  2.00569229 59786
1 38833U 12053A   21013.46313669  .00000058  00000-0  00000-0 0  9994
2 38833  53.6013 224.6863 0106720  40.3661 320.4816  2.00569286 59828
1 38833U 12053A   21013.96169418  .00000051  00000-0  00000-0 0  9993
2 38833  53.6013 224.6657 0106746  40.3783 320.4665  2.00569314 59837
1 38833U 12053A   21014.46025153  .00000045  00000-0  00000-0 0  9999
2 38833  53.6012 224.6452 0106764  40.3882 320.4537  2.00569334 59840
1 38833U 12053A   21014.95880898  .00000040  00000-0  00000-0 0  9993
2 38833  53.6011 224.6246 0106780  40.3986 320.4403  2.00569352 59856
1 38833U 12053A   21015.45736670  .00000037  00000-0  00000-0 0  9993
2 38833  53.6010 224.6041 0106800  40.4106 320.4257  2.00569375 59869
1 38833U 12053A   21016.45448324  .00000035  00000-0  00000-0 0  9998
2 38833  53.6009 224.5630 0106830  40.4261 320.4058  2.00569406 59881
1 38833U 12053A   21016.95304244  .00000036  00000-0  00000-0 0  9996
2 38833  53.6008 224.5425 0106854  40.4345 320.3958  2.00569447 59895
1 38833U 12053A   21017.95016245  .00000042  00000-0  00000-0 0  9995
2 38833  53.6007 224.5014 0106881  40.4558 320.3727  2.00569477 59914
1 38833U 12053A   21018.44872345  .00000047  00000-0  00000-0 0  9996
2 38833  53.6006 224.4809 0106897  40.4648 320.3636  2.00569497 59923
1 38833U 12053A   21020.44297281  .00000072  00000-0  00000-0 0  9997
2 38833  53.6004 224.3987 0106975  40.4995 320.3322  2.00569564 59960
1 38833U 12053A   21022.43722572  .00000094  00000-0  00000-0 0  9998
2 38833  53.6001 224.3166 0107038  40.5440 320.2940  2.00569589 60002
1 38833U 12053A   21022.93578883  .00000097  00000-0  00000-0 0  9990
2 38833  53.6001 224.2961 0107057  40.5516 320.2878  2.00569594 60016
1 38833U 12053A   21024.43147546  .00000102  00000-0  00000-0 0  9992
2 38833  53.5997 224.2345 0107104  40.5798 320.2623  2.00569595 60042
1 38833U 12053A   21025.42859693  .00000101  00000-0  00000+0 0  9993
2 38833  53.5996 224.1935 0107134  40.5954 320.2463  2.00569591 60848
1 38833U 12053A   21025.42859693  .00000101  00000-0  00000-0 0  9994
2 38833  53.5996 224.1935 0107134  40.5954 320.2463  2.00569591 60062
1 38833U 12053A   21026.42571572  .00000098  00000-0  00000-0 0  9997
2 38833  53.5994 224.1524 0107162  40.6126 320.2269  2.00569584 60085
1 38833U 12053A   21026.92427404  .00000095  00000-0  00000-0 0  9993
2 38833  53.5994 224.1319 0107184  40.6134 320.2243  2.00569577 60095
1 38833U 12053A   21027.92138903  .00000090  00000-0  00000-0 0  9992
2 38833  53.5992 224.0908 0107219  40.6268 320.2059  2.00569569 60112
1 38833U 12053A   21029.41705893  .00000082  00000-0  00000+0 0  9996
2 38833  53.5990 224.0293 0107262  40.6558 320.1677  2.00569558 60929
1 38833U 12053A   21029.41705893  .00000082  00000-0  00000-0 0  9997
2 38833  53.5990 224.0293 0107262  40.6558 320.1677  2.00569558 60143
1 38833U 12053A   21031.41128676  .00000077  00000-0  00000-0 0  9992
2 38833  53.5988 223.9471 0107331  40.6889 320.1234  2.00569550 60185
1 38833U 12053A   21031.90984549  .00000078  00000-0  00000-0 0  9996
2 38833  53.5988 223.9267 0107350  40.6979 320.1127  2.00569547 60197
1 38833U 12053A   21032.90696423  .00000082  00000-0  00000-0 0  9993
2 38833  53.5987 223.8856 0107383  40.7110 320.0975  2.00569551 60211
1 38833U 12053A   21033.90408582  .00000087  00000-0  00000-0 0  9996
2 38833  53.5986 223.8446 0107405  40.7284 320.0801  2.00569562 60234
1 38833U 12053A   21035.39977167  .00000095  00000-0  00000-0 0  9990
2 38833  53.5983 223.7830 0107433  40.7549 320.0562  2.00569582 60261
1 38833U 12053A   21036.39689563  .00000096  00000-0  00000-0 0  9992
2 38833  53.5982 223.7420 0107461  40.7687 320.0443  2.00569599 60287
1 38833U 12053A   21037.39401758  .00000092  00000-0  00000-0 0  9997
2 38833  53.5979 223.7009 0107494  40.7799 320.0336  2.00569625 60300
1 38833U 12053A   21037.39401775  .00000092  00000-0  00000-0 0  9996
2 38833  53.5980 223.7009 0107489  40.7840 320.0295  2.00569621 60303
1 38833U 12053A   21038.39113685  .00000083  00000-0  00000-0 0  9997
2 38833  53.5977 223.6599 0107518  40.7963 320.0157  2.00569648 60329
1 38833U 12053A   21039.38825274  .00000069  00000-0  00000-0 0  9995
2 38833  53.5975 223.6189 0107526  40.8176 319.9907  2.00569681 60347
1 38833U 12053A   21040.38536636  .00000053  00000-0  00000-0 0  9991
2 38833  53.5974 223.5778 0107572  40.8314 319.9717  2.00569715 60363
1 38833U 12053A   21041.88103428  .00000031  00000-0  00000-0 0  9992
2 38833  53.5971 223.5163 0107605  40.8563 319.9372  2.00569780 60393
1 38833U 12053A   21043.37670378  .00000020  00000-0  00000-0 0  9999
2 38833  53.5969 223.4548 0107637  40.8787 319.9066  2.00569834 60423
1 38833U 12053A   21043.87526144  .00000019  00000-0  00000-0 0  9993
2 38833  53.5968 223.4342 0107667  40.8782 319.9051  2.00569874 60431
1 38833U 12053A   21046.36805838  .00000035  00000-0  00000+0 0  9997
2 38833  53.5965 223.3317 0107703  40.9165 319.8641  2.00569961 61269
1 38833U 12053A   21046.36805838  .00000035  00000-0  00000-0 0  9998
2 38833  53.5965 223.3317 0107703  40.9165 319.8641  2.00569961 60482
1 38833U 12053A   21048.36230570  .00000058  00000-0  00000-0 0  9990
2 38833  53.5962 223.2497 0107771  40.9370 319.8487  2.00570024 60525
1 38833U 12053A   21050.35655411  .00000073  00000-0  00000-0 0  9994
2 38833  53.5959 223.1677 0107789  40.9727 319.8194  2.00570047 60569
1 38833U 12053A   21050.85511561  .00000075  00000-0  00000-0 0  9998
2 38833  53.5957 223.1471 0107776  40.9751 319.8181  2.00570048 60570
1 38833U 12053A   21051.35367717  .00000075  00000-0  00000-0 0  9996
2 38833  53.5957 223.1267 0107825  40.9737 319.8205  2.00570049 60581
1 38833U 12053A   21052.35079777  .00000074  00000-0  00000-0 0  9992
2 38833  53.5954 223.0857 0107835  40.9878 319.8071  2.00570044 60608
1 38833U 12053A   21052.84935710  .00000072  00000-0  00000+0 0  9991
2 38833  53.5954 223.0651 0107833  40.9931 319.8014  2.00570041 61399
1 38833U 12053A   21052.84935723  .00000072  00000-0  00000-0 0  9996
2 38833  53.5953 223.0651 0107836  40.9908 319.8037  2.00570039 60611
1 38833U 12053A   21054.34503145  .00000064  00000-0  00000-0 0  9993
2 38833  53.5951 223.0036 0107854  41.0126 319.7783  2.00570033 60644
1 38833U 12053A   21055.34214467  .00000058  00000-0  00000-0 0  9993
2 38833  53.5949 222.9626 0107867  41.0232 319.7632  2.00570027 60664
1 38833U 12053A   21055.84070078  .00000055  00000-0  00000-0 0  9993
2 38833  53.5948 222.9421 0107886  41.0239 319.7598  2.00570021 60670
1 38833U 12053A   21056.83781250  .00000049  00000-0  00000-0 0  9997
2 38833  53.5947 222.9011 0107905  41.0367 319.7415  2.00570017 60693
1 38833U 12053A   21057.33636854  .00000047  00000-0  00000-0 0  9990
2 38833  53.5946 222.8806 0107923  41.0412 319.7344  2.00570015 60705
1 38833U 12053A   21057.83492481  .00000045  00000-0  00000-0 0  9999
2 38833  53.5945 222.8601 0107931  41.0468 319.7263  2.00570015 60718
1 38833U 12053A   21058.83203911  .00000044  00000-0  00000-0 0  9997
2 38833  53.5944 222.8191 0107948  41.0652 319.7042  2.00570014 60730
1 38833U 12053A   21059.33059704  .00000045  00000-0  00000-0 0  9993
2 38833  53.5943 222.7986 0107945  41.0719 319.6962  2.00570014 60742
1 38833U 12053A   21059.82915569  .00000046  00000-0  00000-0 0  9998
2 38833  53.5942 222.7781 0107945  41.0767 319.6908  2.00570016 60750
1 38833U 12053A   21061.82339773  .00000055  00000-0  00000-0 0  9998
2 38833  53.5939 222.6961 0107977  41.0890 319.6811  2.00570041 60792
1 38833U 12053A   21061.82339780  .00000055  00000-0  00000-0 0  9996
2 38833  53.5940 222.6962 0107972  41.0970 319.6731  2.00570043 60792
1 38833U 12053A   21063.31908300  .00000059  00000-0  00000-0 0  9996
2 38833  53.5936 222.6347 0107983  41.1083 319.6664  2.00570057 60826
1 38833U 12053A   21064.31620506  .00000057  00000-0  00000-0 0  9994
2 38833  53.5934 222.5936 0108004  41.1127 319.6644  2.00570084 60841
1 38833U 12053A   21064.81476520  .00000053  00000-0  00000-0 0  9990
2 38833  53.5933 222.5732 0108011  41.1173 319.6603  2.00570099 60855
1 38833U 12053A   21066.31044133  .00000035  00000-0  00000-0 0  9998
2 38833  53.5930 222.5117 0108044  41.1343 319.6419  2.00570138 60886
1 38833U 12053A   21066.31044135  .00000035  00000-0  00000-0 0  9990
2 38833  53.5930 222.5117 0108055  41.1302 319.6459  2.00570152 60883
1 38833U 12053A   21067.30755513  .00000019  00000-0  00000-0 0  9991
2 38833  53.5927 222.4707 0108069  41.1467 319.6260  2.00570170 60903
1 38833U 12053A   21067.80611124  .00000011  00000-0  00000-0 0  9997
2 38833  53.5926 222.4502 0108075  41.1526 319.6178  2.00570187 60915
1 38833U 12053A   21068.80322251 -.00000005  00000-0  00000-0 0  9992
2 38833  53.5924 222.4093 0108092  41.1609 319.6044  2.00570237 60939
1 38833U 12053A   21069.80033421 -.00000016  00000-0  00000-0 0  9993
2 38833  53.5922 222.3683 0108102  41.1654 319.5952  2.00570290 60951
1 38833U 12053A   21073.29024186 -.00000011  00000-0  00000+0 0  9993
2 38833  53.5915 222.2250 0108116  41.1959 319.5609  2.00570428 61802
1 38833U 12053A   21073.29024186 -.00000011  00000-0  00000-0 0  9994
2 38833  53.5915 222.2250 0108116  41.1959 319.5609  2.00570428 61026
1 38833U 12053A   21074.28736453  .00000000  00000-0  00000-0 0  9998
2 38833  53.5912 222.1841 0108146  41.2007 319.5594  2.00570470 61048
1 38833U 12053A   21075.78305079  .00000017  00000-0  00000-0 0  9998
2 38833  53.5909 222.1226 0108179  41.2224 319.5451  2.00570499 61074
1 38833U 12053A   21081.26748567  .00000024  00000-0  00000+0 0  9998
2 38833  53.5897 221.8974 0108653  41.3426 319.4455  2.00555129 61962
1 38833U 12053A   21081.26748567  .00000024  00000-0  00000-0 0  9999
2 38833  53.5897 221.8974 0108653  41.3426 319.4455  2.00555129 61186
1 38833U 12053A   21082.26467657  .00000017  00000-0  00000-0 0  9990
2 38833  53.5895 221.8566 0108729  41.3528 319.4339  2.00555162 61209
1 38833U 12053A   21085.25624244  .00000004  00000-0  00000+0 0  9994
2 38833  53.5889 221.7337 0108774  41.3628 319.4142  2.00555175 62047
1 38833U 12053A   21085.25624244  .00000004  00000-0  00000-0 0  9995
2 38833  53.5889 221.7337 0108774  41.3628 319.4142  2.00555175 61260
1 38833U 12053A   21087.25062744  .00000008  00000-0  00000-0 0  9992
2 38833  53.5884 221.6518 0108799  41.3829 319.3935  2.00555185 61300
1 38833U 12053A   21089.74362305  .00000021  00000-0  00000+0 0  9998
2 38833  53.5878 221.5495 0108777  41.3745 319.4110  2.00555211 62137
1 38833U 12053A   21089.74362305  .00000021  00000-0  00000-0 0  9999
2 38833  53.5878 221.5495 0108777  41.3745 319.4110  2.00555211 61350
1 38833U 12053A   21091.23942232  .00000022  00000-0  00000-0 0  9990
2 38833  53.5874 221.4880 0108780  41.3886 319.4043  2.00555236 61388
1 38833U 12053A   21092.73521678  .00000012  00000-0  00000-0 0  9992
2 38833  53.5869 221.4266 0108793  41.3986 319.3984  2.00555276 62192
1 38833U 12053A   21093.73240870 -.00000001  00000-0  00000-0 0  9994
2 38833  53.5866 221.3857 0108803  41.3959 319.4010  2.00555327 61430
1 38833U 12053A   21095.72678623 -.00000032  00000-0  00000-0 0  9990
2 38833  53.5861 221.3038 0108828  41.4178 319.3742  2.00555383 61474
1 38833U 12053A   21096.22537983 -.00000039  00000-0  00000-0 0  9996
2 38833  53.5860 221.2833 0108837  41.4143 319.3761  2.00555422 61483
1 38833U 12053A   21096.72397378 -.00000044  00000-0  00000-0 0  9999
2 38833  53.5859 221.2628 0108839  41.4204 319.3685  2.00555431 61499
1 38833U 12053A   21098.21975758 -.00000053  00000-0  00000-0 0  9999
2 38833  53.5855 221.2015 0108840  41.4214 319.3646  2.00555509 61525
1 38833U 12053A   21098.21975772 -.00000053  00000-0  00000-0 0  9995
2 38833  53.5855 221.2014 0108844  41.4304 319.3558  2.00555488 61526
1 38833U 12053A   21098.71835342 -.00000052  00000-0  00000-0 0  9997
2 38833  53.5854 221.1810 0108840  41.4232 319.3629  2.00555530 61532
1 38833U 12053A   21100.71274377 -.00000037  00000-0  00000-0 0  9999
2 38833  53.5849 221.0991 0108855  41.4390 319.3524  2.00555590 61570
1 38833U 12053A   21101.21134285 -.00000031  00000-0  00000-0 0  9992
2 38833  53.5847 221.0787 0108856  41.4390 319.3549  2.00555617 61580
1 38833U 12053A   21102.20854227 -.00000019  00000-0  00000-0 0  9993
2 38833  53.5844 221.0378 0108855  41.4416 319.3581  2.00555650 61607
1 38833U 12053A   21104.20294330  .00000002  00000-0  00000-0 0  9999
2 38833  53.5838 220.9559 0108879  41.4581 319.3554  2.00555695 61641
1 38833U 12053A   21104.70154320  .00000006  00000-0  00000-0 0  9992
2 38833  53.5837 220.9355 0108884  41.4600 319.3567  2.00555704 61658
1 38833U 12053A   21106.19734065  .00000010  00000-0  00000-0 0  9992
2 38833  53.5833 220.8741 0108901  41.4645 319.3603  2.00555723 61686
1 38833U 12053A   21106.69593862  .00000010  00000-0  00000-0 0  9995
2 38833  53.5832 220.8536 0108905  41.4590 319.3678  2.00555726 61696
1 38833U 12053A   21109.18891948  .00000001  00000-0  00000+0 0  9997
2 38833  53.5826 220.7513 0108929  41.4649 319.3650  2.00555732 62524
1 38833U 12053A   21109.18891948  .00000001  00000-0  00000-0 0  9998
2 38833  53.5826 220.7513 0108929  41.4649 319.3650  2.00555732 61747
1 38833U 12053A   21112.67907707 -.00000009  00000-0  00000+0 0  9995
2 38833  53.5818 220.6080 0108982  41.4853 319.3392  2.00555571 62590
1 38833U 12053A   21112.67907707 -.00000009  00000-0  00000-0 0  9996
2 38833  53.5818 220.6080 0108982  41.4853 319.3392  2.00555571 61814
1 38833U 12053A   21113.17767213 -.00000008  00000-0  00000-0 0  9997
2 38833  53.5813 220.5875 0109057  41.4406 319.3836  2.00555741 61821
1 38833U 12053A   21115.17205847  .00000002  00000-0  00000-0 0  9992
2 38833  53.5811 220.5057 0108968  41.4772 319.3509  2.00555744 61861
1 38833U 12053A   21119.16084898  .00000016  00000-0  00000+0 0  9990
2 38833  53.5801 220.3419 0109000  41.5062 319.3443  2.00555813 62721
1 38833U 12053A   21119.16084898  .00000016  00000-0  00000-0 0  9991
2 38833  53.5801 220.3419 0109000  41.5062 319.3443  2.00555813 61876

