1 37846U 11060A   21001.80445834 -.00000049  00000-0  00000+0 0  9999
2 37846  56.7474  35.8400 0003300 309.9604  50.0771  1.70475219 57288
1 37846U 11060A   21002.97762255 -.00000050  00000-0  00000-0 0  9990
2 37846  56.7481  35.8077 0003336 310.2811  49.7524  1.70475181 57177
1 37846U 11060A   21005.32395449 -.00000055  00000-0  00000-0 0  9994
2 37846  56.7496  35.7433 0003354 310.5612  49.4664  1.70475137 57218
1 37846U 11060A   21005.32395461 -.00000055  00000-0  00000+0 0  9997
2 37846  56.7496  35.7433 0003380 310.8085  49.2190  1.70475138 57341
1 37846U 11060A   21005.91053878 -.00000056  00000-0  00000-0 0  9997
2 37846  56.7499  35.7272 0003381 310.8306  49.1962  1.70475127 57223
1 37846U 11060A   21008.84346728 -.00000062  00000-0  00000+0 0  9997
2 37846  56.7517  35.6466 0003450 311.8433  48.1840  1.70475118 57401
1 37846U 11060A   21008.84346728 -.00000062  00000-0  00000-0 0  9998
2 37846  56.7517  35.6466 0003450 311.8433  48.1840  1.70475118 57276
1 37846U 11060A   21011.18980764 -.00000067  00000-0  00000+0 0  9997
2 37846  56.7532  35.5821 0003509 312.6257  47.4004  1.70475152 57446
1 37846U 11060A   21011.18980764 -.00000067  00000-0  00000-0 0  9998
2 37846  56.7532  35.5821 0003509 312.6257  47.4004  1.70475152 57312
1 37846U 11060A   21012.94955650 -.00000072  00000-0  00000-0 0  9995
2 37846  56.7543  35.5338 0003572 313.3883  46.6333  1.70475220 57345
1 37846U 11060A   21015.29588509 -.00000077  00000-0  00000+0 0  9995
2 37846  56.7559  35.4694 0003624 314.1284  45.8850  1.70475297 57516
1 37846U 11060A   21015.29588509 -.00000077  00000-0  00000-0 0  9996
2 37846  56.7559  35.4694 0003624 314.1284  45.8850  1.70475297 57381
1 37846U 11060A   21017.64221820 -.00000076  00000-0  00000+0 0  9995
2 37846  56.7574  35.4049 0003688 315.0221  44.9861  1.70475386 57553
1 37846U 11060A   21017.64221820 -.00000076  00000-0  00000-0 0  9996
2 37846  56.7574  35.4049 0003688 315.0221  44.9861  1.70475386 57429
1 37846U 11060A   21018.22880281 -.00000075  00000-0  00000-0 0  9992
2 37846  56.7577  35.3888 0003690 315.1358  44.8720  1.70475396 57432
1 37846U 11060A   21020.57514639 -.00000066  00000-0  00000+0 0  9993
2 37846  56.7591  35.3245 0003758 315.9595  44.0499  1.70475441 57606
1 37846U 11060A   21020.57514639 -.00000066  00000-0  00000-0 0  9994
2 37846  56.7591  35.3245 0003758 315.9595  44.0499  1.70475441 57471
1 37846U 11060A   21022.33490704 -.00000058  00000-0  00000-0 0  9997
2 37846  56.7602  35.2763 0003802 316.4497  43.5626  1.70475441 57505
1 37846U 11060A   21023.50808019 -.00000052  00000-0  00000+0 0  9992
2 37846  56.7609  35.2441 0003823 316.7137  43.3004  1.70475429 57652
1 37846U 11060A   21023.50808019 -.00000052  00000-0  00000-0 0  9993
2 37846  56.7609  35.2441 0003823 316.7137  43.3004  1.70475429 57528
1 37846U 11060A   21025.85442242 -.00000043  00000-0  00000+0 0  9994
2 37846  56.7627  35.1798 0003891 317.6136  42.4011  1.70475366 57692
1 37846U 11060A   21025.85442242 -.00000043  00000-0  00000-0 0  9995
2 37846  56.7627  35.1798 0003891 317.6136  42.4011  1.70475366 57568
1 37846U 11060A   21028.20075555 -.00000038  00000-0  00000+0 0  9999
2 37846  56.7643  35.1154 0003936 318.4547  41.5548  1.70475280 57736
1 37846U 11060A   21028.20075555 -.00000038  00000-0  00000-0 0  9990
2 37846  56.7643  35.1154 0003936 318.4547  41.5548  1.70475280 57602
1 37846U 11060A   21029.37391945 -.00000039  00000-0  00000-0 0  9994
2 37846  56.7647  35.0833 0003969 319.0146  40.9905  1.70475228 57621
1 37846U 11060A   21029.96050097 -.00000039  00000-0  00000-0 0  9999
2 37846  56.7651  35.0672 0003986 319.3968  40.6060  1.70475197 57636
1 37846U 11060A   21031.72024716 -.00000043  00000-0  00000+0 0  9999
2 37846  56.7663  35.0190 0004023 320.1346  39.8618  1.70475150 57792
1 37846U 11060A   21031.72024716 -.00000043  00000-0  00000-0 0  9990
2 37846  56.7663  35.0190 0004023 320.1346  39.8618  1.70475150 57668
1 37846U 11060A   21032.89341409 -.00000046  00000-0  00000-0 0  9993
2 37846  56.7669  34.9868 0004035 320.4830  39.5107  1.70475131 57689
1 37846U 11060A   21034.06658330 -.00000049  00000-0  00000+0 0  9990
2 37846  56.7676  34.9547 0004028 320.7140  39.2784  1.70475119 57831
1 37846U 11060A   21034.06658330 -.00000049  00000-0  00000-0 0  9991
2 37846  56.7676  34.9547 0004028 320.7140  39.2784  1.70475119 57707
1 37846U 11060A   21035.82633999 -.00000053  00000-0  00000-0 0  9995
2 37846  56.7688  34.9064 0004062 321.6639  38.3284  1.70475114 57738
1 37846U 11060A   21038.17268015 -.00000059  00000-0  00000+0 0  9994
2 37846  56.7702  34.8420 0004076 322.3116  37.6791  1.70475143 57909
1 37846U 11060A   21038.17268015 -.00000059  00000-0  00000-0 0  9995
2 37846  56.7702  34.8420 0004076 322.3116  37.6791  1.70475143 57774
1 37846U 11060A   21039.93242949 -.00000065  00000-0  00000-0 0  9995
2 37846  56.7713  34.7938 0004103 323.0287  36.9574  1.70475186 57809
1 37846U 11060A   21040.51901155 -.00000067  00000-0  00000+0 0  9993
2 37846  56.7716  34.7778 0004114 323.2698  36.7142  1.70475200 57945
1 37846U 11060A   21040.51901155 -.00000067  00000-0  00000-0 0  9994
2 37846  56.7716  34.7778 0004114 323.2698  36.7142  1.70475200 57811
1 37846U 11060A   21041.69217566 -.00000071  00000-0  00000-0 0  9995
2 37846  56.7724  34.7457 0004141 323.9920  35.9874  1.70475259 57838
1 37846U 11060A   21042.27875777 -.00000072  00000-0  00000-0 0  9995
2 37846  56.7727  34.7296 0004151 324.2680  35.7093  1.70475280 57846
1 37846U 11060A   21042.86534025 -.00000073  00000-0  00000+0 0  9998
2 37846  56.7731  34.7136 0004154 324.4720  35.5034  1.70475292 57985
1 37846U 11060A   21042.86534025 -.00000073  00000-0  00000-0 0  9999
2 37846  56.7731  34.7136 0004154 324.4720  35.5034  1.70475292 57851
1 37846U 11060A   21045.21167457 -.00000073  00000-0  00000+0 0  9991
2 37846  56.7744  34.6494 0004184 325.3914  34.5792  1.70475371 58027
1 37846U 11060A   21045.21167457 -.00000073  00000-0  00000-0 0  9992
2 37846  56.7744  34.6494 0004184 325.3914  34.5792  1.70475371 57891
1 37846U 11060A   21046.38484532 -.00000070  00000-0  00000-0 0  9994
2 37846  56.7752  34.6173 0004199 325.8787  34.0919  1.70475402 57917
1 37846U 11060A   21046.97143145 -.00000068  00000-0  00000-0 0  9998
2 37846  56.7755  34.6012 0004213 326.1837  33.7874  1.70475413 57928
1 37846U 11060A   21049.90436663 -.00000057  00000-0  00000+0 0  9991
2 37846  56.7773  34.5210 0004258 327.3153  32.6608  1.70475424 58106
1 37846U 11060A   21049.90436663 -.00000057  00000-0  00000-0 0  9992
2 37846  56.7773  34.5210 0004258 327.3153  32.6608  1.70475424 57970
1 37846U 11060A   21051.07754026 -.00000052  00000-0  00000-0 0  9994
2 37846  56.7777  34.4889 0004272 327.6137  32.3642  1.70475407 57994
1 37846U 11060A   21051.66412738 -.00000050  00000-0  00000-0 0  9998
2 37846  56.7781  34.4729 0004283 328.1290  31.8497  1.70475377 58001
1 37846U 11060A   21052.25071319 -.00000048  00000-0  00000+0 0  9996
2 37846  56.7785  34.4569 0004291 328.2693  31.7098  1.70475372 58140
1 37846U 11060A   21052.25071319 -.00000048  00000-0  00000-0 0  9997
2 37846  56.7785  34.4569 0004291 328.2693  31.7098  1.70475372 58016
1 37846U 11060A   21054.01046810 -.00000043  00000-0  00000-0 0  9996
2 37846  56.7795  34.4087 0004304 329.0052  30.9730  1.70475313 58047
1 37846U 11060A   21054.59705200 -.00000042  00000-0  00000+0 0  9992
2 37846  56.7799  34.3927 0004309 329.2860  30.6912  1.70475288 58182
1 37846U 11060A   21054.59705200 -.00000042  00000-0  00000-0 0  9993
2 37846  56.7799  34.3927 0004309 329.2860  30.6912  1.70475288 58058
1 37846U 11060A   21055.18363524 -.00000042  00000-0  00000-0 0  9998
2 37846  56.7802  34.3766 0004310 329.4761  30.4997  1.70475270 58061
1 37846U 11060A   21056.35680089 -.00000042  00000-0  00000-0 0  9996
2 37846  56.7808  34.3445 0004320 330.0296  29.9428  1.70475220 58082
1 37846U 11060A   21058.11654850 -.00000045  00000-0  00000+0 0  9991
2 37846  56.7819  34.2964 0004332 330.7905  29.1763  1.70475161 58242
1 37846U 11060A   21058.11654850 -.00000045  00000-0  00000-0 0  9992
2 37846  56.7819  34.2964 0004332 330.7905  29.1763  1.70475161 58118
1 37846U 11060A   21059.87629942 -.00000050  00000-0  00000-0 0  9996
2 37846  56.7830  34.2482 0004341 331.6160  28.3470  1.70475117 58149
1 37846U 11060A   21061.04946977 -.00000053  00000-0  00000+0 0  9990
2 37846  56.7836  34.2161 0004346 332.2047  27.7575  1.70475100 58292
1 37846U 11060A   21061.04946977 -.00000053  00000-0  00000-0 0  9991
2 37846  56.7836  34.2161 0004346 332.2047  27.7575  1.70475100 58168
1 37846U 11060A   21062.22264223 -.00000056  00000-0  00000-0 0  9992
2 37846  56.7842  34.1841 0004348 332.7613  27.2014  1.70475089 58186
1 37846U 11060A   21063.39581562 -.00000060  00000-0  00000+0 0  9993
2 37846  56.7850  34.1520 0004355 333.4413  26.5225  1.70475090 58338
1 37846U 11060A   21063.39581562 -.00000060  00000-0  00000-0 0  9994
2 37846  56.7850  34.1520 0004355 333.4413  26.5225  1.70475090 58204
1 37846U 11060A   21064.56898827 -.00000063  00000-0  00000-0 0  9992
2 37846  56.7856  34.1199 0004353 333.9800  25.9844  1.70475102 58221
1 37846U 11060A   21067.50191023 -.00000075  00000-0  00000+0 0  9995
2 37846  56.7872  34.0397 0004363 335.2020  24.7581  1.70475164 58401
1 37846U 11060A   21067.50191023 -.00000075  00000-0  00000-0 0  9996
2 37846  56.7872  34.0397 0004363 335.2020  24.7581  1.70475164 58276
1 37846U 11060A   21068.08849346 -.00000077  00000-0  00000-0 0  9990
2 37846  56.7875  34.0237 0004362 335.5643  24.3944  1.70475193 58287
1 37846U 11060A   21069.84824256 -.00000083  00000-0  00000+0 0  9994
2 37846  56.7885  33.9756 0004370 336.2664  23.6873  1.70475246 58442
1 37846U 11060A   21069.84824256 -.00000083  00000-0  00000-0 0  9995
2 37846  56.7885  33.9756 0004370 336.2664  23.6873  1.70475246 58318
1 37846U 11060A   21072.19458107 -.00000085  00000-0  00000+0 0  9996
2 37846  56.7898  33.9116 0004381 337.6485  22.3026  1.70475345 58484
1 37846U 11060A   21072.19458107 -.00000085  00000-0  00000-0 0  9997
2 37846  56.7898  33.9116 0004381 337.6485  22.3026  1.70475345 58350
1 37846U 11060A   21073.95434115 -.00000081  00000-0  00000-0 0  9991
2 37846  56.7907  33.8636 0004385 338.5059  21.4473  1.70475394 58381
1 37846U 11060A   21074.54092883 -.00000080  00000-0  00000-0 0  9998
2 37846  56.7910  33.8475 0004388 338.7689  21.1856  1.70475403 58394
1 37846U 11060A   21074.54092889 -.00000080  00000-0  00000+0 0  9993
2 37846  56.7910  33.8475 0004385 338.7841  21.1705  1.70475406 58522
1 37846U 11060A   21075.12751673 -.00000078  00000-0  00000-0 0  9999
2 37846  56.7913  33.8315 0004390 338.9703  20.9858  1.70475412 58403
1 37846U 11060A   21075.71410533 -.00000076  00000-0  00000-0 0  9999
2 37846  56.7916  33.8155 0004390 339.2983  20.6596  1.70475416 58413
1 37846U 11060A   21076.88728177 -.00000071  00000-0  00000+0 0  9998
2 37846  56.7923  33.7835 0004393 339.5736  20.3878  1.70475416 58563
1 37846U 11060A   21076.88728213 -.00000071  00000-0  00000-0 0  9990
2 37846  56.7923  33.7835 0004397 339.7110  20.2506  1.70475416 58438
1 37846U 11060A   21078.06045890 -.00000067  00000-0  00000-0 0  9990
2 37846  56.7929  33.7515 0004403 340.2285  19.7366  1.70475401 58450
1 37846U 11060A   21079.23363455 -.00000063  00000-0  00000+0 0  9995
2 37846  56.7935  33.7194 0004405 340.7786  19.1894  1.70475374 58609
1 37846U 11060A   21079.23363455 -.00000063  00000-0  00000-0 0  9996
2 37846  56.7935  33.7194 0004405 340.7786  19.1894  1.70475374 58474
1 37846U 11060A   21079.82022133 -.00000061  00000-0  00000-0 0  9994
2 37846  56.7938  33.7034 0004399 340.9342  19.0347  1.70475364 58484
1 37846U 11060A   21082.16656485 -.00000056  00000-0  00000+0 0  9991
2 37846  56.7950  33.6393 0004397 342.1243  17.8453  1.70475281 58658
1 37846U 11060A   21082.16656503 -.00000056  00000-0  00000-0 0  9993
2 37846  56.7950  33.6393 0004398 342.2262  17.7435  1.70475273 58527
1 37846U 11060A   21082.75314946 -.00000056  00000-0  00000-0 0  9990
2 37846  56.7953  33.6233 0004393 342.4316  17.5374  1.70475256 58532
1 37846U 11060A   21083.33973384 -.00000056  00000-0  00000-0 0  9992
2 37846  56.7957  33.6072 0004392 342.7718  17.1964  1.70475228 58546
1 37846U 11060A   21085.09948602 -.00000059  00000-0  00000+0 0  9994
2 37846  56.7966  33.5591 0004386 343.6409  16.3243  1.70475164 58709
1 37846U 11060A   21085.09948602 -.00000059  00000-0  00000-0 0  9995
2 37846  56.7966  33.5591 0004386 343.6409  16.3243  1.70475164 58574
1 37846U 11060A   21086.27265545 -.00000061  00000-0  00000-0 0  9997
2 37846  56.7972  33.5271 0004379 344.1435  15.8203  1.70475125 58592
1 37846U 11060A   21086.27265557 -.00000061  00000-0  00000-0 0  9990
2 37846  56.7972  33.5271 0004381 344.3409  15.6230  1.70475115 58595
1 37846U 11060A   21088.03241361 -.00000067  00000-0  00000+0 0  9998
2 37846  56.7981  33.4790 0004372 345.0920  14.8722  1.70475088 58750
1 37846U 11060A   21088.03241361 -.00000067  00000-0  00000-0 0  9999
2 37846  56.7981  33.4790 0004372 345.0920  14.8722  1.70475088 58626
1 37846U 11060A   21089.20558860 -.00000070  00000-0  00000-0 0  9998
2 37846  56.7987  33.4469 0004365 345.7304  14.2358  1.70475074 58646
1 37846U 11060A   21090.96535269 -.00000075  00000-0  00000+0 0  9995
2 37846  56.7996  33.3987 0004358 346.7380  13.2322  1.70475076 58807
1 37846U 11060A   21090.96535269 -.00000075  00000-0  00000-0 0  9996
2 37846  56.7996  33.3987 0004358 346.7380  13.2322  1.70475076 58672
1 37846U 11060A   21092.13852770 -.00000079  00000-0  00000-0 0  9990
2 37846  56.8002  33.3666 0004352 347.4396  12.5326  1.70475090 58698
1 37846U 11060A   21092.72511439 -.00000081  00000-0  00000-0 0  9992
2 37846  56.8005  33.3506 0004356 347.8309  12.1420  1.70475097 58706
1 37846U 11060A   21093.31170072 -.00000084  00000-0  00000+0 0  9994
2 37846  56.8007  33.3345 0004348 348.1935  11.7796  1.70475113 58844
1 37846U 11060A   21093.31170072 -.00000084  00000-0  00000-0 0  9995
2 37846  56.8007  33.3345 0004348 348.1935  11.7796  1.70475113 58710
1 37846U 11060A   21095.07145576 -.00000091  00000-0  00000-0 0  9999
2 37846  56.8016  33.2864 0004342 349.1487  10.8229  1.70475166 58744
1 37846U 11060A   21096.24462443 -.00000096  00000-0  00000+0 0  9998
2 37846  56.8022  33.2543 0004338 349.7800  10.1898  1.70475210 58896
1 37846U 11060A   21096.24462443 -.00000096  00000-0  00000-0 0  9999
2 37846  56.8022  33.2543 0004338 349.7800  10.1898  1.70475210 58762
1 37846U 11060A   21096.83120879 -.00000097  00000-0  00000-0 0  9999
2 37846  56.8025  33.2383 0004332 350.0898   9.8793  1.70475233 58778
1 37846U 11060A   21098.00437890 -.00000100  00000-0  00000-0 0  9999
2 37846  56.8029  33.2063 0004330 350.7581   9.2102  1.70475283 58796
1 37846U 11060A   21099.17755122 -.00000101  00000-0  00000+0 0  9999
2 37846  56.8035  33.1742 0004325 351.4175   8.5514  1.70475330 58946
1 37846U 11060A   21099.17755122 -.00000101  00000-0  00000-0 0  9990
2 37846  56.8035  33.1742 0004325 351.4175   8.5514  1.70475330 58812
1 37846U 11060A   21099.76413826 -.00000100  00000-0  00000-0 0  9996
2 37846  56.8038  33.1582 0004323 351.7251   8.2446  1.70475351 58828
1 37846U 11060A   21102.11049209 -.00000095  00000-0  00000+0 0  9992
2 37846  56.8050  33.0942 0004310 352.9264   7.0506  1.70475420 58993
1 37846U 11060A   21102.11049209 -.00000095  00000-0  00000-0 0  9993
2 37846  56.8050  33.0942 0004310 352.9264   7.0506  1.70475420 58869
1 37846U 11060A   21103.87026094 -.00000089  00000-0  00000-0 0  9997
2 37846  56.8058  33.0462 0004302 353.7365   6.2482  1.70475437 58891
1 37846U 11060A   21105.04344047 -.00000084  00000-0  00000+0 0  9993
2 37846  56.8066  33.0142 0004299 354.4268   5.5631  1.70475429 59047
1 37846U 11060A   21105.04344047 -.00000084  00000-0  00000-0 0  9994
2 37846  56.8066  33.0142 0004299 354.4268   5.5631  1.70475429 58912
1 37846U 11060A   21106.21661876 -.00000080  00000-0  00000-0 0  9992
2 37846  56.8072  32.9822 0004293 355.0393   4.9552  1.70475410 58939
1 37846U 11060A   21108.56296881 -.00000073  00000-0  00000+0 0  9993
2 37846  56.8078  32.9181 0004277 355.9064   4.0933  1.70475343 59108
1 37846U 11060A   21108.56296881 -.00000073  00000-0  00000-0 0  9994
2 37846  56.8078  32.9181 0004277 355.9064   4.0933  1.70475343 58972
1 37846U 11060A   21109.14955597 -.00000072  00000-0  00000-0 0  9994
2 37846  56.8085  32.9021 0004269 356.4582   3.5422  1.70475315 58982
1 37846U 11060A   21110.32272745 -.00000070  00000-0  00000-0 0  9991
2 37846  56.8090  32.8700 0004257 357.1119   2.8888  1.70475271 59005
1 37846U 11060A   21110.90931267 -.00000070  00000-0  00000+0 0  9995
2 37846  56.8093  32.8540 0004251 357.3716   2.6289  1.70475247 59140
1 37846U 11060A   21110.90931267 -.00000070  00000-0  00000-0 0  9996
2 37846  56.8093  32.8540 0004251 357.3716   2.6289  1.70475247 59016
1 37846U 11060A   21112.08248308 -.00000071  00000-0  00000-0 0  9995
2 37846  56.8099  32.8219 0004240 358.0463   1.9536  1.70475201 59039
1 37846U 11060A   21112.66906840 -.00000072  00000-0  00000-0 0  9992
2 37846  56.8102  32.8058 0004234 358.3528   1.6469  1.70475182 59044
1 37846U 11060A   21113.25565394 -.00000074  00000-0  00000+0 0  9994
2 37846  56.8102  32.7898 0004230 358.6483   1.3513  1.70475165 59187
1 37846U 11060A   21113.25565394 -.00000074  00000-0  00000-0 0  9995
2 37846  56.8102  32.7898 0004230 358.6483   1.3513  1.70475165 59053
1 37846U 11060A   21115.01541413 -.00000078  00000-0  00000-0 0  9991
2 37846  56.8111  32.7416 0004214 359.6916   0.3098  1.70475120 59084
1 37846U 11060A   21115.60200204 -.00000079  00000-0  00000+0 0  9996
2 37846  56.8114  32.7256 0004209   0.0426 359.9601  1.70475110 59224
1 37846U 11060A   21115.60200204 -.00000079  00000-0  00000-0 0  9997
2 37846  56.8114  32.7256 0004209   0.0426 359.9601  1.70475110 59099
1 37846U 11060A   21116.77517898 -.00000082  00000-0  00000-0 0  9990
2 37846  56.8120  32.6936 0004200   0.6832 359.3228  1.70475098 59115
1 37846U 11060A   21117.94835675 -.00000085  00000-0  00000+0 0  9998
2 37846  56.8125  32.6615 0004188   1.4119 358.5979  1.70475096 59264
1 37846U 11060A   21117.94835675 -.00000085  00000-0  00000-0 0  9999
2 37846  56.8125  32.6615 0004188   1.4119 358.5979  1.70475096 59130
1 37846U 11060A   21119.12153338 -.00000088  00000-0  00000-0 0  9993
2 37846  56.8130  32.6293 0004170   2.0312 357.9817  1.70475109 59152
1 37846U 11060A   21120.88129438 -.00000095  00000-0  00000+0 0  9999
2 37846  56.8139  32.5812 0004153   3.0319 356.9834  1.70475144 59311
1 37846U 11060A   21120.88129438 -.00000095  00000-0  00000-0 0  9990
2 37846  56.8139  32.5812 0004153   3.0319 356.9834  1.70475144 59186

