1 39741U 14026A   21002.13597728 -.00000045  00000-0  00000+0 0  9993
2 39741  56.2804  48.9923 0024016 292.6940  67.1215  2.00562946 48571
1 39741U 14026A   21002.13597728 -.00000045  00000-0  00000-0 0  9994
2 39741  56.2804  48.9923 0024016 292.6940  67.1215  2.00562946 48582
1 39741U 14026A   21003.13314136 -.00000047  00000-0  00000-0 0  9997
2 39741  56.2813  48.9531 0024073 292.7837  67.0288  2.00562824 48603
1 39741U 14026A   21004.13030657 -.00000050  00000-0  00000-0 0  9995
2 39741  56.2821  48.9139 0024102 292.8435  66.9661  2.00562778 48627
1 39741U 14026A   21004.62888890 -.00000052  00000-0  00000-0 0  9991
2 39741  56.2824  48.8942 0024137 292.8962  66.9119  2.00562686 48631
1 39741U 14026A   21005.62605510 -.00000055  00000-0  00000-0 0  9991
2 39741  56.2831  48.8550 0024168 292.9440  66.8617  2.00562630 48653
1 39741U 14026A   21006.12463906 -.00000056  00000-0  00000-0 0  9999
2 39741  56.2835  48.8354 0024179 292.9584  66.8464  2.00562601 48669
1 39741U 14026A   21007.62039307 -.00000059  00000-0  00000-0 0  9992
2 39741  56.2845  48.7765 0024241 293.0811  66.7229  2.00562466 48690
1 39741U 14026A   21009.11615177 -.00000059  00000-0  00000-0 0  9993
2 39741  56.2855  48.7178 0024273 293.1544  66.6510  2.00562391 48721
1 39741U 14026A   21012.60625498 -.00000062  00000-0  00000+0 0  9991
2 39741  56.2879  48.5806 0024379 293.3746  66.4320  2.00562185 48780
1 39741U 14026A   21012.60625498 -.00000062  00000-0  00000-0 0  9992
2 39741  56.2879  48.5806 0024379 293.3746  66.4320  2.00562185 48791
1 39741U 14026A   21013.10483972 -.00000064  00000-0  00000-0 0  9999
2 39741  56.2882  48.5610 0024399 293.4140  66.3919  2.00562175 48803
1 39741U 14026A   21013.60342442 -.00000066  00000-0  00000-0 0  9992
2 39741  56.2885  48.5414 0024412 293.4452  66.3598  2.00562169 48817
1 39741U 14026A   21015.09917845 -.00000071  00000-0  00000-0 0  9998
2 39741  56.2895  48.4826 0024461 293.5464  66.2548  2.00562109 48843
1 39741U 14026A   21016.09634753 -.00000075  00000-0  00000-0 0  9997
2 39741  56.2902  48.4434 0024507 293.6346  66.1638  2.00562062 48867
1 39741U 14026A   21017.09351798 -.00000077  00000-0  00000-0 0  9995
2 39741  56.2909  48.4042 0024528 293.6885  66.1076  2.00562023 48885
1 39741U 14026A   21017.59210369 -.00000078  00000-0  00000-0 0  9999
2 39741  56.2913  48.3846 0024557 293.7547  66.0404  2.00561980 48895
1 39741U 14026A   21022.57797921 -.00000057  00000-0  00000+0 0  9993
2 39741  56.2946  48.1888 0024688 294.0863  65.7105  2.00561715 48985
1 39741U 14026A   21022.57797921 -.00000057  00000-0  00000-0 0  9994
2 39741  56.2946  48.1888 0024688 294.0863  65.7105  2.00561715 48996
1 39741U 14026A   21023.07656793 -.00000053  00000-0  00000-0 0  9997
2 39741  56.2950  48.1692 0024703 294.1210  65.6767  2.00561686 49002
1 39741U 14026A   21023.57515696 -.00000049  00000-0  00000-0 0  9993
2 39741  56.2953  48.1496 0024720 294.1553  65.6433  2.00561641 49018
1 39741U 14026A   21024.57233517 -.00000043  00000-0  00000-0 0  9997
2 39741  56.2960  48.1104 0024765 294.2320  65.5681  2.00561532 49039
1 39741U 14026A   21025.07092415 -.00000040  00000-0  00000-0 0  9990
2 39741  56.2963  48.0909 0024785 294.2830  65.5176  2.00561485 49049
1 39741U 14026A   21028.06245386 -.00000029  00000-0  00000+0 0  9995
2 39741  56.2983  47.9734 0024851 294.4906  65.3090  2.00561201 49099
1 39741U 14026A   21028.06245386 -.00000029  00000-0  00000-0 0  9996
2 39741  56.2983  47.9734 0024851 294.4906  65.3090  2.00561201 49101
1 39741U 14026A   21029.05962752 -.00000028  00000-0  00000-0 0  9998
2 39741  56.2990  47.9342 0024884 294.5684  65.2286  2.00561095 49123
1 39741U 14026A   21031.05397431 -.00000032  00000-0  00000-0 0  9992
2 39741  56.3004  47.8559 0024928 294.7259  65.0637  2.00560867 49166
1 39741U 14026A   21033.54691129 -.00000039  00000-0  00000+0 0  9995
2 39741  56.3021  47.7580 0024984 294.8897  64.8917  2.00560667 49200
1 39741U 14026A   21033.54691129 -.00000039  00000-0  00000-0 0  9996
2 39741  56.3021  47.7580 0024984 294.8897  64.8917  2.00560667 49211
1 39741U 14026A   21034.04549577 -.00000040  00000-0  00000-0 0  9993
2 39741  56.3025  47.7383 0025009 294.9676  64.8128  2.00560769 49229
1 39741U 14026A   21034.54408745 -.00000041  00000-0  00000-0 0  9990
2 39741  56.3027  47.7188 0025010 294.9843  64.7955  2.00560638 49235
1 39741U 14026A   21035.54126776 -.00000042  00000-0  00000-0 0  9993
2 39741  56.3034  47.6797 0025028 295.0628  64.7165  2.00560543 49250
1 39741U 14026A   21035.54126845 -.00000042  00000-0  00000-0 0  9990
2 39741  56.3034  47.6797 0025021 295.0761  64.7033  2.00560507 49255
1 39741U 14026A   21037.03703987 -.00000043  00000-0  00000-0 0  9995
2 39741  56.3045  47.6210 0025046 295.1683  64.6113  2.00560438 49282
1 39741U 14026A   21038.03422107 -.00000044  00000-0  00000-0 0  9999
2 39741  56.3052  47.5818 0025064 295.2617  64.5179  2.00560373 49303
1 39741U 14026A   21039.03140194 -.00000045  00000-0  00000-0 0  9994
2 39741  56.3059  47.5427 0025078 295.3446  64.4343  2.00560313 49320
1 39741U 14026A   21040.02858174 -.00000048  00000-0  00000-0 0  9992
2 39741  56.3065  47.5036 0025092 295.4388  64.3385  2.00560248 49349
1 39741U 14026A   21041.52434810 -.00000054  00000-0  00000-0 0  9992
2 39741  56.3075  47.4449 0025109 295.5183  64.2549  2.00560238 49373
1 39741U 14026A   21041.52434896 -.00000054  00000-0  00000-0 0  9996
2 39741  56.3075  47.4449 0025109 295.5184  64.2548  2.00560223 49377
1 39741U 14026A   21043.02011540 -.00000061  00000-0  00000-0 0  9998
2 39741  56.3085  47.3862 0025126 295.6174  64.1507  2.00560173 49407
1 39741U 14026A   21043.51870469 -.00000063  00000-0  00000-0 0  9997
2 39741  56.3088  47.3667 0025140 295.6716  64.0947  2.00560141 49414
1 39741U 14026A   21046.01165516 -.00000066  00000-0  00000-0 0  9998
2 39741  56.3105  47.2689 0025172 295.8683  63.8923  2.00560035 49465
1 39741U 14026A   21046.01165526 -.00000066  00000-0  00000+0 0  9998
2 39741  56.3105  47.2689 0025167 295.8686  63.8921  2.00560047 49452
1 39741U 14026A   21048.00602279 -.00000059  00000-0  00000-0 0  9993
2 39741  56.3119  47.1907 0025190 295.9970  63.7630  2.00559928 49500
1 39741U 14026A   21049.00320870 -.00000054  00000-0  00000-0 0  9993
2 39741  56.3126  47.1516 0025210 296.0730  63.6878  2.00559852 49524
