1 32711U 08012A   21001.31777080  .00000076  00000-0  00000+0 0  9994
2 32711  54.5570 229.5312 0144515 225.5880 133.3077  2.00569919 93788
1 32711U 08012A   21001.81632879  .00000073  00000-0  00000-0 0  9993
2 32711  54.5569 229.5111 0144522 225.5951 133.2978  2.00569919 93813
1 32711U 08012A   21002.31488629  .00000071  00000-0  00000-0 0  9999
2 32711  54.5569 229.4911 0144528 225.5915 133.2987  2.00569932 93822
1 32711U 08012A   21002.31488645  .00000071  00000-0  00000-0 0  9997
2 32711  54.5568 229.4911 0144527 225.5954 133.2947  2.00569927 93823
1 32711U 08012A   21003.31200180  .00000069  00000-0  00000-0 0  9991
2 32711  54.5567 229.4510 0144539 225.5969 133.2877  2.00569944 93849
1 32711U 08012A   21003.81055965  .00000068  00000-0  00000-0 0  9994
2 32711  54.5566 229.4309 0144550 225.5956 133.2864  2.00569958 93855
1 32711U 08012A   21004.80767704  .00000070  00000-0  00000-0 0  9998
2 32711  54.5564 229.3909 0144567 225.5994 133.2788  2.00569984 93874
1 32711U 08012A   21005.30623677  .00000072  00000-0  00000-0 0  9996
2 32711  54.5564 229.3708 0144577 225.6005 133.2766  2.00569996 93886
1 32711U 08012A   21005.80479738  .00000075  00000-0  00000-0 0  9991
2 32711  54.5563 229.3507 0144584 225.6055 133.2709  2.00570002 93893
1 32711U 08012A   21006.30335839  .00000078  00000-0  00000-0 0  9993
2 32711  54.5562 229.3306 0144603 225.6060 133.2702  2.00570018 93909
1 32711U 08012A   21007.30048220  .00000085  00000-0  00000-0 0  9997
2 32711  54.5560 229.2905 0144630 225.6105 133.2667  2.00570048 93926
1 32711U 08012A   21007.30048237  .00000085  00000-0  00000-0 0  9995
2 32711  54.5560 229.2905 0144625 225.6144 133.2627  2.00570039 93907
1 32711U 08012A   21007.79904465  .00000089  00000-0  00000-0 0  9996
2 32711  54.5559 229.2705 0144644 225.6114 133.2667  2.00570067 93939
1 32711U 08012A   21008.29760730  .00000092  00000-0  00000-0 0  9991
2 32711  54.5559 229.2504 0144658 225.6136 133.2655  2.00570084 93942
1 32711U 08012A   21008.79616976  .00000094  00000-0  00000-0 0  9990
2 32711  54.5558 229.2303 0144671 225.6158 133.2644  2.00570103 93958
1 32711U 08012A   21009.29473214  .00000095  00000-0  00000-0 0  9993
2 32711  54.5557 229.2103 0144683 225.6182 133.2627  2.00570120 93966
1 32711U 08012A   21010.29185512  .00000094  00000-0  00000-0 0  9995
2 32711  54.5555 229.1702 0144708 225.6215 133.2601  2.00570165 93986
1 32711U 08012A   21010.29185530  .00000094  00000-0  00000-0 0  9995
2 32711  54.5555 229.1702 0144705 225.6242 133.2574  2.00570156 93982
1 32711U 08012A   21011.28897539  .00000086  00000-0  00000-0 0  9995
2 32711  54.5553 229.1301 0144728 225.6248 133.2556  2.00570209 94009
1 32711U 08012A   21011.28897549  .00000086  00000-0  00000-0 0  9996
2 32711  54.5553 229.1301 0144725 225.6281 133.2522  2.00570200 94007
1 32711U 08012A   21012.28609249  .00000075  00000-0  00000-0 0  9993
2 32711  54.5551 229.0900 0144754 225.6290 133.2479  2.00570258 94027
1 32711U 08012A   21012.28609269  .00000075  00000-0  00000-0 0  9995
2 32711  54.5551 229.0900 0144747 225.6295 133.2475  2.00570249 94020
1 32711U 08012A   21013.28320697  .00000061  00000-0  00000-0 0  9996
2 32711  54.5549 229.0500 0144780 225.6330 133.2388  2.00570308 94041
1 32711U 08012A   21013.28320712  .00000061  00000-0  00000-0 0  9994
2 32711  54.5549 229.0500 0144774 225.6337 133.2381  2.00570301 94047
1 32711U 08012A   21014.28031833  .00000048  00000-0  00000-0 0  9993
2 32711  54.5548 229.0097 0144811 225.6324 133.2332  2.00570421 94066
1 32711U 08012A   21014.28031986  .00000048  00000-0  00000-0 0  9992
2 32711  54.5547 229.0099 0144801 225.6407 133.2248  2.00570349 94063
1 32711U 08012A   21015.27743074  .00000038  00000-0  00000-0 0  9999
2 32711  54.5546 228.9696 0144839 225.6355 133.2238  2.00570475 94087
1 32711U 08012A   21015.27743078  .00000038  00000-0  00000-0 0  9993
2 32711  54.5546 228.9696 0144831 225.6398 133.2195  2.00570461 94083
1 32711U 08012A   21016.27454400  .00000034  00000-0  00000-0 0  9998
2 32711  54.5544 228.9296 0144872 225.6374 133.2165  2.00570535 94108
1 32711U 08012A   21016.27454407  .00000034  00000-0  00000-0 0  9995
2 32711  54.5544 228.9296 0144866 225.6399 133.2140  2.00570524 94109
1 32711U 08012A   21017.27165908  .00000035  00000-0  00000-0 0  9992
2 32711  54.5543 228.8894 0144907 225.6417 133.2081  2.00570588 94124
1 32711U 08012A   21017.27165920  .00000035  00000-0  00000-0 0  9996
2 32711  54.5543 228.8895 0144901 225.6437 133.2062  2.00570575 94126
1 32711U 08012A   21017.77021742  .00000038  00000-0  00000-0 0  9997
2 32711  54.5542 228.8694 0144924 225.6445 133.2039  2.00570611 94132
1 32711U 08012A   21018.76733561  .00000047  00000-0  00000-0 0  9996
2 32711  54.5541 228.8292 0144949 225.6560 133.1910  2.00570639 94159
1 32711U 08012A   21019.26589589  .00000053  00000-0  00000-0 0  9998
2 32711  54.5540 228.8092 0144972 225.6515 133.1955  2.00570682 94160
1 32711U 08012A   21019.26589592  .00000053  00000-0  00000-0 0  9992
2 32711  54.5540 228.8092 0144968 225.6527 133.1942  2.00570673 94164
1 32711U 08012A   21019.76445640  .00000060  00000-0  00000-0 0  9990
2 32711  54.5540 228.7891 0144987 225.6540 133.1932  2.00570701 94178
1 32711U 08012A   21020.76157828  .00000073  00000-0  00000-0 0  9994
2 32711  54.5538 228.7491 0145008 225.6657 133.1830  2.00570722 94197
1 32711U 08012A   21020.76157855  .00000073  00000-0  00000-0 0  9994
2 32711  54.5538 228.7491 0145015 225.6599 133.1887  2.00570735 94196
1 32711U 08012A   21021.75870133  .00000085  00000-0  00000-0 0  9998
2 32711  54.5536 228.7090 0145037 225.6693 133.1816  2.00570752 94212
1 32711U 08012A   21022.25726307  .00000090  00000-0  00000-0 0  9993
2 32711  54.5535 228.6889 0145056 225.6660 133.1860  2.00570773 94224
1 32711U 08012A   21022.75582405  .00000095  00000-0  00000-0 0  9992
2 32711  54.5534 228.6688 0145065 225.6742 133.1789  2.00570779 94238
1 32711U 08012A   21023.25438533  .00000098  00000-0  00000-0 0  9993
2 32711  54.5534 228.6488 0145089 225.6720 133.1820  2.00570794 94242
1 32711U 08012A   21023.75294604  .00000101  00000-0  00000-0 0  9992
2 32711  54.5533 228.6287 0145105 225.6748 133.1799  2.00570801 94252
1 32711U 08012A   21024.75006592  .00000103  00000-0  00000-0 0  9992
2 32711  54.5531 228.5886 0145134 225.6851 133.1700  2.00570808 94272
1 32711U 08012A   21025.24862490  .00000103  00000-0  00000+0 0  9993
2 32711  54.5530 228.5687 0145160 225.6824 133.1724  2.00570826 94264
1 32711U 08012A   21025.24862490  .00000103  00000-0  00000-0 0  9994
2 32711  54.5530 228.5687 0145160 225.6824 133.1724  2.00570826 94286
1 32711U 08012A   21025.74718336  .00000102  00000-0  00000-0 0  9997
2 32711  54.5530 228.5486 0145177 225.6868 133.1671  2.00570829 94294
1 32711U 08012A   21026.74429818  .00000099  00000-0  00000-0 0  9997
2 32711  54.5528 228.5085 0145205 225.6989 133.1520  2.00570831 94311
1 32711U 08012A   21027.24285456  .00000096  00000-0  00000-0 0  9998
2 32711  54.5527 228.4885 0145232 225.6974 133.1512  2.00570834 94326
1 32711U 08012A   21027.24285465  .00000096  00000-0  00000-0 0  9998
2 32711  54.5527 228.4885 0145229 225.6987 133.1499  2.00570834 94320
1 32711U 08012A   21027.74141042  .00000094  00000-0  00000-0 0  9993
2 32711  54.5527 228.4684 0145249 225.7007 133.1452  2.00570835 94334
1 32711U 08012A   21028.73852068  .00000088  00000-0  00000-0 0  9993
2 32711  54.5525 228.4283 0145274 225.7130 133.1267  2.00570837 94350
1 32711U 08012A   21029.23707525  .00000085  00000-0  00000-0 0  9993
2 32711  54.5525 228.4083 0145296 225.7118 133.1244  2.00570841 94369
1 32711U 08012A   21029.23707533  .00000085  00000-0  00000-0 0  9992
2 32711  54.5524 228.4083 0145289 225.7167 133.1194  2.00570839 94365
1 32711U 08012A   21029.73562972  .00000083  00000-0  00000-0 0  9991
2 32711  54.5524 228.3883 0145309 225.7157 133.1169  2.00570846 94375
1 32711U 08012A   21031.23129347  .00000078  00000-0  00000-0 0  9998
2 32711  54.5522 228.3281 0145359 225.7222 133.1007  2.00570884 94400
1 32711U 08012A   21032.22840554  .00000079  00000-0  00000-0 0  9999
2 32711  54.5520 228.2880 0145390 225.7297 133.0884  2.00570895 94425
1 32711U 08012A   21033.22551990  .00000083  00000-0  00000-0 0  9998
2 32711  54.5519 228.2479 0145434 225.7343 133.0810  2.00570919 94446
1 32711U 08012A   21033.22552011  .00000083  00000-0  00000-0 0  9993
2 32711  54.5519 228.2479 0145425 225.7379 133.0775  2.00570913 94449
1 32711U 08012A   21034.22263746  .00000089  00000-0  00000-0 0  9994
2 32711  54.5517 228.2078 0145469 225.7428 133.0718  2.00570933 94466
1 32711U 08012A   21035.21975665  .00000094  00000-0  00000-0 0  9990
2 32711  54.5515 228.1678 0145513 225.7494 133.0659  2.00570956 94483
1 32711U 08012A   21036.21687463  .00000097  00000-0  00000-0 0  9990
2 32711  54.5515 228.1276 0145569 225.7569 133.0592  2.00571053 94509
1 32711U 08012A   21036.21687610  .00000097  00000-0  00000-0 0  9994
2 32711  54.5514 228.1277 0145556 225.7553 133.0610  2.00570988 94505
1 32711U 08012A   21037.21399266  .00000096  00000-0  00000-0 0  9991
2 32711  54.5514 228.0875 0145614 225.7628 133.0535  2.00571086 94524
1 32711U 08012A   21037.21399275  .00000096  00000-0  00000-0 0  9991
2 32711  54.5513 228.0874 0145605 225.7641 133.0523  2.00571087 94525
1 32711U 08012A   21038.21110829  .00000089  00000-0  00000-0 0  9990
2 32711  54.5512 228.0474 0145648 225.7673 133.0476  2.00571131 94541
1 32711U 08012A   21038.21110843  .00000089  00000-0  00000-0 0  9996
2 32711  54.5512 228.0474 0145641 225.7689 133.0460  2.00571124 94546
1 32711U 08012A   21039.20822096  .00000077  00000-0  00000-0 0  9993
2 32711  54.5510 228.0074 0145680 225.7754 133.0359  2.00571164 94569
1 32711U 08012A   21040.20533045  .00000062  00000-0  00000-0 0  9992
2 32711  54.5508 227.9673 0145724 225.7791 133.0268  2.00571223 94586
1 32711U 08012A   21040.20533070  .00000062  00000-0  00000-0 0  9990
2 32711  54.5508 227.9673 0145719 225.7820 133.0240  2.00571204 94582
1 32711U 08012A   21041.20243813  .00000047  00000-0  00000-0 0  9997
2 32711  54.5507 227.9272 0145765 225.7853 133.0139  2.00571277 94603
1 32711U 08012A   21041.20243821  .00000047  00000-0  00000-0 0  9996
2 32711  54.5507 227.9272 0145763 225.7858 133.0134  2.00571271 94605
1 32711U 08012A   21042.19954523  .00000034  00000-0  00000-0 0  9999
2 32711  54.5505 227.8872 0145806 225.7910 133.0013  2.00571330 94629
1 32711U 08012A   21042.19954531  .00000034  00000-0  00000-0 0  9998
2 32711  54.5505 227.8872 0145803 225.7916 133.0007  2.00571326 94620
1 32711U 08012A   21043.19665315  .00000025  00000-0  00000-0 0  9998
2 32711  54.5503 227.8471 0145844 225.7995 132.9865  2.00571371 94647
1 32711U 08012A   21043.69520747  .00000023  00000-0  00000-0 0  9990
2 32711  54.5502 227.8271 0145861 225.8068 132.9764  2.00571385 94659
1 32711U 08012A   21043.69520754  .00000023  00000-0  00000-0 0  9998
2 32711  54.5502 227.8271 0145873 225.8020 132.9812  2.00571404 94656
1 32711U 08012A   21044.69231803  .00000024  00000-0  00000-0 0  9994
2 32711  54.5500 227.7870 0145911 225.8139 132.9651  2.00571435 94679
1 32711U 08012A   21045.19087432  .00000026  00000-0  00000-0 0  9999
2 32711  54.5500 227.7670 0145948 225.8139 132.9636  2.00571474 94684
1 32711U 08012A   21045.68943094  .00000030  00000-0  00000-0 0  9993
2 32711  54.5499 227.7470 0145960 225.8222 132.9544  2.00571485 94697
1 32711U 08012A   21046.18798834  .00000035  00000-0  00000-0 0  9994
2 32711  54.5498 227.7270 0146008 225.8206 132.9554  2.00571528 94701
1 32711U 08012A   21046.18798841  .00000035  00000-0  00000-0 0  9992
2 32711  54.5498 227.7270 0146004 225.8211 132.9549  2.00571521 94700
1 32711U 08012A   21046.68654627  .00000040  00000-0  00000-0 0  9996
2 32711  54.5498 227.7069 0146031 225.8248 132.9512  2.00571547 94715
1 32711U 08012A   21047.68366346  .00000052  00000-0  00000-0 0  9998
2 32711  54.5496 227.6669 0146078 225.8326 132.9443  2.00571584 94732
1 32711U 08012A   21048.68078166  .00000064  00000-0  00000-0 0  9992
2 32711  54.5494 227.6268 0146106 225.8453 132.9336  2.00571602 94752
1 32711U 08012A   21049.17934100  .00000068  00000-0  00000-0 0  9990
2 32711  54.5493 227.6068 0146131 225.8433 132.9368  2.00571637 94769
1 32711U 08012A   21049.17934104  .00000068  00000-0  00000-0 0  9994
2 32711  54.5493 227.6068 0146129 225.8439 132.9362  2.00571633 94762
1 32711U 08012A   21050.17645938  .00000076  00000-0  00000-0 0  9999
2 32711  54.5491 227.5667 0146161 225.8555 132.9268  2.00571647 94781
1 32711U 08012A   21051.17357703  .00000080  00000-0  00000-0 0  9995
2 32711  54.5489 227.5267 0146221 225.8600 132.9238  2.00571665 94802
1 32711U 08012A   21051.67213491  .00000081  00000-0  00000-0 0  9996
2 32711  54.5488 227.5067 0146232 225.8683 132.9159  2.00571667 94817
1 32711U 08012A   21052.17069249  .00000080  00000-0  00000-0 0  9991
2 32711  54.5487 227.4867 0146277 225.8690 132.9151  2.00571673 94820
1 32711U 08012A   21052.17069254  .00000080  00000-0  00000-0 0  9997
2 32711  54.5487 227.4867 0146274 225.8699 132.9142  2.00571673 94826
1 32711U 08012A   21053.16780579  .00000078  00000-0  00000+0 0  9993
2 32711  54.5485 227.4467 0146325 225.8808 132.9020  2.00571676 94827
1 32711U 08012A   21053.16780579  .00000078  00000-0  00000-0 0  9994
2 32711  54.5485 227.4467 0146325 225.8808 132.9020  2.00571676 94849
1 32711U 08012A   21053.66636124  .00000075  00000-0  00000-0 0  9992
2 32711  54.5484 227.4266 0146338 225.8883 132.8932  2.00571679 94857
1 32711U 08012A   21054.16491608  .00000073  00000-0  00000-0 0  9992
2 32711  54.5483 227.4066 0146381 225.8897 132.8900  2.00571682 94867
1 32711U 08012A   21054.16491627  .00000073  00000-0  00000-0 0  9993
2 32711  54.5483 227.4066 0146374 225.8909 132.8888  2.00571682 94868
1 32711U 08012A   21054.66347063  .00000069  00000-0  00000-0 0  9997
2 32711  54.5482 227.3865 0146396 225.8963 132.8812  2.00571684 94877
1 32711U 08012A   21055.66057787  .00000063  00000-0  00000-0 0  9993
2 32711  54.5481 227.3465 0146440 225.9085 132.8636  2.00571684 94894
1 32711U 08012A   21056.15913091  .00000059  00000-0  00000-0 0  9992
2 32711  54.5480 227.3265 0146481 225.9093 132.8596  2.00571684 94902
1 32711U 08012A   21056.15913099  .00000059  00000-0  00000-0 0  9990
2 32711  54.5480 227.3265 0146478 225.9100 132.8589  2.00571684 94909
1 32711U 08012A   21057.15623519  .00000053  00000-0  00000-0 0  9990
2 32711  54.5478 227.2864 0146521 225.9215 132.8410  2.00571736 94929
1 32711U 08012A   21057.65478810  .00000051  00000-0  00000-0 0  9995
2 32711  54.5477 227.2664 0146540 225.9283 132.8310  2.00571736 94932
1 32711U 08012A   21058.15334132  .00000050  00000-0  00000-0 0  9998
2 32711  54.5476 227.2464 0146568 225.9300 132.8265  2.00571742 94946
1 32711U 08012A   21058.65189495  .00000049  00000-0  00000-0 0  9991
2 32711  54.5475 227.2263 0146586 225.9371 132.8169  2.00571744 94956
1 32711U 08012A   21059.15044904  .00000049  00000-0  00000-0 0  9992
2 32711  54.5475 227.2063 0146623 225.9376 132.8143  2.00571754 94943
1 32711U 08012A   21059.64900408  .00000049  00000-0  00000-0 0  9996
2 32711  54.5474 227.1863 0146633 225.9464 132.8039  2.00571755 94976
1 32711U 08012A   21060.14755945  .00000051  00000-0  00000-0 0  9990
2 32711  54.5473 227.1663 0146680 225.9465 132.8026  2.00571769 94988
1 32711U 08012A   21060.14755954  .00000051  00000-0  00000-0 0  9990
2 32711  54.5473 227.1663 0146676 225.9469 132.8022  2.00571767 94981
1 32711U 08012A   21061.64323058  .00000057  00000-0  00000-0 0  9998
2 32711  54.5470 227.1062 0146741 225.9658 132.7832  2.00571788 95010
1 32711U 08012A   21062.14178841  .00000060  00000-0  00000-0 0  9996
2 32711  54.5469 227.0862 0146789 225.9667 132.7830  2.00571809 95020
1 32711U 08012A   21062.14178858  .00000060  00000-0  00000-0 0  9994
2 32711  54.5469 227.0862 0146780 225.9687 132.7809  2.00571803 95023
1 32711U 08012A   21062.64034662  .00000062  00000-0  00000-0 0  9995
2 32711  54.5468 227.0662 0146821 225.9717 132.7788  2.00571822 95038
1 32711U 08012A   21064.13602095  .00000063  00000-0  00000-0 0  9993
2 32711  54.5464 227.0062 0146899 225.9870 132.7661  2.00571866 95064
1 32711U 08012A   21065.13313477  .00000057  00000-0  00000-0 0  9990
2 32711  54.5462 226.9661 0146935 226.0014 132.7520  2.00571890 95081
1 32711U 08012A   21065.63169063  .00000052  00000-0  00000-0 0  9990
2 32711  54.5461 226.9461 0146961 226.0064 132.7464  2.00571910 95093
1 32711U 08012A   21066.13024552  .00000046  00000-0  00000-0 0  9992
2 32711  54.5460 226.9261 0146993 226.0069 132.7448  2.00571945 95102
1 32711U 08012A   21066.62879989  .00000039  00000-0  00000-0 0  9990
2 32711  54.5459 226.9061 0147006 226.0158 132.7343  2.00571951 95115
1 32711U 08012A   21067.12735253  .00000031  00000-0  00000-0 0  9993
2 32711  54.5458 226.8860 0147045 226.0171 132.7309  2.00572021 95120
1 32711U 08012A   21067.62590555  .00000023  00000-0  00000-0 0  9993
2 32711  54.5457 226.8660 0147065 226.0249 132.7206  2.00572030 95132
1 32711U 08012A   21068.12445821  .00000014  00000-0  00000-0 0  9994
2 32711  54.5455 226.8460 0147098 226.0252 132.7176  2.00572068 95146
1 32711U 08012A   21068.62301056  .00000006  00000-0  00000-0 0  9991
2 32711  54.5454 226.8260 0147113 226.0335 132.7064  2.00572075 95158
1 32711U 08012A   21069.12156282 -.00000001  00000-0  00000-0 0  9992
2 32711  54.5453 226.8060 0147139 226.0378 132.6992  2.00572102 95161
1 32711U 08012A   21069.62011521 -.00000007  00000-0  00000-0 0  9999
2 32711  54.5452 226.7860 0147178 226.0389 132.6953  2.00572141 95173
1 32711U 08012A   21070.11866779 -.00000012  00000-0  00000-0 0  9994
2 32711  54.5451 226.7660 0147213 226.0433 132.6882  2.00572168 95181
1 32711U 08012A   21070.61722074 -.00000015  00000-0  00000-0 0  9991
2 32711  54.5450 226.7460 0147246 226.0484 132.6807  2.00572194 95197
1 32711U 08012A   21070.61722079 -.00000015  00000-0  00000-0 0  9996
2 32711  54.5450 226.7460 0147227 226.0518 132.6774  2.00572176 95197
1 32711U 08012A   21071.61432836 -.00000017  00000-0  00000-0 0  9998
2 32711  54.5448 226.7060 0147287 226.0617 132.6641  2.00572227 95219
1 32711U 08012A   21072.11288307 -.00000016  00000-0  00000-0 0  9995
2 32711  54.5446 226.6860 0147334 226.0644 132.6603  2.00572266 95229
1 32711U 08012A   21072.61143838 -.00000013  00000-0  00000-0 0  9996
2 32711  54.5445 226.6660 0147361 226.0699 132.6543  2.00572290 95237
1 32711U 08012A   21073.10999419 -.00000010  00000-0  00000-0 0  9992
2 32711  54.5444 226.6461 0147400 226.0760 132.6481  2.00572320 95244
1 32711U 08012A   21074.10710775  .00000000  00000-0  00000-0 0  9997
2 32711  54.5442 226.6061 0147464 226.0880 132.6374  2.00572361 95269
1 32711U 08012A   21074.60566525  .00000006  00000-0  00000-0 0  9990
2 32711  54.5441 226.5861 0147474 226.0965 132.6301  2.00572365 95275
1 32711U 08012A   21075.60278133  .00000018  00000-0  00000-0 0  9999
2 32711  54.5438 226.5461 0147530 226.1072 132.6227  2.00572403 95292
1 32711U 08012A   21075.60278134  .00000018  00000-0  00000-0 0  9990
2 32711  54.5438 226.5461 0147529 226.1078 132.6221  2.00572401 95298
1 32711U 08012A   21076.10133973  .00000023  00000-0  00000-0 0  9993
2 32711  54.5437 226.5261 0147584 226.1105 132.6211  2.00572426 95305
1 32711U 08012A   21076.59989797  .00000028  00000-0  00000-0 0  9994
2 32711  54.5436 226.5061 0147597 226.1193 132.6143  2.00572430 95313
1 32711U 08012A   21077.59701446  .00000034  00000-0  00000-0 0  9995
2 32711  54.5434 226.4661 0147659 226.1288 132.6085  2.00572456 95335
1 32711U 08012A   21077.59701449  .00000034  00000-0  00000-0 0  9998
2 32711  54.5434 226.4661 0147657 226.1297 132.6077  2.00572453 95331
1 32711U 08012A   21078.09557233  .00000036  00000-0  00000-0 0  9996
2 32711  54.5433 226.4461 0147708 226.1330 132.6059  2.00572470 95343
1 32711U 08012A   21078.59412975  .00000037  00000-0  00000-0 0  9995
2 32711  54.5432 226.4261 0147717 226.1417 132.5986  2.00572471 95356
1 32711U 08012A   21079.09268581  .00000038  00000-0  00000-0 0  9994
2 32711  54.5430 226.4061 0147718 226.1461 132.5955  2.00572529 95363
1 32711U 08012A   21079.59124213  .00000037  00000-0  00000-0 0  9991
2 32711  54.5429 226.3861 0147754 226.1525 132.5898  2.00572536 95374
1 32711U 08012A   21080.08979794  .00000036  00000-0  00000-0 0  9998
2 32711  54.5428 226.3661 0147783 226.1595 132.5831  2.00572539 95381
1 32711U 08012A   21080.58835312  .00000034  00000-0  00000-0 0  9998
2 32711  54.5426 226.3461 0147815 226.1652 132.5772  2.00572542 95396
1 32711U 08012A   21081.08690756  .00000031  00000-0  00000-0 0  9992
2 32711  54.5425 226.3262 0147862 226.1703 132.5714  2.00572546 95405
1 32711U 08012A   21082.58256768  .00000022  00000-0  00000-0 0  9999
2 32711  54.5421 226.2662 0147949 226.1919 132.5457  2.00572549 95439
1 32711U 08012A   21082.58256774  .00000022  00000-0  00000-0 0  9996
2 32711  54.5421 226.2662 0147937 226.1941 132.5435  2.00572546 95434
1 32711U 08012A   21083.08112003  .00000019  00000-0  00000-0 0  9994
2 32711  54.5420 226.2462 0147979 226.1982 132.5374  2.00572552 95442
1 32711U 08012A   21083.08112009  .00000019  00000-0  00000-0 0  9990
2 32711  54.5420 226.2462 0147967 226.2000 132.5356  2.00572550 95449
1 32711U 08012A   21084.07822431  .00000013  00000-0  00000-0 0  9991
2 32711  54.5417 226.2062 0148020 226.2131 132.5181  2.00572554 95469
1 32711U 08012A   21086.57098794  .00000008  00000-0  00000-0 0  9999
2 32711  54.5412 226.1062 0148149 226.2415 132.4813  2.00572578 95513
1 32711U 08012A   21087.06954205  .00000009  00000-0  00000-0 0  9993
2 32711  54.5410 226.0862 0148197 226.2456 132.4765  2.00572590 95527
1 32711U 08012A   21087.56809720  .00000011  00000-0  00000-0 0  9992
2 32711  54.5409 226.0662 0148225 226.2518 132.4704  2.00572597 95535
1 32711U 08012A   21088.06665286  .00000013  00000-0  00000-0 0  9997
2 32711  54.5408 226.0462 0148249 226.2611 132.4617  2.00572602 95543
1 32711U 08012A   21088.56520926  .00000016  00000-0  00000-0 0  9996
2 32711  54.5407 226.0262 0148281 226.2677 132.4561  2.00572611 95557
1 32711U 08012A   21089.06376623  .00000019  00000-0  00000-0 0  9998
2 32711  54.5406 226.0062 0148312 226.2745 132.4507  2.00572620 95566
1 32711U 08012A   21089.56232344  .00000021  00000-0  00000-0 0  9997
2 32711  54.5404 225.9862 0148350 226.2819 132.4451  2.00572632 95576
1 32711U 08012A   21090.06088095  .00000024  00000-0  00000-0 0  9999
2 32711  54.5403 225.9662 0148381 226.2888 132.4401  2.00572643 95581
1 32711U 08012A   21090.55943834  .00000025  00000-0  00000-0 0  9995
2 32711  54.5401 225.9462 0148423 226.2957 132.4351  2.00572661 95596
1 32711U 08012A   21091.55655241  .00000024  00000-0  00000-0 0  9997
2 32711  54.5399 225.9062 0148487 226.3112 132.4229  2.00572685 95615
1 32711U 08012A   21092.05510834  .00000022  00000-0  00000-0 0  9999
2 32711  54.5397 225.8863 0148540 226.3149 132.4202  2.00572719 95621
1 32711U 08012A   21092.55366410  .00000018  00000-0  00000-0 0  9998
2 32711  54.5396 225.8663 0148552 226.3244 132.4114  2.00572722 95634
1 32711U 08012A   21093.05221865  .00000013  00000-0  00000-0 0  9993
2 32711  54.5394 225.8463 0148604 226.3286 132.4073  2.00572757 95658
1 32711U 08012A   21093.55077293  .00000007  00000-0  00000-0 0  9995
2 32711  54.5393 225.8263 0148614 226.3377 132.3978  2.00572760 95654
1 32711U 08012A   21094.04932614  .00000000  00000-0  00000-0 0  9990
2 32711  54.5391 225.8063 0148652 226.3408 132.3938  2.00572794 95661
1 32711U 08012A   21095.54498243 -.00000024  00000-0  00000-0 0  9998
2 32711  54.5387 225.7464 0148731 226.3621 132.3677  2.00572850 95691
1 32711U 08012A   21096.04353391 -.00000031  00000-0  00000-0 0  9996
2 32711  54.5385 225.7264 0148757 226.3680 132.3598  2.00572871 95707
1 32711U 08012A   21096.54208527 -.00000038  00000-0  00000-0 0  9998
2 32711  54.5384 225.7064 0148791 226.3743 132.3514  2.00572898 95710
1 32711U 08012A   21097.04063688 -.00000043  00000-0  00000-0 0  9997
2 32711  54.5383 225.6864 0148821 226.3797 132.3441  2.00572923 95728
1 32711U 08012A   21097.53918868 -.00000047  00000-0  00000-0 0  9994
2 32711  54.5381 225.6664 0148856 226.3867 132.3354  2.00572948 95731
1 32711U 08012A   21098.03774078 -.00000050  00000-0  00000-0 0  9997
2 32711  54.5380 225.6465 0148911 226.3908 132.3298  2.00572995 95747
1 32711U 08012A   21099.53340111 -.00000048  00000-0  00000-0 0  9997
2 32711  54.5376 225.5865 0149003 226.4099 132.3095  2.00573071 95774
1 32711U 08012A   21099.53340131 -.00000048  00000-0  00000-0 0  9999
2 32711  54.5376 225.5865 0148987 226.4134 132.3061  2.00573046 95779
1 32711U 08012A   21100.03195578 -.00000045  00000-0  00000-0 0  9997
2 32711  54.5374 225.5665 0149038 226.4174 132.3025  2.00573098 95785
1 32711U 08012A   21100.53051118 -.00000040  00000-0  00000-0 0  9998
2 32711  54.5373 225.5466 0149066 226.4242 132.2968  2.00573118 95799
1 32711U 08012A   21101.02906704 -.00000035  00000-0  00000-0 0  9997
2 32711  54.5372 225.5266 0149101 226.4312 132.2912  2.00573144 95804
1 32711U 08012A   21101.52762351 -.00000029  00000-0  00000-0 0  9993
2 32711  54.5370 225.5066 0149127 226.4379 132.2865  2.00573165 95812
1 32711U 08012A   21102.52473750 -.00000016  00000-0  00000-0 0  9992
2 32711  54.5368 225.4666 0149172 226.4545 132.2747  2.00573189 95836
1 32711U 08012A   21104.02040963  .00000000  00000-0  00000-0 0  9997
2 32711  54.5363 225.4068 0149279 226.4721 132.2653  2.00573258 95867
1 32711U 08012A   21105.01752414  .00000007  00000-0  00000-0 0  9995
2 32711  54.5361 225.3668 0149334 226.4856 132.2572  2.00573280 95888
1 32711U 08012A   21105.51608092  .00000010  00000-0  00000-0 0  9996
2 32711  54.5360 225.3468 0149361 226.4918 132.2533  2.00573290 95893
1 32711U 08012A   21106.01463715  .00000011  00000-0  00000-0 0  9994
2 32711  54.5358 225.3268 0149397 226.4995 132.2477  2.00573299 95900
1 32711U 08012A   21106.51319306  .00000011  00000-0  00000-0 0  9995
2 32711  54.5357 225.3068 0149426 226.5073 132.2416  2.00573305 95910
1 32711U 08012A   21107.01174815  .00000011  00000-0  00000-0 0  9995
2 32711  54.5356 225.2869 0149460 226.5148 132.2354  2.00573313 95929
1 32711U 08012A   21107.51030280  .00000010  00000-0  00000-0 0  9996
2 32711  54.5354 225.2669 0149488 226.5227 132.2284  2.00573319 95932
1 32711U 08012A   21108.00885666  .00000008  00000-0  00000-0 0  9994
2 32711  54.5353 225.2469 0149522 226.5306 132.2210  2.00573326 95944
1 32711U 08012A   21108.50741013  .00000006  00000-0  00000-0 0  9994
2 32711  54.5352 225.2270 0149546 226.5386 132.2131  2.00573329 95953
1 32711U 08012A   21109.50451498  .00000002  00000-0  00000-0 0  9996
2 32711  54.5349 225.1870 0149609 226.5546 132.1959  2.00573339 95972
1 32711U 08012A   21109.50451508  .00000002  00000-0  00000-0 0  9998
2 32711  54.5349 225.1870 0149596 226.5558 132.1948  2.00573334 95973
1 32711U 08012A   21110.50161798 -.00000003  00000-0  00000-0 0  9991
2 32711  54.5346 225.1470 0149665 226.5694 132.1788  2.00573349 95994
1 32711U 08012A   21110.50161811 -.00000003  00000-0  00000-0 0  9997
2 32711  54.5346 225.1470 0149651 226.5710 132.1773  2.00573345 95998
1 32711U 08012A   21111.00016910 -.00000005  00000-0  00000-0 0  9994
2 32711  54.5345 225.1271 0149693 226.5768 132.1699  2.00573353 96004
1 32711U 08012A   21111.49872017 -.00000007  00000-0  00000-0 0  9997
2 32711  54.5344 225.1070 0149711 226.5855 132.1598  2.00573354 96018
1 32711U 08012A   21112.49582256 -.00000009  00000-0  00000-0 0  9993
2 32711  54.5341 225.0671 0149767 226.6002 132.1423  2.00573365 96038
1 32711U 08012A   21113.49302882 -.00000009  00000-0  00000+0 0  9998
2 32711  54.5340 225.0268 0149187 226.4973 132.2514  2.00552724 96038
1 32711U 08012A   21113.49302882 -.00000009  00000-0  00000-0 0  9999
2 32711  54.5340 225.0268 0149187 226.4973 132.2514  2.00552724 96050
1 32711U 08012A   21113.99163362 -.00000007  00000-0  00000-0 0  9990
2 32711  54.5337 225.0071 0149210 226.5011 132.2476  2.00552750 96066
1 32711U 08012A   21114.49023876 -.00000005  00000-0  00000-0 0  9999
2 32711  54.5336 224.9871 0149236 226.5082 132.2409  2.00552721 96072
1 32711U 08012A   21115.48745089  .00000001  00000-0  00000-0 0  9991
2 32711  54.5334 224.9470 0149272 226.5254 132.2260  2.00552730 96093
1 32711U 08012A   21115.48745093  .00000001  00000-0  00000-0 0  9996
2 32711  54.5333 224.9470 0149281 226.5213 132.2301  2.00552734 96097
1 32711U 08012A   21116.48466496  .00000008  00000-0  00000-0 0  9991
2 32711  54.5332 224.9070 0149395 226.5479 132.2069  2.00552651 96114
1 32711U 08012A   21117.48188079  .00000014  00000-0  00000-0 0  9997
2 32711  54.5329 224.8670 0149440 226.5609 132.1989  2.00552700 96138
1 32711U 08012A   21117.98048856  .00000015  00000-0  00000-0 0  9991
2 32711  54.5327 224.8471 0149471 226.5687 132.1936  2.00552719 96148
1 32711U 08012A   21118.47909597  .00000016  00000-0  00000-0 0  9995
2 32711  54.5326 224.8271 0149513 226.5742 132.1903  2.00552750 96154
1 32711U 08012A   21119.47630941  .00000014  00000-0  00000-0 0  9998
2 32711  54.5323 224.7871 0149556 226.5919 132.1762  2.00552773 96179
1 32711U 08012A   21120.47351968  .00000006  00000-0  00000-0 0  9990
2 32711  54.5320 224.7472 0149628 226.6033 132.1662  2.00552829 96194
1 32711U 08012A   21120.47351978  .00000006  00000-0  00000-0 0  9991
2 32711  54.5320 224.7472 0149615 226.6057 132.1639  2.00552816 96196
1 32711U 08012A   21120.97212366  .00000000  00000-0  00000-0 0  9997
2 32711  54.5318 224.7272 0149656 226.6092 132.1603  2.00552853 96209

