1 39533U 14008A   21001.35914934  .00000073  00000-0  00000-0 0  9998
2 39533  53.7119 230.6392 0048097 199.3448 160.5603  2.00552355 49733
1 39533U 14008A   21001.85774962  .00000070  00000-0  00000-0 0  9995
2 39533  53.7118 230.6187 0048101 199.3472 160.5553  2.00552362 49740
1 39533U 14008A   21003.85215001  .00000065  00000-0  00000-0 0  9995
2 39533  53.7114 230.5368 0048123 199.3251 160.5670  2.00552424 49788
1 39533U 14008A   21004.84935213  .00000067  00000-0  00000-0 0  9991
2 39533  53.7113 230.4958 0048141 199.3138 160.5746  2.00552461 49803
1 39533U 14008A   21005.34795414  .00000069  00000-0  00000-0 0  9996
2 39533  53.7112 230.4753 0048148 199.3114 160.5760  2.00552479 49812
1 39533U 14008A   21006.34516015  .00000075  00000-0  00000-0 0  9992
2 39533  53.7110 230.4343 0048168 199.3038 160.5830  2.00552521 49830
1 39533U 14008A   21007.34236842  .00000082  00000-0  00000-0 0  9998
2 39533  53.7108 230.3934 0048187 199.3114 160.5765  2.00552553 49852
1 39533U 14008A   21007.34236857  .00000082  00000-0  00000-0 0  9994
2 39533  53.7108 230.3933 0048187 199.2983 160.5897  2.00552565 49853
1 39533U 14008A   21008.33957810  .00000088  00000-0  00000-0 0  9999
2 39533  53.7106 230.3524 0048208 199.2935 160.5968  2.00552616 49876
1 39533U 14008A   21009.33678738  .00000092  00000-0  00000-0 0  9994
2 39533  53.7104 230.3114 0048230 199.2893 160.6032  2.00552669 49890
1 39533U 14008A   21011.82979973  .00000078  00000-0  00000+0 0  9999
2 39533  53.7099 230.2090 0048279 199.2941 160.5972  2.00552810 50478
1 39533U 14008A   21011.82979973  .00000078  00000-0  00000-0 0  9990
2 39533  53.7099 230.2090 0048279 199.2941 160.5972  2.00552810 49948
1 39533U 14008A   21013.82419702  .00000051  00000-0  00000-0 0  9992
2 39533  53.7095 230.1270 0048321 199.2631 160.6189  2.00552966 49984
1 39533U 14008A   21016.31718828  .00000031  00000-0  00000+0 0  9997
2 39533  53.7090 230.0246 0048381 199.2605 160.6073  2.00553129 50568
1 39533U 14008A   21016.31718828  .00000031  00000-0  00000-0 0  9998
2 39533  53.7090 230.0246 0048381 199.2605 160.6073  2.00553129 50030
1 39533U 14008A   21016.81578773  .00000031  00000-0  00000-0 0  9996
2 39533  53.7090 230.0041 0048404 199.2371 160.6287  2.00553182 50046
1 39533U 14008A   21018.31158800  .00000039  00000-0  00000-0 0  9996
2 39533  53.7087 229.9427 0048447 199.2413 160.6207  2.00553290 50076
1 39533U 14008A   21020.30599557  .00000063  00000-0  00000-0 0  9993
2 39533  53.7084 229.8607 0048501 199.2432 160.6196  2.00553433 50115
1 39533U 14008A   21022.79901043  .00000092  00000-0  00000+0 0  9996
2 39533  53.7078 229.7583 0048562 199.2383 160.6306  2.00553542 50699
1 39533U 14008A   21022.79901043  .00000092  00000-0  00000-0 0  9997
2 39533  53.7078 229.7583 0048562 199.2383 160.6306  2.00553542 50161
1 39533U 14008A   21024.79341874  .00000100  00000-0  00000-0 0  9999
2 39533  53.7074 229.6764 0048616 199.2384 160.6333  2.00553612 50201
1 39533U 14008A   21026.28921832  .00000098  00000-0  00000+0 0  9998
2 39533  53.7076 229.6150 0048660 199.2519 160.6178  2.00553653 50764
1 39533U 14008A   21026.28921832  .00000098  00000-0  00000-0 0  9999
2 39533  53.7076 229.6150 0048660 199.2519 160.6178  2.00553653 50236
1 39533U 14008A   21027.28641463  .00000094  00000-0  00000-0 0  9995
2 39533  53.7074 229.5740 0048682 199.2685 160.5975  2.00553671 50252
1 39533U 14008A   21028.28360853  .00000088  00000-0  00000-0 0  9990
2 39533  53.7072 229.5330 0048715 199.2658 160.5948  2.00553693 50278
1 39533U 14008A   21028.28360861  .00000088  00000-0  00000-0 0  9999
2 39533  53.7072 229.5330 0048724 199.2613 160.5993  2.00553696 50272
1 39533U 14008A   21029.28080060  .00000083  00000-0  00000-0 0  9995
2 39533  53.7071 229.4920 0048750 199.2596 160.5945  2.00553724 50295
1 39533U 14008A   21029.77939626  .00000080  00000-0  00000-0 0  9997
2 39533  53.7070 229.4716 0048761 199.2614 160.5893  2.00553738 50309
1 39533U 14008A   21031.77378090  .00000076  00000-0  00000-0 0  9997
2 39533  53.7067 229.3896 0048807 199.2721 160.5665  2.00553793 50345
1 39533U 14008A   21032.77097625  .00000078  00000-0  00000-0 0  9992
2 39533  53.7065 229.3487 0048836 199.2836 160.5514  2.00553828 50362
1 39533U 14008A   21033.76817409  .00000083  00000-0  00000-0 0  9998
2 39533  53.7064 229.3077 0048875 199.2925 160.5409  2.00553881 50382
1 39533U 14008A   21036.26117649  .00000095  00000-0  00000-0 0  9998
2 39533  53.7059 229.2054 0048937 199.3281 160.5074  2.00553991 50431
1 39533U 14008A   21037.25837655  .00000093  00000-0  00000-0 0  9992
2 39533  53.7058 229.1644 0048981 199.3319 160.5042  2.00554047 50455
1 39533U 14008A   21037.75697568  .00000090  00000-0  00000-0 0  9991
2 39533  53.7057 229.1439 0049000 199.3413 160.4944  2.00554060 50460
1 39533U 14008A   21038.25557394  .00000086  00000-0  00000-0 0  9994
2 39533  53.7056 229.1235 0049022 199.3408 160.4940  2.00554122 50477
1 39533U 14008A   21038.75417148  .00000081  00000-0  00000-0 0  9996
2 39533  53.7055 229.1030 0049030 199.3502 160.4833  2.00554155 50481
1 39533U 14008A   21039.75136427  .00000068  00000-0  00000-0 0  9990
2 39533  53.7052 229.0621 0049006 199.3810 160.4483  2.00554187 50507
1 39533U 14008A   21040.24995962  .00000060  00000-0  00000-0 0  9995
2 39533  53.7051 229.0416 0049051 199.3744 160.4521  2.00554221 50517
1 39533U 14008A   21044.23871703  .00000021  00000-0  00000+0 0  9990
2 39533  53.7044 228.8779 0049183 199.4179 160.3843  2.00554512 51124
1 39533U 14008A   21044.23871703  .00000021  00000-0  00000-0 0  9991
2 39533  53.7044 228.8779 0049183 199.4179 160.3843  2.00554512 50594
1 39533U 14008A   21046.23310489  .00000033  00000-0  00000-0 0  9995
2 39533  53.7039 228.7961 0049271 199.4488 160.3489  2.00554673 50630
1 39533U 14008A   21046.73170316  .00000038  00000-0  00000-0 0  9998
2 39533  53.7038 228.7757 0049289 199.4639 160.3338  2.00554722 50648
1 39533U 14008A   21047.23030199  .00000044  00000-0  00000-0 0  9995
2 39533  53.7037 228.7552 0049302 199.4668 160.3314  2.00554739 50651
1 39533U 14008A   21052.21629260  .00000079  00000-0  00000+0 0  9999
2 39533  53.7028 228.5507 0049509 199.5649 160.2420  2.00554955 51285
1 39533U 14008A   21052.21629260  .00000079  00000-0  00000-0 0  9990
2 39533  53.7028 228.5507 0049509 199.5649 160.2420  2.00554955 50756
1 39533U 14008A   21053.21348604  .00000076  00000-0  00000-0 0  9998
2 39533  53.7026 228.5098 0049573 199.5932 160.2126  2.00554983 50771
1 39533U 14008A   21054.70927174  .00000068  00000-0  00000-0 0  9999
2 39533  53.7023 228.4484 0049585 199.6246 160.1765  2.00555021 50804
1 39533U 14008A   21055.20786559  .00000065  00000-0  00000-0 0  9992
2 39533  53.7021 228.4280 0049621 199.6398 160.1587  2.00555038 50816
1 39533U 14008A   21057.20223717  .00000052  00000-0  00000-0 0  9992
2 39533  53.7019 228.3462 0049695 199.6845 160.1018  2.00555101 50856
1 39533U 14008A   21058.69801640  .00000047  00000-0  00000-0 0  9997
2 39533  53.7016 228.2848 0049747 199.7200 160.0579  2.00555132 50882
1 39533U 14008A   21061.68959010  .00000056  00000-0  00000-0 0  9995
2 39533  53.7006 228.1621 0049892 199.7953 159.9779  2.00555269 50942
1 39533U 14008A   21063.18538373  .00000061  00000-0  00000-0 0  9993
2 39533  53.7004 228.1007 0049939 199.8366 159.9395  2.00555319 50972
1 39533U 14008A   21064.18257886  .00000061  00000-0  00000-0 0  9991
2 39533  53.7001 228.0598 0049972 199.8582 159.9199  2.00555387 50999
1 39533U 14008A   21065.17977195  .00000055  00000-0  00000-0 0  9996
2 39533  53.7001 228.0189 0049964 199.8921 159.8865  2.00555460 51018
1 39533U 14008A   21065.17977216  .00000055  00000-0  00000-0 0  9990
2 39533  53.7001 228.0189 0049952 199.8886 159.8901  2.00555444 51018
1 39533U 14008A   21066.17696193  .00000044  00000-0  00000-0 0  9991
2 39533  53.6998 227.9780 0050003 199.9150 159.8622  2.00555524 51032
1 39533U 14008A   21066.67555591  .00000037  00000-0  00000-0 0  9994
2 39533  53.6996 227.9576 0050022 199.9190 159.8566  2.00555556 51041
1 39533U 14008A   21067.67274147  .00000021  00000-0  00000-0 0  9993
2 39533  53.6994 227.9167 0050055 199.9426 159.8287  2.00555626 51063
1 39533U 14008A   21067.67274156  .00000021  00000-0  00000-0 0  9993
2 39533  53.6994 227.9166 0050039 199.9460 159.8254  2.00555592 51068
1 39533U 14008A   21069.16851701 -.00000002  00000-0  00000-0 0  9996
2 39533  53.6990 227.8553 0050096 199.9736 159.7896  2.00555699 51094
1 39533U 14008A   21069.66710867 -.00000008  00000-0  00000-0 0  9994
2 39533  53.6989 227.8349 0050115 199.9857 159.7747  2.00555736 51100
1 39533U 14008A   21070.66429270 -.00000016  00000-0  00000-0 0  9990
2 39533  53.6987 227.7941 0050173 200.0153 159.7402  2.00555848 51126
1 39533U 14008A   21070.66429274 -.00000016  00000-0  00000-0 0  9994
2 39533  53.6987 227.7941 0050156 200.0140 159.7416  2.00555811 51128
1 39533U 14008A   21073.65585743 -.00000006  00000-0  00000+0 0  9998
2 39533  53.6979 227.6715 0050282 200.1114 159.6400  2.00556032 51712
1 39533U 14008A   21073.65585756 -.00000006  00000-0  00000-0 0  9993
2 39533  53.6980 227.6716 0050297 200.1096 159.6418  2.00556062 51183
1 39533U 14008A   21076.64743900  .00000026  00000-0  00000+0 0  9992
2 39533  53.6973 227.5490 0050413 200.2025 159.5586  2.00556240 51774
1 39533U 14008A   21076.64743900  .00000026  00000-0  00000-0 0  9993
2 39533  53.6973 227.5490 0050413 200.2025 159.5586  2.00556240 51246
1 39533U 14008A   21077.14603632  .00000030  00000-0  00000-0 0  9991
2 39533  53.6972 227.5285 0050422 200.2076 159.5556  2.00556265 51258
1 39533U 14008A   21078.64182649  .00000036  00000-0  00000-0 0  9993
2 39533  53.6969 227.4672 0050519 200.2858 159.4822  2.00556306 51282
1 39533U 14008A   21079.63901740  .00000036  00000-0  00000-0 0  9994
2 39533  53.6966 227.4264 0050551 200.3261 159.4439  2.00556333 51308
1 39533U 14008A   21083.62775674  .00000015  00000-0  00000-0 0  9990
2 39533  53.6955 227.2630 0050715 200.4877 159.2741  2.00556459 51388
1 39533U 14008A   21085.12352810  .00000008  00000-0  00000-0 0  9992
2 39533  53.6950 227.2017 0050785 200.5473 159.2080  2.00556523 51414
1 39533U 14008A   21087.61648880  .00000010  00000-0  00000+0 0  9995
2 39533  53.6944 227.0996 0050872 200.6323 159.1186  2.00556605 51993
1 39533U 14008A   21087.61648880  .00000010  00000-0  00000-0 0  9996
2 39533  53.6944 227.0996 0050872 200.6323 159.1186  2.00556605 51465
1 39533U 14008A   21088.61367728  .00000015  00000-0  00000-0 0  9991
2 39533  53.6941 227.0588 0050921 200.6745 159.0781  2.00556664 51489
1 39533U 14008A   21088.61367747  .00000015  00000-0  00000-0 0  9992
2 39533  53.6942 227.0587 0050910 200.6691 159.0835  2.00556651 51483
1 39533U 14008A   21089.61086793  .00000020  00000-0  00000-0 0  9998
2 39533  53.6939 227.0179 0050963 200.7167 159.0392  2.00556714 51504
1 39533U 14008A   21091.10665473  .00000024  00000-0  00000-0 0  9997
2 39533  53.6934 226.9566 0051025 200.7773 158.9846  2.00556796 52064
1 39533U 14008A   21092.10384434  .00000021  00000-0  00000-0 0  9990
2 39533  53.6932 226.9157 0051064 200.8159 158.9489  2.00556836 51551
1 39533U 14008A   21093.10103060  .00000012  00000-0  00000-0 0  9995
2 39533  53.6928 226.8749 0051121 200.8606 158.9052  2.00556917 51571
1 39533U 14008A   21093.10103081  .00000012  00000-0  00000-0 0  9998
2 39533  53.6928 226.8749 0051106 200.8560 158.9099  2.00556899 51573
1 39533U 14008A   21095.59398409 -.00000025  00000-0  00000+0 0  9997
2 39533  53.6919 226.7728 0051205 200.9492 158.8110  2.00557055 52157
1 39533U 14008A   21095.59398409 -.00000025  00000-0  00000-0 0  9998
2 39533  53.6919 226.7728 0051205 200.9492 158.8110  2.00557055 51628
1 39533U 14008A   21096.59116274 -.00000039  00000-0  00000-0 0  9992
2 39533  53.6916 226.7319 0051255 200.9833 158.7730  2.00557142 51641
1 39533U 14008A   21099.58270258 -.00000049  00000-0  00000-0 0  9998
2 39533  53.6910 226.6095 0051365 201.0815 158.6693  2.00557377 52232
1 39533U 14008A   21099.58270495 -.00000049  00000-0  00000-0 0  9991
2 39533  53.6908 226.6095 0051374 201.1098 158.6408  2.00557352 51701
1 39533U 14008A   21100.57989017 -.00000041  00000-0  00000-0 0  9992
2 39533  53.6905 226.5686 0051423 201.1577 158.5945  2.00557424 51727
1 39533U 14008A   21100.57989034 -.00000041  00000-0  00000-0 0  9991
2 39533  53.6905 226.5687 0051425 201.1657 158.5864  2.00557458 51726
1 39533U 14008A   21102.07567227 -.00000023  00000-0  00000-0 0  9994
2 39533  53.6901 226.5075 0051474 201.2101 158.5481  2.00557546 51758
1 39533U 14008A   21104.56864588  .00000003  00000-0  00000+0 0  9996
2 39533  53.6894 226.4054 0051600 201.3106 158.4614  2.00557681 52334
1 39533U 14008A   21105.56583448  .00000008  00000-0  00000-0 0  9996
2 39533  53.6889 226.3646 0051659 201.3577 158.4195  2.00557752 51826
1 39533U 14008A   21106.56302130  .00000010  00000-0  00000-0 0  9997
2 39533  53.6887 226.3238 0051694 201.3947 158.3866  2.00557782 51840
1 39533U 14008A   21109.05597697  .00000003  00000-0  00000+0 0  9999
2 39533  53.6880 226.2217 0051789 201.5162 158.2681  2.00557865 52426
1 39533U 14008A   21109.05597697  .00000003  00000-0  00000-0 0  9990
2 39533  53.6880 226.2217 0051789 201.5162 158.2681  2.00557865 51896
1 39533U 14008A   21109.55456601  .00000001  00000-0  00000-0 0  9992
2 39533  53.6878 226.2014 0051822 201.5462 158.2373  2.00557901 51900
1 39533U 14008A   21111.05033111 -.00000007  00000-0  00000-0 0  9994
2 39533  53.6873 226.1401 0051867 201.6020 158.1781  2.00557943 51935
1 39533U 14008A   21111.54891893 -.00000008  00000-0  00000-0 0  9998
2 39533  53.6875 226.1196 0051880 201.6244 158.1543  2.00557956 51942
1 39533U 14008A   21113.04468313 -.00000011  00000-0  00000-0 0  9996
2 39533  53.6871 226.0584 0051948 201.6898 158.0853  2.00558028 51975
1 39533U 14008A   21115.03904251 -.00000004  00000-0  00000-0 0  9995
2 39533  53.6866 225.9767 0052010 201.7669 158.0090  2.00558092 52018
1 39533U 14008A   21117.53200359  .00000012  00000-0  00000+0 0  9997
2 39533  53.6859 225.8746 0052135 201.8921 157.8944  2.00558239 52597
1 39533U 14008A   21119.52637190  .00000012  00000-0  00000-0 0  9996
2 39533  53.6853 225.7929 0052200 201.9754 157.8199  2.00558329 52100
1 39533U 14008A   21120.52355202  .00000004  00000-0  00000-0 0  9990
2 39533  53.6850 225.7520 0052234 202.0106 157.7866  2.00558388 52659

