1 32384U 07062A   21002.50513531 -.00000051  00000-0  00000-0 0  9990
2 32384  56.4308 353.0396 0012667 133.8202  69.8048  2.00560611 95569
1 32384U 07062A   21003.36971994 -.00000050  00000-0  00000+0 0  9994
2 32384  56.4306 353.0058 0012666 133.7188 334.1664  2.00560634 95649
1 32384U 07062A   21003.36971994 -.00000050  00000-0  00000-0 0  9995
2 32384  56.4306 353.0058 0012666 133.7188 334.1664  2.00560634 95582
1 32384U 07062A   21004.31759539 -.00000050  00000-0  00000-0 0  9990
2 32384  56.4303 352.9687 0012665 133.5665 298.7178  2.00560654 95602
1 32384U 07062A   21005.32117017 -.00000052  00000-0  00000-0 0  9993
2 32384  56.4300 352.9295 0012667 133.4429 303.4577  2.00560686 95627
1 32384U 07062A   21006.47066935 -.00000056  00000-0  00000-0 0  9996
2 32384  56.4297 352.8845 0012673 133.3016  53.5782  2.00560732 95645
1 32384U 07062A   21007.20689684 -.00000060  00000-0  00000-0 0  9995
2 32384  56.4295 352.8557 0012674 133.2324 225.2296  2.00560760 95655
1 32384U 07062A   21010.95064270 -.00000084  00000-0  00000+0 0  9994
2 32384  56.4284 352.7093 0012689 132.8029  48.7777  2.00560963 95792
1 32384U 07062A   21011.41758887 -.00000087  00000-0  00000-0 0  9994
2 32384  56.4283 352.6910 0012686 132.7059  26.0267  2.00560996 95741
1 32384U 07062A   21012.43420025 -.00000090  00000-0  00000-0 0  9991
2 32384  56.4280 352.6513 0012691 132.6071  40.1562  2.00561081 95769
1 32384U 07062A   21012.85852925 -.00000091  00000-0  00000-0 0  9996
2 32384  56.4278 352.6347 0012691 132.5587 346.5858  2.00561122 95770
1 32384U 07062A   21013.41931573 -.00000092  00000-0  00000-0 0  9997
2 32384  56.4276 352.6127 0012697 132.4929  31.5601  2.00561167 95786
1 32384U 07062A   21014.47584057 -.00000092  00000-0  00000-0 0  9995
2 32384  56.4273 352.5714 0012705 132.3799  74.5229  2.00561247 95803
1 32384U 07062A   21015.43688819 -.00000091  00000-0  00000-0 0  9992
2 32384  56.4271 352.5339 0012712 132.2598  48.5549  2.00561324 95822
1 32384U 07062A   21016.26159340 -.00000090  00000-0  00000-0 0  9995
2 32384  56.4269 352.5016 0012711 132.1756 284.1069  2.00561389 95843
1 32384U 07062A   21017.67979938 -.00000087  00000-0  00000-0 0  9990
2 32384  56.4265 352.4462 0012720 132.0366 228.2439  2.00561502 95879
1 32384U 07062A   21018.27600250 -.00000086  00000-0  00000-0 0  9994
2 32384  56.4263 352.4229 0012725 131.9562 298.8054  2.00561546 95884
1 32384U 07062A   21019.92295814 -.00000084  00000-0  00000-0 0  9991
2 32384  56.4258 352.3585 0012741 131.8194  48.1069  2.00561662 95915
1 32384U 07062A   21022.16610344 -.00000081  00000-0  00000+0 0  9996
2 32384  56.4252 352.2709 0012758 131.5248 228.0380  2.00561769 96027
1 32384U 07062A   21022.16610344 -.00000081  00000-0  00000-0 0  9997
2 32384  56.4252 352.2709 0012758 131.5248 228.0380  2.00561769 95958
1 32384U 07062A   21023.27802653 -.00000080  00000-0  00000-0 0  9995
2 32384  56.4248 352.2274 0012775 131.3786 311.0358  2.00561819 95981
1 32384U 07062A   21024.42892716 -.00000077  00000-0  00000-0 0  9998
2 32384  56.4245 352.1824 0012793 131.3024  62.1071  2.00561861 96000
1 32384U 07062A   21025.40886214 -.00000074  00000-0  00000+0 0  9999
2 32384  56.4242 352.1441 0012805 131.1309  49.8297  2.00561887 96088
1 32384U 07062A   21025.40886214 -.00000074  00000-0  00000-0 0  9990
2 32384  56.4242 352.1441 0012805 131.1309  49.8297  2.00561887 96022
1 32384U 07062A   21025.88486508 -.00000073  00000-0  00000-0 0  9993
2 32384  56.4241 352.1255 0012812 131.0650  33.5884  2.00561902 96031
1 32384U 07062A   21026.65229316 -.00000070  00000-0  00000-0 0  9998
2 32384  56.4239 352.0955 0012819 130.9630 227.8035  2.00561920 96044
1 32384U 07062A   21027.43838111 -.00000068  00000-0  00000+0 0  9990
2 32384  56.4236 352.0648 0012833 130.8575  75.4956  2.00561942 96125
1 32384U 07062A   21027.43838111 -.00000068  00000-0  00000-0 0  9991
2 32384  56.4236 352.0648 0012833 130.8575  75.4956  2.00561942 96068
1 32384U 07062A   21028.30260906 -.00000065  00000-0  00000-0 0  9996
2 32384  56.4234 352.0311 0012843 130.7076 339.6523  2.00561969 96085
1 32384U 07062A   21028.89544486 -.00000063  00000-0  00000-0 0  9996
2 32384  56.4232 352.0079 0012854 130.6236  47.7870  2.00561972 96090
1 32384U 07062A   21031.21447115 -.00000060  00000-0  00000-0 0  9994
2 32384  56.4224 351.9173 0012894 130.2999 282.5399  2.00562028 96144
1 32384U 07062A   21032.14356804 -.00000060  00000-0  00000-0 0  9991
2 32384  56.4221 351.8810 0012913 130.2677 233.4166  2.00562025 96169
1 32384U 07062A   21034.38674243 -.00000069  00000-0  00000+0 0  9997
2 32384  56.4214 351.7933 0012960 129.9384  53.4088  2.00562138 96267
1 32384U 07062A   21034.38674243 -.00000069  00000-0  00000-0 0  9998
2 32384  56.4214 351.7933 0012960 129.9384  53.4088  2.00562138 96201
1 32384U 07062A   21034.88174593 -.00000071  00000-0  00000-0 0  9999
2 32384  56.4212 351.7740 0012966 129.9259  50.8338  2.00562157 96213
1 32384U 07062A   21035.22990260 -.00000074  00000-0  00000-0 0  9998
2 32384  56.4211 351.7603 0012968 129.9128 302.2303  2.00562179 96228
1 32384U 07062A   21036.32876848 -.00000081  00000-0  00000-0 0  9993
2 32384  56.4207 351.7174 0012989 129.7541  15.8152  2.00562246 96242
1 32384U 07062A   21037.26690310 -.00000087  00000-0  00000-0 0  9991
2 32384  56.4204 351.6807 0013006 129.6450 333.2961  2.00562313 96262
1 32384U 07062A   21038.22468558 -.00000093  00000-0  00000-0 0  9992
2 32384  56.4201 351.6432 0013025 129.4709 305.0280  2.00562355 96288
1 32384U 07062A   21039.28730391 -.00000098  00000-0  00000-0 0  9991
2 32384  56.4198 351.6018 0013050 129.3010 352.4528  2.00562454 96309
1 32384U 07062A   21040.29908316 -.00000100  00000-0  00000-0 0  9992
2 32384  56.4194 351.5622 0013071 129.1902   3.1102  2.00562524 96324
1 32384U 07062A   21041.36371546 -.00000101  00000-0  00000-0 0  9991
2 32384  56.4190 351.5205 0013096 129.0748  51.9344  2.00562602 96349
1 32384U 07062A   21042.34254962 -.00000100  00000-0  00000-0 0  9991
2 32384  56.4186 351.4823 0013117 128.9867  38.7818  2.00562675 96364
1 32384U 07062A   21042.86207444 -.00000100  00000-0  00000-0 0  9991
2 32384  56.4185 351.4620 0013130 128.9412  53.9460  2.00562716 96378
1 32384U 07062A   21043.35905045 -.00000099  00000-0  00000-0 0  9995
2 32384  56.4183 351.4426 0013142 128.8861  52.8390  2.00562760 96380
1 32384U 07062A   21045.60212706 -.00000095  00000-0  00000+0 0  9995
2 32384  56.4175 351.3549 0013185 128.6903 232.6318  2.00562941 96499
1 32384U 07062A   21045.60212706 -.00000095  00000-0  00000-0 0  9996
2 32384  56.4175 351.3549 0013185 128.6903 232.6318  2.00562941 96433
1 32384U 07062A   21049.33020052 -.00000091  00000-0  00000+0 0  9996
2 32384  56.4163 351.2093 0013282 128.3173  44.8351  2.00563168 96563
1 32384U 07062A   21049.33020052 -.00000091  00000-0  00000-0 0  9997
2 32384  56.4163 351.2093 0013282 128.3173  44.8351  2.00563168 96507
