1 35752U 09043A   21001.31076539 -.00000001  00000-0  00000+0 0  9997
2 35752  54.7038 107.0210 0058439  49.7188 329.7414  2.00549623 83370
1 35752U 09043A   21001.31076539 -.00000001  00000-0  00000-0 0  9998
2 35752  54.7038 107.0210 0058439  49.7188 329.7414  2.00549623 83392
1 35752U 09043A   21001.79039839  .00000001  00000-0  00000-0 0  9991
2 35752  54.7041 107.0017 0058422  49.6970 316.0601  2.00549606 83401
1 35752U 09043A   21002.41989385  .00000004  00000-0  00000-0 0  9994
2 35752  54.7044 106.9763 0058408  49.6882  50.5663  2.00549549 83411
1 35752U 09043A   21003.29204986  .00000005  00000-0  00000-0 0  9999
2 35752  54.7049 106.9409 0058401  49.6809 320.2725  2.00549481 83438
1 35752U 09043A   21003.77302833  .00000004  00000-0  00000-0 0  9991
2 35752  54.7051 106.9214 0058394  49.6758 307.5452  2.00549441 83430
1 35752U 09043A   21004.41266368  .00000001  00000-0  00000-0 0  9992
2 35752  54.7055 106.8955 0058392  49.6837  49.3558  2.00549398 83452
1 35752U 09043A   21004.77807529 -.00000001  00000-0  00000-0 0  9992
2 35752  54.7057 106.8807 0058391  49.6841 313.1834  2.00549372 83466
1 35752U 09043A   21005.77149313 -.00000010  00000-0  00000-0 0  9993
2 35752  54.7062 106.8404 0058378  49.6786 310.4386  2.00549292 83472
1 35752U 09043A   21007.26561356 -.00000027  00000-0  00000-0 0  9992
2 35752  54.7070 106.7798 0058354  49.6678 309.2070  2.00549191 83508
1 35752U 09043A   21009.26423788 -.00000048  00000-0  00000-0 0  9993
2 35752  54.7081 106.6988 0058331  49.6624 312.2219  2.00549072 83558
1 35752U 09043A   21012.39334706 -.00000049  00000-0  00000+0 0  9992
2 35752  54.7099 106.5720 0058289  49.6248  51.4784  2.00548898 83592
1 35752U 09043A   21012.39334706 -.00000049  00000-0  00000-0 0  9993
2 35752  54.7099 106.5720 0058289  49.6248  51.4784  2.00548898 83615
1 35752U 09043A   21013.26454035 -.00000044  00000-0  00000-0 0  9993
2 35752  54.7104 106.5367 0058279  49.6098 320.4951  2.00548862 83639
1 35752U 09043A   21013.75056448 -.00000041  00000-0  00000-0 0  9990
2 35752  54.7107 106.5170 0058273  49.6013 311.4131  2.00548842 83644
1 35752U 09043A   21014.37617067 -.00000037  00000-0  00000-0 0  9994
2 35752  54.7110 106.4916 0058268  49.6003  43.1019  2.00548816 83654
1 35752U 09043A   21015.35527036 -.00000032  00000-0  00000-0 0  9994
2 35752  54.7116 106.4519 0058257  49.5885  30.0233  2.00548767 83674
1 35752U 09043A   21016.24743091 -.00000031  00000-0  00000-0 0  9993
2 35752  54.7121 106.4158 0058243  49.5588 314.1924  2.00548725 83693
1 35752U 09043A   21017.23972855 -.00000032  00000-0  00000-0 0  9996
2 35752  54.7127 106.3754 0058232  49.5337 310.6557  2.00548672 83706
1 35752U 09043A   21018.30881049 -.00000036  00000-0  00000-0 0  9993
2 35752  54.7132 106.3322 0058222  49.5275   2.5384  2.00548628 83732
1 35752U 09043A   21021.22620307 -.00000050  00000-0  00000-0 0  9992
2 35752  54.7149 106.2138 0058203  49.4808 308.9389  2.00548457 83787
1 35752U 09043A   21023.28050326 -.00000050  00000-0  00000-0 0  9998
2 35752  54.7160 106.1307 0058205  49.4630 352.1579  2.00548328 83837
1 35752U 09043A   21025.22476806 -.00000038  00000-0  00000-0 0  9995
2 35752  54.7171 106.0519 0058196  49.4382 315.9371  2.00548176 83878
1 35752U 09043A   21027.30751507 -.00000020  00000-0  00000+0 0  9990
2 35752  54.7182 105.9676 0058183  49.4221  19.6908  2.00548008 83890
1 35752U 09043A   21027.30751507 -.00000020  00000-0  00000-0 0  9991
2 35752  54.7182 105.9676 0058183  49.4221  19.6908  2.00548008 83913
1 35752U 09043A   21028.30275663 -.00000011  00000-0  00000-0 0  9996
2 35752  54.7188 105.9273 0058145  49.3621  18.3110  2.00547893 83937
1 35752U 09043A   21031.69530955 -.00000002  00000-0  00000-0 0  9990
2 35752  54.7207 105.7896 0058128  49.3210 307.7623  2.00547606 83995
1 35752U 09043A   21032.70030568 -.00000008  00000-0  00000-0 0  9994
2 35752  54.7213 105.7489 0058121  49.3095 313.3765  2.00547527 84021
1 35752U 09043A   21034.26950269 -.00000022  00000-0  00000-0 0  9992
2 35752  54.7222 105.6852 0058096  49.2779   6.3606  2.00547399 84056
1 35752U 09043A   21035.15645550 -.00000032  00000-0  00000-0 0  9996
2 35752  54.7227 105.6492 0058092  49.2731 286.7409  2.00547339 84065
1 35752U 09043A   21036.30538691 -.00000042  00000-0  00000-0 0  9992
2 35752  54.7234 105.6026 0058074  49.2553  36.2811  2.00547263 84092
1 35752U 09043A   21037.28436476 -.00000046  00000-0  00000-0 0  9992
2 35752  54.7240 105.5629 0058074  49.2565  23.0964  2.00547201 84118
1 35752U 09043A   21038.23776838 -.00000047  00000-0  00000-0 0  9998
2 35752  54.7245 105.5243 0058073  49.2576 351.4472  2.00547147 84139
1 35752U 09043A   21039.21122758 -.00000044  00000-0  00000-0 0  9990
2 35752  54.7251 105.4848 0058073  49.2555 334.2808  2.00547093 84157
1 35752U 09043A   21040.18592560 -.00000037  00000-0  00000-0 0  9992
2 35752  54.7257 105.4454 0058065  49.2279 318.0337  2.00547028 84177
1 35752U 09043A   21041.67259080 -.00000027  00000-0  00000-0 0  9993
2 35752  54.7266 105.3851 0058062  49.2108 311.4131  2.00546957 84208
1 35752U 09043A   21043.25082439 -.00000019  00000-0  00000-0 0  9992
2 35752  54.7276 105.3211 0058053  49.1799  10.9175  2.00546880 84231
1 35752U 09043A   21049.14790944 -.00000035  00000-0  00000+0 0  9990
2 35752  54.7311 105.0822 0058084  49.2009 308.5465  2.00546584 84324
1 35752U 09043A   21049.14790944 -.00000035  00000-0  00000-0 0  9991
2 35752  54.7311 105.0822 0058084  49.2009 308.5465  2.00546584 84346
1 35752U 09043A   21050.26151890 -.00000033  00000-0  00000-0 0  9995
2 35752  54.7317 105.0370 0058049  48.9211  32.8401  2.00546459 84373
1 35752U 09043A   21051.28589645 -.00000027  00000-0  00000-0 0  9994
2 35752  54.7324 104.9955 0058064  48.9880  52.3654  2.00546402 84394
1 35752U 09043A   21051.65003269 -.00000025  00000-0  00000-0 0  9996
2 35752  54.7326 104.9807 0058077  49.0347 315.2220  2.00546374 84406
1 35752U 09043A   21053.10243253 -.00000012  00000-0  00000+0 0  9992
2 35752  54.7335 104.9219 0058076  49.0068 283.8688  2.00546259 84402
1 35752U 09043A   21053.10243253 -.00000012  00000-0  00000-0 0  9993
2 35752  54.7335 104.9219 0058076  49.0068 283.8688  2.00546259 84424
1 35752U 09043A   21055.23735538  .00000010  00000-0  00000+0 0  9997
2 35752  54.7349 104.8353 0058069  49.0068  25.2617  2.00546064 84456
1 35752U 09043A   21055.23735538  .00000010  00000-0  00000-0 0  9998
2 35752  54.7349 104.8353 0058069  49.0068  25.2617  2.00546064 84478
1 35752U 09043A   21057.17961176  .00000024  00000-0  00000-0 0  9997
2 35752  54.7361 104.7566 0058079  49.0187 347.5386  2.00545893 84517
1 35752U 09043A   21059.25893808  .00000024  00000-0  00000+0 0  9993
2 35752  54.7375 104.6723 0058070  48.9752  48.8324  2.00545695 84538
1 35752U 09043A   21059.25893808  .00000024  00000-0  00000-0 0  9994
2 35752  54.7375 104.6723 0058070  48.9752  48.8324  2.00545695 84550
1 35752U 09043A   21060.62239127  .00000016  00000-0  00000-0 0  9996
2 35752  54.7384 104.6170 0058081  48.9774 313.2274  2.00545570 84580
1 35752U 09043A   21062.86539872 -.00000005  00000-0  00000+0 0  9992
2 35752  54.7399 104.5259 0058078  48.9744 132.6552  2.00545405 84608
1 35752U 09043A   21063.10466253 -.00000007  00000-0  00000-0 0  9995
2 35752  54.7400 104.5162 0058080  48.9953 305.3795  2.00545378 84628
1 35752U 09043A   21065.11839965 -.00000015  00000-0  00000+0 0  9990
2 35752  54.7415 104.4347 0058084  48.9799 319.2876  2.00545254 84650
1 35752U 09043A   21065.11839965 -.00000015  00000-0  00000-0 0  9991
2 35752  54.7415 104.4347 0058084  48.9799 319.2876  2.00545254 84672
1 35752U 09043A   21067.35173918 -.00000006  00000-0  00000-0 0  9998
2 35752  54.7430 104.3442 0058090  48.9209 131.7877  2.00545113 84714
1 35752U 09043A   21069.59477726  .00000010  00000-0  00000+0 0  9993
2 35752  54.7445 104.2534 0058106  48.9202 311.2306  2.00544994 84732
1 35752U 09043A   21069.59477726  .00000010  00000-0  00000-0 0  9994
2 35752  54.7445 104.2534 0058106  48.9202 311.2306  2.00544994 84754
1 35752U 09043A   21070.14144854  .00000012  00000-0  00000-0 0  9992
2 35752  54.7449 104.2313 0058108  48.9185 345.9210  2.00544961 84779
1 35752U 09043A   21071.83798587  .00000013  00000-0  00000-0 0  9998
2 35752  54.7461 104.1626 0058116  48.9100 130.8052  2.00544884 84808
1 35752U 09043A   21073.22811372  .00000008  00000-0  00000-0 0  9995
2 35752  54.7470 104.1063 0058126  48.9073  54.4595  2.00544809 84836
1 35752U 09043A   21075.22564936 -.00000001  00000-0  00000-0 0  9992
2 35752  54.7483 104.0255 0058136  48.8860  56.6711  2.00544694 84876
1 35752U 09043A   21078.86805556  .00000006  00000-0  00000+0 0  9994
2 35752  54.7507 103.8782 0058195  48.8355 166.4829  2.00544335 84927
1 35752U 09043A   21078.86805556  .00000006  00000-0  00000-0 0  9995
2 35752  54.7507 103.8782 0058195  48.8355 166.4829  2.00544335 84949
1 35752U 09043A   21079.57187156  .00000012  00000-0  00000-0 0  9990
2 35752  54.7512 103.8496 0058206  48.8876 314.5720  2.00544381 84967
1 35752U 09043A   21080.81013118  .00000024  00000-0  00000-0 0  9998
2 35752  54.7520 103.7995 0058227  48.8480 128.6139  2.00544268 84987
1 35752U 09043A   21084.20022601  .00000053  00000-0  00000+0 0  9993
2 35752  54.7544 103.6623 0058238  48.8895  56.1612  2.00543946 85032
1 35752U 09043A   21084.20022601  .00000053  00000-0  00000-0 0  9994
2 35752  54.7544 103.6623 0058238  48.8895  56.1612  2.00543946 85054
1 35752U 09043A   21085.29623109  .00000057  00000-0  00000-0 0  9998
2 35752  54.7551 103.6179 0058256  48.8655 127.4808  2.00543838 85073
1 35752U 09043A   21086.30116890  .00000055  00000-0  00000-0 0  9993
2 35752  54.7558 103.5773 0058262  48.8721 133.0208  2.00543745 85096
1 35752U 09043A   21087.18159372  .00000051  00000-0  00000-0 0  9998
2 35752  54.7565 103.5416 0058263  48.8892  48.6539  2.00543667 85112
1 35752U 09043A   21088.54422285  .00000040  00000-0  00000-0 0  9993
2 35752  54.7574 103.4864 0058283  48.8923 312.4432  2.00543554 85147
1 35752U 09043A   21091.65972222  .00000015  00000-0  00000-0 0  9992
2 35752  54.7600 103.3607 0058323  48.8611  41.8122  2.00543010 85180
1 35752U 09043A   21092.09666837  .00000013  00000-0  00000-0 0  9991
2 35752  54.7601 103.3426 0058292  48.9065 357.2246  2.00543284 85217
1 35752U 09043A   21093.69543588  .00000015  00000-0  00000-0 0  9997
2 35752  54.7612 103.2779 0058280  48.9314  71.4771  2.00543180 85249
1 35752U 09043A   21094.15640122  .00000017  00000-0  00000+0 0  9992
2 35752  54.7616 103.2592 0058282  48.9404  44.2755  2.00543154 85238
1 35752U 09043A   21094.15640122  .00000017  00000-0  00000-0 0  9993
2 35752  54.7616 103.2592 0058282  48.9404  44.2755  2.00543154 85250
1 35752U 09043A   21098.11897389  .00000035  00000-0  00000+0 0  9991
2 35752  54.7643 103.0991 0058290  49.0353  25.0745  2.00542969 85311
1 35752U 09043A   21098.11897389  .00000035  00000-0  00000-0 0  9992
2 35752  54.7643 103.0991 0058290  49.0353  25.0745  2.00542969 85333
1 35752U 09043A   21099.16228044  .00000033  00000-0  00000-0 0  9992
2 35752  54.7650 103.0569 0058273  49.0754  58.2796  2.00542932 85354
1 35752U 09043A   21100.15379830  .00000029  00000-0  00000-0 0  9999
2 35752  54.7657 103.0169 0058256  49.1122  54.0971  2.00542888 85379
1 35752U 09043A   21100.63221601  .00000026  00000-0  00000-0 0  9991
2 35752  54.7660 102.9975 0058255  49.1135  39.5026  2.00542857 85385
1 35752U 09043A   21101.13383090  .00000023  00000-0  00000-0 0  9995
2 35752  54.7664 102.9773 0058258  49.1197  41.6512  2.00542830 85392
1 35752U 09043A   21102.00244060  .00000018  00000-0  00000-0 0  9999
2 35752  54.7671 102.9421 0058340  49.0912 308.7951  2.00542763 85407
1 35752U 09043A   21104.12602149  .00000012  00000-0  00000+0 0  9993
2 35752  54.7685 102.8564 0058357  49.1271  41.9362  2.00542636 85430
1 35752U 09043A   21105.25062204  .00000014  00000-0  00000-0 0  9993
2 35752  54.7693 102.8108 0058382  49.0879 133.9097  2.00542532 85470
1 35752U 09043A   21107.49355164  .00000029  00000-0  00000-0 0  9997
2 35752  54.7708 102.7204 0058527  49.0575 313.2804  2.00542318 85524
1 35752U 09043A   21108.73177104  .00000040  00000-0  00000-0 0  9994
2 35752  54.7716 102.6704 0058516  49.0705 127.2316  2.00542217 85541
1 35752U 09043A   21109.73672664  .00000049  00000-0  00000-0 0  9995
2 35752  54.7723 102.6298 0058528  49.0678 132.7874  2.00542128 85562
1 35752U 09043A   21111.97964803  .00000062  00000-0  00000+0 0  9997
2 35752  54.7739 102.5393 0058553  49.1337 312.0541  2.00541912 85581
1 35752U 09043A   21111.97964803  .00000062  00000-0  00000-0 0  9998
2 35752  54.7739 102.5393 0058553  49.1337 312.0541  2.00541912 85615
1 35752U 09043A   21114.12428238  .00000058  00000-0  00000+0 0  9999
2 35752  54.7753 102.4526 0058565  49.1780  60.3807  2.00541717 85636
1 35752U 09043A   21114.22283328  .00000057  00000-0  00000-0 0  9999
2 35752  54.7754 102.4486 0058563  49.1691 131.5407  2.00541705 85657
1 35752U 09043A   21115.11663127  .00000051  00000-0  00000-0 0  9991
2 35752  54.7760 102.4124 0058646  49.1952  56.8125  2.00541595 85670
1 35752U 09043A   21116.46578510  .00000037  00000-0  00000-0 0  9995
2 35752  54.7769 102.3579 0058654  49.2273 310.8337  2.00541486 85697
1 35752U 09043A   21118.70898462  .00000016  00000-0  00000+0 0  9991
2 35752  54.7785 102.2672 0058689  49.2554 130.3346  2.00541306 85728
1 35752U 09043A   21118.70898462  .00000016  00000-0  00000-0 0  9992
2 35752  54.7785 102.2672 0058689  49.2554 130.3346  2.00541306 85740
1 35752U 09043A   21120.95171559  .00000013  00000-0  00000+0 0  9999
2 35752  54.7801 102.1765 0058742  49.3031 309.4765  2.00541162 85768
1 35752U 09043A   21120.95171559  .00000013  00000-0  00000-0 0  9990
2 35752  54.7801 102.1765 0058742  49.3031 309.4765  2.00541162 85780

