1 39166U 13023A   21002.35833803 -.00000052  00000-0  00000-0 0  9990
2 39166  55.9810 348.9227 0086667  31.0359 329.4800  2.00563688 55930
1 39166U 13023A   21003.35550466 -.00000051  00000-0  00000-0 0  9991
2 39166  55.9806 348.8833 0086740  31.0464 329.4708  2.00563655 55959
1 39166U 13023A   21003.35550492 -.00000051  00000-0  00000-0 0  9990
2 39166  55.9806 348.8833 0086763  31.0445 329.4729  2.00563646 55956
1 39166U 13023A   21004.35267142 -.00000051  00000-0  00000-0 0  9998
2 39166  55.9803 348.8438 0086806  31.0561 329.4626  2.00563629 55970
1 39166U 13023A   21005.34983753 -.00000053  00000-0  00000-0 0  9993
2 39166  55.9799 348.8043 0086876  31.0656 329.4540  2.00563605 55999
1 39166U 13023A   21006.34700252 -.00000057  00000-0  00000-0 0  9999
2 39166  55.9795 348.7649 0086947  31.0771 329.4428  2.00563589 56013
1 39166U 13023A   21006.34700266 -.00000057  00000-0  00000-0 0  9994
2 39166  55.9795 348.7649 0086933  31.0781 329.4417  2.00563590 56019
1 39166U 13023A   21007.84274694 -.00000066  00000-0  00000-0 0  9991
2 39166  55.9789 348.7056 0087040  31.0925 329.4253  2.00563578 56041
1 39166U 13023A   21009.33848856 -.00000077  00000-0  00000-0 0  9996
2 39166  55.9784 348.6464 0087138  31.1086 329.4050  2.00563577 56072
1 39166U 13023A   21010.83422939 -.00000086  00000-0  00000-0 0  9993
2 39166  55.9778 348.5871 0087238  31.1260 329.3828  2.00563591 56103
1 39166U 13023A   21012.32997241 -.00000091  00000-0  00000+0 0  9997
2 39166  55.9773 348.5279 0087332  31.1447 329.3608  2.00563616 56128
1 39166U 13023A   21012.32997241 -.00000091  00000-0  00000-0 0  9998
2 39166  55.9773 348.5279 0087332  31.1447 329.3608  2.00563616 56139
1 39166U 13023A   21013.32713615 -.00000093  00000-0  00000-0 0  9992
2 39166  55.9769 348.4885 0087396  31.1564 329.3484  2.00563641 56158
1 39166U 13023A   21014.32430190 -.00000092  00000-0  00000-0 0  9996
2 39166  55.9765 348.4490 0087463  31.1697 329.3357  2.00563666 56176
1 39166U 13023A   21015.32146916 -.00000091  00000-0  00000-0 0  9996
2 39166  55.9762 348.4095 0087541  31.1846 329.3226  2.00563694 56195
1 39166U 13023A   21016.31863742 -.00000090  00000-0  00000-0 0  9998
2 39166  55.9758 348.3701 0087601  31.2000 329.3096  2.00563719 56219
1 39166U 13023A   21017.31580616 -.00000088  00000-0  00000-0 0  9992
2 39166  55.9754 348.3306 0087673  31.2137 329.2986  2.00563739 56237
1 39166U 13023A   21018.31297416 -.00000087  00000-0  00000-0 0  9995
2 39166  55.9751 348.2912 0087713  31.2239 329.2909  2.00563758 56252
1 39166U 13023A   21020.30730908 -.00000085  00000-0  00000-0 0  9993
2 39166  55.9743 348.2123 0087838  31.2494 329.2691  2.00563771 56295
1 39166U 13023A   21021.80305802 -.00000084  00000-0  00000-0 0  9999
2 39166  55.9737 348.1532 0087928  31.2750 329.2446  2.00563763 56329
1 39166U 13023A   21022.30164025 -.00000084  00000-0  00000-0 0  9995
2 39166  55.9735 348.1334 0087968  31.2842 329.2355  2.00563761 56331
1 39166U 13023A   21023.29880478 -.00000082  00000-0  00000-0 0  9999
2 39166  55.9730 348.0940 0088031  31.3013 329.2182  2.00563746 56354
1 39166U 13023A   21024.29596892 -.00000079  00000-0  00000-0 0  9990
2 39166  55.9726 348.0546 0088100  31.3184 329.2005  2.00563723 56378
1 39166U 13023A   21025.29313287 -.00000076  00000-0  00000-0 0  9993
2 39166  55.9723 348.0151 0088159  31.3335 329.1849  2.00563701 56392
1 39166U 13023A   21025.79171510 -.00000074  00000-0  00000+0 0  9996
2 39166  55.9720 347.9954 0088196  31.3457 329.1725  2.00563687 56390
1 39166U 13023A   21025.79171510 -.00000074  00000-0  00000-0 0  9997
2 39166  55.9720 347.9954 0088196  31.3457 329.1725  2.00563687 56402
1 39166U 13023A   21026.29029768 -.00000073  00000-0  00000-0 0  9999
2 39166  55.9718 347.9757 0088244  31.3523 329.1660  2.00563663 56411
1 39166U 13023A   21027.28746259 -.00000069  00000-0  00000-0 0  9995
2 39166  55.9715 347.9362 0088280  31.3712 329.1471  2.00563644 56431
1 39166U 13023A   21027.78604587 -.00000067  00000-0  00000-0 0  9995
2 39166  55.9713 347.9165 0088310  31.3850 329.1338  2.00563635 56440
1 39166U 13023A   21028.28462931 -.00000065  00000-0  00000-0 0  9994
2 39166  55.9711 347.8968 0088360  31.3944 329.1251  2.00563611 56456
1 39166U 13023A   21029.28179714 -.00000062  00000-0  00000-0 0  9996
2 39166  55.9707 347.8574 0088432  31.4159 329.1056  2.00563576 56478
1 39166U 13023A   21030.27896585 -.00000060  00000-0  00000-0 0  9997
2 39166  55.9703 347.8180 0088502  31.4379 329.0861  2.00563543 56487
1 39166U 13023A   21032.27330376 -.00000061  00000-0  00000-0 0  9991
2 39166  55.9694 347.7391 0088615  31.4816 329.0474  2.00563494 56531
1 39166U 13023A   21033.27047146 -.00000064  00000-0  00000-0 0  9995
2 39166  55.9690 347.6996 0088695  31.5016 329.0292  2.00563469 56550
1 39166U 13023A   21034.26763771 -.00000069  00000-0  00000-0 0  9999
2 39166  55.9685 347.6601 0088760  31.5228 329.0086  2.00563455 56573
1 39166U 13023A   21035.26480248 -.00000075  00000-0  00000-0 0  9992
2 39166  55.9681 347.6206 0088830  31.5452 328.9857  2.00563448 56595
1 39166U 13023A   21036.26196578 -.00000082  00000-0  00000-0 0  9991
2 39166  55.9677 347.5812 0088907  31.5673 328.9620  2.00563447 56612
1 39166U 13023A   21037.25912795 -.00000089  00000-0  00000-0 0  9995
2 39166  55.9672 347.5417 0088961  31.5852 328.9419  2.00563457 56636
1 39166U 13023A   21038.25629079 -.00000094  00000-0  00000-0 0  9992
2 39166  55.9668 347.5022 0089027  31.6076 328.9176  2.00563469 56651
1 39166U 13023A   21039.25345444 -.00000098  00000-0  00000-0 0  9998
2 39166  55.9664 347.4627 0089079  31.6302 328.8938  2.00563490 56677
1 39166U 13023A   21040.25061997 -.00000100  00000-0  00000-0 0  9992
2 39166  55.9659 347.4233 0089145  31.6539 328.8701  2.00563512 56695
1 39166U 13023A   21041.24778717 -.00000100  00000-0  00000-0 0  9997
2 39166  55.9655 347.3838 0089202  31.6764 328.8489  2.00563537 56718
1 39166U 13023A   21042.24495616 -.00000099  00000-0  00000-0 0  9999
2 39166  55.9650 347.3444 0089258  31.7005 328.8273  2.00563561 56736
1 39166U 13023A   21043.24212614 -.00000098  00000-0  00000-0 0  9994
2 39166  55.9647 347.3049 0089315  31.7216 328.8095  2.00563588 56754
1 39166U 13023A   21044.23929676 -.00000096  00000-0  00000-0 0  9995
2 39166  55.9643 347.2655 0089367  31.7443 328.7905  2.00563610 56778
1 39166U 13023A   21045.23646733 -.00000095  00000-0  00000-0 0  9995
2 39166  55.9640 347.2260 0089425  31.7680 328.7705  2.00563630 56797
1 39166U 13023A   21048.22797498 -.00000093  00000-0  00000-0 0  9990
2 39166  55.9626 347.1077 0089613  31.8387 328.7082  2.00563656 56853
1 39166U 13023A   21049.22514221 -.00000092  00000-0  00000-0 0  9991
2 39166  55.9622 347.0683 0089671  31.8647 328.6837  2.00563652 56879
