1 37847U 11060B   21003.49221535 -.00000051  00000-0  00000+0 0  9990
2 37847  56.7492  35.7931 0005230 298.1314  63.8887  1.70475334 57310
1 37847U 11060B   21003.49221535 -.00000051  00000-0  00000-0 0  9991
2 37847  56.7492  35.7931 0005230 298.1314  63.8887  1.70475334 57196
1 37847U 11060B   21005.43057251 -.00000055  00000-0  00000-0 0  9993
2 37847  56.7504  35.7398 0005283 298.6520 172.9801  1.70475287 57228
1 37847U 11060B   21007.30342649 -.00000059  00000-0  00000+0 0  9992
2 37847  56.7516  35.6883 0005324 299.1393 241.9041  1.70475263 57372
1 37847U 11060B   21007.30342649 -.00000059  00000-0  00000-0 0  9993
2 37847  56.7516  35.6883 0005324 299.1393 241.9041  1.70475263 57259
1 37847U 11060B   21008.17913028 -.00000061  00000-0  00000-0 0  9997
2 37847  56.7521  35.6643 0005343 299.4452  59.0368  1.70475261 57268
1 37847U 11060B   21010.52257530 -.00000066  00000-0  00000+0 0  9992
2 37847  56.7536  35.5999 0005386 300.0538  56.6514  1.70475285 57428
1 37847U 11060B   21010.52257530 -.00000066  00000-0  00000-0 0  9993
2 37847  56.7536  35.5999 0005386 300.0538  56.6514  1.70475285 57305
1 37847U 11060B   21011.69701907 -.00000069  00000-0  00000-0 0  9997
2 37847  56.7543  35.5676 0005409 300.3299  57.1570  1.70475312 57329
1 37847U 11060B   21012.58251270 -.00000071  00000-0  00000+0 0  9991
2 37847  56.7548  35.5433 0005424 300.5838 240.3498  1.70475336 57469
1 37847U 11060B   21012.58251270 -.00000071  00000-0  00000-0 0  9992
2 37847  56.7548  35.5433 0005424 300.5838 240.3498  1.70475336 57346
1 37847U 11060B   21013.16782753 -.00000073  00000-0  00000-0 0  9994
2 37847  56.7552  35.5272 0005440 300.8070 239.3471  1.70475354 57351
1 37847U 11060B   21015.51130057 -.00000077  00000-0  00000+0 0  9992
2 37847  56.7567  35.4629 0005491 301.4638 236.9310  1.70475439 57512
1 37847U 11060B   21015.51130057 -.00000077  00000-0  00000-0 0  9993
2 37847  56.7567  35.4629 0005491 301.4638 236.9310  1.70475439 57398
1 37847U 11060B   21015.81298750 -.00000078  00000-0  00000-0 0  9992
2 37847  56.7569  35.4546 0005500 301.5227  62.0240  1.70475451 57400
1 37847U 11060B   21016.67997439 -.00000077  00000-0  00000-0 0  9996
2 37847  56.7574  35.4308 0005514 301.8106 233.8249  1.70475483 57419
1 37847U 11060B   21018.15647062 -.00000075  00000-0  00000+0 0  9992
2 37847  56.7583  35.3903 0005541 302.1782  59.6158  1.70475535 57560
1 37847U 11060B   21018.15647062 -.00000075  00000-0  00000-0 0  9993
2 37847  56.7583  35.3903 0005541 302.1782  59.6158  1.70475535 57447
1 37847U 11060B   21020.62942689 -.00000066  00000-0  00000+0 0  9990
2 37847  56.7591  35.3225 0005577 302.7058 136.7959  1.70475588 57606
1 37847U 11060B   21020.62942689 -.00000066  00000-0  00000-0 0  9991
2 37847  56.7591  35.3225 0005577 302.7058 136.7959  1.70475588 57482
1 37847U 11060B   21022.55637285 -.00000057  00000-0  00000-0 0  9998
2 37847  56.7603  35.2696 0005615 303.2581 238.8529  1.70475593 57514
1 37847U 11060B   21022.84331684 -.00000055  00000-0  00000+0 0  9991
2 37847  56.7605  35.2618 0005616 303.2511  54.9639  1.70475591 57634
1 37847U 11060B   21022.84331684 -.00000055  00000-0  00000-0 0  9992
2 37847  56.7605  35.2618 0005616 303.2511  54.9639  1.70475591 57511
1 37847U 11060B   21023.44219462 -.00000052  00000-0  00000-0 0  9995
2 37847  56.7608  35.2453 0005629 303.4384  62.3213  1.70475586 57532
1 37847U 11060B   21024.31916023 -.00000049  00000-0  00000-0 0  9995
2 37847  56.7614  35.2213 0005658 303.7776 240.1952  1.70475571 57544
1 37847U 11060B   21025.18668454 -.00000045  00000-0  00000+0 0  9998
2 37847  56.7620  35.1975 0005670 304.0405  52.3512  1.70475547 57674
1 37847U 11060B   21025.48610473 -.00000044  00000-0  00000-0 0  9999
2 37847  56.7622  35.1893 0005681 304.1518 236.0006  1.70475539 57561
1 37847U 11060B   21027.83200733 -.00000039  00000-0  00000+0 0  9997
2 37847  56.7627  35.1250 0005792 306.0366 233.8479  1.70475459 57726
1 37847U 11060B   21027.83200733 -.00000039  00000-0  00000-0 0  9998
2 37847  56.7627  35.1250 0005792 306.0366 233.8479  1.70475459 57603
1 37847U 11060B   21028.38700111 -.00000038  00000-0  00000-0 0  9993
2 37847  56.7637  35.1098 0005739 305.2184 215.2778  1.70475436 57616
1 37847U 11060B   21029.59067559 -.00000039  00000-0  00000-0 0  9990
2 37847  56.7645  35.0768 0005756 305.5541 233.6636  1.70475393 57638
1 37847U 11060B   21030.47726821 -.00000040  00000-0  00000-0 0  9995
2 37847  56.7650  35.0524 0005766 305.8430  57.4960  1.70475364 57657
1 37847U 11060B   21032.24459653 -.00000044  00000-0  00000+0 0  9991
2 37847  56.7661  35.0040 0005790 306.4131  61.5738  1.70475315 57806
1 37847U 11060B   21032.24459653 -.00000044  00000-0  00000-0 0  9992
2 37847  56.7661  35.0040 0005790 306.4131  61.5738  1.70475315 57682
1 37847U 11060B   21032.53118874 -.00000045  00000-0  00000-0 0  9992
2 37847  56.7663  34.9961 0005792 306.4523 237.4225  1.70475309 57689
1 37847U 11060B   21034.03745080 -.00000049  00000-0  00000-0 0  9998
2 37847  56.7672  34.9548 0005802 306.9525  81.3481  1.70475288 57719
1 37847U 11060B   21035.16683288 -.00000052  00000-0  00000+0 0  9997
2 37847  56.7679  34.9239 0005813 307.3389  54.0880  1.70475279 57853
1 37847U 11060B   21035.16683288 -.00000052  00000-0  00000-0 0  9998
2 37847  56.7679  34.9239 0005813 307.3389  54.0880  1.70475279 57730
1 37847U 11060B   21036.62931955 -.00000055  00000-0  00000-0 0  9990
2 37847  56.7683  34.8837 0005822 307.7908 231.1957  1.70475279 57754
1 37847U 11060B   21037.80933654 -.00000058  00000-0  00000+0 0  9991
2 37847  56.7691  34.8514 0005826 308.1589 235.0298  1.70475297 57895
1 37847U 11060B   21037.80933654 -.00000058  00000-0  00000-0 0  9992
2 37847  56.7691  34.8514 0005826 308.1589 235.0298  1.70475297 57772
1 37847U 11060B   21038.30578737 -.00000060  00000-0  00000-0 0  9998
2 37847  56.7700  34.8378 0005829 308.3447 179.5267  1.70475308 57781
1 37847U 11060B   21039.55078481 -.00000064  00000-0  00000-0 0  9991
2 37847  56.7707  34.8037 0005838 308.7247 223.2288  1.70475339 57809
1 37847U 11060B   21039.81625431 -.00000065  00000-0  00000+0 0  9993
2 37847  56.7713  34.7964 0005837 308.7912  26.0866  1.70475344 57922
1 37847U 11060B   21039.81625431 -.00000065  00000-0  00000-0 0  9994
2 37847  56.7713  34.7964 0005837 308.7912  26.0866  1.70475344 57809
1 37847U 11060B   21042.49616115 -.00000073  00000-0  00000+0 0  9999
2 37847  56.7734  34.7230 0005869 309.9185 229.6767  1.70475439 57972
1 37847U 11060B   21042.49616115 -.00000073  00000-0  00000-0 0  9990
2 37847  56.7734  34.7230 0005869 309.9185 229.6767  1.70475439 57859
1 37847U 11060B   21043.66065521 -.00000074  00000-0  00000-0 0  9990
2 37847  56.7743  34.6911 0005867 310.0775 224.1932  1.70475483 57875
1 37847U 11060B   21045.14143399 -.00000073  00000-0  00000+0 0  9993
2 37847  56.7752  34.6506 0005876 310.5428  52.5144  1.70475533 58027
1 37847U 11060B   21045.14143399 -.00000073  00000-0  00000-0 0  9994
2 37847  56.7752  34.6506 0005876 310.5428  52.5144  1.70475533 57903
1 37847U 11060B   21046.61306395 -.00000070  00000-0  00000-0 0  9991
2 37847  56.7760  34.6104 0005881 311.0223 235.2066  1.70475580 57928
1 37847U 11060B   21047.07791168 -.00000068  00000-0  00000-0 0  9995
2 37847  56.7761  34.5976 0005882 311.1276 160.3886  1.70475589 57933
1 37847U 11060B   21047.48452127 -.00000067  00000-0  00000+0 0  9997
2 37847  56.7763  34.5865 0005878 311.1597  49.9019  1.70475596 58066
1 37847U 11060B   21047.48452127 -.00000067  00000-0  00000-0 0  9998
2 37847  56.7763  34.5865 0005878 311.1597  49.9019  1.70475596 57942
1 37847U 11060B   21049.51909542 -.00000058  00000-0  00000+0 0  9991
2 37847  56.7776  34.5308 0005897 311.8129 217.9118  1.70475608 58095
1 37847U 11060B   21049.51909542 -.00000058  00000-0  00000-0 0  9992
2 37847  56.7776  34.5308 0005897 311.8129 217.9118  1.70475608 57971
1 37847U 11060B   21052.17161640 -.00000048  00000-0  00000+0 0  9995
2 37847  56.7792  34.4583 0005907 312.5864  45.0488  1.70475560 58135
1 37847U 11060B   21052.47345269 -.00000047  00000-0  00000-0 0  9999
2 37847  56.7793  34.4500 0005913 312.7024 230.1763  1.70475554 58026
1 37847U 11060B   21053.65233933 -.00000044  00000-0  00000-0 0  9991
2 37847  56.7800  34.4178 0005913 313.0696 233.3177  1.70475516 58049
1 37847U 11060B   21054.15723105 -.00000043  00000-0  00000-0 0  9991
2 37847  56.7803  34.4040 0005914 313.3649 182.8855  1.70475498 58053
1 37847U 11060B   21054.81690439 -.00000042  00000-0  00000+0 0  9995
2 37847  56.7807  34.3859 0005913 313.5720 227.5344  1.70475475 58184
1 37847U 11060B   21054.81690439 -.00000042  00000-0  00000-0 0  9996
2 37847  56.7807  34.3859 0005913 313.5720 227.5344  1.70475475 58061
1 37847U 11060B   21055.32606743 -.00000042  00000-0  00000-0 0  9998
2 37847  56.7811  34.3719 0005909 313.6787 179.9124  1.70475458 58078
1 37847U 11060B   21058.32664771 -.00000045  00000-0  00000+0 0  9998
2 37847  56.7828  34.2899 0005902 314.5325 220.5801  1.70475352 58242
1 37847U 11060B   21058.32664771 -.00000045  00000-0  00000-0 0  9999
2 37847  56.7828  34.2899 0005902 314.5325 220.5801  1.70475352 58129
1 37847U 11060B   21059.50372417 -.00000049  00000-0  00000-0 0  9997
2 37847  56.7834  34.2578 0005897 315.0404 222.4694  1.70475314 58148
1 37847U 11060B   21060.67029531 -.00000052  00000-0  00000+0 0  9996
2 37847  56.7841  34.2259 0005891 315.3511 218.1088  1.70475293 58288
1 37847U 11060B   21060.67029531 -.00000052  00000-0  00000-0 0  9997
2 37847  56.7841  34.2259 0005891 315.3511 218.1088  1.70475293 58165
1 37847U 11060B   21062.34383802 -.00000057  00000-0  00000-0 0  9992
2 37847  56.7852  34.1802 0005878 316.1167 164.4325  1.70475276 58192
1 37847U 11060B   21064.49241382 -.00000063  00000-0  00000+0 0  9992
2 37847  56.7865  34.1214 0005864 316.8194  42.3574  1.70475285 58342
1 37847U 11060B   21064.49241382 -.00000063  00000-0  00000-0 0  9993
2 37847  56.7865  34.1214 0005864 316.8194  42.3574  1.70475285 58229
1 37847U 11060B   21065.36689128 -.00000066  00000-0  00000-0 0  9997
2 37847  56.7870  34.0975 0005851 317.1121 218.7503  1.70475300 58249
1 37847U 11060B   21066.83582598 -.00000072  00000-0  00000-0 0  9990
2 37847  56.7878  34.0574 0005844 317.6467  39.7329  1.70475334 58268
1 37847U 11060B   21067.13766226 -.00000073  00000-0  00000+0 0  9996
2 37847  56.7879  34.0491 0005836 317.7699 224.8532  1.70475344 58394
1 37847U 11060B   21067.13766226 -.00000073  00000-0  00000-0 0  9997
2 37847  56.7879  34.0491 0005836 317.7699 224.8532  1.70475344 58271
1 37847U 11060B   21069.48110887 -.00000082  00000-0  00000+0 0  9992
2 37847  56.7894  33.9850 0005821 318.6891 222.1581  1.70475424 58435
1 37847U 11060B   21069.48110887 -.00000082  00000-0  00000-0 0  9993
2 37847  56.7894  33.9850 0005821 318.6891 222.1581  1.70475424 58312
1 37847U 11060B   21069.93210926 -.00000083  00000-0  00000-0 0  9999
2 37847  56.7896  33.9727 0005824 318.7560 138.8801  1.70475444 58325
1 37847U 11060B   21070.66064644 -.00000084  00000-0  00000-0 0  9996
2 37847  56.7900  33.9528 0005816 319.0537 225.7015  1.70475473 58335
1 37847U 11060B   21071.82446431 -.00000085  00000-0  00000+0 0  9993
2 37847  56.7907  33.9211 0005808 319.5494 219.4663  1.70475518 58473
1 37847U 11060B   21071.82446431 -.00000085  00000-0  00000-0 0  9994
2 37847  56.7907  33.9211 0005808 319.5494 219.4663  1.70475518 58350
1 37847U 11060B   21073.58460792 -.00000082  00000-0  00000-0 0  9992
2 37847  56.7916  33.8731 0005793 320.1819 219.0726  1.70475575 58380
1 37847U 11060B   21074.16772729 -.00000081  00000-0  00000+0 0  9991
2 37847  56.7919  33.8571 0005789 320.3812 216.7465  1.70475589 58519
1 37847U 11060B   21074.16772729 -.00000081  00000-0  00000-0 0  9992
2 37847  56.7919  33.8571 0005789 320.3812 216.7465  1.70475589 58395
1 37847U 11060B   21075.34728095 -.00000077  00000-0  00000-0 0  9995
2 37847  56.7927  33.8249 0005779 320.8050 220.2407  1.70475609 58416
1 37847U 11060B   21076.36856281 -.00000073  00000-0  00000+0 0  9992
2 37847  56.7930  33.7970 0005774 320.9727 126.8562  1.70475616 58553
1 37847U 11060B   21076.36856281 -.00000073  00000-0  00000-0 0  9993
2 37847  56.7930  33.7970 0005774 320.9727 126.8562  1.70475616 58430
1 37847U 11060B   21078.27546185 -.00000066  00000-0  00000-0 0  9996
2 37847  56.7940  33.7450 0005760 321.6163 216.5186  1.70475603 58469
1 37847U 11060B   21079.45820108 -.00000062  00000-0  00000+0 0  9992
2 37847  56.7946  33.7127 0005750 322.0344 221.9736  1.70475576 58607
1 37847U 11060B   21079.45820108 -.00000062  00000-0  00000-0 0  9993
2 37847  56.7946  33.7127 0005750 322.0344 221.9736  1.70475576 58483
1 37847U 11060B   21080.63729720 -.00000059  00000-0  00000-0 0  9999
2 37847  56.7952  33.6805 0005734 322.4450 225.2001  1.70475540 58502
1 37847U 11060B   21081.49981807 -.00000057  00000-0  00000-0 0  9998
2 37847  56.7956  33.6569 0005719 322.7632  34.2299  1.70475507 58512
1 37847U 11060B   21081.78892615 -.00000057  00000-0  00000+0 0  9997
2 37847  56.7958  33.6490 0005719 322.8440 211.5810  1.70475499 58648
1 37847U 11060B   21081.78892615 -.00000057  00000-0  00000-0 0  9998
2 37847  56.7958  33.6490 0005719 322.8440 211.5810  1.70475499 58525
1 37847U 11060B   21082.37777580 -.00000056  00000-0  00000-0 0  9996
2 37847  56.7961  33.6329 0005709 323.0427 212.7723  1.70475477 58530
1 37847U 11060B   21082.96778917 -.00000056  00000-0  00000-0 0  9996
2 37847  56.7963  33.6168 0005698 323.2520 214.6671  1.70475454 58545
1 37847U 11060B   21083.55022448 -.00000056  00000-0  00000-0 0  9993
2 37847  56.7966  33.6009 0005689 323.4565 211.9159  1.70475431 58550
1 37847U 11060B   21084.14499157 -.00000057  00000-0  00000+0 0  9994
2 37847  56.7969  33.5846 0005679 323.6589 216.7350  1.70475409 58683
1 37847U 11060B   21084.14499157 -.00000057  00000-0  00000-0 0  9995
2 37847  56.7969  33.5846 0005679 323.6589 216.7350  1.70475409 58560
1 37847U 11060B   21086.48841969 -.00000062  00000-0  00000-0 0  9992
2 37847  56.7982  33.5206 0005640 324.5000 214.1066  1.70475332 58607
1 37847U 11060B   21086.79025597 -.00000063  00000-0  00000+0 0  9997
2 37847  56.7984  33.5123 0005647 324.5423  39.3079  1.70475323 58738
1 37847U 11060B   21086.79025597 -.00000063  00000-0  00000-0 0  9998
2 37847  56.7984  33.5123 0005647 324.5423  39.3079  1.70475323 58615
1 37847U 11060B   21087.08590983 -.00000064  00000-0  00000-0 0  9998
2 37847  56.7986  33.5042 0005642 324.5980 220.7014  1.70475318 58619
1 37847U 11060B   21088.83176563 -.00000069  00000-0  00000+0 0  9990
2 37847  56.7995  33.4565 0005609 325.2929 211.4760  1.70475287 58768
1 37847U 11060B   21088.83176563 -.00000069  00000-0  00000-0 0  9991
2 37847  56.7995  33.4565 0005609 325.2929 211.4760  1.70475287 58645
1 37847U 11060B   21089.43243767 -.00000071  00000-0  00000-0 0  9992
2 37847  56.7997  33.4401 0005591 325.6264 219.7877  1.70475278 58653
1 37847U 11060B   21091.18174394 -.00000076  00000-0  00000+0 0  9990
2 37847  56.8006  33.3923 0005555 326.3328 212.6684  1.70475279 58808
1 37847U 11060B   21091.18174394 -.00000076  00000-0  00000-0 0  9991
2 37847  56.8006  33.3923 0005555 326.3328 212.6684  1.70475279 58684
1 37847U 11060B   21092.34962075 -.00000080  00000-0  00000-0 0  9996
2 37847  56.8013  33.3603 0005530 327.0061 208.7465  1.70475295 58706
1 37847U 11060B   21093.52420119 -.00000084  00000-0  00000+0 0  9998
2 37847  56.8018  33.3282 0005504 327.4449 209.1733  1.70475320 58846
1 37847U 11060B   21093.52420119 -.00000084  00000-0  00000-0 0  9999
2 37847  56.8018  33.3282 0005504 327.4449 209.1733  1.70475320 58723
1 37847U 11060B   21094.12224907 -.00000087  00000-0  00000-0 0  9996
2 37847  56.8021  33.3118 0005493 327.6589 215.9942  1.70475336 58734
1 37847U 11060B   21095.28710648 -.00000092  00000-0  00000-0 0  9992
2 37847  56.8027  33.2800 0005472 328.1529 210.3986  1.70475374 58755
1 37847U 11060B   21096.44620609 -.00000096  00000-0  00000+0 0  9991
2 37847  56.8033  33.2483 0005452 328.6036 201.3125  1.70475417 58893
1 37847U 11060B   21096.76261535 -.00000097  00000-0  00000-0 0  9997
2 37847  56.8033  33.2396 0005450 328.5786  35.5250  1.70475431 58785
1 37847U 11060B   21097.18016549 -.00000098  00000-0  00000-0 0  9998
2 37847  56.8035  33.2282 0005440 328.7336 291.6295  1.70475449 58786
1 37847U 11060B   21097.63955153 -.00000099  00000-0  00000-0 0  9992
2 37847  56.8037  33.2157 0005433 328.9336 213.3648  1.70475468 58798
1 37847U 11060B   21098.23292138 -.00000100  00000-0  00000-0 0  9999
2 37847  56.8040  33.1995 0005423 329.1504 217.3120  1.70475492 58808
1 37847U 11060B   21098.80918392 -.00000101  00000-0  00000+0 0  9999
2 37847  56.8043  33.1838 0005413 329.3945 210.7328  1.70475515 58934
1 37847U 11060B   21098.80918392 -.00000101  00000-0  00000-0 0  9990
2 37847  56.8043  33.1838 0005413 329.3945 210.7328  1.70475515 58811
1 37847U 11060B   21099.40451875 -.00000101  00000-0  00000-0 0  9995
2 37847  56.8046  33.1675 0005402 329.6305 215.8669  1.70475538 58824
1 37847U 11060B   21100.57461147 -.00000099  00000-0  00000-0 0  9995
2 37847  56.8051  33.1356 0005380 330.0775 213.5315  1.70475580 58840
1 37847U 11060B   21101.15227605 -.00000098  00000-0  00000+0 0  9997
2 37847  56.8054  33.1198 0005369 330.2843 207.8502  1.70475598 58979
1 37847U 11060B   21101.15227605 -.00000098  00000-0  00000-0 0  9998
2 37847  56.8054  33.1198 0005369 330.2843 207.8502  1.70475598 58856
1 37847U 11060B   21102.32318381 -.00000094  00000-0  00000-0 0  9996
2 37847  56.8059  33.0879 0005348 330.7003 206.0460  1.70475626 58874
1 37847U 11060B   21103.50532008 -.00000090  00000-0  00000+0 0  9996
2 37847  56.8065  33.0556 0005328 331.0507 211.1989  1.70475642 59012
1 37847U 11060B   21105.16996866 -.00000083  00000-0  00000-0 0  9999
2 37847  56.8073  33.0102 0005303 331.5778 152.3034  1.70475641 58921
1 37847U 11060B   21105.95509394 -.00000081  00000-0  00000+0 0  9999
2 37847  56.8076  32.9888 0005287 331.9175 273.8123  1.70475630 59050
1 37847U 11060B   21106.42711569 -.00000079  00000-0  00000-0 0  9999
2 37847  56.8079  32.9759 0005281 332.0551 203.3649  1.70475622 58943
1 37847U 11060B   21107.59175267 -.00000075  00000-0  00000-0 0  9993
2 37847  56.8084  32.9441 0005257 332.4764 197.7070  1.70475592 58962
1 37847U 11060B   21111.11092168 -.00000071  00000-0  00000+0 0  9999
2 37847  56.8101  32.8479 0005171 333.7692 196.2054  1.70475459 59140
1 37847U 11060B   21111.11092168 -.00000071  00000-0  00000-0 0  9990
2 37847  56.8101  32.8479 0005171 333.7692 196.2054  1.70475459 59027
1 37847U 11060B   21112.28495042 -.00000072  00000-0  00000-0 0  9998
2 37847  56.8107  32.8158 0005142 334.2096 196.2920  1.70475415 59045
1 37847U 11060B   21113.47289490 -.00000074  00000-0  00000+0 0  9999
2 37847  56.8113  32.7833 0005113 334.6553 204.9137  1.70475376 59189
1 37847U 11060B   21113.47289490 -.00000074  00000-0  00000-0 0  9990
2 37847  56.8113  32.7833 0005113 334.6553 204.9137  1.70475376 59066
1 37847U 11060B   21115.81622659 -.00000080  00000-0  00000+0 0  9994
2 37847  56.8124  32.7192 0005052 335.6384 202.0843  1.70475321 59222
1 37847U 11060B   21115.81622659 -.00000080  00000-0  00000-0 0  9995
2 37847  56.8124  32.7192 0005052 335.6384 202.0843  1.70475321 59109
1 37847U 11060B   21116.90381839 -.00000082  00000-0  00000-0 0  9990
2 37847  56.8130  32.6895 0005026 336.0632 149.1383  1.70475310 59127
1 37847U 11060B   21117.56633292 -.00000084  00000-0  00000-0 0  9998
2 37847  56.8133  32.6713 0005008 336.3149 195.4861  1.70475307 59137
1 37847U 11060B   21120.58341431 -.00000093  00000-0  00000+0 0  9994
2 37847  56.8147  32.5887 0004929 337.4935 245.9559  1.70475337 59306
1 37847U 11060B   21120.58341431 -.00000093  00000-0  00000-0 0  9995
2 37847  56.8147  32.5887 0004929 337.4935 245.9559  1.70475337 59182

