1 40544U 15017A   21002.17218698 -.00000050  00000-0  00000-0 0  9994
2 40544  56.5416  35.9361 0005507 256.1565 103.8474  1.70475018 35244
1 40544U 15017A   21002.17219039 -.00000050  00000-0  00000+0 0  9993
2 40544  56.5416  35.9362 0005502 255.8405 104.1635  1.70474937 35904
1 40544U 15017A   21002.17219039 -.00000050  00000-0  00000-0 0  9994
2 40544  56.5416  35.9362 0005502 255.8405 104.1635  1.70474937 35241
1 40544U 15017A   21005.10510718 -.00000055  00000-0  00000+0 0  9992
2 40544  56.5434  35.8552 0005523 257.0769 102.9184  1.70474818 35952
1 40544U 15017A   21005.10510718 -.00000055  00000-0  00000-0 0  9993
2 40544  56.5434  35.8552 0005523 257.0769 102.9184  1.70474818 35299
1 40544U 15017A   21006.27827596 -.00000058  00000-0  00000-0 0  9990
2 40544  56.5441  35.8228 0005518 257.5012 102.4928  1.70474844 35310
1 40544U 15017A   21009.79779507 -.00000065  00000-0  00000+0 0  9995
2 40544  56.5463  35.7256 0005515 258.6533 101.3415  1.70474817 36030
1 40544U 15017A   21010.38437911 -.00000066  00000-0  00000-0 0  9994
2 40544  56.5466  35.7095 0005517 258.9339 101.0605  1.70474871 35388
1 40544U 15017A   21011.55754951 -.00000069  00000-0  00000-0 0  9993
2 40544  56.5474  35.6770 0005520 259.6797 100.3130  1.70474875 35408
1 40544U 15017A   21012.73071697 -.00000072  00000-0  00000+0 0  9996
2 40544  56.5481  35.6447 0005520 259.8886 100.1010  1.70474897 36082
1 40544U 15017A   21012.73071697 -.00000072  00000-0  00000-0 0  9997
2 40544  56.5481  35.6447 0005520 259.8886 100.1010  1.70474897 35429
1 40544U 15017A   21013.31730171 -.00000074  00000-0  00000-0 0  9993
2 40544  56.5485  35.6285 0005517 260.1179  99.8699  1.70474876 35434
1 40544U 15017A   21013.31730188 -.00000074  00000-0  00000-0 0  9991
2 40544  56.5485  35.6285 0005520 260.1186  99.8691  1.70474863 35434
1 40544U 15017A   21015.07704811 -.00000077  00000-0  00000+0 0  9992
2 40544  56.5495  35.5799 0005515 260.7394  99.2421  1.70474996 36124
1 40544U 15017A   21015.07704811 -.00000077  00000-0  00000-0 0  9993
2 40544  56.5495  35.5799 0005515 260.7394  99.2421  1.70474996 35460
1 40544U 15017A   21015.66363151 -.00000078  00000-0  00000-0 0  9997
2 40544  56.5499  35.5637 0005516 261.0425  98.9371  1.70475014 35478
1 40544U 15017A   21016.83679946 -.00000078  00000-0  00000-0 0  9999
2 40544  56.5506  35.5313 0005512 261.4222  98.5546  1.70475044 35498
1 40544U 15017A   21017.42338539 -.00000077  00000-0  00000+0 0  9993
2 40544  56.5510  35.5151 0005508 261.6343  98.3416  1.70475017 36163
1 40544U 15017A   21017.42338539 -.00000077  00000-0  00000-0 0  9994
2 40544  56.5510  35.5151 0005508 261.6343  98.3416  1.70475017 35500
1 40544U 15017A   21018.00997060 -.00000076  00000-0  00000-0 0  9998
2 40544  56.5513  35.4990 0005509 261.7360  98.2393  1.70475027 35519
1 40544U 15017A   21019.76972950 -.00000070  00000-0  00000+0 0  9996
2 40544  56.5525  35.4504 0005503 262.3949  97.5808  1.70475073 36208
1 40544U 15017A   21019.76972950 -.00000070  00000-0  00000-0 0  9997
2 40544  56.5525  35.4504 0005503 262.3949  97.5808  1.70475073 35544
1 40544U 15017A   21022.11607955 -.00000059  00000-0  00000+0 0  9996
2 40544  56.5540  35.3858 0005507 263.2249  96.7544  1.70475081 36244
1 40544U 15017A   21022.11607955 -.00000059  00000-0  00000-0 0  9997
2 40544  56.5540  35.3858 0005507 263.2249  96.7544  1.70475081 35580
1 40544U 15017A   21023.87584109 -.00000051  00000-0  00000-0 0  9998
2 40544  56.5550  35.3373 0005507 263.8965  96.0853  1.70475079 35611
1 40544U 15017A   21024.46242889 -.00000048  00000-0  00000+0 0  9995
2 40544  56.5554  35.3211 0005506 264.1001  95.8822  1.70475036 36280
1 40544U 15017A   21024.46242889 -.00000048  00000-0  00000-0 0  9996
2 40544  56.5554  35.3211 0005506 264.1001  95.8822  1.70475036 35627
1 40544U 15017A   21027.39535457 -.00000040  00000-0  00000+0 0  9998
2 40544  56.5572  35.2403 0005488 264.7451  95.2343  1.70474962 36331
1 40544U 15017A   21027.39535457 -.00000040  00000-0  00000-0 0  9999
2 40544  56.5572  35.2403 0005488 264.7451  95.2343  1.70474962 35677
1 40544U 15017A   21029.15510506 -.00000039  00000-0  00000-0 0  9991
2 40544  56.5584  35.1918 0005476 265.2040  94.7694  1.70474839 35707
1 40544U 15017A   21029.15510558 -.00000039  00000-0  00000-0 0  9998
2 40544  56.5584  35.1918 0005482 265.0807  94.8926  1.70474838 35701
1 40544U 15017A   21030.32827155 -.00000040  00000-0  00000-0 0  9995
2 40544  56.5591  35.1594 0005474 265.4577  94.5110  1.70474777 35724
1 40544U 15017A   21030.91485465 -.00000042  00000-0  00000+0 0  9995
2 40544  56.5595  35.1433 0005466 265.9018  94.0647  1.70474754 36395
1 40544U 15017A   21030.91485465 -.00000042  00000-0  00000-0 0  9996
2 40544  56.5595  35.1433 0005466 265.9018  94.0647  1.70474754 35732
1 40544U 15017A   21032.08802106 -.00000044  00000-0  00000-0 0  9993
2 40544  56.5602  35.1110 0005455 266.3333  93.6294  1.70474740 35756
1 40544U 15017A   21033.84777535 -.00000049  00000-0  00000+0 0  9999
2 40544  56.5614  35.0624 0005427 266.9936  92.9663  1.70474736 36446
1 40544U 15017A   21033.84777535 -.00000049  00000-0  00000-0 0  9990
2 40544  56.5614  35.0624 0005427 266.9936  92.9663  1.70474736 35782
1 40544U 15017A   21036.19412396 -.00000055  00000-0  00000+0 0  9998
2 40544  56.5627  34.9978 0005394 267.7016  92.2579  1.70474660 36480
1 40544U 15017A   21036.19412396 -.00000055  00000-0  00000-0 0  9999
2 40544  56.5627  34.9978 0005394 267.7016  92.2579  1.70474660 35827
1 40544U 15017A   21037.36729618 -.00000058  00000-0  00000-0 0  9990
2 40544  56.5637  34.9655 0005388 267.5360  92.4229  1.70474683 35844
1 40544U 15017A   21037.95388128 -.00000059  00000-0  00000-0 0  9993
2 40544  56.5639  34.9493 0005368 268.2745  91.6838  1.70474712 35850
1 40544U 15017A   21039.12705185 -.00000063  00000-0  00000+0 0  9994
2 40544  56.5645  34.9170 0005351 268.6724  91.2834  1.70474707 36534
1 40544U 15017A   21039.12705185 -.00000063  00000-0  00000-0 0  9995
2 40544  56.5645  34.9170 0005351 268.6724  91.2834  1.70474707 35870
1 40544U 15017A   21039.71363607 -.00000065  00000-0  00000-0 0  9991
2 40544  56.5649  34.9009 0005345 268.9476  91.0064  1.70474710 35883
1 40544U 15017A   21040.30021804 -.00000067  00000-0  00000-0 0  9990
2 40544  56.5652  34.8847 0005336 269.1568  90.7952  1.70474772 35892
1 40544U 15017A   21042.05997047 -.00000072  00000-0  00000+0 0  9990
2 40544  56.5663  34.8363 0005309 269.7869  90.1584  1.70474753 36588
1 40544U 15017A   21042.05997047 -.00000072  00000-0  00000-0 0  9991
2 40544  56.5663  34.8363 0005309 269.7869  90.1584  1.70474753 35925
1 40544U 15017A   21043.23313647 -.00000074  00000-0  00000-0 0  9992
2 40544  56.5670  34.8040 0005288 270.2648  89.6768  1.70474833 35941
1 40544U 15017A   21044.40630537 -.00000074  00000-0  00000+0 0  9991
2 40544  56.5677  34.7718 0005275 270.3557  89.5831  1.70474875 36627
1 40544U 15017A   21044.40630537 -.00000074  00000-0  00000-0 0  9992
2 40544  56.5677  34.7718 0005275 270.3557  89.5831  1.70474875 35963
1 40544U 15017A   21047.92582786 -.00000065  00000-0  00000+0 0  9993
2 40544  56.5698  34.6750 0005224 271.6005  88.3390  1.70474918 36682
1 40544U 15017A   21047.92582786 -.00000065  00000-0  00000-0 0  9994
2 40544  56.5698  34.6750 0005224 271.6005  88.3390  1.70474918 36020
