1 43873U 18109A   21001.23811715  .00000080  00000-0  00000-0 0  9994
2 43873  55.0210 170.8965 0010536 196.8299 200.3432  2.00571831 15147
1 43873U 18109A   21001.75026963  .00000082  00000-0  00000-0 0  9996
2 43873  55.0211 170.8763 0010538 196.8190 210.1702  2.00571824 15158
1 43873U 18109A   21002.48566378  .00000086  00000-0  00000-0 0  9990
2 43873  55.0211 170.8473 0010555 196.8413  21.1631  2.00571813 15163
1 43873U 18109A   21002.78498267  .00000088  00000-0  00000+0 0  9995
2 43873  55.0213 170.8355 0010565 196.8128 237.3237  2.00571764 15087
1 43873U 18109A   21002.78498267  .00000088  00000-0  00000-0 0  9996
2 43873  55.0213 170.8355 0010565 196.8128 237.3237  2.00571764 15177
1 43873U 18109A   21003.02404133  .00000089  00000-0  00000-0 0  9994
2 43873  55.0213 170.8260 0010568 196.8176  49.9389  2.00571761 15170
1 43873U 18109A   21003.67608156  .00000094  00000-0  00000-0 0  9992
2 43873  55.0214 170.8003 0010579 196.7938 160.7894  2.00571756 15181
1 43873U 18109A   21004.59074027  .00000099  00000-0  00000-0 0  9993
2 43873  55.0215 170.7642 0010601 196.7751 101.2669  2.00571751 15207
1 43873U 18109A   21004.98383396  .00000101  00000-0  00000+0 0  9991
2 43873  55.0215 170.7487 0010611 196.7675  25.1205  2.00571748 15127
1 43873U 18109A   21005.45558216  .00000103  00000-0  00000-0 0  9992
2 43873  55.0216 170.7300 0010627 196.7577   5.7712  2.00571748 15228
1 43873U 18109A   21005.66519175  .00000103  00000-0  00000-0 0  9996
2 43873  55.0216 170.7218 0010631 196.7456 157.1387  2.00571749 15228
1 43873U 18109A   21006.46778970  .00000103  00000-0  00000-0 0  9995
2 43873  55.0217 170.6901 0010656 196.7216  16.7045  2.00571764 15248
1 43873U 18109A   21006.71867095  .00000102  00000-0  00000-0 0  9999
2 43873  55.0217 170.6802 0010654 196.6950 197.8881  2.00571768 15254
1 43873U 18109A   21007.00863174  .00000101  00000-0  00000+0 0  9994
2 43873  55.0217 170.6687 0010663 196.6791  47.2795  2.00571780 15164
1 43873U 18109A   21007.58966392  .00000097  00000-0  00000-0 0  9998
2 43873  55.0218 170.6458 0010686 196.6693 106.8425  2.00571802 15265
1 43873U 18109A   21007.71616932  .00000096  00000-0  00000-0 0  9994
2 43873  55.0218 170.6408 0010690 196.6802 198.1788  2.00571801 15273
1 43873U 18109A   21008.26454743  .00000090  00000-0  00000-0 0  9999
2 43873  55.0218 170.6191 0010710 196.6873 234.1460  2.00571827 15280
1 43873U 18109A   21008.72593979  .00000083  00000-0  00000-0 0  9997
2 43873  55.0219 170.6008 0010728 196.6980 207.2987  2.00571855 15293
1 43873U 18109A   21009.51014623  .00000071  00000-0  00000+0 0  9995
2 43873  55.0220 170.5698 0010760 196.7231  53.5354  2.00571909 15217
1 43873U 18109A   21009.51014623  .00000071  00000-0  00000-0 0  9996
2 43873  55.0220 170.5698 0010760 196.7231  53.5354  2.00571909 15307
1 43873U 18109A   21009.73820443  .00000067  00000-0  00000-0 0  9990
2 43873  55.0220 170.5608 0010768 196.7438 218.1917  2.00571922 15315
1 43873U 18109A   21010.54981172  .00000053  00000-0  00000-0 0  9993
2 43873  55.0221 170.5287 0010804 196.7868  84.1964  2.00571986 15321
1 43873U 18109A   21010.74029973  .00000049  00000-0  00000-0 0  9992
2 43873  55.0221 170.5212 0010815 196.8219 221.7093  2.00571997 15337
1 43873U 18109A   21011.57013830  .00000036  00000-0  00000-0 0  9995
2 43873  55.0222 170.4884 0010848 196.8230 100.9206  2.00572067 15345
1 43873U 18109A   21012.15533226  .00000028  00000-0  00000-0 0  9997
2 43873  55.0222 170.4652 0010868 196.8326 163.4699  2.00572115 15362
1 43873U 18109A   21012.62880157  .00000024  00000-0  00000-0 0  9993
2 43873  55.0222 170.4465 0010884 196.8081 145.3788  2.00572155 15362
1 43873U 18109A   21013.62546272  .00000018  00000-0  00000+0 0  9993
2 43873  55.0222 170.4071 0010919 196.7669 145.0927  2.00572228 15290
1 43873U 18109A   21013.62546272  .00000018  00000-0  00000-0 0  9994
2 43873  55.0222 170.4071 0010919 196.7669 145.0927  2.00572228 15380
1 43873U 18109A   21014.56252786  .00000019  00000-0  00000-0 0  9993
2 43873  55.0222 170.3700 0010948 196.7841 101.7146  2.00572276 15400
1 43873U 18109A   21014.74466760  .00000020  00000-0  00000-0 0  9994
2 43873  55.0222 170.3628 0010951 196.7851 233.2338  2.00572280 15414
1 43873U 18109A   21015.55471774  .00000026  00000-0  00000-0 0  9991
2 43873  55.0223 170.3308 0010978 196.8018  98.1415  2.00572338 15424
1 43873U 18109A   21015.66038177  .00000027  00000-0  00000+0 0  9999
2 43873  55.0223 170.3266 0010980 196.8094 174.4322  2.00572340 15343
1 43873U 18109A   21015.66038177  .00000027  00000-0  00000-0 0  9990
2 43873  55.0223 170.3266 0010980 196.8094 174.4322  2.00572340 15433
1 43873U 18109A   21016.16328000  .00000032  00000-0  00000-0 0  9999
2 43873  55.0224 170.3069 0010994 196.8846 177.4915  2.00572349 15446
1 43873U 18109A   21016.65740014  .00000037  00000-0  00000-0 0  9991
2 43873  55.0224 170.2874 0011011 196.9199 174.2527  2.00572377 15458
1 43873U 18109A   21017.55551347  .00000047  00000-0  00000-0 0  9991
2 43873  55.0226 170.2519 0011035 196.9756 102.7107  2.00572427 15468
1 43873U 18109A   21018.19090938  .00000053  00000-0  00000-0 0  9993
2 43873  55.0226 170.2269 0011050 197.0275 201.4684  2.00572457 15487
1 43873U 18109A   21018.66354380  .00000056  00000-0  00000+0 0  9991
2 43873  55.0227 170.2083 0011062 197.0697 182.7082  2.00572479 15402
1 43873U 18109A   21018.66354380  .00000056  00000-0  00000-0 0  9992
2 43873  55.0227 170.2083 0011062 197.0697 182.7082  2.00572479 15491
1 43873U 18109A   21019.58015448  .00000061  00000-0  00000-0 0  9999
2 43873  55.0228 170.1722 0011083 197.1365 124.5121  2.00572521 15505
1 43873U 18109A   21019.67464583  .00000062  00000-0  00000-0 0  9998
2 43873  55.0228 170.1685 0011084 197.1461 192.7333  2.00572524 15517
1 43873U 18109A   21020.45270573  .00000063  00000-0  00000-0 0  9991
2 43873  55.0230 170.1378 0011108 197.2276  34.4764  2.00572527 15525
1 43873U 18109A   21020.66833284  .00000063  00000-0  00000+0 0  9997
2 43873  55.0230 170.1293 0011110 197.2519 190.1532  2.00572535 15447
1 43873U 18109A   21020.66833284  .00000063  00000-0  00000-0 0  9998
2 43873  55.0230 170.1293 0011110 197.2519 190.1532  2.00572535 15537
1 43873U 18109A   21021.46432382  .00000061  00000-0  00000-0 0  9999
2 43873  55.0231 170.0979 0011124 197.2759  44.9023  2.00572562 15541
1 43873U 18109A   21021.70611267  .00000060  00000-0  00000-0 0  9996
2 43873  55.0231 170.0884 0011126 197.3012 219.4692  2.00572569 15550
1 43873U 18109A   21022.47868439  .00000055  00000-0  00000-0 0  9990
2 43873  55.0232 170.0580 0011139 197.3414  57.2915  2.00572595 15560
1 43873U 18109A   21022.71029028  .00000054  00000-0  00000+0 0  9998
2 43873  55.0232 170.0488 0011141 197.3624 224.5097  2.00572599 15488
1 43873U 18109A   21022.71029028  .00000054  00000-0  00000-0 0  9999
2 43873  55.0232 170.0488 0011141 197.3624 224.5097  2.00572599 15578
1 43873U 18109A   21023.59583538  .00000048  00000-0  00000-0 0  9990
2 43873  55.0234 170.0140 0011153 197.4057 143.9053  2.00572620 15581
1 43873U 18109A   21023.72612667  .00000047  00000-0  00000-0 0  9990
2 43873  55.0234 170.0088 0011156 197.4152 237.9772  2.00572618 15591
1 43873U 18109A   21024.59543514  .00000042  00000-0  00000-0 0  9995
2 43873  55.0235 169.9746 0011168 197.4726 145.6346  2.00572632 15600
1 43873U 18109A   21024.67293142  .00000041  00000-0  00000-0 0  9992
2 43873  55.0235 169.9715 0011169 197.4775 201.5886  2.00572630 15611
1 43873U 18109A   21025.14508557  .00000038  00000-0  00000+0 0  9999
2 43873  55.0236 169.9529 0011175 197.5117 182.4898  2.00572633 15537
1 43873U 18109A   21025.52694101  .00000037  00000-0  00000-0 0  9992
2 43873  55.0236 169.9379 0011178 197.5140  98.2197  2.00572637 15629
1 43873U 18109A   21025.75649847  .00000036  00000-0  00000-0 0  9993
2 43873  55.0236 169.9288 0011182 197.5285 263.9653  2.00572631 15636
1 43873U 18109A   21026.61390205  .00000033  00000-0  00000-0 0  9997
2 43873  55.0237 169.8950 0011191 197.5782 163.0340  2.00572634 15652
1 43873U 18109A   21026.69872622  .00000033  00000-0  00000-0 0  9993
2 43873  55.0237 169.8917 0011193 197.5873 224.2752  2.00572630 15651
1 43873U 18109A   21027.47091243  .00000033  00000-0  00000+0 0  9991
2 43873  55.0238 169.8612 0011205 197.6514  61.7953  2.00572624 15572
1 43873U 18109A   21027.60773194  .00000033  00000-0  00000-0 0  9999
2 43873  55.0238 169.8558 0011206 197.6528 160.5892  2.00572624 15667
1 43873U 18109A   21027.85721854  .00000033  00000-0  00000-0 0  9992
2 43873  55.0238 169.8460 0011211 197.6821 340.7105  2.00572617 15673
1 43873U 18109A   21028.10049286  .00000034  00000-0  00000-0 0  9994
2 43873  55.0239 169.8364 0011214 197.6960 156.3614  2.00572617 15670
1 43873U 18109A   21028.72429823  .00000035  00000-0  00000-0 0  9992
2 43873  55.0239 169.8118 0011225 197.7526 246.7453  2.00572607 15694
1 43873U 18109A   21029.19784655  .00000037  00000-0  00000-0 0  9993
2 43873  55.0238 169.7931 0011235 197.8384 228.6010  2.00572556 15702
1 43873U 18109A   21029.67095913  .00000040  00000-0  00000+0 0  9991
2 43873  55.0238 169.7744 0011243 197.8615 210.2055  2.00572550 15621
1 43873U 18109A   21029.67095913  .00000040  00000-0  00000-0 0  9992
2 43873  55.0238 169.7744 0011243 197.8615 210.2055  2.00572550 15711
1 43873U 18109A   21030.62026285  .00000046  00000-0  00000-0 0  9991
2 43873  55.0238 169.7369 0011254 197.8484 175.6968  2.00572545 15733
1 43873U 18109A   21031.92986063  .00000054  00000-0  00000-0 0  9993
2 43873  55.0238 169.6852 0011280 197.8438  41.3424  2.00572540 15750
1 43873U 18109A   21032.09007644  .00000055  00000-0  00000+0 0  9991
2 43873  55.0238 169.6789 0011284 197.8465 157.0291  2.00572540 15671
1 43873U 18109A   21032.34342578  .00000056  00000-0  00000-0 0  9999
2 43873  55.0239 169.6689 0011290 197.8495 339.9659  2.00572540 15760
1 43873U 18109A   21033.48584963  .00000058  00000-0  00000-0 0  9993
2 43873  55.0239 169.6238 0011324 197.8680  84.8747  2.00572555 15786
1 43873U 18109A   21033.65789030  .00000057  00000-0  00000-0 0  9993
2 43873  55.0239 169.6170 0011329 197.8789 209.0917  2.00572553 15795
1 43873U 18109A   21034.49935473  .00000054  00000-0  00000+0 0  9996
2 43873  55.0239 169.5837 0011355 197.8718  96.7081  2.00572583 15713
1 43873U 18109A   21034.49935473  .00000054  00000-0  00000-0 0  9997
2 43873  55.0239 169.5837 0011355 197.8718  96.7081  2.00572583 15803
1 43873U 18109A   21035.55103767  .00000044  00000-0  00000-0 0  9997
2 43873  55.0239 169.5422 0011392 197.9105 136.0742  2.00572625 15826
1 43873U 18109A   21035.92001382  .00000039  00000-0  00000-0 0  9992
2 43873  55.0239 169.5277 0011406 197.9337  42.4832  2.00572638 15832
1 43873U 18109A   21036.60482263  .00000028  00000-0  00000-0 0  9997
2 43873  55.0239 169.5006 0011432 198.0061 176.9014  2.00572675 15855
1 43873U 18109A   21036.69491715  .00000026  00000-0  00000+0 0  9995
2 43873  55.0239 169.4970 0011435 198.0133 241.9501  2.00572677 15763
1 43873U 18109A   21036.69491715  .00000026  00000-0  00000-0 0  9996
2 43873  55.0239 169.4970 0011435 198.0133 241.9501  2.00572677 15853
1 43873U 18109A   21037.63067806  .00000010  00000-0  00000-0 0  9994
2 43873  55.0239 169.4600 0011472 198.0995 197.5634  2.00572736 15871
1 43873U 18109A   21037.70598313  .00000009  00000-0  00000-0 0  9992
2 43873  55.0239 169.4570 0011475 198.1057 251.9339  2.00572740 15872
1 43873U 18109A   21038.54026262 -.00000005  00000-0  00000-0 0  9991
2 43873  55.0239 169.4241 0011510 198.1752 134.2858  2.00572801 15887
1 43873U 18109A   21038.65779767 -.00000007  00000-0  00000-0 0  9990
2 43873  55.0239 169.4194 0011513 198.1899 219.1415  2.00572808 15899
1 43873U 18109A   21039.13003000 -.00000014  00000-0  00000+0 0  9991
2 43873  55.0239 169.4007 0011531 198.2186 200.1051  2.00572844 15810
1 43873U 18109A   21039.54494021 -.00000019  00000-0  00000-0 0  9999
2 43873  55.0239 169.3843 0011549 198.2422 139.6825  2.00572878 15901
1 43873U 18109A   21039.66446358 -.00000020  00000-0  00000-0 0  9994
2 43873  55.0239 169.3796 0011552 198.2473 225.9835  2.00572885 15917
1 43873U 18109A   21040.58434104 -.00000026  00000-0  00000-0 0  9999
2 43873  55.0239 169.3433 0011587 198.2860 170.1759  2.00572962 15937
1 43873U 18109A   21040.90973719 -.00000027  00000-0  00000-0 0  9996
2 43873  55.0239 169.3304 0011602 198.3168  45.1092  2.00572988 15933
1 43873U 18109A   21041.31588292 -.00000028  00000-0  00000+0 0  9990
2 43873  55.0239 169.3143 0011617 198.3402 338.3582  2.00573016 15856
1 43873U 18109A   21041.31588292 -.00000028  00000-0  00000-0 0  9991
2 43873  55.0239 169.3143 0011617 198.3402 338.3582  2.00573016 15946
1 43873U 18109A   21041.69572285 -.00000027  00000-0  00000-0 0  9996
2 43873  55.0239 169.2993 0011630 198.3792 252.5964  2.00573040 15954
1 43873U 18109A   21042.52811150 -.00000022  00000-0  00000-0 0  9991
2 43873  55.0240 169.2665 0011663 198.4797 133.5526  2.00573102 15966
1 43873U 18109A   21042.63823928 -.00000021  00000-0  00000-0 0  9998
2 43873  55.0240 169.2622 0011665 198.4820 213.0722  2.00573106 15975
1 43873U 18109A   21043.41082676 -.00000014  00000-0  00000+0 0  9993
2 43873  55.0240 169.2317 0011696 198.5758  50.8537  2.00573158 15890
1 43873U 18109A   21043.59551561 -.00000012  00000-0  00000-0 0  9995
2 43873  55.0240 169.2244 0011698 198.5890 184.2020  2.00573166 15997
1 43873U 18109A   21043.65466503 -.00000011  00000-0  00000-0 0  9992
2 43873  55.0240 169.2220 0011693 198.5232 226.9789  2.00573168 15994
1 43873U 18109A   21044.42559818 -.00000003  00000-0  00000-0 0  9991
2 43873  55.0240 169.1917 0011726 198.6931  63.4900  2.00573216 16006
1 43873U 18109A   21044.66487236  .00000000  00000-0  00000-0 0  9997
2 43873  55.0240 169.1822 0011721 198.6271 236.3330  2.00573226 16013
1 43873U 18109A   21045.54453112  .00000008  00000-0  00000+0 0  9998
2 43873  55.0241 169.1476 0011746 198.7418 151.4089  2.00573273 15941
1 43873U 18109A   21045.54453112  .00000008  00000-0  00000-0 0  9999
2 43873  55.0241 169.1476 0011746 198.7418 151.4089  2.00573273 16021
1 43873U 18109A   21045.68104637  .00000010  00000-0  00000-0 0  9992
2 43873  55.0241 169.1422 0011748 198.7536 249.9731  2.00573276 16036
1 43873U 18109A   21046.56057601  .00000016  00000-0  00000-0 0  9994
2 43873  55.0242 169.1075 0011772 198.8916 164.9325  2.00573313 16050
1 43873U 18109A   21046.69349403  .00000016  00000-0  00000-0 0  9992
2 43873  55.0242 169.1023 0011772 198.8741 260.9284  2.00573317 16054
1 43873U 18109A   21047.39587050  .00000018  00000-0  00000-0 0  9994
2 43873  55.0243 169.0747 0011790 198.9659  48.0140  2.00573345 16064
1 43873U 18109A   21047.63519611  .00000019  00000-0  00000+0 0  9999
2 43873  55.0243 169.0652 0011793 199.0038 220.7903  2.00573354 15981
1 43873U 18109A   21048.56797257  .00000017  00000-0  00000-0 0  9995
2 43873  55.0244 169.0285 0011810 199.0839 174.2568  2.00573387 16092
1 43873U 18109A   21048.64947622  .00000017  00000-0  00000-0 0  9997
2 43873  55.0243 169.0253 0011811 199.0903 233.1031  2.00573389 16091
1 43873U 18109A   21049.42434319  .00000014  00000-0  00000-0 0  9995
2 43873  55.0244 168.9948 0011822 199.1079  72.6077  2.00573416 16107
1 43873U 18109A   21049.66230955  .00000013  00000-0  00000+0 0  9999
2 43873  55.0244 168.9855 0011824 199.1431 244.4052  2.00573422 16028
1 43873U 18109A   21049.89219219  .00000011  00000-0  00000-0 0  9993
2 43873  55.0244 168.9764 0011830 199.1739  50.3698  2.00573428 16111
