1 41550U 16030B   21003.80883146  .00000003  00000-0  00000+0 0  9991
2 41550  56.1389 276.4583 0003542 310.4139  49.6202  1.70474307 28713
1 41550U 16030B   21003.80883146  .00000003  00000-0  00000-0 0  9992
2 41550  56.1389 276.4583 0003542 310.4139  49.6202  1.70474307 28735
1 41550U 16030B   21004.98199398 -.00000003  00000-0  00000-0 0  9992
2 41550  56.1380 276.4261 0003525 311.0884  48.9414  1.70474290 28754
1 41550U 16030B   21006.74173615 -.00000010  00000-0  00000+0 0  9999
2 41550  56.1367 276.3777 0003513 311.6503  48.3731  1.70474302 28762
1 41550U 16030B   21006.74173615 -.00000010  00000-0  00000-0 0  9990
2 41550  56.1367 276.3777 0003513 311.6503  48.3731  1.70474302 28784
1 41550U 16030B   21008.50149029 -.00000011  00000-0  00000-0 0  9999
2 41550  56.1353 276.3293 0003478 312.5341  47.4889  1.70474281 28816
1 41550U 16030B   21010.84784361 -.00000006  00000-0  00000+0 0  9996
2 41550  56.1334 276.2647 0003433 313.6249  46.4082  1.70474363 28834
1 41550U 16030B   21010.84784361 -.00000006  00000-0  00000-0 0  9997
2 41550  56.1334 276.2647 0003433 313.6249  46.4082  1.70474363 28856
1 41550U 16030B   21012.02102329 -.00000004  00000-0  00000-0 0  9995
2 41550  56.1325 276.2324 0003412 314.1068  45.9330  1.70474397 28879
1 41550U 16030B   21013.78078806 -.00000007  00000-0  00000+0 0  9993
2 41550  56.1310 276.1840 0003379 314.7686  45.2784  1.70474453 28889
1 41550U 16030B   21013.78078806 -.00000007  00000-0  00000-0 0  9994
2 41550  56.1310 276.1840 0003379 314.7686  45.2784  1.70474453 28902
1 41550U 16030B   21016.12712850 -.00000015  00000-0  00000+0 0  9997
2 41550  56.1297 276.1196 0003319 316.2766  43.7715  1.70474496 28926
1 41550U 16030B   21016.12712850 -.00000015  00000-0  00000-0 0  9998
2 41550  56.1297 276.1196 0003319 316.2766  43.7715  1.70474496 28948
1 41550U 16030B   21018.47345532 -.00000017  00000-0  00000+0 0  9998
2 41550  56.1278 276.0552 0003266 317.1192  42.9237  1.70474602 28967
1 41550U 16030B   21018.47345532 -.00000017  00000-0  00000-0 0  9999
2 41550  56.1278 276.0552 0003266 317.1192  42.9237  1.70474602 28989
1 41550U 16030B   21021.99295999  .00000000  00000-0  00000-0 0  9992
2 41550  56.1251 275.9584 0003192 318.4300  41.6125  1.70474628 29044
1 41550U 16030B   21021.99295999 -.00000000  00000-0  00000+0 0  9992
2 41550  56.1251 275.9584 0003192 318.4300  41.6125  1.70474628 29022
1 41550U 16030B   21023.16613392  .00000008  00000-0  00000-0 0  9992
2 41550  56.1242 275.9261 0003172 318.8333  41.2131  1.70474641 29064
1 41550U 16030B   21024.92589872  .00000021  00000-0  00000+0 0  9996
2 41550  56.1228 275.8777 0003140 319.7450  40.3105  1.70474679 29077
1 41550U 16030B   21024.92589872  .00000021  00000-0  00000-0 0  9997
2 41550  56.1228 275.8777 0003140 319.7450  40.3105  1.70474679 29099
1 41550U 16030B   21025.51248914  .00000026  00000-0  00000-0 0  9997
2 41550  56.1223 275.8615 0003127 320.0547  40.0042  1.70474642 29101
1 41550U 16030B   21026.68566939  .00000033  00000-0  00000-0 0  9994
2 41550  56.1215 275.8291 0003076 321.3919  38.6740  1.70474612 29129
1 41550U 16030B   21027.85884428  .00000038  00000-0  00000+0 0  9994
2 41550  56.1206 275.7968 0003054 321.9364  38.1341  1.70474600 29124
1 41550U 16030B   21027.85884428  .00000038  00000-0  00000-0 0  9995
2 41550  56.1206 275.7968 0003054 321.9364  38.1341  1.70474600 29146
1 41550U 16030B   21029.03201545  .00000040  00000-0  00000-0 0  9993
2 41550  56.1197 275.7645 0003032 322.3460  37.7262  1.70474556 29164
1 41550U 16030B   21030.79175972  .00000036  00000-0  00000+0 0  9996
2 41550  56.1184 275.7160 0003008 323.1141  36.9544  1.70474552 29171
1 41550U 16030B   21030.79175972  .00000036  00000-0  00000-0 0  9997
2 41550  56.1184 275.7160 0003008 323.1141  36.9544  1.70474552 29193
1 41550U 16030B   21031.96491987  .00000030  00000-0  00000-0 0  9998
2 41550  56.1176 275.6836 0002992 323.6554  36.4073  1.70474473 29214
1 41550U 16030B   21033.13807558  .00000025  00000-0  00000+0 0  9997
2 41550  56.1167 275.6513 0002973 324.2690  35.7870  1.70474493 29212
1 41550U 16030B   21033.13807558  .00000025  00000-0  00000-0 0  9998
2 41550  56.1167 275.6513 0002973 324.2690  35.7870  1.70474493 29234
1 41550U 16030B   21033.72465581  .00000022  00000-0  00000-0 0  9996
2 41550  56.1163 275.6351 0002961 324.4987  35.5542  1.70474451 29247
1 41550U 16030B   21034.89781466  .00000020  00000-0  00000-0 0  9996
2 41550  56.1154 275.6028 0002942 325.0062  35.0425  1.70474509 29269
1 41550U 16030B   21035.48439648  .00000019  00000-0  00000+0 0  9991
2 41550  56.1150 275.5866 0002930 325.2791  34.7687  1.70474528 29258
1 41550U 16030B   21035.48439648  .00000019  00000-0  00000-0 0  9992
2 41550  56.1150 275.5866 0002930 325.2791  34.7687  1.70474528 29270
1 41550U 16030B   21036.65756498  .00000021  00000-0  00000-0 0  9990
2 41550  56.1141 275.5543 0002919 326.1208  33.9279  1.70474560 29298
1 41550U 16030B   21037.83074050  .00000023  00000-0  00000+0 0  9999
2 41550  56.1133 275.5220 0002892 326.6413  33.4109  1.70474521 29298
1 41550U 16030B   21037.83074050  .00000023  00000-0  00000-0 0  9990
2 41550  56.1133 275.5220 0002892 326.6413  33.4109  1.70474521 29311
1 41550U 16030B   21040.17708799  .00000024  00000-0  00000+0 0  9995
2 41550  56.1125 275.4572 0002842 327.5728  32.4873  1.70474597 29337
1 41550U 16030B   21040.17708799  .00000024  00000-0  00000-0 0  9996
2 41550  56.1125 275.4572 0002842 327.5728  32.4873  1.70474597 29359
1 41550U 16030B   21040.76367264  .00000023  00000-0  00000-0 0  9998
2 41550  56.1120 275.4411 0002847 327.6214  32.4394  1.70474618 29365
1 41550U 16030B   21041.93683833  .00000018  00000-0  00000-0 0  9995
2 41550  56.1109 275.4088 0002823 328.0968  31.9639  1.70474693 29388
1 41550U 16030B   21043.11000196  .00000013  00000-0  00000+0 0  9996
2 41550  56.1100 275.3765 0002795 328.6154  31.4425  1.70474704 29382
1 41550U 16030B   21043.11000196  .00000013  00000-0  00000-0 0  9997
2 41550  56.1100 275.3765 0002795 328.6154  31.4425  1.70474704 29405
1 41550U 16030B   21046.04289391  .00000008  00000-0  00000+0 0  9991
2 41550  56.1079 275.2957 0002717 329.7009  30.3446  1.70474928 29439
1 41550U 16030B   21046.04289391  .00000008  00000-0  00000-0 0  9992
2 41550  56.1079 275.2957 0002717 329.7009  30.3446  1.70474928 29451
1 41550U 16030B   21048.97580569  .00000020  00000-0  00000+0 0  9990
2 41550  56.1056 275.2149 0002653 330.1896  29.8493  1.70474810 29486
1 41550U 16030B   21048.97580569  .00000020  00000-0  00000-0 0  9991
2 41550  56.1056 275.2149 0002653 330.1896  29.8493  1.70474810 29509
