1 40890U 15045B   21003.00128761  .00000006  00000-0  00000+0 0  9992
2 40890  55.9975 276.6018 0003961 356.3124   3.7514  1.70474622 33094
1 40890U 15045B   21003.00128761  .00000006  00000-0  00000-0 0  9993
2 40890  55.9975 276.6018 0003961 356.3124   3.7514  1.70474622 33094
1 40890U 15045B   21005.34761446 -.00000005  00000-0  00000+0 0  9994
2 40890  55.9956 276.5370 0004022 359.2343   0.8235  1.70474534 33132
1 40890U 15045B   21005.34761446 -.00000005  00000-0  00000-0 0  9995
2 40890  55.9956 276.5370 0004022 359.2343   0.8235  1.70474534 33132
1 40890U 15045B   21005.93418862 -.00000008  00000-0  00000-0 0  9994
2 40890  55.9952 276.5208 0003999 357.6084   2.4457  1.70474593 33144
1 40890U 15045B   21010.04027437 -.00000008  00000-0  00000+0 0  9995
2 40890  55.9921 276.4073 0004027 359.2886   0.7680  1.70474668 33210
1 40890U 15045B   21010.04027437 -.00000008  00000-0  00000-0 0  9996
2 40890  55.9921 276.4073 0004027 359.2886   0.7680  1.70474668 33210
1 40890U 15045B   21011.80003360 -.00000005  00000-0  00000-0 0  9997
2 40890  55.9906 276.3588 0004016 358.7804   1.2851  1.70474840 33246
1 40890U 15045B   21012.38663392 -.00000005  00000-0  00000+0 0  9997
2 40890  55.9902 276.3426 0004053   0.2907 359.7789  1.70474590 33251
1 40890U 15045B   21012.38663392 -.00000005  00000-0  00000-0 0  9998
2 40890  55.9902 276.3426 0004053   0.2907 359.7789  1.70474590 33251
1 40890U 15045B   21012.97322195 -.00000005  00000-0  00000-0 0  9996
2 40890  55.9897 276.3264 0004055   0.4010 359.6712  1.70474588 33266
1 40890U 15045B   21020.01220943 -.00000012  00000-0  00000+0 0  9995
2 40890  55.9867 276.1319 0004079   3.8419 356.2266  1.70474889 33382
1 40890U 15045B   21020.01220943 -.00000012  00000-0  00000-0 0  9996
2 40890  55.9867 276.1319 0004079   3.8419 356.2266  1.70474889 33382
1 40890U 15045B   21021.18537593 -.00000006  00000-0  00000-0 0  9990
2 40890  55.9858 276.0995 0004079   4.3060 355.7628  1.70474904 33406
1 40890U 15045B   21022.35854690  .00000002  00000-0  00000+0 0  9994
2 40890  55.9847 276.0671 0004084   4.8982 355.1732  1.70474892 33427
1 40890U 15045B   21022.35854690  .00000002  00000-0  00000-0 0  9995
2 40890  55.9847 276.0671 0004084   4.8982 355.1732  1.70474892 33427
1 40890U 15045B   21022.94513904  .00000006  00000-0  00000-0 0  9994
2 40890  55.9817 276.0510 0004097   6.6912 353.3836  1.70474830 33431
1 40890U 15045B   21024.11831189  .00000015  00000-0  00000-0 0  9993
2 40890  55.9807 276.0186 0004111   7.4101 352.6703  1.70474890 33458
1 40890U 15045B   21024.70490031  .00000019  00000-0  00000+0 0  9998
2 40890  55.9803 276.0024 0004116   7.7574 352.3263  1.70474880 33465
1 40890U 15045B   21024.70490031  .00000019  00000-0  00000-0 0  9999
2 40890  55.9803 276.0024 0004116   7.7574 352.3263  1.70474880 33465
1 40890U 15045B   21027.05125369  .00000034  00000-0  00000+0 0  9995
2 40890  55.9785 275.9376 0004131   9.0021 351.0945  1.70474807 33508
1 40890U 15045B   21027.05125369  .00000034  00000-0  00000-0 0  9996
2 40890  55.9785 275.9376 0004131   9.0021 351.0945  1.70474807 33508
1 40890U 15045B   21028.81100584  .00000039  00000-0  00000-0 0  9998
2 40890  55.9771 275.8889 0004152   9.4705 350.6306  1.70474865 33530
1 40890U 15045B   21029.39758983  .00000039  00000-0  00000+0 0  9993
2 40890  55.9767 275.8728 0004157   9.6746 350.4264  1.70474814 33545
1 40890U 15045B   21029.39758983  .00000039  00000-0  00000-0 0  9994
2 40890  55.9767 275.8728 0004157   9.6746 350.4264  1.70474814 33545
1 40890U 15045B   21029.98416907  .00000038  00000-0  00000-0 0  9995
2 40890  55.9763 275.8566 0004161   9.9127 350.1874  1.70474861 33559
1 40890U 15045B   21031.15732989  .00000034  00000-0  00000-0 0  9994
2 40890  55.9754 275.8242 0004170  10.3834 349.7126  1.70474777 33573
1 40890U 15045B   21035.84996112  .00000019  00000-0  00000+0 0  9996
2 40890  55.9718 275.6944 0004199  11.8867 348.1897  1.70474732 33651
1 40890U 15045B   21035.84996112  .00000019  00000-0  00000-0 0  9997
2 40890  55.9718 275.6944 0004199  11.8867 348.1897  1.70474732 33651
1 40890U 15045B   21037.02312750  .00000021  00000-0  00000-0 0  9992
2 40890  55.9709 275.6619 0004197  12.3308 347.7474  1.70474797 33673
1 40890U 15045B   21039.95605791  .00000024  00000-0  00000+0 0  9998
2 40890  55.9687 275.5808 0004197  13.3222 346.7659  1.70474829 33729
1 40890U 15045B   21039.95605791  .00000024  00000-0  00000-0 0  9999
2 40890  55.9687 275.5808 0004197  13.3222 346.7659  1.70474829 33729
1 40890U 15045B   21041.12922524  .00000021  00000-0  00000-0 0  9994
2 40890  55.9679 275.5484 0004194  13.7268 346.3629  1.70474880 33743
1 40890U 15045B   21041.71580859  .00000018  00000-0  00000-0 0  9996
2 40890  55.9674 275.5322 0004194  13.9336 346.1560  1.70474866 33754
1 40890U 15045B   21044.06212669  .00000009  00000-0  00000+0 0  9997
2 40890  55.9657 275.4673 0004193  14.9626 345.1203  1.70474975 33793
1 40890U 15045B   21044.06212669  .00000009  00000-0  00000-0 0  9998
2 40890  55.9657 275.4673 0004193  14.9626 345.1203  1.70474975 33793
1 40890U 15045B   21044.64870565  .00000007  00000-0  00000-0 0  9995
2 40890  55.9653 275.4511 0004189  15.2491 344.8313  1.70474966 33809
1 40890U 15045B   21048.75476024  .00000018  00000-0  00000+0 0  9994
2 40890  55.9623 275.3376 0004151  16.8530 343.2149  1.70475088 33877
1 40890U 15045B   21048.75476024  .00000018  00000-0  00000-0 0  9995
2 40890  55.9623 275.3376 0004151  16.8530 343.2149  1.70475088 33877
1 40890U 15045B   21049.34134201  .00000022  00000-0  00000-0 0  9994
2 40890  55.9614 275.3215 0004151  17.0906 342.9774  1.70475118 33884
1 40890U 15045B   21049.92792630  .00000026  00000-0  00000-0 0  9998
2 40890  55.9609 275.3052 0004149  17.2797 342.7890  1.70475089 33899
1 40890U 15045B   21051.10109749  .00000034  00000-0  00000+0 0  9992
2 40890  55.9605 275.2728 0004169  17.3799 342.6915  1.70475016 33919
1 40890U 15045B   21051.10109749  .00000034  00000-0  00000-0 0  9993
2 40890  55.9605 275.2728 0004169  17.3799 342.6915  1.70475016 33919
1 40890U 15045B   21053.44743873  .00000048  00000-0  00000+0 0  9998
2 40890  55.9591 275.2078 0004151  18.0777 342.0020  1.70475006 33950
1 40890U 15045B   21053.44743873  .00000048  00000-0  00000-0 0  9999
2 40890  55.9591 275.2078 0004151  18.0777 342.0020  1.70475006 33950
1 40890U 15045B   21054.03401875  .00000051  00000-0  00000-0 0  9992
2 40890  55.9585 275.1916 0004138  18.4088 341.6728  1.70475131 33967
1 40890U 15045B   21056.38034999  .00000056  00000-0  00000+0 0  9995
2 40890  55.9568 275.1266 0004122  18.8699 341.2131  1.70475044 34004
1 40890U 15045B   21056.38034999  .00000056  00000-0  00000-0 0  9996
2 40890  55.9568 275.1266 0004122  18.8699 341.2131  1.70475044 34004
1 40890U 15045B   21056.96692952  .00000055  00000-0  00000-0 0  9998
2 40890  55.9564 275.1104 0004119  18.9652 341.1162  1.70475024 34019
1 40890U 15045B   21058.72666162  .00000048  00000-0  00000+0 0  9999
2 40890  55.9552 275.0617 0004117  19.3497 340.7223  1.70474932 34047
1 40890U 15045B   21058.72666162  .00000048  00000-0  00000-0 0  9990
2 40890  55.9552 275.0617 0004117  19.3497 340.7223  1.70474932 34047
1 40890U 15045B   21060.48638585  .00000037  00000-0  00000-0 0  9992
2 40890  55.9540 275.0130 0004109  19.7578 340.3011  1.70474942 34074
1 40890U 15045B   21064.00585634  .00000030  00000-0  00000+0 0  9992
2 40890  55.9515 274.9156 0004089  20.5431 339.5027  1.70474955 34135
1 40890U 15045B   21064.00585634  .00000030  00000-0  00000-0 0  9993
2 40890  55.9515 274.9156 0004089  20.5431 339.5027  1.70474955 34135
1 40890U 15045B   21066.93877203  .00000031  00000-0  00000+0 0  9993
2 40890  55.9495 274.8345 0004054  21.1215 338.9294  1.70475072 34185
1 40890U 15045B   21066.93877203  .00000031  00000-0  00000-0 0  9994
2 40890  55.9495 274.8345 0004054  21.1215 338.9294  1.70475072 34185
1 40890U 15045B   21067.52535575  .00000029  00000-0  00000-0 0  9990
2 40890  55.9491 274.8184 0004035  21.5961 338.4556  1.70475071 34199
1 40890U 15045B   21069.87167710  .00000017  00000-0  00000+0 0  9998
2 40890  55.9475 274.7535 0004002  22.2582 337.7894  1.70475126 34234
1 40890U 15045B   21069.87167710  .00000017  00000-0  00000-0 0  9999
2 40890  55.9475 274.7535 0004002  22.2582 337.7894  1.70475126 34234
1 40890U 15045B   21071.04483284  .00000011  00000-0  00000-0 0  9992
2 40890  55.9467 274.7211 0003969  22.7757 337.2663  1.70475130 34252
1 40890U 15045B   21073.97771205  .00000006  00000-0  00000+0 0  9992
2 40890  55.9446 274.6401 0003918  23.5139 336.5119  1.70475279 34304
1 40890U 15045B   21074.56428957  .00000007  00000-0  00000-0 0  9993
2 40890  55.9442 274.6239 0003904  23.6286 336.3948  1.70475286 34315
1 40890U 15045B   21074.56429006  .00000007  00000-0  00000-0 0  9999
2 40890  55.9442 274.6239 0003910  23.5392 336.4842  1.70475272 34318
1 40890U 15045B   21076.32402665  .00000015  00000-0  00000+0 0  9995
2 40890  55.9427 274.5753 0003894  23.8451 336.1745  1.70475344 34343
1 40890U 15045B   21076.32402665  .00000015  00000-0  00000-0 0  9996
2 40890  55.9427 274.5753 0003894  23.8451 336.1745  1.70475344 34343
1 40890U 15045B   21076.91061311  .00000018  00000-0  00000-0 0  9993
2 40890  55.9422 274.5593 0003883  23.9646 336.0549  1.70475202 34350
1 40890U 15045B   21079.84352371  .00000034  00000-0  00000+0 0  9994
2 40890  55.9403 274.4783 0003843  24.5519 335.4737  1.70475372 34407
1 40890U 15045B   21079.84352371  .00000034  00000-0  00000-0 0  9995
2 40890  55.9403 274.4783 0003843  24.5519 335.4737  1.70475372 34407
1 40890U 15045B   21080.43010932  .00000037  00000-0  00000-0 0  9999
2 40890  55.9399 274.4621 0003847  24.5593 335.4681  1.70475320 34410
1 40890U 15045B   21081.60327670  .00000042  00000-0  00000-0 0  9995
2 40890  55.9391 274.4297 0003824  24.7980 335.2324  1.70475302 34432
1 40890U 15045B   21083.36302106  .00000044  00000-0  00000+0 0  9998
2 40890  55.9378 274.3811 0003800  24.7959 335.2347  1.70475249 34466
1 40890U 15045B   21083.36302106  .00000044  00000-0  00000-0 0  9999
2 40890  55.9378 274.3811 0003800  24.7959 335.2347  1.70475249 34466
1 40890U 15045B   21084.53617856  .00000042  00000-0  00000-0 0  9998
2 40890  55.9370 274.3487 0003765  24.9980 335.0290  1.70475209 34486
1 40890U 15045B   21085.70932907  .00000036  00000-0  00000+0 0  9997
2 40890  55.9362 274.3163 0003737  25.0362 334.9840  1.70475203 34509
1 40890U 15045B   21085.70932907  .00000036  00000-0  00000-0 0  9998
2 40890  55.9362 274.3163 0003737  25.0362 334.9840  1.70475203 34509
1 40890U 15045B   21086.29590328  .00000032  00000-0  00000-0 0  9996
2 40890  55.9360 274.3000 0003727  25.0725 334.9435  1.70475192 34517
1 40890U 15045B   21086.88247728  .00000028  00000-0  00000-0 0  9999
2 40890  55.9355 274.2838 0003719  25.1019 334.9097  1.70475189 34528
1 40890U 15045B   21089.81535485  .00000014  00000-0  00000+0 0  9999
2 40890  55.9335 274.2028 0003666  25.4442 334.5493  1.70475148 34577
1 40890U 15045B   21089.81535485  .00000014  00000-0  00000-0 0  9990
2 40890  55.9335 274.2028 0003666  25.4442 334.5493  1.70475148 34577
1 40890U 15045B   21090.98851311  .00000012  00000-0  00000-0 0  9997
2 40890  55.9326 274.1704 0003637  25.5671 334.4245  1.70475183 34595
1 40890U 15045B   21092.74826047  .00000013  00000-0  00000+0 0  9991
2 40890  55.9312 274.1218 0003587  25.6252 334.3687  1.70475215 34629
1 40890U 15045B   21092.74826047  .00000013  00000-0  00000-0 0  9992
2 40890  55.9312 274.1218 0003587  25.6252 334.3687  1.70475215 34629
1 40890U 15045B   21093.33484468  .00000012  00000-0  00000-0 0  9994
2 40890  55.9308 274.1056 0003580  25.6613 334.3340  1.70475203 34632
1 40890U 15045B   21093.92142786  .00000011  00000-0  00000-0 0  9992
2 40890  55.9303 274.0894 0003551  25.6767 334.3198  1.70475222 34647
1 40890U 15045B   21095.68117152  .00000004  00000-0  00000+0 0  9997
2 40890  55.9288 274.0409 0003525  25.7604 334.2374  1.70475315 34674
1 40890U 15045B   21095.68117152  .00000004  00000-0  00000-0 0  9998
2 40890  55.9288 274.0409 0003525  25.7604 334.2374  1.70475315 34674
1 40890U 15045B   21098.02748514 -.00000012  00000-0  00000+0 0  9990
2 40890  55.9270 273.9761 0003456  26.1192 333.8716  1.70475353 34716
1 40890U 15045B   21098.02748514 -.00000012  00000-0  00000-0 0  9991
2 40890  55.9270 273.9761 0003456  26.1192 333.8716  1.70475353 34716
1 40890U 15045B   21099.20063717 -.00000018  00000-0  00000-0 0  9993
2 40890  55.9269 273.9438 0003442  26.2544 333.7304  1.70475402 34731
1 40890U 15045B   21100.37378835 -.00000021  00000-0  00000+0 0  9997
2 40890  55.9261 273.9115 0003420  26.3197 333.6591  1.70475445 34752
1 40890U 15045B   21100.37378835 -.00000021  00000-0  00000-0 0  9998
2 40890  55.9261 273.9115 0003420  26.3197 333.6591  1.70475445 34752
1 40890U 15045B   21100.37378933 -.00000021  00000-0  00000-0 0  9997
2 40890  55.9261 273.9115 0003407  26.3838 333.5950  1.70475423 34753
1 40890U 15045B   21100.96036658 -.00000021  00000-0  00000-0 0  9997
2 40890  55.9257 273.8954 0003389  26.4339 333.5422  1.70475420 34766
1 40890U 15045B   21102.72009984 -.00000017  00000-0  00000-0 0  9990
2 40890  55.9245 273.8470 0003319  26.4862 333.4847  1.70475497 34797
1 40890U 15045B   21104.47984329 -.00000009  00000-0  00000-0 0  9990
2 40890  55.9232 273.7986 0003270  26.4855 333.4859  1.70475494 34826
1 40890U 15045B   21104.47984388 -.00000009  00000-0  00000+0 0  9994
2 40890  55.9232 273.7986 0003281  26.4403 333.5311  1.70475468 34822
1 40890U 15045B   21105.65300665 -.00000002  00000-0  00000-0 0  9999
2 40890  55.9224 273.7663 0003247  26.4674 333.5071  1.70475569 34844
1 40890U 15045B   21107.99934603  .00000009  00000-0  00000+0 0  9998
2 40890  55.9207 273.7017 0003190  26.5659 333.4180  1.70475496 34882
1 40890U 15045B   21107.99934603  .00000009  00000-0  00000-0 0  9999
2 40890  55.9207 273.7017 0003190  26.5659 333.4180  1.70475496 34882
1 40890U 15045B   21110.34567995  .00000015  00000-0  00000+0 0  9994
2 40890  55.9189 273.6371 0003121  26.3154 333.6740  1.70475384 34920
1 40890U 15045B   21110.34567995  .00000015  00000-0  00000-0 0  9995
2 40890  55.9189 273.6371 0003121  26.3154 333.6740  1.70475384 34920
1 40890U 15045B   21111.51883703  .00000013  00000-0  00000-0 0  9991
2 40890  55.9180 273.6048 0003091  26.0595 333.9286  1.70475403 34946
1 40890U 15045B   21112.69198942  .00000008  00000-0  00000+0 0  9998
2 40890  55.9171 273.5725 0003051  25.7275 334.2562  1.70475413 34968
1 40890U 15045B   21112.69198942  .00000008  00000-0  00000-0 0  9999
2 40890  55.9171 273.5725 0003051  25.7275 334.2562  1.70475413 34968
1 40890U 15045B   21113.86514033  .00000001  00000-0  00000-0 0  9995
2 40890  55.9162 273.5402 0003018  25.4707 334.5063  1.70475365 34987
1 40890U 15045B   21115.62486554 -.00000010  00000-0  00000+0 0  9997
2 40890  55.9149 273.4916 0002988  25.2960 334.6707  1.70475350 35010
1 40890U 15045B   21115.62486554 -.00000010  00000-0  00000-0 0  9998
2 40890  55.9149 273.4916 0002988  25.2960 334.6707  1.70475350 35010
1 40890U 15045B   21116.21144053 -.00000013  00000-0  00000-0 0  9992
2 40890  55.9145 273.4754 0002952  25.1145 334.8495  1.70475362 35021
1 40890U 15045B   21118.55776059 -.00000017  00000-0  00000+0 0  9991
2 40890  55.9128 273.4108 0002906  24.8670 335.0949  1.70475342 35062
1 40890U 15045B   21118.55776059 -.00000017  00000-0  00000-0 0  9992
2 40890  55.9128 273.4108 0002906  24.8670 335.0949  1.70475342 35062
1 40890U 15045B   21119.73093310 -.00000016  00000-0  00000-0 0  9994
2 40890  55.9119 273.3785 0002869  24.5366 335.4288  1.70475192 35084

