1 40545U 15017B   21001.36656307 -.00000049  00000-0  00000-0 0  9996
2 40545  56.5476  35.9752 0003547 234.3769 125.6578  1.70475158 35894
1 40545U 15017B   21003.12628263 -.00000051  00000-0  00000+0 0  9994
2 40545  56.5490  35.9266 0003537 234.7170 125.3120  1.70475875 35929
1 40545U 15017B   21003.12628263 -.00000051  00000-0  00000-0 0  9995
2 40545  56.5490  35.9266 0003537 234.7170 125.3120  1.70475875 35929
1 40545U 15017B   21003.71289209 -.00000052  00000-0  00000+0 0  9993
2 40545  56.5491  35.9104 0003534 235.6211 124.4058  1.70475069 35930
1 40545U 15017B   21003.71289209 -.00000052  00000-0  00000-0 0  9994
2 40545  56.5491  35.9104 0003534 235.6211 124.4058  1.70475069 35930
1 40545U 15017B   21006.05922664 -.00000057  00000-0  00000+0 0  9997
2 40545  56.5505  35.8456 0003519 237.0056 123.0166  1.70475030 35978
1 40545U 15017B   21006.05922664 -.00000057  00000-0  00000-0 0  9998
2 40545  56.5505  35.8456 0003519 237.0056 123.0166  1.70475030 35978
1 40545U 15017B   21007.23239681 -.00000060  00000-0  00000-0 0  9993
2 40545  56.5507  35.8132 0003500 237.7116 122.3103  1.70475027 35996
1 40545U 15017B   21008.99215425 -.00000063  00000-0  00000+0 0  9999
2 40545  56.5522  35.7645 0003483 238.5958 121.4269  1.70475043 36020
1 40545U 15017B   21008.99215425 -.00000063  00000-0  00000-0 0  9990
2 40545  56.5522  35.7645 0003483 238.5958 121.4269  1.70475043 36020
1 40545U 15017B   21011.33849473 -.00000068  00000-0  00000+0 0  9992
2 40545  56.5537  35.6998 0003455 239.7784 120.2428  1.70475066 36068
1 40545U 15017B   21011.33849473 -.00000068  00000-0  00000-0 0  9993
2 40545  56.5537  35.6998 0003455 239.7784 120.2428  1.70475066 36068
1 40545U 15017B   21011.92507814 -.00000070  00000-0  00000-0 0  9991
2 40545  56.5540  35.6836 0003450 239.8770 120.1430  1.70475085 36078
1 40545U 15017B   21013.09824444 -.00000073  00000-0  00000-0 0  9995
2 40545  56.5547  35.6512 0003437 240.5046 119.5119  1.70475095 36095
1 40545U 15017B   21014.27140793 -.00000076  00000-0  00000+0 0  9996
2 40545  56.5554  35.6189 0003427 241.1160 118.8964  1.70475146 36116
1 40545U 15017B   21014.27140855 -.00000076  00000-0  00000-0 0  9996
2 40545  56.5554  35.6188 0003421 241.2657 118.7467  1.70475141 36113
1 40545U 15017B   21016.03115570 -.00000078  00000-0  00000-0 0  9990
2 40545  56.5565  35.5702 0003395 242.4496 117.5571  1.70475210 36143
1 40545U 15017B   21017.20432343 -.00000077  00000-0  00000+0 0  9998
2 40545  56.5572  35.5379 0003379 243.1064 116.8978  1.70475214 36161
1 40545U 15017B   21017.20432343 -.00000077  00000-0  00000-0 0  9999
2 40545  56.5572  35.5379 0003379 243.1064 116.8978  1.70475214 36161
1 40545U 15017B   21018.37749148 -.00000075  00000-0  00000-0 0  9990
2 40545  56.5580  35.5055 0003363 243.8767 116.1264  1.70475284 36181
1 40545U 15017B   21020.13724846 -.00000068  00000-0  00000+0 0  9996
2 40545  56.5591  35.4570 0003352 244.4889 115.5152  1.70475322 36210
1 40545U 15017B   21020.13724846 -.00000068  00000-0  00000-0 0  9997
2 40545  56.5591  35.4570 0003352 244.4889 115.5152  1.70475322 36210
1 40545U 15017B   21021.31042303 -.00000063  00000-0  00000-0 0  9994
2 40545  56.5598  35.4247 0003337 245.2191 114.7867  1.70475303 36231
1 40545U 15017B   21023.65676899 -.00000052  00000-0  00000+0 0  9993
2 40545  56.5613  35.3600 0003321 246.3493 113.6602  1.70475318 36276
1 40545U 15017B   21024.24335619 -.00000049  00000-0  00000-0 0  9998
2 40545  56.5616  35.3438 0003313 246.6924 113.3177  1.70475277 36280
1 40545U 15017B   21026.58969463 -.00000041  00000-0  00000+0 0  9998
2 40545  56.5631  35.2792 0003282 247.6626 112.3465  1.70475248 36326
1 40545U 15017B   21026.58969463 -.00000041  00000-0  00000-0 0  9999
2 40545  56.5631  35.2792 0003282 247.6626 112.3465  1.70475248 36326
1 40545U 15017B   21028.93602785 -.00000039  00000-0  00000+0 0  9997
2 40545  56.5646  35.2145 0003251 248.5888 111.4135  1.70475094 36367
1 40545U 15017B   21028.93602785 -.00000039  00000-0  00000-0 0  9998
2 40545  56.5646  35.2145 0003251 248.5888 111.4135  1.70475094 36367
1 40545U 15017B   21031.28235550 -.00000042  00000-0  00000+0 0  9995
2 40545  56.5662  35.1499 0003215 249.6946 110.2985  1.70475015 36401
1 40545U 15017B   21031.28235550 -.00000042  00000-0  00000-0 0  9996
2 40545  56.5662  35.1499 0003215 249.6946 110.2985  1.70475015 36401
1 40545U 15017B   21033.04210403 -.00000047  00000-0  00000-0 0  9997
2 40545  56.5674  35.1014 0003175 250.6096 109.3792  1.70475006 36438
1 40545U 15017B   21033.62868926 -.00000048  00000-0  00000+0 0  9990
2 40545  56.5677  35.0852 0003173 250.6309 109.3571  1.70474987 36448
1 40545U 15017B   21034.21527541 -.00000050  00000-0  00000-0 0  9995
2 40545  56.5680  35.0691 0003151 251.2207 108.7669  1.70474954 36459
1 40545U 15017B   21038.32137277 -.00000060  00000-0  00000-0 0  9995
2 40545  56.5702  34.9560 0003062 252.8877 107.0980  1.70474996 36520
1 40545U 15017B   21038.32137325 -.00000060  00000-0  00000+0 0  9998
2 40545  56.5702  34.9560 0003062 252.9494 107.0362  1.70474977 36529
1 40545U 15017B   21038.90795728 -.00000062  00000-0  00000-0 0  9992
2 40545  56.5706  34.9399 0003053 253.0516 106.9327  1.70474987 36531
1 40545U 15017B   21040.08112377 -.00000066  00000-0  00000-0 0  9991
2 40545  56.5714  34.9076 0003023 253.7447 106.2361  1.70475002 36551
1 40545U 15017B   21040.66770657 -.00000068  00000-0  00000+0 0  9997
2 40545  56.5717  34.8914 0003008 254.0622 105.9165  1.70475014 36568
1 40545U 15017B   21041.25428679 -.00000070  00000-0  00000-0 0  9991
2 40545  56.5720  34.8753 0003005 254.1728 105.8036  1.70475084 36572
1 40545U 15017B   21044.18720119 -.00000074  00000-0  00000+0 0  9993
2 40545  56.5737  34.7946 0002947 255.4323 104.5348  1.70475168 36623
1 40545U 15017B   21044.18720119 -.00000074  00000-0  00000-0 0  9994
2 40545  56.5737  34.7946 0002947 255.4323 104.5348  1.70475168 36623
1 40545U 15017B   21045.36037120 -.00000073  00000-0  00000-0 0  9997
2 40545  56.5747  34.7624 0002920 255.9626 104.0030  1.70475179 36646
1 40545U 15017B   21045.94695641 -.00000072  00000-0  00000-0 0  9998
2 40545  56.5750  34.7463 0002908 256.2109 103.7546  1.70475204 36655
1 40545U 15017B   21047.12012783 -.00000068  00000-0  00000+0 0  9994
2 40545  56.5757  34.7140 0002874 257.0744 102.8919  1.70475253 36670
1 40545U 15017B   21047.12012783 -.00000068  00000-0  00000-0 0  9995
2 40545  56.5757  34.7140 0002874 257.0744 102.8919  1.70475253 36670
1 40545U 15017B   21048.29330287 -.00000064  00000-0  00000-0 0  9992
2 40545  56.5765  34.6818 0002844 257.7724 102.1957  1.70475251 36697
1 40545U 15017B   21050.63965262 -.00000054  00000-0  00000+0 0  9998
2 40545  56.5779  34.6173 0002798 258.9891 100.9833  1.70475230 36733
1 40545U 15017B   21051.22623872 -.00000052  00000-0  00000-0 0  9991
2 40545  56.5783  34.6012 0002796 259.1232 100.8500  1.70475237 36748
1 40545U 15017B   21053.57258374 -.00000044  00000-0  00000+0 0  9992
2 40545  56.5796  34.5367 0002745 259.9352 100.0384  1.70475126 36782
1 40545U 15017B   21053.57258374 -.00000044  00000-0  00000-0 0  9993
2 40545  56.5796  34.5367 0002745 259.9352 100.0384  1.70475126 36782
1 40545U 15017B   21054.15916772 -.00000043  00000-0  00000-0 0  9990
2 40545  56.5800  34.5206 0002720 260.4535  99.5194  1.70475119 36797
1 40545U 15017B   21055.33233714 -.00000042  00000-0  00000-0 0  9998
2 40545  56.5807  34.4883 0002692 260.8094  99.1609  1.70475018 36814
1 40545U 15017B   21055.91891907 -.00000042  00000-0  00000+0 0  9995
2 40545  56.5811  34.4722 0002680 260.9811  98.9875  1.70475033 36826
1 40545U 15017B   21055.91891907 -.00000042  00000-0  00000-0 0  9996
2 40545  56.5811  34.4722 0002680 260.9811  98.9875  1.70475033 36826
1 40545U 15017B   21057.09208412 -.00000043  00000-0  00000-0 0  9991
2 40545  56.5818  34.4399 0002648 261.4727  98.4922  1.70475004 36847
1 40545U 15017B   21057.67866683 -.00000044  00000-0  00000-0 0  9996
2 40545  56.5821  34.4238 0002624 261.8071  98.1559  1.70474974 36852
1 40545U 15017B   21058.26524885 -.00000045  00000-0  00000+0 0  9997
2 40545  56.5825  34.4076 0002613 261.9942  97.9670  1.70474999 36861
1 40545U 15017B   21058.26524885 -.00000045  00000-0  00000-0 0  9998
2 40545  56.5825  34.4076 0002613 261.9942  97.9670  1.70474999 36861
1 40545U 15017B   21060.61158628 -.00000052  00000-0  00000+0 0  9995
2 40545  56.5839  34.3431 0002543 262.9566  97.0005  1.70474943 36902
1 40545U 15017B   21060.61158628 -.00000052  00000-0  00000-0 0  9996
2 40545  56.5839  34.3431 0002543 262.9566  97.0005  1.70474943 36902
1 40545U 15017B   21061.78476067 -.00000055  00000-0  00000-0 0  9998
2 40545  56.5847  34.3108 0002506 263.3899  96.5673  1.70474868 36928
1 40545U 15017B   21062.37134634 -.00000057  00000-0  00000-0 0  9997
2 40545  56.5850  34.2947 0002482 263.6431  96.3145  1.70474906 36936
1 40545U 15017B   21062.95793322 -.00000059  00000-0  00000-0 0  9998
2 40545  56.5855  34.2786 0002473 263.6810  96.2770  1.70474902 36943
1 40545U 15017B   21062.95793670 -.00000059  00000-0  00000+0 0  9993
2 40545  56.5855  34.2786 0002473 263.7076  96.2504  1.70474799 36947
1 40545U 15017B   21065.30427711 -.00000066  00000-0  00000+0 0  9993
2 40545  56.5869  34.2141 0002399 264.4762  95.4825  1.70474977 36983
1 40545U 15017B   21065.30427711 -.00000066  00000-0  00000-0 0  9994
2 40545  56.5869  34.2141 0002399 264.4762  95.4825  1.70474977 36983
1 40545U 15017B   21065.30428099 -.00000066  00000-0  00000-0 0  9994
2 40545  56.5868  34.2141 0002386 264.6840  95.2749  1.70474879 36981
1 40545U 15017B   21067.06403317 -.00000073  00000-0  00000-0 0  9993
2 40545  56.5878  34.1658 0002336 265.2559  94.7001  1.70474971 37016
1 40545U 15017B   21067.65061724 -.00000075  00000-0  00000+0 0  9991
2 40545  56.5881  34.1497 0002318 265.4986  94.4559  1.70474978 37020
1 40545U 15017B   21067.65061724 -.00000075  00000-0  00000-0 0  9992
2 40545  56.5881  34.1497 0002318 265.4986  94.4559  1.70474978 37020
1 40545U 15017B   21068.82378457 -.00000080  00000-0  00000-0 0  9992
2 40545  56.5887  34.1174 0002284 265.9674  93.9838  1.70475001 37043
1 40545U 15017B   21069.99695195 -.00000083  00000-0  00000+0 0  9994
2 40545  56.5895  34.0852 0002241 266.5530  93.3952  1.70475044 37065
1 40545U 15017B   21069.99695195 -.00000083  00000-0  00000-0 0  9995
2 40545  56.5895  34.0852 0002241 266.5530  93.3952  1.70475044 37065
1 40545U 15017B   21070.58353576 -.00000084  00000-0  00000-0 0  9997
2 40545  56.5898  34.0691 0002231 266.7407  93.2062  1.70475057 37079
1 40545U 15017B   21071.17012100 -.00000085  00000-0  00000-0 0  9999
2 40545  56.5902  34.0531 0002196 267.1380  92.8083  1.70475092 37081
1 40545U 15017B   21072.34329226 -.00000085  00000-0  00000-0 0  9999
2 40545  56.5909  34.0209 0002161 267.5082  92.4376  1.70475141 37104
1 40545U 15017B   21072.34329306 -.00000085  00000-0  00000+0 0  9997
2 40545  56.5909  34.0209 0002158 267.6366  92.3092  1.70475110 37106
1 40545U 15017B   21072.34329306 -.00000085  00000-0  00000-0 0  9998
2 40545  56.5909  34.0209 0002158 267.6366  92.3092  1.70475110 37106
1 40545U 15017B   21074.10305198 -.00000081  00000-0  00000-0 0  9993
2 40545  56.5917  33.9726 0002121 268.0375  91.9103  1.70475228 37133
1 40545U 15017B   21074.10305356 -.00000081  00000-0  00000-0 0  9999
2 40545  56.5917  33.9726 0002120 268.1692  91.7786  1.70475171 37137
1 40545U 15017B   21074.68964276 -.00000079  00000-0  00000+0 0  9990
2 40545  56.5920  33.9565 0002094 268.4175  91.5318  1.70475162 37141
1 40545U 15017B   21074.68964276 -.00000079  00000-0  00000-0 0  9991
2 40545  56.5920  33.9565 0002094 268.4175  91.5318  1.70475162 37141
1 40545U 15017B   21075.27623127 -.00000078  00000-0  00000-0 0  9993
2 40545  56.5923  33.9404 0002086 268.6919  91.2589  1.70475160 37151
1 40545U 15017B   21076.44940824 -.00000073  00000-0  00000-0 0  9994
2 40545  56.5929  33.9083 0002054 269.2255  90.7289  1.70475185 37175
1 40545U 15017B   21077.03599856 -.00000071  00000-0  00000+0 0  9992
2 40545  56.5933  33.8922 0002039 269.4716  90.4847  1.70475141 37188
1 40545U 15017B   21077.03599856 -.00000071  00000-0  00000-0 0  9993
2 40545  56.5933  33.8922 0002039 269.4716  90.4847  1.70475141 37188
1 40545U 15017B   21077.62258531 -.00000069  00000-0  00000-0 0  9997
2 40545  56.5936  33.8761 0002024 269.7879  90.1701  1.70475194 37194
1 40545U 15017B   21078.20917454 -.00000067  00000-0  00000-0 0  9996
2 40545  56.5939  33.8600 0002007 270.0171  89.9426  1.70475167 37202
1 40545U 15017B   21079.38235057 -.00000063  00000-0  00000+0 0  9993
2 40545  56.5945  33.8278 0001973 270.4375  89.5249  1.70475144 37227
1 40545U 15017B   21079.38235057 -.00000063  00000-0  00000-0 0  9994
2 40545  56.5945  33.8278 0001973 270.4375  89.5249  1.70475144 37227
1 40545U 15017B   21079.96893751 -.00000061  00000-0  00000-0 0  9997
2 40545  56.5948  33.8117 0001954 270.6639  89.2993  1.70475141 37237
1 40545U 15017B   21081.14211247 -.00000058  00000-0  00000-0 0  9990
2 40545  56.5954  33.7796 0001910 271.0676  88.8966  1.70475057 37257
1 40545U 15017B   21082.31528351 -.00000056  00000-0  00000+0 0  9994
2 40545  56.5960  33.7473 0001868 271.3741  88.5895  1.70475019 37272
1 40545U 15017B   21082.31528351 -.00000056  00000-0  00000-0 0  9995
2 40545  56.5960  33.7473 0001868 271.3741  88.5895  1.70475019 37272
1 40545U 15017B   21082.90186955 -.00000056  00000-0  00000-0 0  9990
2 40545  56.5963  33.7312 0001845 271.4949  88.4681  1.70474969 37289
1 40545U 15017B   21084.07503686 -.00000057  00000-0  00000-0 0  9995
2 40545  56.5969  33.6990 0001799 271.8914  88.0698  1.70474978 37307
1 40545U 15017B   21087.00796191 -.00000064  00000-0  00000+0 0  9993
2 40545  56.5983  33.6185 0001694 272.8008  87.1569  1.70474902 37357
1 40545U 15017B   21087.00796504 -.00000064  00000-0  00000-0 0  9992
2 40545  56.5982  33.6185 0001673 273.2407  86.7172  1.70474819 37353
1 40545U 15017B   21089.94090277 -.00000072  00000-0  00000+0 0  9999
2 40545  56.5997  33.5379 0001554 273.9650  85.9971  1.70474816 37409
1 40545U 15017B   21089.94090277 -.00000072  00000-0  00000-0 0  9990
2 40545  56.5997  33.5379 0001554 273.9650  85.9971  1.70474816 37409
1 40545U 15017B   21090.52749068 -.00000074  00000-0  00000-0 0  9997
2 40545  56.6001  33.5217 0001551 273.8969  86.0663  1.70474683 37419
1 40545U 15017B   21091.11408018 -.00000076  00000-0  00000-0 0  9992
2 40545  56.6003  33.5056 0001504 274.3219  85.6428  1.70474811 37422
1 40545U 15017B   21092.28725567 -.00000080  00000-0  00000+0 0  9996
2 40545  56.6009  33.4734 0001450 274.6276  85.3391  1.70474838 37443
1 40545U 15017B   21092.28725567 -.00000080  00000-0  00000-0 0  9997
2 40545  56.6009  33.4734 0001450 274.6276  85.3391  1.70474838 37443
1 40545U 15017B   21092.87384300 -.00000082  00000-0  00000-0 0  9990
2 40545  56.6012  33.4572 0001448 274.5392  85.4276  1.70474826 37453
1 40545U 15017B   21094.04701451 -.00000087  00000-0  00000-0 0  9996
2 40545  56.6018  33.4250 0001401 274.9119  85.0547  1.70474880 37471
1 40545U 15017B   21094.63359925 -.00000089  00000-0  00000+0 0  9997
2 40545  56.6021  33.4089 0001363 274.9538  85.0124  1.70474940 37486
1 40545U 15017B   21094.63359925 -.00000089  00000-0  00000-0 0  9998
2 40545  56.6021  33.4089 0001363 274.9538  85.0124  1.70474940 37486
1 40545U 15017B   21094.65768329 -.00000089  00000-0  00000+0 0  9991
2 40545  56.6032  33.4090 0001658 270.4405 104.3017  1.70474786 37474
1 40545U 15017B   21095.08674574 -.00000091  00000-0  00000+0 0  9990
2 40545  56.6045  33.3971 0001701 267.9516  10.1129  1.70474678 37487
1 40545U 15017B   21104.27861851 -.00000086  00000-0  00000+0 0  9992
2 40545  56.6101  33.1393 0039275 208.9789 351.7291  1.71700419 37648
1 40545U 15017B   21106.27845627 -.00000079  00000-0  00000+0 0  9999
2 40545  56.6085  33.0832 0028351 217.7444 142.0562  1.72103554 37678
1 40545U 15017B   21106.27845627 -.00000079  00000-0  00000-0 0  9990
2 40545  56.6085  33.0832 0028351 217.7444 142.0562  1.72103554 37690
1 40545U 15017B   21107.11259863 -.00000076  00000-0  00000+0 0  9991
2 40545  56.6096  33.0647 0028848 217.6311 299.0210  1.72114876 37691
1 40545U 15017B   21110.99979167 -.00000070  00000-0  00000+0 0  9991
2 40545  56.6120  32.9522 0028017 217.3514 187.7046  1.72102947 37752

