1 41328U 16007A   21002.03994787  .00000081  00000-0  00000+0 0  9992
2 41328  54.8398 168.5573 0045305 221.1599 138.4809  2.00569397 35932
1 41328U 16007A   21002.03994787  .00000081  00000-0  00000-0 0  9993
2 41328  54.8398 168.5573 0045305 221.1599 138.4809  2.00569397 35932
1 41328U 16007A   21003.03707562  .00000087  00000-0  00000-0 0  9993
2 41328  54.8399 168.5177 0045363 221.1785 138.4623  2.00569294 35956
1 41328U 16007A   21004.03420533  .00000094  00000-0  00000-0 0  9992
2 41328  54.8401 168.4782 0045408 221.2026 138.4396  2.00569234 35973
1 41328U 16007A   21005.52990130  .00000100  00000-0  00000-0 0  9990
2 41328  54.8402 168.4188 0045455 221.2375 138.4074  2.00569174 36004
1 41328U 16007A   21006.02846505  .00000101  00000-0  00000-0 0  9993
2 41328  54.8403 168.3991 0045496 221.2486 138.3967  2.00569150 36019
1 41328U 16007A   21008.52127947  .00000082  00000-0  00000+0 0  9999
2 41328  54.8405 168.3002 0045593 221.3035 138.3363  2.00569030 36065
1 41328U 16007A   21008.52127947  .00000082  00000-0  00000-0 0  9990
2 41328  54.8405 168.3002 0045593 221.3035 138.3363  2.00569030 36065
1 41328U 16007A   21009.01984078  .00000074  00000-0  00000-0 0  9992
2 41328  54.8406 168.2804 0045610 221.3055 138.3316  2.00568985 36074
1 41328U 16007A   21009.51840013  .00000066  00000-0  00000-0 0  9998
2 41328  54.8406 168.2606 0045640 221.3130 138.3208  2.00568980 36087
1 41328U 16007A   21011.01407910  .00000040  00000-0  00000-0 0  9993
2 41328  54.8408 168.2013 0045690 221.3490 138.2742  2.00568951 36119
1 41328U 16007A   21013.50688525  .00000015  00000-0  00000-0 0  9994
2 41328  54.8411 168.1023 0045792 221.4027 138.2074  2.00568867 36162
1 41328U 16007A   21013.50688677  .00000015  00000-0  00000-0 0  9992
2 41328  54.8410 168.1023 0045780 221.3921 138.2181  2.00568827 36165
1 41328U 16007A   21014.50401133  .00000017  00000-0  00000-0 0  9995
2 41328  54.8412 168.0627 0045842 221.4326 138.1760  2.00568900 36181
1 41328U 16007A   21015.50114260  .00000023  00000-0  00000-0 0  9995
2 41328  54.8413 168.0232 0045884 221.4629 138.1464  2.00568873 36209
1 41328U 16007A   21015.99970934  .00000028  00000-0  00000-0 0  9991
2 41328  54.8413 168.0034 0045922 221.4772 138.1330  2.00568843 36211
1 41328U 16007A   21017.49541157  .00000044  00000-0  00000-0 0  9997
2 41328  54.8415 167.9441 0045964 221.5112 138.1038  2.00568811 36241
1 41328U 16007A   21019.98824807  .00000059  00000-0  00000+0 0  9994
2 41328  54.8417 167.8452 0046079 221.5995 138.0221  2.00568722 36290
1 41328U 16007A   21019.98824807  .00000059  00000-0  00000-0 0  9995
2 41328  54.8417 167.8452 0046079 221.5995 138.0221  2.00568722 36290
1 41328U 16007A   21022.48107581  .00000051  00000-0  00000+0 0  9998
2 41328  54.8419 167.7463 0046168 221.6579 137.9632  2.00568582 36345
1 41328U 16007A   21022.48107581  .00000051  00000-0  00000-0 0  9999
2 41328  54.8419 167.7463 0046168 221.6579 137.9632  2.00568582 36345
1 41328U 16007A   21022.97963953  .00000047  00000-0  00000-0 0  9991
2 41328  54.8419 167.7266 0046225 221.7001 137.9193  2.00568528 36354
1 41328U 16007A   21024.47533252  .00000037  00000-0  00000-0 0  9992
2 41328  54.8420 167.6672 0046263 221.7304 137.8842  2.00568393 36387
1 41328U 16007A   21025.47246031  .00000032  00000-0  00000+0 0  9993
2 41328  54.8420 167.6276 0046287 221.7616 137.8491  2.00568294 36402
1 41328U 16007A   21025.47246031  .00000032  00000-0  00000-0 0  9994
2 41328  54.8420 167.6276 0046287 221.7616 137.8491  2.00568294 36402
1 41328U 16007A   21026.46958632  .00000029  00000-0  00000-0 0  9997
2 41328  54.8422 167.5882 0046338 221.7870 137.8199  2.00568258 36422
1 41328U 16007A   21027.46671076  .00000029  00000-0  00000-0 0  9992
2 41328  54.8422 167.5485 0046434 221.8570 137.7463  2.00568328 36449
1 41328U 16007A   21027.96527773  .00000030  00000-0  00000-0 0  9993
2 41328  54.8422 167.5287 0046473 221.8865 137.7157  2.00568203 36452
1 41328U 16007A   21028.96241061  .00000033  00000-0  00000-0 0  9990
2 41328  54.8423 167.4892 0046533 221.9287 137.6730  2.00568129 36475
1 41328U 16007A   21030.45811403  .00000042  00000-0  00000-0 0  9990
2 41328  54.8425 167.4300 0046597 221.9772 137.6273  2.00568096 36509
1 41328U 16007A   21030.95668274  .00000045  00000-0  00000-0 0  9994
2 41328  54.8425 167.4102 0046645 222.0062 137.5997  2.00568040 36519
1 41328U 16007A   21031.95382337  .00000051  00000-0  00000-0 0  9995
2 41328  54.8422 167.3706 0046681 222.0220 137.5880  2.00567939 36530
1 41328U 16007A   21033.44953024  .00000054  00000-0  00000-0 0  9991
2 41328  54.8424 167.3112 0046739 222.0856 137.5291  2.00567930 36562
1 41328U 16007A   21033.94809836  .00000053  00000-0  00000-0 0  9996
2 41328  54.8427 167.2915 0046874 222.1943 137.4198  2.00567831 36579
1 41328U 16007A   21035.44379518  .00000041  00000-0  00000-0 0  9999
2 41328  54.8427 167.2322 0046918 222.2196 137.3941  2.00567940 36601
1 41328U 16007A   21035.94236751  .00000034  00000-0  00000-0 0  9997
2 41328  54.8422 167.2123 0046769 222.0361 137.5788  2.00567738 36618
1 41328U 16007A   21036.93949566  .00000018  00000-0  00000-0 0  9994
2 41328  54.8429 167.1729 0046906 222.1814 137.4278  2.00567685 36639
1 41328U 16007A   21038.43518880 -.00000008  00000-0  00000-0 0  9992
2 41328  54.8426 167.1135 0046940 222.2525 137.3490  2.00567623 36665
1 41328U 16007A   21039.43231247 -.00000021  00000-0  00000-0 0  9997
2 41328  54.8425 167.0739 0047013 222.2784 137.3184  2.00567764 36680
1 41328U 16007A   21039.93087994 -.00000026  00000-0  00000-0 0  9995
2 41328  54.8425 167.0541 0047062 222.3092 137.2856  2.00567662 36691
1 41328U 16007A   21041.42658318 -.00000029  00000-0  00000-0 0  9999
2 41328  54.8426 166.9948 0047115 222.3551 137.2386  2.00567601 36725
1 41328U 16007A   21042.42371977 -.00000024  00000-0  00000-0 0  9998
2 41328  54.8426 166.9553 0047171 222.3989 137.1966  2.00567649 36741
1 41328U 16007A   21042.92228990 -.00000020  00000-0  00000-0 0  9995
2 41328  54.8426 166.9356 0047216 222.4289 137.1682  2.00567633 36755
1 41328U 16007A   21044.41800463 -.00000004  00000-0  00000-0 0  9994
2 41328  54.8427 166.8762 0047269 222.4756 137.1288  2.00567602 36784
1 41328U 16007A   21044.41800473 -.00000004  00000-0  00000-0 0  9995
2 41328  54.8429 166.8763 0047283 222.4831 137.1211  2.00567590 36789
1 41328U 16007A   21045.41514932  .00000006  00000-0  00000-0 0  9999
2 41328  54.8429 166.8367 0047317 222.5116 137.0981  2.00567550 36806
1 41328U 16007A   21049.40371401  .00000011  00000-0  00000+0 0  9999
2 41328  54.8429 166.6786 0047513 222.7004 136.9209  2.00567385 36880
1 41328U 16007A   21049.40371401  .00000011  00000-0  00000-0 0  9990
2 41328  54.8429 166.6786 0047513 222.7004 136.9209  2.00567385 36880
