1 41859U 16069A   21001.12122545  .00000064  00000-0  00000-0 0  9995
2 41859  54.6871 156.3537 0002067 313.3812  46.5581  1.70473406 25587
1 41859U 16069A   21004.05415932  .00000068  00000-0  00000+0 0  9998
2 41859  54.6876 156.2722 0002117 311.5355  48.4106  1.70473346 25706
1 41859U 16069A   21004.05415932  .00000068  00000-0  00000-0 0  9999
2 41859  54.6876 156.2722 0002117 311.5355  48.4106  1.70473346 25638
1 41859U 16069A   21004.64074556  .00000069  00000-0  00000-0 0  9998
2 41859  54.6878 156.2560 0002125 311.1878  48.7602  1.70473371 25648
1 41859U 16069A   21006.40050170  .00000067  00000-0  00000-0 0  9998
2 41859  54.6882 156.2071 0002155 309.8492  50.1007  1.70473359 25674
1 41859U 16069A   21008.74682232  .00000048  00000-0  00000+0 0  9995
2 41859  54.6886 156.1420 0002183 308.6195  51.3204  1.70473384 25785
1 41859U 16069A   21008.74682232  .00000048  00000-0  00000-0 0  9996
2 41859  54.6886 156.1420 0002183 308.6195  51.3204  1.70473384 25718
1 41859U 16069A   21009.91997566  .00000034  00000-0  00000-0 0  9990
2 41859  54.6887 156.1094 0002201 308.0656  51.8655  1.70473430 25732
1 41859U 16069A   21009.91997702  .00000034  00000-0  00000-0 0  9992
2 41859  54.6887 156.1094 0002193 308.3722  51.5591  1.70473394 25734
1 41859U 16069A   21011.09313050  .00000021  00000-0  00000+0 0  9997
2 41859  54.6890 156.0768 0002213 307.4677  52.4549  1.70473440 25822
1 41859U 16069A   21011.09313050  .00000021  00000-0  00000-0 0  9998
2 41859  54.6890 156.0768 0002213 307.4677  52.4549  1.70473440 25754
1 41859U 16069A   21011.67970916  .00000016  00000-0  00000-0 0  9996
2 41859  54.6890 156.0605 0002222 307.1740  52.7453  1.70473448 25768
1 41859U 16069A   21013.43945257  .00000010  00000-0  00000+0 0  9995
2 41859  54.6885 156.0116 0002279 305.9950  53.9192  1.70473526 25861
1 41859U 16069A   21013.43945257  .00000010  00000-0  00000-0 0  9996
2 41859  54.6885 156.0116 0002279 305.9950  53.9192  1.70473526 25793
1 41859U 16069A   21016.37238920  .00000019  00000-0  00000+0 0  9992
2 41859  54.6884 155.9302 0002344 304.6810  55.2423  1.70473552 25916
1 41859U 16069A   21018.13215455  .00000026  00000-0  00000-0 0  9995
2 41859  54.6888 155.8814 0002384 304.1043  55.8277  1.70473632 25871
1 41859U 16069A   21018.71874238  .00000028  00000-0  00000+0 0  9990
2 41859  54.6899 155.8652 0002393 303.2479  56.6863  1.70473621 25953
1 41859U 16069A   21018.71874238  .00000028  00000-0  00000-0 0  9991
2 41859  54.6899 155.8652 0002393 303.2479  56.6863  1.70473621 25885
1 41859U 16069A   21019.89191763  .00000029  00000-0  00000-0 0  9997
2 41859  54.6901 155.8327 0002430 302.5734  57.3637  1.70473555 25902
1 41859U 16069A   21021.06507673  .00000029  00000-0  00000-0 0  9990
2 41859  54.6899 155.8000 0002458 302.6044  57.3334  1.70473839 25922
1 41859U 16069A   21021.06508586  .00000029  00000-0  00000+0 0  9993
2 41859  54.6902 155.8001 0002458 302.6998  57.2380  1.70473577 25992
1 41859U 16069A   21021.06508586  .00000029  00000-0  00000-0 0  9994
2 41859  54.6902 155.8001 0002458 302.6998  57.2380  1.70473577 25925
1 41859U 16069A   21023.41141170  .00000026  00000-0  00000+0 0  9993
2 41859  54.6906 155.7348 0002515 301.8401  58.0927  1.70473572 26030
1 41859U 16069A   21023.41141170  .00000026  00000-0  00000-0 0  9994
2 41859  54.6906 155.7348 0002515 301.8401  58.0927  1.70473572 25961
1 41859U 16069A   21023.99798944  .00000025  00000-0  00000-0 0  9993
2 41859  54.6906 155.7186 0002532 301.6560  58.2747  1.70473638 25970
1 41859U 16069A   21026.34431354  .00000020  00000-0  00000+0 0  9998
2 41859  54.6911 155.6535 0002591 301.0668  58.8571  1.70473599 26081
1 41859U 16069A   21027.51748023  .00000018  00000-0  00000-0 0  9990
2 41859  54.6910 155.6210 0002600 301.0937  58.8297  1.70473582 26032
1 41859U 16069A   21028.10406449  .00000018  00000-0  00000-0 0  9999
2 41859  54.6911 155.6047 0002622 300.8897  59.0344  1.70473588 26040
1 41859U 16069A   21029.86382652  .00000020  00000-0  00000+0 0  9994
2 41859  54.6912 155.5559 0002670 300.3537  59.5767  1.70473551 26142
1 41859U 16069A   21029.86382652  .00000020  00000-0  00000-0 0  9995
2 41859  54.6912 155.5559 0002670 300.3537  59.5767  1.70473551 26074
1 41859U 16069A   21030.45041481  .00000021  00000-0  00000-0 0  9995
2 41859  54.6913 155.5396 0002690 300.1509  59.7827  1.70473561 26084
1 41859U 16069A   21031.03700296  .00000022  00000-0  00000-0 0  9997
2 41859  54.6915 155.5233 0002735 299.6957  60.2410  1.70473565 26095
1 41859U 16069A   21032.79676940  .00000025  00000-0  00000+0 0  9991
2 41859  54.6919 155.4743 0002801 298.9479  60.9977  1.70473528 26194
1 41859U 16069A   21032.79676940  .00000025  00000-0  00000-0 0  9992
2 41859  54.6919 155.4743 0002801 298.9479  60.9977  1.70473528 26127
1 41859U 16069A   21036.31626676  .00000003  00000-0  00000+0 0  9990
2 41859  54.6923 155.3766 0002879 298.0484  61.8939  1.70473541 26255
1 41859U 16069A   21036.31626676  .00000003  00000-0  00000-0 0  9991
2 41859  54.6923 155.3766 0002879 298.0484  61.8939  1.70473541 26187
1 41859U 16069A   21037.48942393 -.00000010  00000-0  00000-0 0  9996
2 41859  54.6924 155.3440 0002911 297.6492  62.2867  1.70473549 26204
1 41859U 16069A   21039.83571406 -.00000028  00000-0  00000+0 0  9998
2 41859  54.6930 155.2788 0003029 296.4823  63.4448  1.70474404 26312
1 41859U 16069A   21039.83571406 -.00000028  00000-0  00000-0 0  9999
2 41859  54.6930 155.2788 0003029 296.4823  63.4448  1.70474404 26244
1 41859U 16069A   21040.42232831 -.00000029  00000-0  00000+0 0  9992
2 41859  54.6930 155.2626 0003066 296.3214  63.6056  1.70473610 26323
1 41859U 16069A   21040.42232831 -.00000029  00000-0  00000-0 0  9993
2 41859  54.6930 155.2626 0003066 296.3214  63.6056  1.70473610 26255
1 41859U 16069A   21041.00890915 -.00000029  00000-0  00000-0 0  9991
2 41859  54.6931 155.2464 0003074 295.9121  64.0161  1.70473749 26263
1 41859U 16069A   21042.76867805 -.00000022  00000-0  00000-0 0  9990
2 41859  54.6935 155.1976 0003153 295.3251  64.6114  1.70473677 26297
1 41859U 16069A   21042.76867853 -.00000022  00000-0  00000+0 0  9992
2 41859  54.6935 155.1975 0003133 295.4751  64.4615  1.70473657 26360
1 41859U 16069A   21042.76867853 -.00000022  00000-0  00000-0 0  9993
2 41859  54.6935 155.1975 0003133 295.4751  64.4615  1.70473657 26292
1 41859U 16069A   21045.11503769 -.00000010  00000-0  00000+0 0  9994
2 41859  54.6943 155.1325 0003246 294.9349  65.0178  1.70473771 26403
1 41859U 16069A   21045.11503769 -.00000010  00000-0  00000-0 0  9995
2 41859  54.6943 155.1325 0003246 294.9349  65.0178  1.70473771 26335
1 41859U 16069A   21048.04797539 -.00000004  00000-0  00000+0 0  9992
2 41859  54.6945 155.0512 0003329 294.4311  65.5345  1.70473793 26458
1 41859U 16069A   21048.04797539 -.00000004  00000-0  00000-0 0  9993
2 41859  54.6945 155.0512 0003329 294.4311  65.5345  1.70473793 26380
