1 43566U 18060C   21001.28979879 -.00000048  00000-0  00000+0 0  9994
2 43566  56.9297  35.6407 0005495 270.9146  89.0904  1.70475938 15214
1 43566U 18060C   21001.28979879 -.00000048  00000-0  00000-0 0  9995
2 43566  56.9297  35.6407 0005495 270.9146  89.0904  1.70475938 15214
1 43566U 18060C   21003.63611992 -.00000051  00000-0  00000+0 0  9998
2 43566  56.9311  35.5765 0005526 271.6231  88.3741  1.70475849 15251
1 43566U 18060C   21004.22270136 -.00000052  00000-0  00000-0 0  9997
2 43566  56.9314  35.5604 0005517 271.6151  88.3806  1.70475828 15267
1 43566U 18060C   21005.98244661 -.00000056  00000-0  00000+0 0  9998
2 43566  56.9325  35.5123 0005529 272.2214  87.7713  1.70475800 15298
1 43566U 18060C   21005.98244661 -.00000056  00000-0  00000-0 0  9999
2 43566  56.9325  35.5123 0005529 272.2214  87.7713  1.70475800 15298
1 43566U 18060C   21008.91536694 -.00000062  00000-0  00000+0 0  9991
2 43566  56.9343  35.4322 0005552 273.2608  86.7323  1.70475748 15345
1 43566U 18060C   21008.91536694 -.00000062  00000-0  00000-0 0  9992
2 43566  56.9343  35.4322 0005552 273.2608  86.7323  1.70475748 15345
1 43566U 18060C   21010.67511723 -.00000066  00000-0  00000-0 0  9998
2 43566  56.9354  35.3840 0005565 273.8685  86.1241  1.70475757 15372
1 43566U 18060C   21011.26169973 -.00000067  00000-0  00000+0 0  9990
2 43566  56.9357  35.3680 0005564 273.9273  86.0645  1.70475767 15389
1 43566U 18060C   21011.26169973 -.00000067  00000-0  00000-0 0  9991
2 43566  56.9357  35.3680 0005564 273.9273  86.0645  1.70475767 15389
1 43566U 18060C   21013.02144331 -.00000072  00000-0  00000-0 0  9994
2 43566  56.9369  35.3198 0005580 274.7269  85.2601  1.70475814 15418
1 43566U 18060C   21013.60802389 -.00000074  00000-0  00000+0 0  9993
2 43566  56.9373  35.3038 0005581 274.6436  85.3414  1.70475823 15426
1 43566U 18060C   21014.19460409 -.00000075  00000-0  00000-0 0  9993
2 43566  56.9375  35.2878 0005588 274.9336  85.0492  1.70475837 15437
1 43566U 18060C   21015.36776440 -.00000077  00000-0  00000-0 0  9990
2 43566  56.9382  35.2557 0005598 275.2910  84.6878  1.70475882 15457
1 43566U 18060C   21015.36776476 -.00000077  00000-0  00000-0 0  9999
2 43566  56.9383  35.2557 0005598 275.4411  84.5377  1.70475885 15452
1 43566U 18060C   21015.95434543 -.00000077  00000-0  00000+0 0  9999
2 43566  56.9387  35.2397 0005601 275.6438  84.3333  1.70475910 15464
1 43566U 18060C   21015.95434543 -.00000077  00000-0  00000-0 0  9990
2 43566  56.9387  35.2397 0005601 275.6438  84.3333  1.70475910 15464
1 43566U 18060C   21017.12750880 -.00000077  00000-0  00000-0 0  9996
2 43566  56.9393  35.2076 0005603 275.9702  84.0043  1.70475943 15487
1 43566U 18060C   21018.30067402 -.00000074  00000-0  00000+0 0  9994
2 43566  56.9399  35.1755 0005612 276.4058  83.5676  1.70475982 15508
1 43566U 18060C   21018.30067402 -.00000074  00000-0  00000-0 0  9995
2 43566  56.9399  35.1755 0005612 276.4058  83.5676  1.70475982 15508
1 43566U 18060C   21018.88725651 -.00000072  00000-0  00000-0 0  9993
2 43566  56.9402  35.1596 0005619 276.5421  83.4313  1.70476011 15510
1 43566U 18060C   21020.06042617 -.00000068  00000-0  00000-0 0  9995
2 43566  56.9411  35.1275 0005631 276.9093  83.0649  1.70476008 15533
1 43566U 18060C   21020.64701188 -.00000065  00000-0  00000+0 0  9990
2 43566  56.9414  35.1115 0005635 277.2163  82.7588  1.70475998 15541
1 43566U 18060C   21021.23359673 -.00000062  00000-0  00000-0 0  9992
2 43566  56.9417  35.0955 0005636 277.2373  82.7387  1.70476001 15553
1 43566U 18060C   21022.40676782 -.00000057  00000-0  00000-0 0  9999
2 43566  56.9424  35.0634 0005651 277.7883  82.1897  1.70475987 15577
1 43566U 18060C   21023.57993751 -.00000051  00000-0  00000+0 0  9999
2 43566  56.9431  35.0314 0005656 278.0329  81.9469  1.70475977 15597
1 43566U 18060C   21023.57993751 -.00000051  00000-0  00000-0 0  9990
2 43566  56.9431  35.0314 0005656 278.0329  81.9469  1.70475977 15586
1 43566U 18060C   21024.16652121 -.00000049  00000-0  00000-0 0  9996
2 43566  56.9435  35.0154 0005663 278.3927  81.5876  1.70475987 15609
1 43566U 18060C   21025.92627367 -.00000042  00000-0  00000+0 0  9997
2 43566  56.9446  34.9673 0005666 278.8641  81.1160  1.70475893 15637
1 43566U 18060C   21025.92627442 -.00000042  00000-0  00000-0 0  9992
2 43566  56.9445  34.9674 0005672 279.0106  80.9695  1.70475866 15633
1 43566U 18060C   21028.27260041 -.00000038  00000-0  00000+0 0  9995
2 43566  56.9460  34.9034 0005671 279.6971  80.2775  1.70475793 15670
1 43566U 18060C   21028.27260041 -.00000038  00000-0  00000-0 0  9996
2 43566  56.9460  34.9034 0005671 279.6971  80.2775  1.70475793 15670
1 43566U 18060C   21031.20550287 -.00000042  00000-0  00000+0 0  9991
2 43566  56.9479  34.8233 0005669 280.5809  79.3826  1.70475673 15727
1 43566U 18060C   21031.20550287 -.00000042  00000-0  00000-0 0  9992
2 43566  56.9479  34.8233 0005669 280.5809  79.3826  1.70475673 15727
1 43566U 18060C   21033.55183144 -.00000047  00000-0  00000+0 0  9990
2 43566  56.9493  34.7593 0005660 281.3029  78.6553  1.70475616 15765
1 43566U 18060C   21033.55183144 -.00000047  00000-0  00000-0 0  9991
2 43566  56.9493  34.7593 0005660 281.3029  78.6553  1.70475616 15765
1 43566U 18060C   21035.89816867 -.00000053  00000-0  00000+0 0  9991
2 43566  56.9508  34.6952 0005641 282.0191  77.9386  1.70475573 15800
1 43566U 18060C   21035.89816867 -.00000053  00000-0  00000-0 0  9992
2 43566  56.9508  34.6952 0005641 282.0191  77.9386  1.70475573 15800
1 43566U 18060C   21036.48475241 -.00000054  00000-0  00000-0 0  9996
2 43566  56.9512  34.6792 0005631 282.1940  77.7636  1.70475591 15816
1 43566U 18060C   21038.24450282 -.00000059  00000-0  00000+0 0  9994
2 43566  56.9523  34.6312 0005614 282.7446  77.2114  1.70475613 15848
1 43566U 18060C   21038.24450282 -.00000059  00000-0  00000-0 0  9995
2 43566  56.9523  34.6312 0005614 282.7446  77.2114  1.70475613 15848
1 43566U 18060C   21040.00424827 -.00000065  00000-0  00000-0 0  9995
2 43566  56.9535  34.5831 0005608 283.2009  76.7502  1.70475637 15874
1 43566U 18060C   21040.59082911 -.00000067  00000-0  00000+0 0  9994
2 43566  56.9539  34.5671 0005599 283.4347  76.5143  1.70475666 15888
1 43566U 18060C   21040.59082911 -.00000067  00000-0  00000-0 0  9995
2 43566  56.9539  34.5671 0005599 283.4347  76.5143  1.70475666 15888
1 43566U 18060C   21042.93715139 -.00000073  00000-0  00000+0 0  9996
2 43566  56.9554  34.5032 0005581 284.2255  75.7149  1.70475774 15926
1 43566U 18060C   21042.93715139 -.00000073  00000-0  00000-0 0  9997
2 43566  56.9554  34.5032 0005581 284.2255  75.7149  1.70475774 15926
1 43566U 18060C   21045.28348386 -.00000073  00000-0  00000+0 0  9993
2 43566  56.9567  34.4393 0005558 285.0394  74.8966  1.70475783 15967
1 43566U 18060C   21045.28348386 -.00000073  00000-0  00000-0 0  9994
2 43566  56.9567  34.4393 0005558 285.0394  74.8966  1.70475783 15967
1 43566U 18060C   21048.21640975 -.00000064  00000-0  00000+0 0  9998
2 43566  56.9569  34.3595 0005555 285.5275  74.4105  1.70475792 16010
1 43566U 18060C   21048.21640975 -.00000064  00000-0  00000-0 0  9999
2 43566  56.9569  34.3595 0005555 285.5275  74.4105  1.70475792 16010
1 43566U 18060C   21048.80299583 -.00000061  00000-0  00000-0 0  9996
2 43566  56.9578  34.3435 0005546 285.7887  74.1505  1.70475797 16021
1 43566U 18060C   21054.08226127 -.00000043  00000-0  00000+0 0  9996
2 43566  56.9607  34.1997 0005496 287.3183  72.6248  1.70475695 16110
1 43566U 18060C   21054.08226150 -.00000043  00000-0  00000-0 0  9993
2 43566  56.9618  34.1997 0005490 287.7873  72.1560  1.70475690 16113
1 43566U 18060C   21055.25542702 -.00000041  00000-0  00000-0 0  9995
2 43566  56.9625  34.1678 0005472 288.1211  71.8197  1.70475632 16138
1 43566U 18060C   21056.42859121 -.00000042  00000-0  00000+0 0  9991
2 43566  56.9632  34.1358 0005454 288.4344  71.5029  1.70475568 16152
1 43566U 18060C   21056.42859121 -.00000042  00000-0  00000-0 0  9992
2 43566  56.9632  34.1358 0005454 288.4344  71.5029  1.70475568 16152
1 43566U 18060C   21058.18833549 -.00000045  00000-0  00000-0 0  9996
2 43566  56.9641  34.0878 0005426 288.9847  70.9470  1.70475529 16183
1 43566U 18060C   21059.94808547 -.00000050  00000-0  00000+0 0  9996
2 43566  56.9652  34.0399 0005394 289.5201  70.4079  1.70475440 16214
1 43566U 18060C   21059.94808547 -.00000050  00000-0  00000-0 0  9997
2 43566  56.9652  34.0399 0005394 289.5201  70.4079  1.70475440 16214
1 43566U 18060C   21062.88101214 -.00000058  00000-0  00000+0 0  9998
2 43566  56.9668  33.9600 0005332 290.4667  69.4618  1.70475380 16268
1 43566U 18060C   21062.88101214 -.00000058  00000-0  00000-0 0  9999
2 43566  56.9668  33.9600 0005332 290.4667  69.4618  1.70475380 16268
1 43566U 18060C   21065.22735291 -.00000066  00000-0  00000+0 0  9996
2 43566  56.9681  33.8961 0005280 290.9963  68.9329  1.70475409 16308
1 43566U 18060C   21065.22735291 -.00000066  00000-0  00000-0 0  9997
2 43566  56.9681  33.8961 0005280 290.9963  68.9329  1.70475409 16308
1 43566U 18060C   21065.81393742 -.00000068  00000-0  00000-0 0  9995
2 43566  56.9684  33.8803 0005301 290.2279  69.7001  1.70475377 16314
1 43566U 18060C   21065.81396023 -.00000068  00000-0  00000+0 0  9999
2 43566  56.9685  33.8799 0005255 294.9515  64.9789  1.70469960 16312
1 43566U 18060C   21065.81396023 -.00000068  00000-0  00000-0 0  9990
2 43566  56.9685  33.8799 0005255 294.9515  64.9789  1.70469960 16312
1 43566U 18060C   21066.40056086 -.00000070  00000-0  00000-0 0  9991
2 43566  56.9691  33.8646 0005322 293.6177  66.3103  1.70469654 16322
1 43566U 18060C   21066.98716501 -.00000072  00000-0  00000-0 0  9991
2 43566  56.9694  33.8486 0005277 293.8592  66.0679  1.70469612 16339
1 43566U 18060C   21069.92016574 -.00000083  00000-0  00000+0 0  9992
2 43566  56.9710  33.7688 0005206 295.4960  64.4237  1.70470226 16380
1 43566U 18060C   21069.92016574 -.00000083  00000-0  00000-0 0  9993
2 43566  56.9710  33.7688 0005206 295.4960  64.4237  1.70470226 16380
1 43566U 18060C   21072.85303074 -.00000084  00000-0  00000+0 0  9993
2 43566  56.9660  33.6881 0005128 295.1272  64.7899  1.70475397 16431
1 43566U 18060C   21072.85303074 -.00000084  00000-0  00000-0 0  9994
2 43566  56.9660  33.6881 0005128 295.1272  64.7899  1.70475397 16431
1 43566U 18060C   21074.02609747 -.00000081  00000-0  00000-0 0  9998
2 43566  56.9718  33.6570 0007977 290.6624  69.2238  1.70475507 16457
1 43566U 18060C   21074.61279488 -.00000079  00000-0  00000-0 0  9995
2 43566  56.9731  33.6409 0005170 298.7680  61.1530  1.70475528 16467
1 43566U 18060C   21075.19937995 -.00000078  00000-0  00000+0 0  9991
2 43566  56.9743  33.6251 0005155 299.0901  60.8326  1.70475653 16477
1 43566U 18060C   21075.19937995 -.00000078  00000-0  00000-0 0  9992
2 43566  56.9743  33.6251 0005155 299.0901  60.8326  1.70475653 16477
1 43566U 18060C   21076.95914348 -.00000071  00000-0  00000-0 0  9997
2 43566  56.9752  33.5773 0005152 299.4225  60.5054  1.70475735 16505
1 43566U 18060C   21079.30549423 -.00000063  00000-0  00000+0 0  9997
2 43566  56.9763  33.5136 0005068 300.7122  59.2227  1.70475699 16548
1 43566U 18060C   21079.30549423 -.00000063  00000-0  00000-0 0  9998
2 43566  56.9763  33.5136 0005068 300.7122  59.2227  1.70475699 16548
1 43566U 18060C   21080.47866563 -.00000059  00000-0  00000-0 0  9990
2 43566  56.9765  33.4817 0005044 300.9590  58.9774  1.70475686 16561
1 43566U 18060C   21082.23842046 -.00000056  00000-0  00000+0 0  9992
2 43566  56.9774  33.4338 0005028 301.1117  58.8240  1.70475585 16597
1 43566U 18060C   21082.23842046 -.00000056  00000-0  00000-0 0  9993
2 43566  56.9774  33.4338 0005028 301.1117  58.8240  1.70475585 16597
1 43566U 18060C   21085.75792007 -.00000060  00000-0  00000+0 0  9998
2 43566  56.9793  33.3381 0004937 302.1424  57.7880  1.70475476 16659
1 43566U 18060C   21086.34450260 -.00000062  00000-0  00000-0 0  9999
2 43566  56.9796  33.3221 0004926 302.2697  57.6601  1.70475498 16661
1 43566U 18060C   21086.93108796 -.00000063  00000-0  00000-0 0  9999
2 43566  56.9799  33.3061 0004904 302.4950  57.4347  1.70475463 16674
1 43566U 18060C   21089.27743343 -.00000070  00000-0  00000+0 0  9999
2 43566  56.9810  33.2423 0004834 303.2320  56.7006  1.70475397 16716
1 43566U 18060C   21089.27743343 -.00000070  00000-0  00000-0 0  9990
2 43566  56.9810  33.2423 0004834 303.2320  56.7006  1.70475397 16716
1 43566U 18060C   21089.86402218 -.00000072  00000-0  00000-0 0  9990
2 43566  56.9814  33.2263 0004800 303.7428  56.1914  1.70475379 16722
1 43566U 18060C   21091.03719678 -.00000075  00000-0  00000-0 0  9996
2 43566  56.9820  33.1944 0004751 304.1040  55.8330  1.70475381 16747
1 43566U 18060C   21091.62378346 -.00000077  00000-0  00000+0 0  9995
2 43566  56.9823  33.1784 0004729 304.2660  55.6721  1.70475393 16752
1 43566U 18060C   21092.21036904 -.00000079  00000-0  00000-0 0  9995
2 43566  56.9826  33.1624 0004711 304.3501  55.5888  1.70475421 16760
1 43566U 18060C   21092.79695552 -.00000081  00000-0  00000-0 0  9991
2 43566  56.9828  33.1465 0004691 304.4892  55.4502  1.70475412 16779
1 43566U 18060C   21093.97012578 -.00000086  00000-0  00000+0 0  9997
2 43566  56.9834  33.1145 0004655 304.8619  55.0772  1.70475427 16795
1 43566U 18060C   21093.97012578 -.00000086  00000-0  00000-0 0  9998
2 43566  56.9834  33.1145 0004655 304.8619  55.0772  1.70475427 16795
1 43566U 18060C   21095.72987772 -.00000094  00000-0  00000-0 0  9999
2 43566  56.9843  33.0666 0004609 305.4267  54.5102  1.70475461 16820
1 43566U 18060C   21096.31646091 -.00000096  00000-0  00000+0 0  9992
2 43566  56.9846  33.0507 0004585 305.6736  54.2625  1.70475506 16831
1 43566U 18060C   21096.31646091 -.00000096  00000-0  00000-0 0  9993
2 43566  56.9846  33.0507 0004585 305.6736  54.2625  1.70475506 16831
1 43566U 18060C   21096.90304469 -.00000098  00000-0  00000-0 0  9990
2 43566  56.9848  33.0347 0004559 305.7911  54.1442  1.70475531 16847
1 43566U 18060C   21098.07621344 -.00000100  00000-0  00000-0 0  9998
2 43566  56.9854  33.0028 0004525 306.2210  53.7136  1.70475579 16860
1 43566U 18060C   21099.24938453 -.00000101  00000-0  00000+0 0  9990
2 43566  56.9859  32.9709 0004490 306.6291  53.3062  1.70475624 16880
1 43566U 18060C   21099.24938453 -.00000101  00000-0  00000-0 0  9991
2 43566  56.9859  32.9709 0004490 306.6291  53.3062  1.70475624 16880
1 43566U 18060C   21101.00914599 -.00000098  00000-0  00000-0 0  9999
2 43566  56.9868  32.9231 0004440 307.1923  52.7471  1.70475674 16919
1 43566U 18060C   21101.59573539 -.00000096  00000-0  00000-0 0  9996
2 43566  56.9870  32.9072 0004415 307.3762  52.5653  1.70475662 16928
1 43566U 18060C   21103.94209105 -.00000088  00000-0  00000+0 0  9992
2 43566  56.9882  32.8434 0004364 308.0395  51.9119  1.70475684 16963
1 43566U 18060C   21103.94209105 -.00000088  00000-0  00000-0 0  9993
2 43566  56.9882  32.8434 0004364 308.0395  51.9119  1.70475684 16963
1 43566U 18060C   21106.28844613 -.00000079  00000-0  00000+0 0  9991
2 43566  56.9893  32.7797 0004299 308.6863  51.2747  1.70475650 17008
1 43566U 18060C   21106.28844613 -.00000079  00000-0  00000-0 0  9992
2 43566  56.9893  32.7797 0004299 308.6863  51.2747  1.70475650 17008
1 43566U 18060C   21110.98113468 -.00000070  00000-0  00000+0 0  9991
2 43566  56.9914  32.6520 0004152 309.9459  50.0207  1.70475493 17089
1 43566U 18060C   21110.98113468 -.00000070  00000-0  00000-0 0  9992
2 43566  56.9914  32.6520 0004152 309.9459  50.0207  1.70475493 17089
1 43566U 18060C   21115.08723358 -.00000078  00000-0  00000+0 0  9990
2 43566  56.9932  32.5402 0004004 311.2249  48.7428  1.70475352 17157
1 43566U 18060C   21115.08723358 -.00000078  00000-0  00000-0 0  9991
2 43566  56.9932  32.5402 0004004 311.2249  48.7428  1.70475352 17157
1 43566U 18060C   21116.26040952 -.00000081  00000-0  00000-0 0  9998
2 43566  56.9938  32.5083 0003962 311.5560  48.4146  1.70475315 17174
1 43566U 18060C   21118.02017584 -.00000085  00000-0  00000+0 0  9992
2 43566  56.9945  32.4604 0003860 312.6766  47.3002  1.70475311 17206
1 43566U 18060C   21118.02017584 -.00000085  00000-0  00000-0 0  9993
2 43566  56.9945  32.4604 0003860 312.6766  47.3002  1.70475311 17206
1 43566U 18060C   21118.60676371 -.00000087  00000-0  00000-0 0  9994
2 43566  56.9947  32.4444 0003854 312.7096  47.2687  1.70475311 17219
1 43566U 18060C   21119.19335181 -.00000088  00000-0  00000-0 0  9991
2 43566  56.9951  32.4284 0003828 312.9338  47.0460  1.70475309 17223
1 43566U 18060C   21119.77992148 -.00000090  00000-0  00000-0 0  9990
2 43566  56.9957  32.4124 0004108 307.7722  52.2033  1.70475298 17235
1 43566U 18060C   21120.95309466 -.00000095  00000-0  00000+0 0  9991
2 43566  56.9963  32.3805 0004052 308.2014  51.7753  1.70475323 17259
1 43566U 18060C   21120.95309466 -.00000095  00000-0  00000-0 0  9992
2 43566  56.9963  32.3805 0004052 308.2014  51.7753  1.70475323 17259

