1 45854U 20041A   21001.41085756  .00000001  00000-0  00000-0 0  9994
2 45854  55.1585 107.5456 0009283 137.1388 222.9358  2.00567895  4061
1 45854U 20041A   21002.40800164  .00000005  00000-0  00000-0 0  9996
2 45854  55.1590 107.5058 0009292 137.2891 222.7902  2.00567889  4083
1 45854U 20041A   21002.90657322  .00000006  00000-0  00000-0 0  9998
2 45854  55.1594 107.4859 0009296 137.2580 222.8234  2.00567886  4091
1 45854U 20041A   21003.40514396  .00000006  00000-0  00000-0 0  9997
2 45854  55.1596 107.4660 0009268 137.9229 222.1589  2.00567877  4107
1 45854U 20041A   21004.40228274  .00000003  00000-0  00000-0 0  9992
2 45854  55.1603 107.4263 0009263 138.2338 221.8490  2.00567885  4123
1 45854U 20041A   21004.90085083 -.00000001  00000-0  00000-0 0  9995
2 45854  55.1605 107.4063 0009245 138.2273 221.8545  2.00567868  4134
1 45854U 20041A   21005.39941921 -.00000005  00000-0  00000-0 0  9995
2 45854  55.1608 107.3863 0009241 138.2631 221.8182  2.00567862  4140
1 45854U 20041A   21006.39655285 -.00000015  00000-0  00000-0 0  9992
2 45854  55.1613 107.3464 0009244 138.4059 221.6724  2.00567852  4163
1 45854U 20041A   21006.89511957 -.00000021  00000-0  00000-0 0  9991
2 45854  55.1616 107.3265 0009247 138.3958 221.6808  2.00567849  4175
1 45854U 20041A   21007.39368618 -.00000027  00000-0  00000-0 0  9997
2 45854  55.1619 107.3066 0009261 138.8090 221.2648  2.00567830  4184
1 45854U 20041A   21008.39082023 -.00000039  00000-0  00000-0 0  9994
2 45854  55.1625 107.2667 0009233 139.1407 220.9297  2.00567817  4206
1 45854U 20041A   21009.38795563 -.00000048  00000-0  00000-0 0  9994
2 45854  55.1631 107.2270 0009234 139.4057 220.6621  2.00567804  4224
1 45854U 20041A   21009.88652526 -.00000050  00000-0  00000-0 0  9993
2 45854  55.1632 107.2071 0009240 139.4438 220.6233  2.00567783  4230
1 45854U 20041A   21010.88366659 -.00000053  00000-0  00000-0 0  9997
2 45854  55.1635 107.1673 0009234 139.7206 220.3478  2.00567761  4255
1 45854U 20041A   21011.38223900 -.00000052  00000-0  00000-0 0  9993
2 45854  55.1640 107.1475 0009258 140.1505 219.9182  2.00567729  4266
1 45854U 20041A   21012.37938545 -.00000048  00000-0  00000-0 0  9996
2 45854  55.1646 107.1074 0009282 140.1959 219.8777  2.00567704  4281
1 45854U 20041A   21012.87796013 -.00000045  00000-0  00000-0 0  9990
2 45854  55.1648 107.0874 0009287 140.3051 219.7718  2.00567690  4299
1 45854U 20041A   21013.87510693 -.00000039  00000-0  00000-0 0  9992
2 45854  55.1654 107.0473 0009311 140.2637 219.8186  2.00567667  4315
1 45854U 20041A   21014.37368156 -.00000036  00000-0  00000-0 0  9990
2 45854  55.1659 107.0273 0009320 140.3839 219.7006  2.00567639  4323
1 45854U 20041A   21015.37082895 -.00000031  00000-0  00000-0 0  9999
2 45854  55.1664 106.9875 0009294 140.8623 219.2275  2.00567623  4349
1 45854U 20041A   21015.86940176 -.00000030  00000-0  00000-0 0  9997
2 45854  55.1667 106.9676 0009289 140.8143 219.2778  2.00567619  4356
1 45854U 20041A   21016.36797369 -.00000029  00000-0  00000-0 0  9995
2 45854  55.1668 106.9475 0009277 141.1183 218.9744  2.00567599  4366
1 45854U 20041A   21017.36511659 -.00000031  00000-0  00000-0 0  9995
2 45854  55.1673 106.9077 0009256 141.6523 218.4401  2.00567553  4387
1 45854U 20041A   21018.36226013 -.00000035  00000-0  00000-0 0  9997
2 45854  55.1679 106.8678 0009275 141.8443 218.2505  2.00567533  4407
1 45854U 20041A   21019.35940014 -.00000041  00000-0  00000-0 0  9998
2 45854  55.1684 106.8281 0009265 141.9668 218.1284  2.00567524  4427
1 45854U 20041A   21019.85796946 -.00000043  00000-0  00000-0 0  9998
2 45854  55.1687 106.8080 0009241 142.1564 217.9374  2.00567498  4437
1 45854U 20041A   21020.35653962 -.00000046  00000-0  00000-0 0  9998
2 45854  55.1690 106.7879 0009255 142.2805 217.8129  2.00567483  4442
1 45854U 20041A   21021.35367866 -.00000050  00000-0  00000-0 0  9999
2 45854  55.1696 106.7481 0009259 142.5144 217.5780  2.00567462  4469
1 45854U 20041A   21021.85224908 -.00000051  00000-0  00000-0 0  9994
2 45854  55.1698 106.7280 0009266 142.4613 217.6310  2.00567450  4474
1 45854U 20041A   21022.84938948 -.00000050  00000-0  00000-0 0  9999
2 45854  55.1704 106.6881 0009276 142.7303 217.3614  2.00567424  4495
1 45854U 20041A   21023.34796137 -.00000049  00000-0  00000-0 0  9995
2 45854  55.1707 106.6681 0009278 142.8246 217.2682  2.00567415  4501
1 45854U 20041A   21024.34510390 -.00000044  00000-0  00000-0 0  9996
2 45854  55.1712 106.6282 0009285 143.0510 217.0428  2.00567389  4527
1 45854U 20041A   21024.84367718 -.00000040  00000-0  00000-0 0  9991
2 45854  55.1714 106.6083 0009295 143.1057 216.9904  2.00567383  4538
1 45854U 20041A   21025.84082249 -.00000032  00000-0  00000-0 0  9996
2 45854  55.1720 106.5683 0009292 143.3091 216.7900  2.00567363  4551
1 45854U 20041A   21026.33939681 -.00000028  00000-0  00000-0 0  9997
2 45854  55.1723 106.5483 0009305 143.4576 216.6448  2.00567361  4561
1 45854U 20041A   21027.33654370 -.00000018  00000-0  00000-0 0  9996
2 45854  55.1729 106.5085 0009297 143.5560 216.5511  2.00567349  4587
1 45854U 20041A   21027.83511819 -.00000014  00000-0  00000-0 0  9997
2 45854  55.1731 106.4885 0009303 143.6366 216.4738  2.00567349  4591
1 45854U 20041A   21028.33369196 -.00000010  00000-0  00000-0 0  9998
2 45854  55.1732 106.4681 0009295 144.3147 215.7989  2.00567365  4601
1 45854U 20041A   21029.33083696 -.00000003  00000-0  00000-0 0  9999
2 45854  55.1737 106.4283 0009290 144.4976 215.6193  2.00567355  4627
1 45854U 20041A   21029.82941038 -.00000001  00000-0  00000-0 0  9994
2 45854  55.1740 106.4083 0009288 144.5419 215.5774  2.00567353  4632
1 45854U 20041A   21031.32512537  .00000000  00000-0  00000-0 0  9998
2 45854  55.1751 106.3486 0009292 144.8096 215.3133  2.00567349  4664
1 45854U 20041A   21032.32226491 -.00000004  00000-0  00000-0 0  9995
2 45854  55.1757 106.3088 0009299 144.9064 215.2159  2.00567343  4684
1 45854U 20041A   21032.82083408 -.00000007  00000-0  00000-0 0  9992
2 45854  55.1759 106.2888 0009300 144.9224 215.1990  2.00567338  4691
1 45854U 20041A   21034.30597161 -.00000022  00000-0  00000-0 0  9990
2 45854  55.1757 106.2293 0009319 148.1736 204.3042  2.00566809  4727
1 45854U 20041A   21034.81511308 -.00000027  00000-0  00000-0 0  9990
2 45854  55.1771 106.2089 0009230 145.5844 214.5344  2.00567312  4738
1 45854U 20041A   21035.81224118 -.00000037  00000-0  00000-0 0  9992
2 45854  55.1778 106.1690 0009232 145.6473 214.4623  2.00567304  4755
1 45854U 20041A   21036.31081028 -.00000041  00000-0  00000-0 0  9994
2 45854  55.1780 106.1489 0009248 145.6679 214.4403  2.00567290  4760
1 45854U 20041A   21037.30795028 -.00000046  00000-0  00000-0 0  9991
2 45854  55.1786 106.1090 0009193 146.0705 214.0360  2.00567266  4781
1 45854U 20041A   21037.80652179 -.00000046  00000-0  00000-0 0  9995
2 45854  55.1789 106.0890 0009191 146.1272 213.9800  2.00567263  4794
1 45854U 20041A   21038.80366534 -.00000045  00000-0  00000-0 0  9992
2 45854  55.1797 106.0493 0009175 146.4683 213.6395  2.00567239  4815
1 45854U 20041A   21039.30223989 -.00000042  00000-0  00000-0 0  9991
2 45854  55.1799 106.0290 0009198 146.8404 213.2682  2.00567199  4823
1 45854U 20041A   21040.29938932 -.00000036  00000-0  00000-0 0  9995
2 45854  55.1805 105.9889 0009207 146.9573 213.1568  2.00567183  4849
1 45854U 20041A   21040.79796416 -.00000032  00000-0  00000-0 0  9995
2 45854  55.1808 105.9690 0009214 146.9364 213.1802  2.00567168  4853
1 45854U 20041A   21041.79511263 -.00000025  00000-0  00000-0 0  9993
2 45854  55.1813 105.9291 0009220 147.1012 213.0197  2.00567145  4879
1 45854U 20041A   21042.79226063 -.00000020  00000-0  00000-0 0  9990
2 45854  55.1820 105.8891 0009217 147.1876 212.9375  2.00567131  4899
1 45854U 20041A   21043.29083426 -.00000018  00000-0  00000-0 0  9997
2 45854  55.1823 105.8694 0009167 147.6203 212.5057  2.00567105  4902
1 45854U 20041A   21043.78940698 -.00000017  00000-0  00000-0 0  9993
2 45854  55.1826 105.8492 0009166 147.7494 212.3773  2.00567091  4911
1 45854U 20041A   21044.78655051 -.00000018  00000-0  00000-0 0  9991
2 45854  55.1830 105.8095 0009136 148.0253 212.1021  2.00567075  4937
1 45854U 20041A   21045.28512170 -.00000020  00000-0  00000-0 0  9994
2 45854  55.1834 105.7894 0009167 147.9328 212.1946  2.00567062  4945
1 45854U 20041A   21046.28226295 -.00000024  00000-0  00000-0 0  9999
2 45854  55.1838 105.7496 0009159 148.5823 211.5436  2.00567037  4966
1 45854U 20041A   21046.78083317 -.00000027  00000-0  00000-0 0  9993
2 45854  55.1841 105.7298 0009158 148.4770 211.6482  2.00567030  4975
1 45854U 20041A   21047.77797278 -.00000031  00000-0  00000-0 0  9996
2 45854  55.1846 105.6896 0009158 148.6167 211.5061  2.00567005  4991
1 45854U 20041A   21048.27654344 -.00000033  00000-0  00000-0 0  9990
2 45854  55.1849 105.6697 0009164 148.6560 211.4665  2.00566997  5008
1 45854U 20041A   21049.27368309 -.00000034  00000-0  00000-0 0  9995
2 45854  55.1854 105.6298 0009200 148.9151 211.2055  2.00566983  5029
1 45854U 20041A   21050.27082410 -.00000032  00000-0  00000-0 0  9991
2 45854  55.1861 105.5898 0009206 149.0534 211.0664  2.00566972  5049
1 45854U 20041A   21050.27082415 -.00000032  00000-0  00000-0 0  9996
2 45854  55.1860 105.5898 0009209 148.9745 211.1457  2.00566980  5043
1 45854U 20041A   21051.26796640 -.00000027  00000-0  00000-0 0  9992
2 45854  55.1867 105.5499 0009211 149.1151 211.0050  2.00566969  5061
1 45854U 20041A   21052.26511040 -.00000019  00000-0  00000-0 0  9993
2 45854  55.1874 105.5100 0009216 149.3375 210.7833  2.00566946  5085
1 45854U 20041A   21053.26225674 -.00000009  00000-0  00000-0 0  9998
2 45854  55.1879 105.4702 0009231 149.4651 210.6591  2.00566946  5105
1 45854U 20041A   21053.26225704 -.00000009  00000-0  00000-0 0  9992
2 45854  55.1879 105.4702 0009227 149.4242 210.7003  2.00566948  5107
1 45854U 20041A   21054.25940393  .00000001  00000-0  00000-0 0  9991
2 45854  55.1885 105.4303 0009227 149.5720 210.5560  2.00566943  5126
1 45854U 20041A   21055.25655163  .00000011  00000-0  00000-0 0  9991
2 45854  55.1891 105.3904 0009249 149.6934 210.4386  2.00566937  5141
1 45854U 20041A   21056.25369946  .00000020  00000-0  00000-0 0  9993
2 45854  55.1898 105.3505 0009239 149.9297 210.2062  2.00566932  5165
1 45854U 20041A   21056.75227273  .00000023  00000-0  00000-0 0  9997
2 45854  55.1901 105.3305 0009248 149.9745 210.1632  2.00566934  5171
1 45854U 20041A   21057.25084539  .00000025  00000-0  00000-0 0  9991
2 45854  55.1904 105.3105 0009252 150.1203 210.0186  2.00566931  5181
1 45854U 20041A   21058.24798895  .00000028  00000-0  00000-0 0  9991
2 45854  55.1910 105.2705 0009246 150.2717 209.8680  2.00566927  5200
1 45854U 20041A   21059.24512969  .00000026  00000-0  00000-0 0  9996
2 45854  55.1917 105.2306 0009246 150.3876 209.7511  2.00566925  5223
1 45854U 20041A   21059.74369884  .00000024  00000-0  00000-0 0  9995
2 45854  55.1918 105.2106 0009287 150.6073 209.5300  2.00566930  5230
1 45854U 20041A   21060.24226730  .00000020  00000-0  00000-0 0  9990
2 45854  55.1921 105.1907 0009303 150.7111 209.4241  2.00566926  5244
1 45854U 20041A   21061.23940305  .00000012  00000-0  00000-0 0  9992
2 45854  55.1926 105.1508 0009316 150.9358 209.1945  2.00566922  5261
1 45854U 20041A   21061.73797047  .00000007  00000-0  00000-0 0  9994
2 45854  55.1930 105.1309 0009305 151.0343 209.0935  2.00566926  5272
1 45854U 20041A   21062.73510477 -.00000002  00000-0  00000-0 0  9991
2 45854  55.1936 105.0910 0009333 151.1727 208.9499  2.00566936  5299
1 45854U 20041A   21063.23367190 -.00000006  00000-0  00000-0 0  9993
2 45854  55.1940 105.0712 0009335 151.1396 208.9799  2.00566929  5305
1 45854U 20041A   21064.23080972 -.00000012  00000-0  00000-0 0  9991
2 45854  55.1947 105.0313 0009326 151.4149 208.7018  2.00566939  5323
1 45854U 20041A   21064.72937842 -.00000014  00000-0  00000-0 0  9994
2 45854  55.1950 105.0114 0009326 151.3723 208.7424  2.00566933  5339
1 45854U 20041A   21065.22794946 -.00000014  00000-0  00000-0 0  9996
2 45854  55.1953 104.9914 0009325 151.3949 208.7196  2.00566928  5348
1 45854U 20041A   21066.22509275 -.00000011  00000-0  00000-0 0  9993
2 45854  55.1959 104.9515 0009330 151.4755 208.6392  2.00566919  5362
1 45854U 20041A   21066.72366597 -.00000009  00000-0  00000-0 0  9993
2 45854  55.1961 104.9316 0009335 151.4874 208.6286  2.00566916  5371
1 45854U 20041A   21067.72081223 -.00000002  00000-0  00000-0 0  9997
2 45854  55.1968 104.8918 0009331 151.5455 208.5730  2.00566909  5394
1 45854U 20041A   21068.21938611  .00000002  00000-0  00000-0 0  9993
2 45854  55.1972 104.8715 0009366 151.8656 208.2522  2.00566869  5401
1 45854U 20041A   21069.21653572  .00000009  00000-0  00000-0 0  9991
2 45854  55.1977 104.8320 0009380 152.0286 208.0926  2.00566845  5428
1 45854U 20041A   21070.21368315  .00000014  00000-0  00000-0 0  9997
2 45854  55.1984 104.7920 0009370 152.1325 207.9911  2.00566827  5449
1 45854U 20041A   21070.71225645  .00000015  00000-0  00000-0 0  9991
2 45854  55.1987 104.7721 0009370 152.2424 207.8816  2.00566809  5456
1 45854U 20041A   21071.21082899  .00000016  00000-0  00000-0 0  9990
2 45854  55.1990 104.7522 0009359 152.4148 207.7088  2.00566788  5468
1 45854U 20041A   21072.20797157  .00000014  00000-0  00000-0 0  9998
2 45854  55.1997 104.7122 0009371 152.4328 207.6903  2.00566780  5484
1 45854U 20041A   21073.20511161  .00000010  00000-0  00000-0 0  9994
2 45854  55.2003 104.6723 0009376 152.5446 207.5752  2.00566758  5505
1 45854U 20041A   21073.70368243  .00000008  00000-0  00000-0 0  9997
2 45854  55.2006 104.6524 0009377 152.5861 207.5329  2.00566751  5513
1 45854U 20041A   21074.20225190  .00000005  00000-0  00000-0 0  9993
2 45854  55.2009 104.6324 0009373 152.6599 207.4571  2.00566738  5523
1 45854U 20041A   21075.19939041  .00000001  00000-0  00000-0 0  9995
2 45854  55.2016 104.5924 0009390 152.8201 207.2926  2.00566715  5546
1 45854U 20041A   21075.19939171  .00000001  00000-0  00000-0 0  9999
2 45854  55.2016 104.5924 0009390 152.8153 207.2983  2.00566715  5545
1 45854U 20041A   21076.69509935 -.00000002  00000-0  00000-0 0  9998
2 45854  55.2025 104.5325 0009391 152.9590 207.1488  2.00566698  5579
1 45854U 20041A   21077.19366987 -.00000001  00000-0  00000-0 0  9991
2 45854  55.2029 104.5125 0009394 153.0396 207.0669  2.00566688  5580
1 45854U 20041A   21078.19081107  .00000003  00000-0  00000-0 0  9991
2 45854  55.2036 104.4726 0009410 153.1295 206.9751  2.00566677  5603
1 45854U 20041A   21079.18795405  .00000010  00000-0  00000-0 0  9992
2 45854  55.2042 104.4327 0009408 153.1969 206.9072  2.00566675  5628
1 45854U 20041A   21079.68652609  .00000014  00000-0  00000-0 0  9999
2 45854  55.2045 104.4128 0009412 153.3337 206.7704  2.00566666  5637
1 45854U 20041A   21080.68367151  .00000024  00000-0  00000-0 0  9997
2 45854  55.2051 104.3729 0009408 153.5138 206.5909  2.00566649  5654
1 45854U 20041A   21081.18224544  .00000029  00000-0  00000-0 0  9996
2 45854  55.2055 104.3530 0009392 153.6188 206.4874  2.00566644  5662
1 45854U 20041A   21082.17939230  .00000039  00000-0  00000-0 0  9992
2 45854  55.2061 104.3132 0009386 153.7674 206.3413  2.00566644  5681
1 45854U 20041A   21082.67796537  .00000044  00000-0  00000-0 0  9994
2 45854  55.2064 104.2934 0009397 153.7604 206.3494  2.00566644  5698
1 45854U 20041A   21083.17653875  .00000048  00000-0  00000-0 0  9991
2 45854  55.2067 104.2734 0009405 153.9441 206.1665  2.00566640  5706
1 45854U 20041A   21084.17368488  .00000055  00000-0  00000-0 0  9993
2 45854  55.2075 104.2336 0009410 154.0177 206.0946  2.00566636  5725
1 45854U 20041A   21085.17082907  .00000058  00000-0  00000-0 0  9996
2 45854  55.2081 104.1937 0009417 154.1024 206.0104  2.00566636  5745
1 45854U 20041A   21085.66939998  .00000058  00000-0  00000-0 0  9991
2 45854  55.2085 104.1738 0009423 154.2640 205.8485  2.00566644  5759
1 45854U 20041A   21086.66653877  .00000056  00000-0  00000-0 0  9999
2 45854  55.2092 104.1340 0009436 154.3734 205.7359  2.00566650  5773
1 45854U 20041A   21087.16510701  .00000053  00000-0  00000-0 0  9990
2 45854  55.2095 104.1141 0009460 154.4933 205.6133  2.00566649  5782
1 45854U 20041A   21088.16224270  .00000046  00000-0  00000-0 0  9996
2 45854  55.2101 104.0742 0009472 154.6122 205.4889  2.00566652  5804
1 45854U 20041A   21088.66080964  .00000041  00000-0  00000-0 0  9996
2 45854  55.2104 104.0542 0009463 154.7797 205.3176  2.00566650  5811
1 45854U 20041A   21089.15937651  .00000036  00000-0  00000-0 0  9999
2 45854  55.2108 104.0342 0009473 154.9107 205.1833  2.00566658  5828
1 45854U 20041A   21090.15650953  .00000026  00000-0  00000-0 0  9997
2 45854  55.2115 103.9943 0009519 155.1536 204.9324  2.00566656  5843
1 45854U 20041A   21090.15651014  .00000026  00000-0  00000-0 0  9996
2 45854  55.2114 103.9944 0009494 155.0630 205.0242  2.00566666  5841
1 45854U 20041A   21091.15364634  .00000019  00000-0  00000-0 0  9998
2 45854  55.2122 103.9543 0009533 155.3044 204.7759  2.00566641  5865
1 45854U 20041A   21092.15078600  .00000015  00000-0  00000-0 0  9990
2 45854  55.2131 103.9144 0009520 155.4777 204.5991  2.00566634  5882
1 45854U 20041A   21093.14792807  .00000015  00000-0  00000-0 0  9992
2 45854  55.2134 103.8747 0009542 155.5041 204.5709  2.00566626  5903
1 45854U 20041A   21093.64650097  .00000016  00000-0  00000-0 0  9992
2 45854  55.2139 103.8547 0009537 155.6540 204.4209  2.00566613  5916
1 45854U 20041A   21094.14507435  .00000019  00000-0  00000-0 0  9998
2 45854  55.2145 103.8346 0009561 155.6990 204.3765  2.00566605  5924
1 45854U 20041A   21094.64364795  .00000022  00000-0  00000-0 0  9997
2 45854  55.2149 103.8147 0009544 155.7757 204.2999  2.00566589  5930
1 45854U 20041A   21095.64079555  .00000028  00000-0  00000-0 0  9991
2 45854  55.2157 103.7749 0009554 155.8020 204.2750  2.00566569  5956
1 45854U 20041A   21096.63794329  .00000034  00000-0  00000-0 0  9991
2 45854  55.2163 103.7350 0009570 155.9050 204.1738  2.00566554  5974
1 45854U 20041A   21097.13651701  .00000036  00000-0  00000-0 0  9995
2 45854  55.2167 103.7151 0009608 156.0966 203.9824  2.00566536  5981
1 45854U 20041A   21098.13366200  .00000037  00000-0  00000-0 0  9994
2 45854  55.2174 103.6750 0009647 156.2315 203.8474  2.00566521  6004
1 45854U 20041A   21098.63223421  .00000037  00000-0  00000-0 0  9996
2 45854  55.2177 103.6551 0009644 156.3152 203.7631  2.00566511  6017
1 45854U 20041A   21099.13080556  .00000036  00000-0  00000-0 0  9991
2 45854  55.2181 103.6352 0009659 156.3564 203.7204  2.00566494  6021
1 45854U 20041A   21100.12794688  .00000031  00000-0  00000-0 0  9996
2 45854  55.2188 103.5953 0009678 156.4145 203.6596  2.00566476  6046
1 45854U 20041A   21101.12508655  .00000025  00000-0  00000-0 0  9997
2 45854  55.2194 103.5554 0009680 156.4865 203.5838  2.00566469  6064
1 45854U 20041A   21101.62365596  .00000022  00000-0  00000-0 0  9994
2 45854  55.2198 103.5355 0009697 156.5328 203.5346  2.00566450  6075
1 45854U 20041A   21102.12222619  .00000019  00000-0  00000-0 0  9994
2 45854  55.2201 103.5155 0009700 156.5992 203.4664  2.00566444  6086
1 45854U 20041A   21104.11650440  .00000013  00000-0  00000-0 0  9996
2 45854  55.2215 103.4358 0009704 156.7610 203.2959  2.00566423  6125
1 45854U 20041A   21105.11364562  .00000015  00000-0  00000-0 0  9996
2 45854  55.2220 103.3959 0009712 156.9615 203.0925  2.00566404  6145
1 45854U 20041A   21106.11078810  .00000020  00000-0  00000-0 0  9991
2 45854  55.2228 103.3562 0009732 157.1975 202.8544  2.00566395  6162
1 45854U 20041A   21106.60936018  .00000024  00000-0  00000-0 0  9992
2 45854  55.2231 103.3363 0009739 157.2432 202.8083  2.00566390  6175
1 45854U 20041A   21107.10793286  .00000028  00000-0  00000-0 0  9990
2 45854  55.2234 103.3164 0009743 157.3386 202.7129  2.00566383  6184
1 45854U 20041A   21108.10507905  .00000036  00000-0  00000-0 0  9991
2 45854  55.2240 103.2765 0009753 157.3438 202.7090  2.00566387  6200
1 45854U 20041A   21109.10222615  .00000046  00000-0  00000-0 0  9995
2 45854  55.2246 103.2366 0009767 157.3347 202.7195  2.00566380  6228
1 45854U 20041A   21109.60080063  .00000050  00000-0  00000-0 0  9994
2 45854  55.2250 103.2168 0009769 157.3812 202.6747  2.00566386  6231
1 45854U 20041A   21110.09937417  .00000054  00000-0  00000-0 0  9997
2 45854  55.2253 103.1969 0009784 157.4020 202.6550  2.00566391  6240
1 45854U 20041A   21111.09652111  .00000061  00000-0  00000-0 0  9991
2 45854  55.2259 103.1570 0009792 157.4645 202.5941  2.00566391  6261
1 45854U 20041A   21112.09366668  .00000064  00000-0  00000-0 0  9994
2 45854  55.2266 103.1172 0009795 157.5681 202.4915  2.00566405  6289
1 45854U 20041A   21113.09080853  .00000064  00000-0  00000-0 0  9994
2 45854  55.2272 103.0774 0009808 157.6749 202.3828  2.00566412  6307
1 45854U 20041A   21113.09080892  .00000064  00000-0  00000-0 0  9997
2 45854  55.2272 103.0774 0009809 157.6602 202.3978  2.00566411  6301
1 45854U 20041A   21114.08794884  .00000061  00000-0  00000-0 0  9997
2 45854  55.2279 103.0376 0009822 157.6893 202.3652  2.00566416  6329
1 45854U 20041A   21115.08508642  .00000053  00000-0  00000-0 0  9994
2 45854  55.2285 102.9978 0009834 157.6706 202.3781  2.00566409  6345
1 45854U 20041A   21115.58365538  .00000048  00000-0  00000-0 0  9998
2 45854  55.2287 102.9777 0009874 157.7318 202.3146  2.00566413  6359
1 45854U 20041A   21116.08222309  .00000043  00000-0  00000-0 0  9997
2 45854  55.2291 102.9577 0009881 157.7457 202.2970  2.00566411  6367
1 45854U 20041A   21117.07935878  .00000032  00000-0  00000-0 0  9997
2 45854  55.2296 102.9180 0009908 157.8774 202.1585  2.00566409  6385
1 45854U 20041A   21117.57792707  .00000027  00000-0  00000-0 0  9998
2 45854  55.2300 102.8982 0009910 157.8925 202.1405  2.00566413  6398
1 45854U 20041A   21118.57506462  .00000019  00000-0  00000-0 0  9991
2 45854  55.2306 102.8582 0009918 157.9217 202.1059  2.00566410  6418
1 45854U 20041A   21119.07363474  .00000016  00000-0  00000-0 0  9998
2 45854  55.2310 102.8383 0009916 157.9965 202.0294  2.00566412  6423
1 45854U 20041A   21120.07077663  .00000014  00000-0  00000-0 0  9990
2 45854  55.2317 102.7984 0009927 158.0839 201.9395  2.00566408  6447
1 45854U 20041A   21120.56934913  .00000014  00000-0  00000-0 0  9994
2 45854  55.2320 102.7785 0009947 158.1140 201.9088  2.00566402  6452

