1 46826U 20078A   21001.44249132 -.00000012  00000-0  00000-0 0  9990
2 46826  54.9500 291.6429 0000626 223.2062 136.8262  2.00556120  1544
1 46826U 20078A   21001.94109250 -.00000013  00000-0  00000+0 0  9991
2 46826  54.9496 291.6228 0000628 222.4321 137.6030  2.00556124  1553
1 46826U 20078A   21001.94109250 -.00000013  00000-0  00000-0 0  9992
2 46826  54.9496 291.6228 0000628 222.4321 137.6030  2.00556124  1553
1 46826U 20078A   21002.93828992 -.00000016  00000-0  00000-0 0  9996
2 46826  54.9489 291.5826 0000634 222.8065 137.2304  2.00556136  1579
1 46826U 20078A   21003.93548401 -.00000021  00000-0  00000-0 0  9997
2 46826  54.9481 291.5423 0000718 217.6825 142.3536  2.00556138  1591
1 46826U 20078A   21004.43407992 -.00000025  00000-0  00000+0 0  9995
2 46826  54.9471 291.5222 0000708 218.1126 141.9222  2.00556141  1609
1 46826U 20078A   21004.93267596 -.00000028  00000-0  00000-0 0  9998
2 46826  54.9467 291.5021 0000707 217.7537 142.2798  2.00556144  1617
1 46826U 20078A   21005.92986728 -.00000035  00000-0  00000-0 0  9991
2 46826  54.9455 291.4616 0000660 205.6446 154.3862  2.00556195  1630
1 46826U 20078A   21006.42846444 -.00000038  00000-0  00000-0 0  9990
2 46826  54.9451 291.4416 0000615 200.5577 159.4714  2.00556184  1644
1 46826U 20078A   21006.92706292 -.00000040  00000-0  00000+0 0  9993
2 46826  54.9449 291.4217 0000569 192.4323 167.5957  2.00556172  1653
1 46826U 20078A   21006.92706292 -.00000040  00000-0  00000-0 0  9994
2 46826  54.9449 291.4217 0000569 192.4323 167.5957  2.00556172  1653
1 46826U 20078A   21009.42005231 -.00000040  00000-0  00000+0 0  9996
2 46826  54.9432 291.3209 0000585 195.9030 164.1248  2.00556155  1709
1 46826U 20078A   21009.91865216 -.00000038  00000-0  00000-0 0  9995
2 46826  54.9428 291.3007 0000595 198.4604 161.5680  2.00556139  1710
1 46826U 20078A   21010.41725265 -.00000036  00000-0  00000-0 0  9999
2 46826  54.9424 291.2806 0000599 200.3222 159.7076  2.00556128  1722
1 46826U 20078A   21010.91585355 -.00000034  00000-0  00000-0 0  9996
2 46826  54.9420 291.2604 0000601 200.6422 159.3897  2.00556125  1738
1 46826U 20078A   21013.90745827 -.00000029  00000-0  00000+0 0  9993
2 46826  54.9392 291.1393 0000668 200.5933 159.4496  2.00556089  1790
1 46826U 20078A   21013.90745827 -.00000029  00000-0  00000-0 0  9994
2 46826  54.9392 291.1393 0000668 200.5933 159.4496  2.00556089  1790
1 46826U 20078A   21013.90746056 -.00000029  00000-0  00000-0 0  9999
2 46826  54.9393 291.1393 0000680 202.0277 158.0159  2.00556071  1795
1 46826U 20078A   21014.90466127 -.00000033  00000-0  00000-0 0  9993
2 46826  54.9384 291.0988 0000750 201.1243 158.9208  2.00556038  1815
1 46826U 20078A   21015.90186162 -.00000039  00000-0  00000-0 0  9998
2 46826  54.9377 291.0585 0000750 200.9577 159.0898  2.00556025  1832
1 46826U 20078A   21016.89905872 -.00000046  00000-0  00000+0 0  9991
2 46826  54.9369 291.0183 0000743 198.3605 161.6862  2.00555996  1859
1 46826U 20078A   21016.89905872 -.00000046  00000-0  00000-0 0  9992
2 46826  54.9369 291.0183 0000743 198.3605 161.6862  2.00555996  1859
1 46826U 20078A   21017.89625626 -.00000051  00000-0  00000-0 0  9995
2 46826  54.9362 290.9780 0000823 191.7362 168.3095  2.00555957  1870
1 46826U 20078A   21018.39485728 -.00000053  00000-0  00000-0 0  9990
2 46826  54.9358 290.9576 0000860 184.7046 175.3410  2.00555907  1885
1 46826U 20078A   21019.39205668 -.00000054  00000-0  00000+0 0  9994
2 46826  54.9347 290.9178 0000877 187.2622 172.7849  2.00555884  1901
1 46826U 20078A   21019.39205668 -.00000054  00000-0  00000-0 0  9995
2 46826  54.9347 290.9178 0000877 187.2622 172.7849  2.00555884  1901
1 46826U 20078A   21022.88224614 -.00000033  00000-0  00000+0 0  9991
2 46826  54.9320 290.7767 0000878 187.0722 172.9762  2.00555893  1977
1 46826U 20078A   21023.87944550 -.00000023  00000-0  00000-0 0  9999
2 46826  54.9312 290.7363 0000892 188.1389 171.9125  2.00555904  1994
1 46826U 20078A   21027.86825415  .00000009  00000-0  00000+0 0  9992
2 46826  54.9281 290.5749 0000939 184.1628 175.9039  2.00555890  2071
1 46826U 20078A   21027.86825415  .00000009  00000-0  00000-0 0  9993
2 46826  54.9281 290.5749 0000939 184.1628 175.9039  2.00555890  2071
1 46826U 20078A   21028.86545693  .00000010  00000-0  00000-0 0  9993
2 46826  54.9275 290.5346 0000942 184.0183 176.0527  2.00555888  2099
1 46826U 20078A   21029.36405683  .00000010  00000-0  00000-0 0  9993
2 46826  54.9270 290.5144 0001010 185.0005 175.0733  2.00555907  2103
1 46826U 20078A   21030.85984887  .00000004  00000-0  00000+0 0  9999
2 46826  54.9258 290.4538 0001094 185.8227 174.2505  2.00555932  2130
1 46826U 20078A   21030.85984887  .00000004  00000-0  00000-0 0  9990
2 46826  54.9258 290.4538 0001094 185.8227 174.2505  2.00555932  2130
1 46826U 20078A   21032.85423087 -.00000008  00000-0  00000-0 0  9997
2 46826  54.9243 290.3731 0001104 184.4061 175.6590  2.00555936  2178
1 46826U 20078A   21033.85142198 -.00000013  00000-0  00000+0 0  9994
2 46826  54.9234 290.3326 0001116 186.4542 173.6080  2.00555947  2193
1 46826U 20078A   21033.85142198 -.00000013  00000-0  00000-0 0  9995
2 46826  54.9234 290.3326 0001116 186.4542 173.6080  2.00555947  2193
1 46826U 20078A   21036.84300091 -.00000013  00000-0  00000+0 0  9994
2 46826  54.9211 290.2115 0001292 185.6736 174.3803  2.00555940  2255
1 46826U 20078A   21037.34160108 -.00000011  00000-0  00000+0 0  9991
2 46826  54.9215 290.1911 0002007 218.5834 141.4820  2.00555906  2269
1 46826U 20078A   21037.84016902 -.00000009  00000-0  00000-0 0  9996
2 46826  54.9210 290.1710 0001865 215.7095 144.3312  2.00555893  2274
1 46826U 20078A   21038.83737611 -.00000005  00000-0  00000-0 0  9999
2 46826  54.9204 290.1306 0002014 219.5574 140.4913  2.00555871  2291
1 46826U 20078A   21039.83457386 -.00000002  00000-0  00000+0 0  9994
2 46826  54.9197 290.0902 0002140 221.8038 138.2464  2.00555861  2312
1 46826U 20078A   21039.83457386 -.00000002  00000-0  00000-0 0  9995
2 46826  54.9197 290.0902 0002140 221.8038 138.2464  2.00555861  2312
1 46826U 20078A   21040.83177143 -.00000003  00000-0  00000-0 0  9998
2 46826  54.9189 290.0500 0002261 223.3508 136.7002  2.00555846  2336
1 46826U 20078A   21041.82896844 -.00000006  00000-0  00000+0 0  9996
2 46826  54.9186 290.0094 0002849 229.8622 130.1949  2.00555831  2355
1 46826U 20078A   21041.82896844 -.00000006  00000-0  00000-0 0  9997
2 46826  54.9186 290.0094 0002849 229.8622 130.1949  2.00555831  2355
1 46826U 20078A   21044.32194064 -.00000022  00000-0  00000+0 0  9997
2 46826  54.9156 289.9093 0001316 178.3837 181.6331  2.00555807  2407
1 46826U 20078A   21046.31639811 -.00000031  00000-0  00000-0 0  9993
2 46826  54.9140 289.8289 0001370 163.4904 196.5652  2.00555742  2449
1 46826U 20078A   21046.81501000 -.00000031  00000-0  00000+0 0  9995
2 46826  54.9137 289.8088 0001415 156.2446 203.8171  2.00555702  2458
1 46826U 20078A   21046.81501000 -.00000031  00000-0  00000-0 0  9996
2 46826  54.9137 289.8088 0001415 156.2446 203.8171  2.00555702  2458
1 46826U 20078A   21047.31361465 -.00000030  00000-0  00000-0 0  9990
2 46826  54.9133 289.7887 0001416 156.2752 203.7907  2.00555702  2468
1 46826U 20078A   21049.30800598 -.00000018  00000-0  00000+0 0  9991
2 46826  54.9118 289.7077 0001624 157.1355 202.9261  2.00555675  2500
1 46826U 20078A   21049.30800598 -.00000018  00000-0  00000-0 0  9992
2 46826  54.9118 289.7077 0001624 157.1355 202.9261  2.00555675  2500
1 46826U 20078A   21051.80100741  .00000007  00000-0  00000+0 0  9999
2 46826  54.9099 289.6068 0001695 156.5524 203.5131  2.00555645  2551
1 46826U 20078A   21052.79821171  .00000016  00000-0  00000-0 0  9996
2 46826  54.9092 289.5665 0001749 155.2789 204.7898  2.00555626  2579
1 46826U 20078A   21056.28841968  .00000031  00000-0  00000+0 0  9996
2 46826  54.9066 289.4253 0001782 154.7413 205.3388  2.00555628  2648
1 46826U 20078A   21056.28841968  .00000031  00000-0  00000-0 0  9997
2 46826  54.9066 289.4253 0001782 154.7413 205.3388  2.00555628  2648
1 46826U 20078A   21058.78140817  .00000021  00000-0  00000+0 0  9997
2 46826  54.9048 289.3244 0001811 155.4876 204.5881  2.00555630  2698
1 46826U 20078A   21060.77578885  .00000009  00000-0  00000-0 0  9996
2 46826  54.8976 289.2433 0002180 157.4772 202.5874  2.00555646  2735
1 46826U 20078A   21061.77298066  .00000004  00000-0  00000+0 0  9991
2 46826  54.8958 289.2029 0002223 157.6691 202.3911  2.00555646  2758
1 46826U 20078A   21061.77298066  .00000004  00000-0  00000-0 0  9992
2 46826  54.8958 289.2029 0002223 157.6691 202.3911  2.00555646  2758
1 46826U 20078A   21065.26316400  .00000009  00000-0  00000+0 0  9997
2 46826  54.8968 289.0616 0002241 158.0281 202.0220  2.00555601  2828
1 46826U 20078A   21068.91666667  .00000009  00000-0  00000+0 0  9995
2 46826  54.8967 288.9131 0003020 157.7419 320.2076  2.00555032  2899
1 46826U 20078A   21068.91666667  .00000009  00000-0  00000-0 0  9996
2 46826  54.8967 288.9131 0003020 157.7419 320.2076  2.00555032  2899
1 46826U 20078A   21069.75059307  .00000004  00000-0  00000+0 0  9990
2 46826  54.8936 288.8800 0002390 159.4829 200.5889  2.00555530  2918
1 46826U 20078A   21071.24636732 -.00000008  00000-0  00000+0 0  9995
2 46826  54.8703 288.8194 0002595 155.8996 204.1505  2.00555467  2945
1 46826U 20078A   21071.74497439 -.00000012  00000-0  00000-0 0  9995
2 46826  54.8810 288.7993 0002727 152.3146 207.7359  2.00555410  2951
1 46826U 20078A   21075.23516276 -.00000021  00000-0  00000+0 0  9993
2 46826  54.8787 288.6581 0002736 152.9145 207.1295  2.00555396  3026
1 46826U 20078A   21078.90277778  .00000009  00000-0  00000+0 0  9996
2 46826  54.8899 288.5100 0003711 158.4396 329.7070  2.00555216  3099
1 46826U 20078A   21082.21556377  .00000031  00000-0  00000+0 0  9995
2 46826  54.8836 288.3749 0003069 156.4075 203.6360  2.00555263  3167
1 46826U 20078A   21083.21277187  .00000032  00000-0  00000-0 0  9997
2 46826  54.8829 288.3346 0003069 156.4355 203.6140  2.00555263  3181
1 46826U 20078A   21088.89583333  .00000002  00000-0  00000+0 0  9995
2 46826  54.8827 288.1051 0004097 160.4156 342.9374  2.00554716  3296
1 46826U 20078A   21090.69172165 -.00000001  00000-0  00000-0 0  9994
2 46826  54.8835 288.0312 0003258 156.2572 203.7570  2.00555259  3337
1 46826U 20078A   21093.18472702  .00000005  00000-0  00000+0 0  9993
2 46826  54.8848 287.9304 0003214 157.5824 202.4305  2.00555180  3386
1 46826U 20078A   21095.17913807  .00000005  00000-0  00000-0 0  9991
2 46826  54.8846 287.8496 0003356 156.5495 203.4679  2.00555132  3422
1 46826U 20078A   21098.17074136 -.00000017  00000-0  00000+0 0  9990
2 46826  54.8831 287.7287 0003508 157.4706 202.5479  2.00555125  3483
1 46826U 20078A   21098.17074136 -.00000017  00000-0  00000-0 0  9991
2 46826  54.8831 287.7287 0003508 157.4706 202.5479  2.00555125  3483
1 46826U 20078A   21099.66653510 -.00000030  00000-0  00000-0 0  9990
2 46826  54.8751 287.6681 0003609 156.3426 203.6682  2.00555060  3510
1 46826U 20078A   21101.16233301 -.00000037  00000-0  00000+0 0  9997
2 46826  54.8761 287.6076 0003684 156.5510 203.4567  2.00555048  3547
1 46826U 20078A   21101.16233301 -.00000037  00000-0  00000-0 0  9998
2 46826  54.8761 287.6076 0003684 156.5510 203.4567  2.00555048  3547
1 46826U 20078A   21103.15672745 -.00000033  00000-0  00000-0 0  9994
2 46826  54.8641 287.5270 0003712 158.9251 201.0754  2.00554989  3588
1 46826U 20078A   21104.15392672 -.00000027  00000-0  00000-0 0  9996
2 46826  54.8678 287.4869 0003762 159.4238 200.5758  2.00554996  3606
1 46826U 20078A   21104.15392738 -.00000027  00000-0  00000+0 0  9998
2 46826  54.8683 287.4869 0003758 159.4339 200.5663  2.00554998  3606
1 46826U 20078A   21105.64972898 -.00000013  00000-0  00000-0 0  9990
2 46826  54.8646 287.4269 0004056 161.4308 198.5673  2.00554906  3639
1 46826U 20078A   21107.14553772  .00000000  00000-0  00000-0 0  9998
2 46826  54.8658 287.3664 0004102 161.6948 198.3085  2.00554915  3662
1 46826U 20078A   21107.14553772 -.00000000  00000-0  00000+0 0  9998
2 46826  54.8658 287.3664 0004102 161.6948 198.3085  2.00554915  3662
1 46826U 20078A   21107.64413973  .00000003  00000-0  00000-0 0  9994
2 46826  54.8632 287.3465 0004164 161.3683 198.6367  2.00554928  3675
1 46826U 20078A   21108.14274207  .00000007  00000-0  00000-0 0  9999
2 46826  54.8644 287.3264 0004180 161.6047 198.4021  2.00554939  3688
1 46826U 20078A   21110.13715008  .00000013  00000-0  00000+0 0  9996
2 46826  54.8632 287.2457 0004208 161.7700 198.2408  2.00554936  3725
1 46826U 20078A   21110.13715008  .00000013  00000-0  00000-0 0  9997
2 46826  54.8632 287.2457 0004208 161.7700 198.2408  2.00554936  3725
1 46826U 20078A   21112.13155208  .00000007  00000-0  00000-0 0  9992
2 46826  54.8606 287.1652 0004253 162.1805 197.8295  2.00554928  3767
1 46826U 20078A   21112.63015128  .00000004  00000-0  00000+0 0  9999
2 46826  54.8636 287.1451 0004727 164.4397 195.5691  2.00554938  3771
1 46826U 20078A   21112.63015128  .00000004  00000-0  00000-0 0  9990
2 46826  54.8636 287.1451 0004727 164.4397 195.5691  2.00554938  3771
1 46826U 20078A   21113.62734702 -.00000003  00000-0  00000-0 0  9996
2 46826  54.8630 287.1051 0005112 166.0108 193.9935  2.00554944  3790
1 46826U 20078A   21114.12594448 -.00000006  00000-0  00000-0 0  9996
2 46826  54.8630 287.0849 0004865 165.0952 194.9069  2.00554939  3809
1 46826U 20078A   21114.62454175 -.00000010  00000-0  00000-0 0  9998
2 46826  54.8632 287.0648 0005061 165.7831 194.2161  2.00554933  3811
1 46826U 20078A   21116.61893036 -.00000021  00000-0  00000+0 0  9993
2 46826  54.8614 286.9841 0004941 166.2086 193.7792  2.00554909  3859
1 46826U 20078A   21116.61893036 -.00000021  00000-0  00000-0 0  9994
2 46826  54.8614 286.9841 0004941 166.2086 193.7792  2.00554909  3859
1 46826U 20078A   21118.61332742 -.00000021  00000-0  00000-0 0  9998
2 46826  54.8611 286.9034 0005028 166.3659 193.6167  2.00554887  3898
1 46826U 20078A   21118.61332922 -.00000021  00000-0  00000-0 0  9998
2 46826  54.8610 286.9034 0005108 166.5056 193.4775  2.00554872  3896
1 46826U 20078A   21120.60773705 -.00000017  00000-0  00000+0 0  9992
2 46826  54.8596 286.8227 0005108 166.5604 193.4263  2.00554872  3938
1 46826U 20078A   21120.60773705 -.00000017  00000-0  00000-0 0  9993
2 46826  54.8596 286.8227 0005108 166.5604 193.4263  2.00554872  3938

