1 43567U 18060D   21001.50967626 -.00000048  00000-0  00000-0 0  9998
2 43567  56.9295  35.6356 0005666 272.3768  87.6256  1.70475994 15207
1 43567U 18060D   21002.09625674 -.00000049  00000-0  00000+0 0  9997
2 43567  56.9298  35.6195 0005673 272.5848  87.4157  1.70475923 15200
1 43567U 18060D   21002.68283753 -.00000049  00000-0  00000-0 0  9991
2 43567  56.9303  35.6035 0005672 272.7216  87.2770  1.70475885 15228
1 43567U 18060D   21005.02916286 -.00000054  00000-0  00000+0 0  9991
2 43567  56.9318  35.5392 0005674 273.2127  86.7796  1.70475712 15252
1 43567U 18060D   21005.02916324 -.00000054  00000-0  00000-0 0  9995
2 43567  56.9316  35.5392 0005649 272.7245  87.2680  1.70475699 15260
1 43567U 18060D   21006.78891399 -.00000058  00000-0  00000-0 0  9997
2 43567  56.9333  35.4909 0005636 273.2487  86.7425  1.70475614 15293
1 43567U 18060D   21009.13525373 -.00000062  00000-0  00000+0 0  9999
2 43567  56.9346  35.4265 0005619 273.9689  86.0236  1.70475627 15325
1 43567U 18060D   21009.13525373 -.00000062  00000-0  00000-0 0  9990
2 43567  56.9346  35.4265 0005619 273.9689  86.0236  1.70475627 15336
1 43567U 18060D   21009.72183859 -.00000064  00000-0  00000-0 0  9996
2 43567  56.9348  35.4104 0005633 274.2014  85.7910  1.70475626 15347
1 43567U 18060D   21011.48158882 -.00000068  00000-0  00000-0 0  9994
2 43567  56.9360  35.3621 0005619 274.7898  85.2010  1.70475712 15378
1 43567U 18060D   21012.06817107 -.00000069  00000-0  00000+0 0  9991
2 43567  56.9363  35.3460 0005621 275.1577  84.8318  1.70475761 15374
1 43567U 18060D   21012.06817107 -.00000069  00000-0  00000-0 0  9992
2 43567  56.9363  35.3460 0005621 275.1577  84.8318  1.70475761 15385
1 43567U 18060D   21013.24133369 -.00000073  00000-0  00000-0 0  9999
2 43567  56.9369  35.3139 0005612 275.5751  84.4110  1.70475824 15401
1 43567U 18060D   21013.82791455 -.00000074  00000-0  00000-0 0  9990
2 43567  56.9372  35.2978 0005630 276.0750  83.9088  1.70475888 15419
1 43567U 18060D   21015.00107549 -.00000077  00000-0  00000+0 0  9999
2 43567  56.9377  35.2657 0005608 275.9125  84.0674  1.70475968 15420
1 43567U 18060D   21015.00107549 -.00000077  00000-0  00000-0 0  9990
2 43567  56.9377  35.2657 0005608 275.9125  84.0674  1.70475968 15431
1 43567U 18060D   21016.17423640 -.00000077  00000-0  00000-0 0  9992
2 43567  56.9383  35.2336 0005622 276.4370  83.5393  1.70476061 15455
1 43567U 18060D   21016.76081747 -.00000077  00000-0  00000-0 0  9995
2 43567  56.9387  35.2176 0005631 276.7285  83.2465  1.70476097 15466
1 43567U 18060D   21017.93398114 -.00000075  00000-0  00000+0 0  9991
2 43567  56.9393  35.1856 0005656 277.2965  82.6767  1.70476151 15475
1 43567U 18060D   21017.93398114 -.00000075  00000-0  00000-0 0  9992
2 43567  56.9393  35.1856 0005656 277.2965  82.6767  1.70476151 15486
1 43567U 18060D   21019.10714633 -.00000071  00000-0  00000-0 0  9997
2 43567  56.9400  35.1536 0005679 277.7422  82.2307  1.70476187 15506
1 43567U 18060D   21019.69372962 -.00000069  00000-0  00000-0 0  9993
2 43567  56.9403  35.1376 0005685 277.8477  82.1256  1.70476191 15517
1 43567U 18060D   21020.28031343 -.00000067  00000-0  00000+0 0  9992
2 43567  56.9407  35.1216 0005698 278.0603  81.9136  1.70476198 15513
1 43567U 18060D   21020.28031343 -.00000067  00000-0  00000-0 0  9993
2 43567  56.9407  35.1216 0005698 278.0603  81.9136  1.70476198 15524
1 43567U 18060D   21022.04006575 -.00000059  00000-0  00000-0 0  9999
2 43567  56.9417  35.0738 0005737 278.4569  81.5195  1.70476204 15554
1 43567U 18060D   21022.62665107 -.00000056  00000-0  00000+0 0  9991
2 43567  56.9420  35.0579 0005739 278.8945  81.0831  1.70476178 15557
1 43567U 18060D   21022.62665107 -.00000056  00000-0  00000-0 0  9992
2 43567  56.9420  35.0579 0005739 278.8945  81.0831  1.70476178 15568
1 43567U 18060D   21023.79981911 -.00000050  00000-0  00000-0 0  9999
2 43567  56.9429  35.0260 0005752 278.7965  81.1825  1.70476146 15581
1 43567U 18060D   21024.38640310 -.00000048  00000-0  00000-0 0  9997
2 43567  56.9432  35.0100 0005782 279.9169  80.0625  1.70476129 15598
1 43567U 18060D   21026.14615044 -.00000042  00000-0  00000+0 0  9992
2 43567  56.9444  34.9620 0005834 281.1284  78.8500  1.70476024 15611
1 43567U 18060D   21026.14615044 -.00000042  00000-0  00000-0 0  9993
2 43567  56.9444  34.9620 0005834 281.1284  78.8500  1.70476024 15622
1 43567U 18060D   21027.90589406 -.00000038  00000-0  00000-0 0  9995
2 43567  56.9457  34.9140 0005818 280.1581  79.8162  1.70475928 15654
1 43567U 18060D   21029.07905442 -.00000038  00000-0  00000+0 0  9996
2 43567  56.9465  34.8820 0005824 280.3666  79.6034  1.70475850 15661
1 43567U 18060D   21029.07905482 -.00000038  00000-0  00000-0 0  9991
2 43567  56.9465  34.8820 0005823 280.5063  79.4637  1.70475825 15673
1 43567U 18060D   21030.25221586 -.00000040  00000-0  00000-0 0  9992
2 43567  56.9472  34.8499 0005825 280.9437  79.0217  1.70475715 15694
1 43567U 18060D   21031.42537796 -.00000042  00000-0  00000-0 0  9997
2 43567  56.9480  34.8178 0005813 281.2819  78.6793  1.70475622 15716
1 43567U 18060D   21032.01195984 -.00000044  00000-0  00000+0 0  9993
2 43567  56.9484  34.8018 0005813 281.4202  78.5393  1.70475599 15719
1 43567U 18060D   21032.01195984 -.00000044  00000-0  00000-0 0  9994
2 43567  56.9484  34.8018 0005813 281.4202  78.5393  1.70475599 15720
1 43567U 18060D   21036.70463567 -.00000055  00000-0  00000+0 0  9990
2 43567  56.9508  34.6733 0005713 283.0316  76.9252  1.70475472 15795
1 43567U 18060D   21036.70463567 -.00000055  00000-0  00000-0 0  9991
2 43567  56.9508  34.6733 0005713 283.0316  76.9252  1.70475472 15807
1 43567U 18060D   21039.05097102 -.00000062  00000-0  00000+0 0  9997
2 43567  56.9525  34.6092 0005669 283.8898  76.0639  1.70475595 15836
1 43567U 18060D   21039.05097102 -.00000062  00000-0  00000-0 0  9998
2 43567  56.9525  34.6092 0005669 283.8898  76.0639  1.70475595 15847
1 43567U 18060D   21040.81071571 -.00000068  00000-0  00000-0 0  9992
2 43567  56.9535  34.5611 0005633 284.4784  75.4696  1.70475706 15879
1 43567U 18060D   21041.39729704 -.00000070  00000-0  00000+0 0  9996
2 43567  56.9539  34.5451 0005633 284.7502  75.1955  1.70475760 15871
1 43567U 18060D   21041.39729704 -.00000070  00000-0  00000-0 0  9997
2 43567  56.9539  34.5451 0005633 284.7502  75.1955  1.70475760 15882
1 43567U 18060D   21041.98387850 -.00000072  00000-0  00000-0 0  9996
2 43567  56.9545  34.5292 0005630 284.9044  75.0390  1.70475796 15894
1 43567U 18060D   21043.74362147 -.00000074  00000-0  00000+0 0  9995
2 43567  56.9555  34.4813 0005624 285.5565  74.3814  1.70475916 15911
1 43567U 18060D   21043.74362147 -.00000074  00000-0  00000-0 0  9996
2 43567  56.9555  34.4813 0005624 285.5565  74.3814  1.70475916 15922
1 43567U 18060D   21044.33020365 -.00000074  00000-0  00000-0 0  9995
2 43567  56.9556  34.4653 0005613 285.5591  74.3777  1.70475946 15934
1 43567U 18060D   21044.91678590 -.00000073  00000-0  00000-0 0  9997
2 43567  56.9559  34.4493 0005614 285.7606  74.1754  1.70475978 15948
1 43567U 18060D   21046.08995190 -.00000071  00000-0  00000+0 0  9992
2 43567  56.9568  34.4173 0005624 286.1757  73.7596  1.70476012 15956
1 43567U 18060D   21046.08995190 -.00000071  00000-0  00000-0 0  9993
2 43567  56.9568  34.4173 0005624 286.1757  73.7596  1.70476012 15967
1 43567U 18060D   21047.26312083 -.00000067  00000-0  00000-0 0  9993
2 43567  56.9573  34.3854 0005617 286.4946  73.4416  1.70476030 15983
1 43567U 18060D   21049.02287549 -.00000060  00000-0  00000+0 0  9999
2 43567  56.9585  34.3377 0005626 286.8845  73.0545  1.70476043 16005
1 43567U 18060D   21049.02287549 -.00000060  00000-0  00000-0 0  9990
2 43567  56.9585  34.3377 0005626 286.8845  73.0545  1.70476043 16016
