1 41175U 15079B   21001.04819553  .00000064  00000-0  00000+0 0  9998
2 41175  55.0262 156.0415 0001876 350.0204   9.9322  1.70473431 31388
1 41175U 15079B   21001.04819553  .00000064  00000-0  00000-0 0  9999
2 41175  55.0262 156.0415 0001876 350.0204   9.9322  1.70473431 31388
1 41175U 15079B   21001.63477952  .00000064  00000-0  00000-0 0  9997
2 41175  55.0264 156.0253 0001975 349.0760  10.8765  1.70473435 31392
1 41175U 15079B   21003.39453939  .00000067  00000-0  00000-0 0  9994
2 41175  55.0280 155.9769 0001989 347.9675  11.9894  1.70473472 31427
1 41175U 15079B   21003.39453956  .00000067  00000-0  00000+0 0  9992
2 41175  55.0281 155.9769 0001983 348.0994  11.8576  1.70473477 31429
1 41175U 15079B   21003.39453956  .00000067  00000-0  00000-0 0  9993
2 41175  55.0281 155.9769 0001983 348.0994  11.8576  1.70473477 31429
1 41175U 15079B   21006.32747273  .00000067  00000-0  00000+0 0  9996
2 41175  55.0277 155.8962 0001917 344.6967  15.2663  1.70473436 31472
1 41175U 15079B   21006.32747273  .00000067  00000-0  00000-0 0  9997
2 41175  55.0277 155.8962 0001917 344.6967  15.2663  1.70473436 31472
1 41175U 15079B   21006.91405568  .00000064  00000-0  00000-0 0  9997
2 41175  55.0275 155.8801 0001897 344.6698  15.2924  1.70473443 31489
1 41175U 15079B   21008.08721610  .00000055  00000-0  00000+0 0  9995
2 41175  55.0279 155.8478 0001911 343.4440  16.5131  1.70473453 31500
1 41175U 15079B   21008.08721610  .00000055  00000-0  00000-0 0  9996
2 41175  55.0279 155.8478 0001911 343.4440  16.5131  1.70473453 31500
1 41175U 15079B   21009.84694958  .00000035  00000-0  00000+0 0  9992
2 41175  55.0282 155.7994 0001909 342.1998  17.7448  1.70473472 31535
1 41175U 15079B   21009.84694958  .00000035  00000-0  00000-0 0  9993
2 41175  55.0282 155.7994 0001909 342.1998  17.7448  1.70473472 31535
1 41175U 15079B   21011.02010454  .00000022  00000-0  00000+0 0  9994
2 41175  55.0284 155.7671 0001911 341.2335  18.7025  1.70473495 31556
1 41175U 15079B   21011.02010454  .00000022  00000-0  00000-0 0  9995
2 41175  55.0284 155.7671 0001911 341.2335  18.7025  1.70473495 31556
1 41175U 15079B   21012.77984510  .00000011  00000-0  00000+0 0  9998
2 41175  55.0284 155.7187 0001951 338.4953  21.4323  1.70473526 31586
1 41175U 15079B   21013.36642863  .00000010  00000-0  00000-0 0  9996
2 41175  55.0281 155.7026 0001940 339.1585  20.7689  1.70473542 31598
1 41175U 15079B   21015.71277591  .00000016  00000-0  00000+0 0  9994
2 41175  55.0294 155.6380 0001953 336.6378  23.2955  1.70473615 31630
1 41175U 15079B   21015.71277591  .00000016  00000-0  00000-0 0  9995
2 41175  55.0294 155.6380 0001953 336.6378  23.2955  1.70473615 31630
1 41175U 15079B   21018.05913199  .00000026  00000-0  00000-0 0  9997
2 41175  55.0302 155.5735 0001958 335.2440  24.7012  1.70473665 31672
1 41175U 15079B   21018.64571957  .00000028  00000-0  00000+0 0  9995
2 41175  55.0303 155.5574 0001961 334.3055  25.6419  1.70473678 31686
1 41175U 15079B   21018.64571957  .00000028  00000-0  00000-0 0  9996
2 41175  55.0303 155.5574 0001961 334.3055  25.6419  1.70473678 31686
1 41175U 15079B   21019.23230684  .00000029  00000-0  00000-0 0  9992
2 41175  55.0304 155.5412 0001975 333.3875  26.5615  1.70473682 31696
1 41175U 15079B   21019.81889265  .00000029  00000-0  00000+0 0  9990
2 41175  55.0304 155.5251 0001983 332.5746  27.3756  1.70473694 31704
1 41175U 15079B   21019.81889265  .00000029  00000-0  00000-0 0  9991
2 41175  55.0304 155.5251 0001983 332.5746  27.3756  1.70473694 31704
1 41175U 15079B   21020.99206138  .00000029  00000-0  00000+0 0  9993
2 41175  55.0305 155.4928 0001998 331.7276  28.2234  1.70473702 31723
1 41175U 15079B   21020.99206138  .00000029  00000-0  00000-0 0  9994
2 41175  55.0305 155.4928 0001998 331.7276  28.2234  1.70473702 31723
1 41175U 15079B   21023.33838933  .00000026  00000-0  00000-0 0  9996
2 41175  55.0309 155.4283 0002045 329.9793  29.9667  1.70473681 31766
1 41175U 15079B   21023.33838979  .00000026  00000-0  00000+0 0  9995
2 41175  55.0309 155.4283 0002034 330.3026  29.6436  1.70473687 31766
1 41175U 15079B   21023.33838979  .00000026  00000-0  00000-0 0  9996
2 41175  55.0309 155.4283 0002034 330.3026  29.6436  1.70473687 31766
1 41175U 15079B   21027.44446308  .00000018  00000-0  00000+0 0  9993
2 41175  55.0315 155.3154 0002105 327.9918  31.9447  1.70473624 31837
1 41175U 15079B   21027.44446308  .00000018  00000-0  00000-0 0  9994
2 41175  55.0315 155.3154 0002105 327.9918  31.9447  1.70473624 31837
1 41175U 15079B   21028.61763320  .00000018  00000-0  00000+0 0  9999
2 41175  55.0317 155.2830 0002197 324.0126  35.9244  1.70473597 31859
1 41175U 15079B   21029.20422077  .00000019  00000-0  00000-0 0  9998
2 41175  55.0318 155.2668 0002151 326.3979  33.5426  1.70473605 31867
1 41175U 15079B   21030.37739846  .00000021  00000-0  00000+0 0  9995
2 41175  55.0320 155.2346 0002165 325.6452  34.3012  1.70473597 31888
1 41175U 15079B   21030.37739846  .00000021  00000-0  00000-0 0  9996
2 41175  55.0320 155.2346 0002165 325.6452  34.3012  1.70473597 31888
1 41175U 15079B   21030.96398706  .00000022  00000-0  00000-0 0  9998
2 41175  55.0319 155.2185 0002211 324.9430  35.0066  1.70473589 31896
1 41175U 15079B   21032.13716618  .00000025  00000-0  00000+0 0  9997
2 41175  55.0321 155.1863 0002222 324.3577  35.5985  1.70473581 31919
1 41175U 15079B   21032.13716618  .00000025  00000-0  00000-0 0  9998
2 41175  55.0321 155.1863 0002222 324.3577  35.5985  1.70473581 31919
1 41175U 15079B   21033.31034151  .00000024  00000-0  00000+0 0  9992
2 41175  55.0322 155.1540 0002260 323.8711  36.0896  1.70473581 31937
1 41175U 15079B   21033.31034151  .00000024  00000-0  00000-0 0  9993
2 41175  55.0322 155.1540 0002260 323.8711  36.0896  1.70473581 31937
1 41175U 15079B   21033.89692635  .00000022  00000-0  00000-0 0  9991
2 41175  55.0322 155.1378 0002302 323.1180  36.8433  1.70473580 31952
1 41175U 15079B   21035.65667422  .00000010  00000-0  00000+0 0  9999
2 41175  55.0326 155.0895 0002279 321.9192  38.0394  1.70473584 31977
1 41175U 15079B   21035.65667422  .00000010  00000-0  00000-0 0  9990
2 41175  55.0326 155.0895 0002279 321.9192  38.0394  1.70473584 31977
1 41175U 15079B   21036.82983283 -.00000003  00000-0  00000+0 0  9998
2 41175  55.0328 155.0572 0002304 321.4394  38.5135  1.70473601 31999
1 41175U 15079B   21037.41641149 -.00000009  00000-0  00000-0 0  9993
2 41175  55.0328 155.0411 0002317 321.0424  38.9073  1.70473610 32003
1 41175U 15079B   21038.00298954 -.00000015  00000-0  00000+0 0  9997
2 41175  55.0329 155.0250 0002347 320.2490  39.6973  1.70473635 32017
1 41175U 15079B   21038.00298954 -.00000015  00000-0  00000-0 0  9998
2 41175  55.0329 155.0250 0002347 320.2490  39.6973  1.70473635 32017
1 41175U 15079B   21040.34931651 -.00000029  00000-0  00000+0 0  9990
2 41175  55.0334 154.9604 0002403 318.7798  41.1611  1.70473684 32055
1 41175U 15079B   21040.34931651 -.00000029  00000-0  00000-0 0  9991
2 41175  55.0334 154.9604 0002403 318.7798  41.1611  1.70473684 32055
1 41175U 15079B   21041.52248908 -.00000027  00000-0  00000+0 0  9995
2 41175  55.0340 154.9282 0002439 318.1157  41.8283  1.70473719 32079
1 41175U 15079B   21041.52248908 -.00000027  00000-0  00000-0 0  9996
2 41175  55.0340 154.9282 0002439 318.1157  41.8283  1.70473719 32079
1 41175U 15079B   21042.69566658 -.00000022  00000-0  00000+0 0  9994
2 41175  55.0336 154.8959 0002485 316.7677  43.1823  1.70473765 32094
1 41175U 15079B   21042.69566658 -.00000022  00000-0  00000-0 0  9995
2 41175  55.0336 154.8959 0002485 316.7677  43.1823  1.70473765 32094
1 41175U 15079B   21043.86884724 -.00000016  00000-0  00000+0 0  9994
2 41175  55.0339 154.8637 0002517 316.2546  43.7035  1.70473804 32114
1 41175U 15079B   21043.86884724 -.00000016  00000-0  00000-0 0  9995
2 41175  55.0339 154.8637 0002517 316.2546  43.7035  1.70473804 32114
1 41175U 15079B   21047.97496762 -.00000003  00000-0  00000+0 0  9997
2 41175  55.0341 154.7508 0002619 314.1920  45.7874  1.70473859 32189
1 41175U 15079B   21047.97496762 -.00000003  00000-0  00000-0 0  9998
2 41175  55.0341 154.7508 0002619 314.1920  45.7874  1.70473859 32189
1 41175U 15079B   21049.73471891 -.00000003  00000-0  00000+0 0  9999
2 41175  55.0343 154.7026 0002704 313.2016  46.7782  1.70473858 32219
1 41175U 15079B   21049.73471891 -.00000003  00000-0  00000-0 0  9990
2 41175  55.0343 154.7026 0002704 313.2016  46.7782  1.70473858 32185
1 41175U 15079B   21053.25421102 -.00000005  00000-0  00000+0 0  9993
2 41175  55.0347 154.6057 0002783 312.2963  47.6786  1.70473842 32276
1 41175U 15079B   21053.25421102 -.00000005  00000-0  00000-0 0  9994
2 41175  55.0347 154.6057 0002783 312.2963  47.6786  1.70473842 32210
1 41175U 15079B   21055.01396358 -.00000005  00000-0  00000+0 0  9993
2 41175  55.0352 154.5573 0002862 311.5519  48.4244  1.70473820 32309
1 41175U 15079B   21055.01396358 -.00000005  00000-0  00000-0 0  9994
2 41175  55.0352 154.5573 0002862 311.5519  48.4244  1.70473820 32231
1 41175U 15079B   21057.94690529  .00000003  00000-0  00000+0 0  9991
2 41175  55.0354 154.4765 0002957 310.2409  49.7507  1.70473777 32354
1 41175U 15079B   21057.94690529  .00000003  00000-0  00000-0 0  9992
2 41175  55.0354 154.4765 0002957 310.2409  49.7507  1.70473777 32253
1 41175U 15079B   21058.53349598  .00000006  00000-0  00000-0 0  9998
2 41175  55.0353 154.4603 0002957 310.3752  49.6208  1.70473777 32252
1 41175U 15079B   21062.05301907  .00000007  00000-0  00000+0 0  9992
2 41175  55.0358 154.3633 0003053 308.9674  51.0423  1.70473756 32425
1 41175U 15079B   21062.05301907  .00000007  00000-0  00000-0 0  9993
2 41175  55.0358 154.3633 0003053 308.9674  51.0423  1.70473756 32267
1 41175U 15079B   21062.63960088  .00000003  00000-0  00000-0 0  9994
2 41175  55.0357 154.3473 0003090 308.6749  51.3335  1.70473755 32263
1 41175U 15079B   21062.63960130  .00000003  00000-0  00000-0 0  9992
2 41175  55.0358 154.3472 0003070 308.8362  51.1724  1.70473754 32263
1 41175U 15079B   21064.39933979 -.00000013  00000-0  00000+0 0  9999
2 41175  55.0359 154.2989 0003140 308.0520  51.9493  1.70473770 32463
1 41175U 15079B   21064.39933979 -.00000013  00000-0  00000-0 0  9990
2 41175  55.0359 154.2989 0003140 308.0520  51.9493  1.70473770 32294
1 41175U 15079B   21067.33224408 -.00000031  00000-0  00000+0 0  9996
2 41175  55.0362 154.2181 0003238 307.0009  52.9914  1.70473800 32508
1 41175U 15079B   21067.33224408 -.00000031  00000-0  00000-0 0  9997
2 41175  55.0362 154.2181 0003238 307.0009  52.9914  1.70473800 32340
1 41175U 15079B   21069.67859116 -.00000024  00000-0  00000+0 0  9997
2 41175  55.0366 154.1534 0003342 306.0850  53.9154  1.70473871 32541
1 41175U 15079B   21069.67859116 -.00000024  00000-0  00000-0 0  9998
2 41175  55.0366 154.1534 0003342 306.0850  53.9154  1.70473871 32383
1 41175U 15079B   21070.85177127 -.00000016  00000-0  00000+0 0  9995
2 41175  55.0367 154.1211 0003381 305.8175  54.1910  1.70473899 32570
1 41175U 15079B   21070.85177127 -.00000016  00000-0  00000-0 0  9996
2 41175  55.0367 154.1211 0003381 305.8175  54.1910  1.70473899 32402
1 41175U 15079B   21072.61154192 -.00000004  00000-0  00000+0 0  9995
2 41175  55.0371 154.0726 0003414 305.4828  54.5382  1.70473919 32607
1 41175U 15079B   21072.61154192 -.00000004  00000-0  00000-0 0  9996
2 41175  55.0371 154.0726 0003414 305.4828  54.5382  1.70473919 32438
1 41175U 15079B   21073.78471889  .00000001  00000-0  00000+0 0  9995
2 41175  55.0373 154.0404 0003471 305.0640  54.9631  1.70473943 32623
1 41175U 15079B   21074.37130606  .00000002  00000-0  00000-0 0  9992
2 41175  55.0374 154.0242 0003480 305.0453  54.9841  1.70473944 32462
1 41175U 15079B   21075.54447658  .00000005  00000-0  00000+0 0  9992
2 41175  55.0376 153.9920 0003544 304.6602  55.3714  1.70473953 32652
1 41175U 15079B   21075.54447658  .00000005  00000-0  00000-0 0  9993
2 41175  55.0376 153.9920 0003544 304.6602  55.3714  1.70473953 32483
1 41175U 15079B   21076.71764326  .00000006  00000-0  00000+0 0  9997
2 41175  55.0377 153.9597 0003592 304.4529  55.5786  1.70473950 32672
1 41175U 15079B   21076.71764326  .00000006  00000-0  00000-0 0  9998
2 41175  55.0377 153.9597 0003592 304.4529  55.5786  1.70473950 32504
1 41175U 15079B   21077.89080719  .00000008  00000-0  00000+0 0  9996
2 41175  55.0379 153.9274 0003635 304.4431  55.5867  1.70473941 32698
1 41175U 15079B   21077.89080719  .00000008  00000-0  00000-0 0  9997
2 41175  55.0379 153.9274 0003635 304.4431  55.5867  1.70473941 32520
1 41175U 15079B   21079.06396967  .00000009  00000-0  00000+0 0  9993
2 41175  55.0381 153.8951 0003671 304.3354  55.6918  1.70473929 32701
1 41175U 15079B   21079.06396967  .00000009  00000-0  00000-0 0  9994
2 41175  55.0381 153.8951 0003671 304.3354  55.6918  1.70473929 32543
1 41175U 15079B   21080.23713307  .00000010  00000-0  00000+0 0  9997
2 41175  55.0383 153.8628 0003688 304.2897  55.7355  1.70473921 32723
1 41175U 15079B   21080.23713307  .00000010  00000-0  00000-0 0  9998
2 41175  55.0383 153.8628 0003688 304.2897  55.7355  1.70473921 32565
1 41175U 15079B   21081.41029855  .00000011  00000-0  00000+0 0  9997
2 41175  55.0387 153.8305 0003738 304.0666  55.9576  1.70473894 32745
1 41175U 15079B   21081.41029855  .00000011  00000-0  00000-0 0  9998
2 41175  55.0387 153.8305 0003738 304.0666  55.9576  1.70473894 32587
1 41175U 15079B   21083.17005468  .00000016  00000-0  00000+0 0  9991
2 41175  55.0392 153.7821 0003775 303.6790  56.3488  1.70473873 32774
1 41175U 15079B   21083.17005468  .00000016  00000-0  00000-0 0  9992
2 41175  55.0392 153.7821 0003775 303.6790  56.3488  1.70473873 32617
1 41175U 15079B   21084.34323014  .00000021  00000-0  00000+0 0  9997
2 41175  55.0391 153.7498 0003831 303.4085  56.6245  1.70473843 32794
1 41175U 15079B   21084.34323014  .00000021  00000-0  00000-0 0  9998
2 41175  55.0391 153.7498 0003831 303.4085  56.6245  1.70473843 32637
1 41175U 15079B   21086.68958729  .00000033  00000-0  00000+0 0  9996
2 41175  55.0395 153.6852 0003912 303.1714  56.8753  1.70473797 32836
1 41175U 15079B   21086.68958729  .00000033  00000-0  00000-0 0  9997
2 41175  55.0395 153.6852 0003912 303.1714  56.8753  1.70473797 32678
1 41175U 15079B   21089.03593135  .00000036  00000-0  00000+0 0  9997
2 41175  55.0400 153.6204 0003953 303.0550  56.9973  1.70473777 32873
1 41175U 15079B   21089.03593135  .00000036  00000-0  00000-0 0  9998
2 41175  55.0400 153.6204 0003953 303.0550  56.9973  1.70473777 32716
1 41175U 15079B   21089.62251340  .00000034  00000-0  00000-0 0  9990
2 41175  55.0397 153.6043 0003968 303.0173  57.0339  1.70473768 32728
1 41175U 15079B   21091.38225066  .00000021  00000-0  00000-0 0  9998
2 41175  55.0413 153.5558 0004071 302.6489  57.3932  1.70473753 32757
1 41175U 15079B   21091.38225107  .00000021  00000-0  00000+0 0  9993
2 41175  55.0413 153.5558 0004049 302.7424  57.2999  1.70473752 32911
1 41175U 15079B   21091.38225107  .00000021  00000-0  00000-0 0  9994
2 41175  55.0413 153.5558 0004049 302.7424  57.2999  1.70473752 32753
1 41175U 15079B   21094.31514567  .00000002  00000-0  00000+0 0  9999
2 41175  55.0423 153.4749 0004159 302.2110  57.8162  1.70473769 32963
1 41175U 15079B   21094.31514567  .00000002  00000-0  00000-0 0  9990
2 41175  55.0423 153.4749 0004159 302.2110  57.8162  1.70473769 32806
1 41175U 15079B   21096.07489815  .00000006  00000-0  00000+0 0  9995
2 41175  55.0409 153.4266 0004161 301.9617  58.0667  1.70473803 32997
1 41175U 15079B   21096.07489815  .00000006  00000-0  00000-0 0  9996
2 41175  55.0409 153.4266 0004161 301.9617  58.0667  1.70473803 32830
1 41175U 15079B   21097.24807284  .00000013  00000-0  00000+0 0  9997
2 41175  55.0412 153.3943 0004141 302.1671  57.8665  1.70473876 33012
1 41175U 15079B   21097.24807284  .00000013  00000-0  00000-0 0  9998
2 41175  55.0412 153.3943 0004141 302.1671  57.8665  1.70473876 32853
1 41175U 15079B   21098.42125107  .00000022  00000-0  00000+0 0  9995
2 41175  55.0418 153.3621 0004189 302.0307  58.0090  1.70473873 33032
1 41175U 15079B   21098.42125107  .00000022  00000-0  00000-0 0  9996
2 41175  55.0418 153.3621 0004189 302.0307  58.0090  1.70473873 32873
1 41175U 15079B   21101.35419019  .00000039  00000-0  00000+0 0  9998
2 41175  55.0431 153.2814 0004327 301.5534  58.4978  1.70473887 33089
1 41175U 15079B   21104.28710536  .00000044  00000-0  00000+0 0  9997
2 41175  55.0447 153.2008 0004542 300.9552  59.0919  1.70473853 33134
1 41175U 15079B   21104.28710536  .00000044  00000-0  00000-0 0  9998
2 41175  55.0447 153.2008 0004542 300.9552  59.0919  1.70473853 32975
1 41175U 15079B   21107.80658664  .00000049  00000-0  00000+0 0  9996
2 41175  55.0453 153.1040 0004773 300.8905  59.1415  1.70473784 33194
1 41175U 15079B   21107.80658664  .00000049  00000-0  00000-0 0  9997
2 41175  55.0453 153.1040 0004773 300.8905  59.1415  1.70473784 33037
1 41175U 15079B   21108.97975098  .00000052  00000-0  00000+0 0  9992
2 41175  55.0447 153.0717 0004760 301.0534  58.9767  1.70473771 33210
1 41175U 15079B   21108.97975098  .00000052  00000-0  00000-0 0  9993
2 41175  55.0447 153.0717 0004760 301.0534  58.9767  1.70473771 33052
1 41175U 15079B   21109.56633457  .00000053  00000-0  00000-0 0  9990
2 41175  55.0448 153.0556 0004709 301.2495  58.7809  1.70473749 33066
1 41175U 15079B   21111.32609143  .00000060  00000-0  00000+0 0  9999
2 41175  55.0452 153.0072 0004620 301.6585  58.3762  1.70473736 33251
1 41175U 15079B   21111.32609143  .00000060  00000-0  00000-0 0  9990
2 41175  55.0452 153.0072 0004620 301.6585  58.3762  1.70473736 33093
1 41175U 15079B   21116.60536483  .00000076  00000-0  00000+0 0  9998
2 41175  55.0466 152.8619 0004707 301.4070  58.6375  1.70473638 33347
1 41175U 15079B   21116.60536483  .00000076  00000-0  00000-0 0  9999
2 41175  55.0466 152.8619 0004707 301.4070  58.6375  1.70473638 33189
1 41175U 15079B   21117.19194600  .00000073  00000-0  00000-0 0  9992
2 41175  55.0467 152.8458 0004725 301.5256  58.5160  1.70473602 33191
1 41175U 15079B   21118.36510080  .00000064  00000-0  00000-0 0  9996
2 41175  55.0474 152.8135 0004754 301.5528  58.4805  1.70473604 33215
1 41175U 15079B   21118.36510089  .00000064  00000-0  00000+0 0  9994
2 41175  55.0471 152.8135 0004739 301.4928  58.5406  1.70473606 33375
1 41175U 15079B   21118.95167773  .00000059  00000-0  00000-0 0  9992
2 41175  55.0475 152.7973 0004751 301.5781  58.4506  1.70473603 33221
1 41175U 15079B   21120.71140782  .00000045  00000-0  00000+0 0  9994
2 41175  55.0479 152.7488 0004788 301.4165  58.5983  1.70473612 33412

