1 40128U 14050A   21002.83206483 -.00000074  00000-0  00000+0 0  9995
2 40128  50.5307 353.4227 1652997 105.8845 272.9488  1.85519375 43318
1 40128U 14050A   21003.37106567 -.00000074  00000-0  00000-0 0  9998
2 40128  50.5306 353.4012 1652969 105.9006 272.9298  1.85519340 41384
1 40128U 14050A   21003.91006672 -.00000075  00000-0  00000-0 0  9995
2 40128  50.5304 353.3798 1652947 105.9166 272.9111  1.85519309 41395
1 40128U 14050A   21004.44906731 -.00000076  00000-0  00000-0 0  9990
2 40128  50.5302 353.3583 1652921 105.9338 272.8914  1.85519291 41400
1 40128U 14050A   21006.06606947 -.00000083  00000-0  00000+0 0  9993
2 40128  50.5297 353.2937 1652830 105.9925 272.8261  1.85519262 43377
1 40128U 14050A   21006.06606947 -.00000083  00000-0  00000-0 0  9994
2 40128  50.5297 353.2937 1652830 105.9925 272.8261  1.85519262 41432
1 40128U 14050A   21006.60507208 -.00000086  00000-0  00000-0 0  9997
2 40128  50.5296 353.2722 1652809 106.0095 272.8077  1.85519251 41443
1 40128U 14050A   21007.14407453 -.00000089  00000-0  00000-0 0  9991
2 40128  50.5294 353.2507 1652781 106.0266 272.7892  1.85519243 41457
1 40128U 14050A   21008.22208057 -.00000096  00000-0  00000+0 0  9997
2 40128  50.5290 353.2078 1652735 106.0608 272.7529  1.85519233 43419
1 40128U 14050A   21008.22208057 -.00000096  00000-0  00000-0 0  9998
2 40128  50.5290 353.2078 1652735 106.0608 272.7529  1.85519233 41473
1 40128U 14050A   21010.37809045 -.00000108  00000-0  00000+0 0  9994
2 40128  50.5284 353.1218 1652642 106.1291 272.6790  1.85519242 43456
1 40128U 14050A   21010.37809045 -.00000108  00000-0  00000-0 0  9995
2 40128  50.5284 353.1218 1652642 106.1291 272.6790  1.85519242 41511
1 40128U 14050A   21010.91709220 -.00000110  00000-0  00000-0 0  9992
2 40128  50.5283 353.1002 1652619 106.1451 272.6611  1.85519253 41528
1 40128U 14050A   21011.45609359 -.00000112  00000-0  00000-0 0  9996
2 40128  50.5281 353.0787 1652594 106.1621 272.6417  1.85519253 41531
1 40128U 14050A   21011.99509536 -.00000113  00000-0  00000-0 0  9992
2 40128  50.5281 353.0574 1652540 106.1809 272.6200  1.85519231 41541
1 40128U 14050A   21013.61209654 -.00000115  00000-0  00000+0 0  9992
2 40128  50.5276 352.9930 1652489 106.2311 272.5611  1.85519262 43518
1 40128U 14050A   21014.15109626 -.00000115  00000-0  00000-0 0  9991
2 40128  50.5275 352.9715 1652458 106.2486 272.5404  1.85519274 41585
1 40128U 14050A   21015.22909636 -.00000115  00000-0  00000-0 0  9999
2 40128  50.5272 352.9285 1652402 106.2842 272.4985  1.85519281 41603
1 40128U 14050A   21016.30709764 -.00000115  00000-0  00000+0 0  9998
2 40128  50.5268 352.8855 1652355 106.3182 272.4591  1.85519321 43560
1 40128U 14050A   21016.30709764 -.00000115  00000-0  00000-0 0  9999
2 40128  50.5268 352.8855 1652355 106.3182 272.4591  1.85519321 41625
1 40128U 14050A   21017.38509981 -.00000114  00000-0  00000-0 0  9996
2 40128  50.5264 352.8426 1652296 106.3540 272.4189  1.85519350 41644
1 40128U 14050A   21020.08011376 -.00000113  00000-0  00000+0 0  9991
2 40128  50.5258 352.7354 1652167 106.4407 272.3259  1.85519393 43631
1 40128U 14050A   21020.08011442 -.00000113  00000-0  00000-0 0  9996
2 40128  50.5259 352.7353 1652177 106.4402 272.3265  1.85519385 41699
1 40128U 14050A   21022.23612944 -.00000109  00000-0  00000+0 0  9993
2 40128  50.5252 352.6495 1652081 106.5091 272.2554  1.85519401 43676
1 40128U 14050A   21022.23612944 -.00000109  00000-0  00000-0 0  9994
2 40128  50.5252 352.6495 1652081 106.5091 272.2554  1.85519401 41731
1 40128U 14050A   21023.31413919 -.00000105  00000-0  00000-0 0  9991
2 40128  50.5249 352.6066 1652068 106.5421 272.2217  1.85519364 41759
1 40128U 14050A   21024.93114907 -.00000098  00000-0  00000+0 0  9995
2 40128  50.5244 352.5422 1652007 106.5930 272.1678  1.85519327 43725
1 40128U 14050A   21024.93114907 -.00000098  00000-0  00000-0 0  9996
2 40128  50.5244 352.5422 1652007 106.5930 272.1678  1.85519327 41789
1 40128U 14050A   21025.47015192 -.00000095  00000-0  00000-0 0  9999
2 40128  50.5242 352.5207 1651990 106.6098 272.1496  1.85519309 41793
1 40128U 14050A   21026.00915465 -.00000092  00000-0  00000-0 0  9998
2 40128  50.5241 352.4992 1651960 106.6278 272.1297  1.85519258 41803
1 40128U 14050A   21027.08715525 -.00000087  00000-0  00000+0 0  9995
2 40128  50.5236 352.4563 1651856 106.6634 272.0887  1.85519251 43765
1 40128U 14050A   21027.08715525 -.00000087  00000-0  00000-0 0  9996
2 40128  50.5236 352.4563 1651856 106.6634 272.0887  1.85519251 41820
1 40128U 14050A   21028.16515744 -.00000083  00000-0  00000-0 0  9993
2 40128  50.5234 352.4134 1651832 106.6974 272.0495  1.85519210 41845
1 40128U 14050A   21029.24315920 -.00000079  00000-0  00000+0 0  9991
2 40128  50.5230 352.3707 1651807 106.7305 272.0104  1.85519154 43809
1 40128U 14050A   21029.24315920 -.00000079  00000-0  00000-0 0  9992
2 40128  50.5230 352.3707 1651807 106.7305 272.0104  1.85519154 41863
1 40128U 14050A   21030.32115992 -.00000078  00000-0  00000-0 0  9999
2 40128  50.5229 352.3276 1651777 106.7645 271.9702  1.85519111 41882
1 40128U 14050A   21031.39916334 -.00000079  00000-0  00000-0 0  9997
2 40128  50.5224 352.2847 1651794 106.7968 271.9326  1.85519053 41907
1 40128U 14050A   21031.93816429 -.00000080  00000-0  00000+0 0  9992
2 40128  50.5222 352.2632 1651773 106.8145 271.9123  1.85519044 43853
1 40128U 14050A   21031.93816429 -.00000080  00000-0  00000-0 0  9993
2 40128  50.5222 352.2632 1651773 106.8145 271.9123  1.85519044 41918
1 40128U 14050A   21032.47716621 -.00000081  00000-0  00000-0 0  9997
2 40128  50.5220 352.2417 1651777 106.8307 271.8940  1.85519018 41929
1 40128U 14050A   21034.09417387 -.00000089  00000-0  00000+0 0  9991
2 40128  50.5214 352.1774 1651736 106.8823 271.8369  1.85519002 43891
1 40128U 14050A   21034.09417469 -.00000089  00000-0  00000-0 0  9993
2 40128  50.5216 352.1774 1651745 106.8825 271.8368  1.85518933 41951
1 40128U 14050A   21035.17218118 -.00000096  00000-0  00000-0 0  9991
2 40128  50.5211 352.1344 1651710 106.9185 271.7980  1.85518934 41973
1 40128U 14050A   21036.25018681 -.00000103  00000-0  00000+0 0  9992
2 40128  50.5210 352.0915 1651591 106.9559 271.7569  1.85518916 43938
1 40128U 14050A   21036.25018681 -.00000103  00000-0  00000-0 0  9993
2 40128  50.5210 352.0915 1651591 106.9559 271.7569  1.85518916 41992
1 40128U 14050A   21037.32819217 -.00000108  00000-0  00000-0 0  9991
2 40128  50.5206 352.0485 1651545 106.9912 271.7182  1.85518932 42014
1 40128U 14050A   21037.32819221 -.00000108  00000-0  00000-0 0  9996
2 40128  50.5206 352.0485 1651550 106.9911 271.7183  1.85518933 42011
1 40128U 14050A   21038.40619648 -.00000113  00000-0  00000+0 0  9992
2 40128  50.5202 352.0055 1651516 107.0258 271.6795  1.85518953 43974
1 40128U 14050A   21038.40619648 -.00000113  00000-0  00000-0 0  9993
2 40128  50.5202 352.0055 1651516 107.0258 271.6795  1.85518953 42030
1 40128U 14050A   21038.94519718 -.00000114  00000-0  00000-0 0  9990
2 40128  50.5200 351.9840 1651472 107.0443 271.6581  1.85518970 42048
1 40128U 14050A   21040.02320138 -.00000116  00000-0  00000-0 0  9990
2 40128  50.5199 351.9411 1651494 107.0768 271.6207  1.85518986 42067
1 40128U 14050A   21041.10120343 -.00000117  00000-0  00000+0 0  9996
2 40128  50.5195 351.8982 1651484 107.1102 271.5813  1.85519029 44026
1 40128U 14050A   21041.10120343 -.00000117  00000-0  00000-0 0  9997
2 40128  50.5195 351.8982 1651484 107.1102 271.5813  1.85519029 42080
1 40128U 14050A   21042.17920453 -.00000117  00000-0  00000-0 0  9995
2 40128  50.5190 351.8551 1651408 107.1456 271.5392  1.85519044 42107
1 40128U 14050A   21043.25720711 -.00000116  00000-0  00000+0 0  9998
2 40128  50.5185 351.8122 1651376 107.1806 271.4987  1.85519075 44068
1 40128U 14050A   21043.25720711 -.00000116  00000-0  00000-0 0  9999
2 40128  50.5185 351.8122 1651376 107.1806 271.4987  1.85519075 42123
1 40128U 14050A   21044.33521322 -.00000116  00000-0  00000-0 0  9996
2 40128  50.5181 351.7692 1651404 107.2123 271.4632  1.85519110 42144
1 40128U 14050A   21045.41321855 -.00000116  00000-0  00000+0 0  9994
2 40128  50.5177 351.7263 1651370 107.2473 271.4248  1.85519147 44104
1 40128U 14050A   21045.41321855 -.00000116  00000-0  00000-0 0  9995
2 40128  50.5177 351.7263 1651370 107.2473 271.4248  1.85519147 42168
1 40128U 14050A   21047.03023085 -.00000115  00000-0  00000-0 0  9998
2 40128  50.5177 351.6619 1651340 107.3016 271.3676  1.85519111 42191
