1 41549U 16030A   21002.34279303  .00000008  00000-0  00000+0 0  9996
2 41549  56.1413 276.4969 0004744 331.6078  28.4340  1.70474302 28699
1 41549U 16030A   21002.34279303  .00000008  00000-0  00000-0 0  9997
2 41549  56.1413 276.4969 0004744 331.6078  28.4340  1.70474302 28712
1 41549U 16030A   21004.10254199  .00000002  00000-0  00000-0 0  9993
2 41549  56.1398 276.4486 0004748 332.3099  27.7287  1.70474271 28743
1 41549U 16030A   21005.86228604 -.00000007  00000-0  00000+0 0  9994
2 41549  56.1384 276.4002 0004747 333.3407  26.6915  1.70474240 28758
1 41549U 16030A   21005.86228604 -.00000007  00000-0  00000-0 0  9995
2 41549  56.1384 276.4002 0004747 333.3407  26.6915  1.70474240 28770
1 41549U 16030A   21008.20861923 -.00000012  00000-0  00000+0 0  9998
2 41549  56.1365 276.3356 0004732 334.6304  25.3983  1.70474244 28791
1 41549U 16030A   21008.20861923 -.00000012  00000-0  00000-0 0  9999
2 41549  56.1365 276.3356 0004732 334.6304  25.3983  1.70474244 28814
1 41549U 16030A   21012.31474080 -.00000004  00000-0  00000+0 0  9990
2 41549  56.1332 276.2227 0004695 335.7644  24.2828  1.70474329 28866
1 41549U 16030A   21012.31474080 -.00000004  00000-0  00000-0 0  9991
2 41549  56.1332 276.2227 0004695 335.7644  24.2828  1.70474329 28888
1 41549U 16030A   21012.90133092 -.00000005  00000-0  00000-0 0  9992
2 41549  56.1327 276.2065 0004688 336.5260  23.5245  1.70474340 28896
1 41549U 16030A   21014.07450546 -.00000008  00000-0  00000-0 0  9991
2 41549  56.1318 276.1743 0004675 336.9269  23.1272  1.70474380 28910
1 41549U 16030A   21014.66109131 -.00000010  00000-0  00000+0 0  9999
2 41549  56.1313 276.1582 0004669 337.1936  22.8613  1.70474397 28905
1 41549U 16030A   21014.66109131 -.00000010  00000-0  00000-0 0  9990
2 41549  56.1313 276.1582 0004669 337.1936  22.8613  1.70474397 28927
1 41549U 16030A   21017.59400793 -.00000018  00000-0  00000+0 0  9990
2 41549  56.1290 276.0775 0004628 338.6710  21.3805  1.70474480 28958
1 41549U 16030A   21017.59400793 -.00000018  00000-0  00000-0 0  9991
2 41549  56.1290 276.0775 0004628 338.6710  21.3805  1.70474480 28970
1 41549U 16030A   21019.94033924 -.00000012  00000-0  00000+0 0  9993
2 41549  56.1263 276.0130 0004580 339.8084  20.2391  1.70474519 28992
1 41549U 16030A   21019.94033924 -.00000012  00000-0  00000-0 0  9994
2 41549  56.1263 276.0130 0004580 339.8084  20.2391  1.70474519 29016
1 41549U 16030A   21021.11350665 -.00000006  00000-0  00000-0 0  9993
2 41549  56.1259 275.9808 0004570 340.0358  20.0117  1.70474555 29034
1 41549U 16030A   21024.04644317  .00000015  00000-0  00000+0 0  9996
2 41549  56.1231 275.9002 0004550 341.4227  18.6350  1.70474574 29064
1 41549U 16030A   21024.04644317  .00000015  00000-0  00000-0 0  9997
2 41549  56.1231 275.9002 0004550 341.4227  18.6350  1.70474574 29086
1 41549U 16030A   21025.80621096  .00000028  00000-0  00000-0 0  9995
2 41549  56.1223 275.8518 0004554 342.1828  17.8847  1.70474560 29118
1 41549U 16030A   21026.97938854  .00000034  00000-0  00000+0 0  9993
2 41549  56.1216 275.8195 0004547 342.4989  17.5745  1.70474535 29110
1 41549U 16030A   21026.97938854  .00000034  00000-0  00000-0 0  9994
2 41549  56.1216 275.8195 0004547 342.4989  17.5745  1.70474535 29132
1 41549U 16030A   21029.32573097  .00000040  00000-0  00000+0 0  9996
2 41549  56.1201 275.7549 0004532 342.8456  17.2324  1.70474482 29158
1 41549U 16030A   21029.32573097  .00000040  00000-0  00000-0 0  9997
2 41549  56.1201 275.7549 0004532 342.8456  17.2324  1.70474482 29170
1 41549U 16030A   21031.08547439  .00000035  00000-0  00000-0 0  9998
2 41549  56.1185 275.7063 0004519 343.3071  16.7659  1.70474456 29206
1 41549U 16030A   21031.67205341  .00000032  00000-0  00000+0 0  9992
2 41549  56.1180 275.6902 0004516 343.4773  16.5927  1.70474446 29192
1 41549U 16030A   21031.67205341  .00000032  00000-0  00000-0 0  9993
2 41549  56.1180 275.6902 0004516 343.4773  16.5927  1.70474446 29215
1 41549U 16030A   21032.25863169  .00000029  00000-0  00000-0 0  9992
2 41549  56.1174 275.6739 0004513 343.6496  16.4170  1.70474438 29228
1 41549U 16030A   21035.77811718  .00000020  00000-0  00000+0 0  9995
2 41549  56.1147 275.5769 0004462 345.6490  14.4051  1.70474404 29262
1 41549U 16030A   21035.77811718  .00000020  00000-0  00000-0 0  9996
2 41549  56.1147 275.5769 0004462 345.6490  14.4051  1.70474404 29284
1 41549U 16030A   21038.12446066  .00000024  00000-0  00000+0 0  9991
2 41549  56.1131 275.5123 0004447 346.2885  13.7708  1.70474465 29300
1 41549U 16030A   21038.12446066  .00000024  00000-0  00000-0 0  9992
2 41549  56.1131 275.5123 0004447 346.2885  13.7708  1.70474465 29322
1 41549U 16030A   21039.29763513  .00000025  00000-0  00000-0 0  9991
2 41549  56.1123 275.4800 0004437 346.5595  13.5041  1.70474494 29346
1 41549U 16030A   21039.88422229  .00000025  00000-0  00000-0 0  9992
2 41549  56.1126 275.4639 0004427 346.8225  13.2429  1.70474502 29359
1 41549U 16030A   21041.05739229  .00000022  00000-0  00000+0 0  9991
2 41549  56.1116 275.4316 0004419 347.1217  12.9455  1.70474548 29351
1 41549U 16030A   21041.05739229  .00000022  00000-0  00000-0 0  9992
2 41549  56.1116 275.4316 0004419 347.1217  12.9455  1.70474548 29373
1 41549U 16030A   21041.64397558  .00000019  00000-0  00000-0 0  9998
2 41549  56.1111 275.4154 0004415 347.2746  12.7925  1.70474569 29386
1 41549U 16030A   21042.23055788  .00000017  00000-0  00000-0 0  9998
2 41549  56.1106 275.3992 0004412 347.5162  12.5501  1.70474587 29390
1 41549U 16030A   21042.81713929  .00000014  00000-0  00000-0 0  9997
2 41549  56.1102 275.3831 0004404 347.7090  12.3559  1.70474608 29408
1 41549U 16030A   21043.99029907  .00000010  00000-0  00000+0 0  9998
2 41549  56.1094 275.3507 0004402 348.0776  11.9829  1.70474655 29408
1 41549U 16030A   21043.99029907  .00000010  00000-0  00000-0 0  9999
2 41549  56.1094 275.3507 0004402 348.0776  11.9829  1.70474655 29420
1 41549U 16030A   21046.33661648  .00000008  00000-0  00000+0 0  9990
2 41549  56.1078 275.2861 0004360 348.6611  11.3891  1.70474721 29440
1 41549U 16030A   21046.33661648  .00000008  00000-0  00000-0 0  9991
2 41549  56.1078 275.2861 0004360 348.6611  11.3891  1.70474721 29462
1 41549U 16030A   21048.09635855  .00000015  00000-0  00000-0 0  9995
2 41549  56.1066 275.2376 0004346 349.0051  11.0403  1.70474764 29493
1 41549U 16030A   21048.68294124  .00000018  00000-0  00000+0 0  9992
2 41549  56.1059 275.2215 0004309 349.0874  10.9575  1.70474767 29489
1 41549U 16030A   21048.68294124  .00000018  00000-0  00000-0 0  9993
2 41549  56.1059 275.2215 0004309 349.0874  10.9575  1.70474767 29502
