1 41862U 16069D   21002.66061867  .00000065  00000-0  00000-0 0  9999
2 41862  54.6856 156.3091 0000591 266.6818  93.2708  1.70473497 25697
1 41862U 16069D   21002.66061909  .00000065  00000-0  00000+0 0  9995
2 41862  54.6855 156.3090 0000576 266.8254  93.1273  1.70473503 25698
1 41862U 16069D   21002.66061909  .00000065  00000-0  00000-0 0  9996
2 41862  54.6855 156.3090 0000576 266.8254  93.1273  1.70473503 25698
1 41862U 16069D   21004.42038170  .00000068  00000-0  00000-0 0  9999
2 41862  54.6859 156.2602 0000622 266.3967  93.5618  1.70473447 25726
1 41862U 16069D   21005.00696612  .00000069  00000-0  00000+0 0  9995
2 41862  54.6860 156.2439 0000650 266.2202  93.7398  1.70473490 25734
1 41862U 16069D   21005.00696612  .00000069  00000-0  00000-0 0  9996
2 41862  54.6860 156.2439 0000650 266.2202  93.7398  1.70473490 25734
1 41862U 16069D   21006.18013692  .00000067  00000-0  00000-0 0  9995
2 41862  54.6863 156.2113 0000669 265.8201  94.1412  1.70473475 25757
1 41862U 16069D   21007.35330036  .00000061  00000-0  00000+0 0  9992
2 41862  54.6865 156.1787 0000708 265.9896  93.9692  1.70473483 25778
1 41862U 16069D   21008.52645894  .00000050  00000-0  00000-0 0  9992
2 41862  54.6867 156.1462 0000722 265.6390  94.3138  1.70473479 25799
1 41862U 16069D   21010.28618800  .00000030  00000-0  00000+0 0  9992
2 41862  54.6870 156.0973 0000768 264.4195  95.5201  1.70473534 25829
1 41862U 16069D   21010.28618800  .00000030  00000-0  00000-0 0  9993
2 41862  54.6870 156.0973 0000768 264.4195  95.5201  1.70473534 25829
1 41862U 16069D   21011.45934305  .00000018  00000-0  00000-0 0  9990
2 41862  54.6873 156.0647 0000794 264.3790  95.5527  1.70473547 25846
1 41862U 16069D   21012.63250371  .00000011  00000-0  00000+0 0  9997
2 41862  54.6875 156.0321 0000843 264.0463  95.8802  1.70473538 25867
1 41862U 16069D   21012.63250371  .00000011  00000-0  00000-0 0  9998
2 41862  54.6875 156.0321 0000843 264.0463  95.8802  1.70473538 25867
1 41862U 16069D   21013.21908535  .00000010  00000-0  00000-0 0  9994
2 41862  54.6876 156.0158 0000865 263.7939  96.1316  1.70473566 25870
1 41862U 16069D   21013.80566796  .00000010  00000-0  00000-0 0  9998
2 41862  54.6878 155.9996 0000904 263.4954  96.4299  1.70473620 25883
1 41862U 16069D   21014.97883978  .00000013  00000-0  00000+0 0  9993
2 41862  54.6880 155.9670 0000942 263.6535  96.2745  1.70473655 25909
1 41862U 16069D   21017.32519234  .00000024  00000-0  00000+0 0  9998
2 41862  54.6885 155.9019 0001008 263.5899  96.3493  1.70473723 25948
1 41862U 16069D   21017.32519234  .00000024  00000-0  00000-0 0  9999
2 41862  54.6885 155.9019 0001008 263.5899  96.3493  1.70473723 25948
1 41862U 16069D   21018.49836513  .00000027  00000-0  00000-0 0  9993
2 41862  54.6887 155.8693 0001021 263.4927  96.4520  1.70473817 25961
1 41862U 16069D   21020.25812466  .00000029  00000-0  00000+0 0  9992
2 41862  54.6891 155.8205 0001069 263.3214  96.6276  1.70473774 25990
1 41862U 16069D   21020.25812656  .00000029  00000-0  00000-0 0  9994
2 41862  54.6891 155.8205 0001077 263.6389  96.3100  1.70473719 25997
1 41862U 16069D   21024.36419779  .00000024  00000-0  00000+0 0  9993
2 41862  54.6892 155.7065 0001212 265.3927  94.5478  1.70473668 26069
1 41862U 16069D   21024.36419779  .00000024  00000-0  00000-0 0  9994
2 41862  54.6892 155.7065 0001212 265.3927  94.5478  1.70473668 26069
1 41862U 16069D   21027.29709824  .00000019  00000-0  00000+0 0  9995
2 41862  54.6897 155.6252 0001289 265.9260  94.0081  1.70473795 26113
1 41862U 16069D   21027.29709824  .00000019  00000-0  00000-0 0  9996
2 41862  54.6897 155.6252 0001289 265.9260  94.0081  1.70473795 26113
1 41862U 16069D   21027.88368496  .00000018  00000-0  00000-0 0  9996
2 41862  54.6893 155.6089 0001299 266.2229  93.7117  1.70473714 26125
1 41862U 16069D   21029.05685657  .00000018  00000-0  00000-0 0  9998
2 41862  54.6894 155.5764 0001324 266.3149  93.6230  1.70473703 26141
1 41862U 16069D   21029.64344448  .00000019  00000-0  00000+0 0  9993
2 41862  54.6895 155.5601 0001341 266.4329  93.5074  1.70473685 26157
1 41862U 16069D   21029.64344448  .00000019  00000-0  00000-0 0  9994
2 41862  54.6895 155.5601 0001341 266.4329  93.5074  1.70473685 26157
1 41862U 16069D   21030.23003233  .00000020  00000-0  00000-0 0  9997
2 41862  54.6895 155.5438 0001362 266.5473  93.3961  1.70473690 26169
1 41862U 16069D   21031.40320964  .00000023  00000-0  00000-0 0  9993
2 41862  54.6896 155.5112 0001402 266.8004  93.1498  1.70473690 26182
1 41862U 16069D   21031.98979982  .00000024  00000-0  00000+0 0  9996
2 41862  54.6896 155.4949 0001442 267.0115  92.9417  1.70473620 26191
1 41862U 16069D   21031.98979982  .00000024  00000-0  00000-0 0  9997
2 41862  54.6896 155.4949 0001442 267.0115  92.9417  1.70473620 26191
1 41862U 16069D   21034.33614138  .00000020  00000-0  00000+0 0  9993
2 41862  54.6902 155.4298 0001524 266.9960  92.9633  1.70473671 26234
1 41862U 16069D   21034.33614138  .00000020  00000-0  00000-0 0  9994
2 41862  54.6902 155.4298 0001524 266.9960  92.9633  1.70473671 26234
1 41862U 16069D   21036.09588312  .00000006  00000-0  00000-0 0  9997
2 41862  54.6907 155.3809 0001585 266.8408  93.1135  1.70473679 26260
1 41862U 16069D   21037.85561781 -.00000014  00000-0  00000+0 0  9992
2 41862  54.6915 155.3321 0001670 266.7357  93.2088  1.70473682 26290
1 41862U 16069D   21038.44219717 -.00000019  00000-0  00000-0 0  9993
2 41862  54.6916 155.3158 0001687 266.7452  93.1966  1.70473674 26300
1 41862U 16069D   21039.02877650 -.00000024  00000-0  00000-0 0  9990
2 41862  54.6916 155.2995 0001739 266.8219  93.1175  1.70473693 26312
1 41862U 16069D   21041.37510990 -.00000028  00000-0  00000+0 0  9995
2 41862  54.6921 155.2344 0001818 266.9882  92.9522  1.70473775 26359
1 41862U 16069D   21041.37510990 -.00000028  00000-0  00000-0 0  9996
2 41862  54.6921 155.2344 0001818 266.9882  92.9522  1.70473775 26359
1 41862U 16069D   21042.54828586 -.00000023  00000-0  00000-0 0  9994
2 41862  54.6922 155.2018 0001863 267.1546  92.7917  1.70473800 26375
1 41862U 16069D   21044.30805466 -.00000014  00000-0  00000+0 0  9991
2 41862  54.6925 155.1530 0001928 267.4418  92.5166  1.70473854 26406
1 41862U 16069D   21044.30805466 -.00000014  00000-0  00000-0 0  9992
2 41862  54.6925 155.1530 0001928 267.4418  92.5166  1.70473854 26406
1 41862U 16069D   21044.89464359 -.00000011  00000-0  00000-0 0  9995
2 41862  54.6925 155.1367 0001947 267.5020  92.4605  1.70473889 26411
1 41862U 16069D   21045.48123289 -.00000008  00000-0  00000-0 0  9991
2 41862  54.6925 155.1203 0001966 267.6210  92.3453  1.70473900 26428
1 41862U 16069D   21045.48123306 -.00000008  00000-0  00000-0 0  9991
2 41862  54.6927 155.1203 0001964 267.5407  92.4256  1.70473893 26428
1 41862U 16069D   21046.65440934 -.00000005  00000-0  00000+0 0  9996
2 41862  54.6926 155.0878 0002023 267.7590  92.2134  1.70473907 26447
1 41862U 16069D   21046.65440934 -.00000005  00000-0  00000-0 0  9997
2 41862  54.6926 155.0878 0002023 267.7590  92.2134  1.70473907 26447
1 41862U 16069D   21048.41416624 -.00000003  00000-0  00000-0 0  9990
2 41862  54.6928 155.0390 0002075 268.0964  91.8808  1.70473898 26479
1 41862U 16069D   21049.00074794 -.00000003  00000-0  00000+0 0  9993
2 41862  54.6929 155.0227 0002115 268.3183  91.6591  1.70473943 26489
1 41862U 16069D   21049.00074794 -.00000003  00000-0  00000-0 0  9994
2 41862  54.6929 155.0227 0002115 268.3183  91.6591  1.70473943 26489
