1 43056U 17079B   21001.09730385  .00000009  00000-0  00000+0 0  9999
2 43056  56.1174 276.3715 0004538 297.1028  62.9171  1.70473689 18992
1 43056U 17079B   21001.09730385  .00000009  00000-0  00000-0 0  9990
2 43056  56.1174 276.3715 0004538 297.1028  62.9171  1.70473689 19027
1 43056U 17079B   21002.27047864  .00000009  00000-0  00000+0 0  9993
2 43056  56.1165 276.3392 0004564 296.6309  63.3903  1.70473670 19010
1 43056U 17079B   21002.27047864  .00000009  00000-0  00000-0 0  9994
2 43056  56.1165 276.3392 0004564 296.6309  63.3903  1.70473670 19043
1 43056U 17079B   21002.85706509  .00000007  00000-0  00000-0 0  9994
2 43056  56.1157 276.3231 0004555 296.7290  63.2920  1.70473657 19050
1 43056U 17079B   21004.61681853 -.00000001  00000-0  00000+0 0  9998
2 43056  56.1143 276.2747 0004512 297.5196  62.4966  1.70473624 19058
1 43056U 17079B   21005.20340143 -.00000004  00000-0  00000-0 0  9992
2 43056  56.1138 276.2585 0004495 297.7024  62.3116  1.70473625 19095
1 43056U 17079B   21006.96315452 -.00000010  00000-0  00000+0 0  9997
2 43056  56.1123 276.2101 0004420 298.8628  61.1461  1.70473612 19099
1 43056U 17079B   21006.96315509 -.00000010  00000-0  00000-0 0  9991
2 43056  56.1123 276.2101 0004416 298.9158  61.0932  1.70473601 19127
1 43056U 17079B   21008.13632814 -.00000011  00000-0  00000+0 0  9993
2 43056  56.1114 276.1778 0004384 299.3785  60.6299  1.70473609 19119
1 43056U 17079B   21008.13632814 -.00000011  00000-0  00000-0 0  9994
2 43056  56.1114 276.1778 0004384 299.3785  60.6299  1.70473609 19142
1 43056U 17079B   21011.06928308 -.00000005  00000-0  00000-0 0  9999
2 43056  56.1092 276.0970 0004299 300.5290  59.4916  1.70473641 19194
1 43056U 17079B   21011.06928473 -.00000005  00000-0  00000+0 0  9991
2 43056  56.1092 276.0971 0004309 300.3508  59.6697  1.70473584 19168
1 43056U 17079B   21013.41565261 -.00000006  00000-0  00000+0 0  9995
2 43056  56.1072 276.0324 0004162 301.9285  58.1049  1.70473657 19205
1 43056U 17079B   21013.41565261 -.00000006  00000-0  00000-0 0  9996
2 43056  56.1072 276.0324 0004162 301.9285  58.1049  1.70473657 19238
1 43056U 17079B   21014.00224240 -.00000007  00000-0  00000-0 0  9992
2 43056  56.1067 276.0163 0004133 302.2650  57.7702  1.70473676 19244
1 43056U 17079B   21015.17541815 -.00000011  00000-0  00000+0 0  9995
2 43056  56.1058 275.9840 0004083 302.8843  57.1522  1.70473723 19234
1 43056U 17079B   21015.17541815 -.00000011  00000-0  00000-0 0  9996
2 43056  56.1058 275.9840 0004083 302.8843  57.1522  1.70473723 19267
1 43056U 17079B   21016.93517625 -.00000017  00000-0  00000+0 0  9998
2 43056  56.1044 275.9356 0003998 303.8494  56.1852  1.70473758 19264
1 43056U 17079B   21016.93517625 -.00000017  00000-0  00000-0 0  9999
2 43056  56.1044 275.9356 0003998 303.8494  56.1852  1.70473758 19297
1 43056U 17079B   21018.10834511 -.00000017  00000-0  00000+0 0  9995
2 43056  56.1035 275.9033 0003946 304.4083  55.6238  1.70473806 19288
1 43056U 17079B   21018.10834511 -.00000017  00000-0  00000-0 0  9996
2 43056  56.1035 275.9033 0003946 304.4083  55.6238  1.70473806 19312
1 43056U 17079B   21019.28151494 -.00000015  00000-0  00000+0 0  9995
2 43056  56.1026 275.8711 0003893 304.8824  55.1477  1.70473841 19300
1 43056U 17079B   21019.28151494 -.00000015  00000-0  00000-0 0  9996
2 43056  56.1026 275.8711 0003893 304.8824  55.1477  1.70473841 19333
1 43056U 17079B   21019.86809192 -.00000012  00000-0  00000-0 0  9992
2 43056  56.1023 275.8549 0004044 303.1674  56.8596  1.70473922 19344
1 43056U 17079B   21023.97421305  .00000015  00000-0  00000+0 0  9996
2 43056  56.0992 275.7419 0003931 304.4324  55.6045  1.70473944 19387
1 43056U 17079B   21023.97421305  .00000015  00000-0  00000-0 0  9997
2 43056  56.0992 275.7419 0003931 304.4324  55.6045  1.70473944 19411
1 43056U 17079B   21025.73398875  .00000027  00000-0  00000+0 0  9990
2 43056  56.0979 275.6935 0003868 305.3440  54.7031  1.70473924 19419
1 43056U 17079B   21025.73398875  .00000027  00000-0  00000-0 0  9991
2 43056  56.0979 275.6935 0003868 305.3440  54.7031  1.70473924 19442
1 43056U 17079B   21028.08034847  .00000039  00000-0  00000+0 0  9990
2 43056  56.0960 275.6289 0003838 305.4486  54.6083  1.70473888 19458
1 43056U 17079B   21031.01327408  .00000035  00000-0  00000-0 0  9992
2 43056  56.0938 275.5480 0003791 306.3359  53.7173  1.70473814 19530
1 43056U 17079B   21031.59985511  .00000033  00000-0  00000+0 0  9997
2 43056  56.0934 275.5318 0003780 306.4609  53.5894  1.70473813 19518
1 43056U 17079B   21032.18643616  .00000030  00000-0  00000-0 0  9998
2 43056  56.0930 275.5156 0003767 306.6093  53.4377  1.70473799 19550
1 43056U 17079B   21035.11934590  .00000020  00000-0  00000+0 0  9996
2 43056  56.0908 275.4347 0003702 307.5552  52.4787  1.70473788 19579
1 43056U 17079B   21035.11934590  .00000020  00000-0  00000-0 0  9997
2 43056  56.0908 275.4347 0003702 307.5552  52.4787  1.70473788 19603
1 43056U 17079B   21035.70593152  .00000020  00000-0  00000-0 0  9997
2 43056  56.0904 275.4186 0003678 307.6496  52.3838  1.70473786 19615
1 43056U 17079B   21036.29251776  .00000021  00000-0  00000+0 0  9995
2 43056  56.0899 275.4024 0003662 307.7425  52.2912  1.70473804 19595
1 43056U 17079B   21036.29251776  .00000021  00000-0  00000-0 0  9996
2 43056  56.0899 275.4024 0003662 307.7425  52.2912  1.70473804 19629
1 43056U 17079B   21036.87910561  .00000022  00000-0  00000-0 0  9995
2 43056  56.0895 275.3863 0003650 307.8337  52.2010  1.70473811 19633
1 43056U 17079B   21037.46569478  .00000023  00000-0  00000+0 0  9998
2 43056  56.0891 275.3701 0003636 307.8922  52.1442  1.70473814 19613
1 43056U 17079B   21038.05228398  .00000024  00000-0  00000-0 0  9999
2 43056  56.0887 275.3539 0003624 307.9586  52.0798  1.70473832 19658
1 43056U 17079B   21039.81205216  .00000025  00000-0  00000+0 0  9998
2 43056  56.0874 275.3054 0003583 308.2127  51.8318  1.70473881 19654
1 43056U 17079B   21039.81205216  .00000025  00000-0  00000-0 0  9999
2 43056  56.0874 275.3054 0003583 308.2127  51.8318  1.70473881 19687
1 43056U 17079B   21040.98522743  .00000022  00000-0  00000+0 0  9992
2 43056  56.0865 275.2731 0003558 308.4253  51.6212  1.70473915 19670
1 43056U 17079B   21040.98522743  .00000022  00000-0  00000-0 0  9993
2 43056  56.0865 275.2731 0003558 308.4253  51.6212  1.70473915 19704
1 43056U 17079B   21042.15839819  .00000017  00000-0  00000+0 0  9992
2 43056  56.0859 275.2407 0003526 308.6064  51.4393  1.70473951 19690
1 43056U 17079B   21042.15839819  .00000017  00000-0  00000-0 0  9993
2 43056  56.0859 275.2407 0003526 308.6064  51.4393  1.70473951 19724
1 43056U 17079B   21043.91814697  .00000010  00000-0  00000+0 0  9997
2 43056  56.0846 275.1922 0003474 308.9808  51.0594  1.70474008 19725
1 43056U 17079B   21043.91814697  .00000010  00000-0  00000-0 0  9998
2 43056  56.0846 275.1922 0003474 308.9808  51.0594  1.70474008 19758
1 43056U 17079B   21045.09130969  .00000008  00000-0  00000+0 0  9998
2 43056  56.0838 275.1599 0003436 309.1339  50.9011  1.70474057 19744
1 43056U 17079B   21045.09130969  .00000008  00000-0  00000-0 0  9999
2 43056  56.0838 275.1599 0003436 309.1339  50.9011  1.70474057 19777
1 43056U 17079B   21046.26447298  .00000008  00000-0  00000+0 0  9994
2 43056  56.0829 275.1276 0003401 309.1936  50.8364  1.70474090 19760
1 43056U 17079B   21046.26447298  .00000008  00000-0  00000-0 0  9995
2 43056  56.0829 275.1276 0003401 309.1936  50.8364  1.70474090 19793
1 43056U 17079B   21048.02422162  .00000015  00000-0  00000+0 0  9991
2 43056  56.0817 275.0791 0003357 309.2146  50.8103  1.70474137 19798
1 43056U 17079B   21048.02422162  .00000015  00000-0  00000-0 0  9992
2 43056  56.0817 275.0791 0003357 309.2146  50.8103  1.70474137 19822
1 43056U 17079B   21048.61080532  .00000018  00000-0  00000-0 0  9991
2 43056  56.0812 275.0629 0003353 309.0901  50.9342  1.70474156 19838
